% function evaluation | noise-free fitness - Fopt (7.135000000000e+01) | best noise-free fitness - Fopt | measured fitness | best measured fitness | x1 | x2...
1 +1.444749657e+02 +1.444749657e+02 +2.158249657e+02 +2.158249657e+02 -2.9271e+00 -3.9317e+00 -6.7393e-01 +4.9515e+00 +3.0687e+00 -6.2733e-01 +3.8103e+00 -1.0934e+00 -4.6852e+00 -3.4044e+00
2 +8.240949272e+01 +8.240949272e+01 +1.537594927e+02 +1.537594927e+02 +2.4006e+00 -3.5104e+00 +2.4764e-01 -1.9918e+00 +3.1230e+00 -4.8246e+00 +2.4159e+00 +3.8018e+00 +2.9996e+00 -1.2634e+00
7 +5.459389734e+01 +5.459389734e+01 +1.259438973e+02 +1.259438973e+02 +7.8075e-01 +2.7716e+00 -2.9435e+00 +1.4826e+00 -1.7694e+00 -1.5780e+00 +2.5658e+00 +1.9902e+00 +3.8103e-01 -3.9364e+00
37 +3.849248350e+01 +3.849248350e+01 +1.098424835e+02 +1.098424835e+02 +9.4423e-02 +1.1101e+00 -7.8488e-02 -4.9523e+00 +3.1363e+00 +7.6998e-01 -3.4373e+00 -1.3378e+00 +4.4119e+00 +2.1811e+00
426 +1.629238738e+01 +1.629238738e+01 +8.764238738e+01 +8.764238738e+01 -1.1690e-01 +1.6571e+00 +3.1716e+00 -2.8484e+00 +9.0231e-01 -1.9885e+00 +6.2114e-01 -2.7316e+00 +5.0000e+00 +5.0000e+00
1415 +1.128933087e+01 +1.128933087e+01 +8.263933087e+01 +8.263933087e+01 -3.6646e-01 +1.6470e+00 +2.9067e+00 -2.9810e+00 +1.7764e+00 -1.5697e+00 +4.8876e-01 -2.5980e+00 +5.0000e+00 +5.0000e+00
1847 +9.736578159e+00 +9.736578159e+00 +8.108657816e+01 +8.108657816e+01 +4.4893e-01 +1.6654e+00 +3.1072e+00 -2.5489e+00 +1.6292e+00 -1.6119e+00 +7.1127e-01 -2.3819e+00 +5.0000e+00 +5.0000e+00
2368 +5.351383102e+00 +5.351383102e+00 +7.670138310e+01 +7.670138310e+01 +4.3024e-01 +1.8989e+00 +3.4219e+00 -2.5543e+00 +1.6129e+00 -1.7560e+00 +2.9138e-01 -2.1795e+00 +5.0000e+00 +5.0000e+00
2906 +3.845890313e+00 +3.845890313e+00 +7.519589031e+01 +7.519589031e+01 +1.0013e+00 +2.0217e+00 +3.6080e+00 -2.5594e+00 +1.2790e+00 -2.1946e+00 +2.2053e-01 -2.6707e+00 +5.0000e+00 +4.9489e+00
3156 +1.726072957e+00 +1.726072957e+00 +7.307607296e+01 +7.307607296e+01 +9.9186e-01 +2.0086e+00 +3.6533e+00 -2.5659e+00 +1.1578e+00 -2.1764e+00 +2.5998e-01 -2.7420e+00 +5.0000e+00 +4.9776e+00
3856 +1.510074047e+00 +1.510074047e+00 +7.286007405e+01 +7.286007405e+01 +1.0519e+00 +2.0007e+00 +3.6147e+00 -2.5650e+00 +1.1306e+00 -2.1869e+00 +2.6681e-01 -2.7132e+00 +5.0000e+00 +4.9814e+00
7417 +9.871508419e-01 +9.871508419e-01 +7.233715084e+01 +7.233715084e+01 +1.0886e+00 +1.9923e+00 +3.6365e+00 -2.5554e+00 +1.1109e+00 -2.2002e+00 +2.4943e-01 -2.6941e+00 +5.0000e+00 +4.9761e+00
% function evaluation | noise-free fitness - Fopt (-3.552200000000e+02) | best noise-free fitness - Fopt | measured fitness | best measured fitness | x1 | x2...
1 +6.026081568e+01 +6.026081568e+01 -2.949591843e+02 -2.949591843e+02 +9.4831e-02 -3.8144e+00 +1.4839e+00 -2.5475e+00 +2.3323e+00 -2.6798e+00 -4.0030e+00 -1.5618e+00 +1.5392e+00 +3.1430e+00
6 +1.804864774e+01 +1.804864774e+01 -3.371713523e+02 -3.371713523e+02 -2.7950e+00 +4.5281e+00 +3.1073e+00 +2.9213e+00 -2.4221e+00 -2.8153e+00 +3.4353e+00 +3.3552e+00 +4.9592e+00 -2.5804e+00
226 +1.356104059e+01 +1.356104059e+01 -3.416589594e+02 -3.416589594e+02 +0.0000e+00 +4.3958e+00 +3.6051e+00 +5.1272e-01 +4.3187e-02 +2.1433e+00 +2.4051e+00 -1.0182e+00 +3.2579e+00 -5.0000e+00
1976 +9.059987745e+00 +9.059987745e+00 -3.461600123e+02 -3.461600123e+02 +4.5038e-01 +4.3925e+00 +3.6166e+00 +8.1322e-01 -7.0308e-04 +2.2632e+00 +2.4876e+00 -1.1513e+00 +3.4063e+00 -5.0000e+00
6326 +6.050118193e+00 +6.050118193e+00 -3.491698818e+02 -3.491698818e+02 +5.3124e-01 +4.4295e+00 +3.6010e+00 +5.1525e-01 +2.4569e-02 +2.2512e+00 +2.4564e+00 -1.1481e+00 +3.4220e+00 -5.0000e+00
13120 +3.979599974e+00 +3.979599974e+00 -3.512404000e+02 -3.512404000e+02 +3.9970e-01 +4.4421e+00 +3.6542e+00 +4.3783e-01 +2.6085e-03 +2.2150e+00 +2.4657e+00 -1.0937e+00 +3.3896e+00 -5.0000e+00
32700 +2.510618210e+00 +2.510618210e+00 -3.527093818e+02 -3.527093818e+02 +3.9632e-01 +4.4397e+00 +3.6510e+00 +4.3774e-01 +1.6535e-01 +2.2178e+00 +2.4598e+00 -8.6959e-01 +3.3896e+00 -4.5798e+00
% function evaluation | noise-free fitness - Fopt (9.917000000000e+01) | best noise-free fitness - Fopt | measured fitness | best measured fitness | x1 | x2...
1 +7.549876842e+01 +7.549876842e+01 +1.746687684e+02 +1.746687684e+02 -1.3824e-01 +3.8132e+00 -2.7322e+00 -3.6738e+00 +1.5712e+00 -2.1150e+00 +2.3918e+00 +4.0646e+00 +3.5994e+00 -4.7401e+00
3 +4.287614892e+01 +4.287614892e+01 +1.420461489e+02 +1.420461489e+02 -4.4827e+00 -4.3967e+00 +6.0793e-01 +1.2773e-01 +4.8013e+00 +4.0280e-01 +1.6066e+00 +3.8472e+00 +3.4086e+00 -3.3845e+00
15 +2.313138125e+01 +2.313138125e+01 +1.223013813e+02 +1.223013813e+02 +3.5276e+00 -4.2253e+00 -1.7377e-01 -1.6106e+00 -3.1335e+00 +2.0803e+00 +1.1532e+00 +4.1750e+00 +3.1047e+00 +3.2671e+00
875 +1.288134048e+01 +1.288134048e+01 +1.120513405e+02 +1.120513405e+02 -5.4057e-01 -4.7467e+00 +5.7431e-01 +2.6170e-01 +2.2710e-01 -1.8467e+00 +4.0878e+00 +4.8267e+00 +8.9525e-01 -2.0406e+00
3104 +7.360205670e+00 +7.360205670e+00 +1.065302057e+02 +1.065302057e+02 -5.0275e-01 -4.4374e+00 +4.6711e-01 +7.6206e-02 +7.3580e-02 -1.6391e+00 +4.1561e+00 +5.0000e+00 +8.4912e-01 -1.9844e+00
3925 +5.837188097e+00 +5.837188097e+00 +1.050071881e+02 +1.050071881e+02 -5.2832e-01 -4.2104e+00 +3.2150e-01 +8.3993e-02 +1.3109e-01 -1.6247e+00 +4.1489e+00 +5.0000e+00 +8.4055e-01 -1.9874e+00
5904 +3.532246686e+00 +3.532246686e+00 +1.027022467e+02 +1.027022467e+02 -7.0694e-01 -4.3032e+00 +4.3434e-01 +1.3526e-01 +2.1492e-01 -1.5679e+00 +4.0625e+00 +4.9996e+00 +9.8604e-01 -1.7014e+00
6951 +2.435355160e+00 +2.435355160e+00 +1.016053552e+02 +1.016053552e+02 -7.1618e-01 -4.2289e+00 +4.2066e-01 +1.7576e-01 +2.2260e-01 -1.5721e+00 +4.1837e+00 +4.9997e+00 +8.3990e-01 -1.8244e+00
10168 +1.551001207e+00 +1.551001207e+00 +1.007210012e+02 +1.007210012e+02 -7.2857e-01 -4.2251e+00 +4.2116e-01 +1.7267e-01 +2.2204e-01 -1.5782e+00 +4.1851e+00 +4.9997e+00 +8.3491e-01 -1.7754e+00
% function evaluation | noise-free fitness - Fopt (-5.179100000000e+02) | best noise-free fitness - Fopt | measured fitness | best measured fitness | x1 | x2...
1 +5.670139499e+01 +5.670139499e+01 -4.612086050e+02 -4.612086050e+02 -2.4290e+00 +3.4868e+00 +3.9906e+00 -3.2602e+00 +1.1732e+00 -1.3458e+00 -3.7150e+00 +2.3981e+00 -9.0850e-01 -2.7156e+00
9 +3.376476954e+01 +3.376476954e+01 -4.841452305e+02 -4.841452305e+02 +4.0183e+00 -4.7082e+00 +2.0342e+00 +7.1964e-01 +2.5534e+00 +2.0658e+00 +2.7353e+00 +8.1135e-01 -2.0424e+00 +1.7011e+00
133 +2.461049774e+01 +2.461049774e+01 -4.932995023e+02 -4.932995023e+02 +6.0246e-01 -2.5908e+00 -6.3657e-01 +5.0000e+00 +1.1227e+00 +1.1705e+00 -9.6332e-01 -3.3490e+00 +1.9847e+00 -1.3018e+00
1213 +1.502582706e+01 +1.502582706e+01 -5.028841729e+02 -5.028841729e+02 -2.7367e+00 +1.3712e+00 -1.6327e+00 +2.0183e+00 +1.3769e+00 +5.4635e-01 -1.2897e+00 -3.2917e-01 +3.0654e+00 +7.7216e-01
6194 +8.736374916e+00 +8.736374916e+00 -5.091736251e+02 -5.091736251e+02 -3.9834e+00 +4.2338e-01 -1.7409e+00 +1.8451e+00 +1.7654e+00 +1.7645e+00 -1.3659e+00 -4.3842e-01 +3.7901e+00 +6.5816e-01
7422 +4.350630936e+00 +4.350630936e+00 -5.135593691e+02 -5.135593691e+02 -1.7762e+00 -2.1760e+00 -1.7666e+00 +1.5603e+00 +2.0408e+00 +1.7006e+00 -1.4010e+00 -8.7480e-01 +2.8352e+00 +6.5578e-01
10866 +3.607109990e+00 +3.607109990e+00 -5.143028900e+02 -5.143028900e+02 -1.3239e+00 -2.1813e+00 -1.7499e+00 +1.5902e+00 +2.0224e+00 +1.7013e+00 -1.4021e+00 -9.1680e-01 +2.8871e+00 +6.9331e-01
10922 +2.251997479e+00 +2.251997479e+00 -5.156580025e+02 -5.156580025e+02 -1.4543e+00 -2.1746e+00 -1.7416e+00 +1.5904e+00 +2.0718e+00 +1.6894e+00 -1.4026e+00 -8.8087e-01 +2.9065e+00 +6.7314e-01
14272 +1.359160108e+00 +1.359160108e+00 -5.165508399e+02 -5.165508399e+02 -1.4762e+00 -2.2111e+00 -1.7428e+00 +1.5125e+00 +2.0518e+00 +1.6779e+00 -1.3986e+00 -8.8504e-01 +2.8230e+00 +7.0474e-01
15918 +9.928583469e-01 +9.928583469e-01 -5.169171417e+02 -5.169171417e+02 -1.4611e+00 -2.2103e+00 -1.7430e+00 +1.4953e+00 +2.0539e+00 +1.6859e+00 -1.4032e+00 -8.8587e-01 +2.7830e+00 +7.1015e-01
83001 +6.308486227e-01 +6.308486227e-01 -5.172791514e+02 -5.172791514e+02 -1.4727e+00 -2.1956e+00 -1.7450e+00 +1.4888e+00 +2.0519e+00 +1.6836e+00 -1.4058e+00 -8.8518e-01 +2.7827e+00 +7.1469e-01
% function evaluation | noise-free fitness - Fopt (-5.721000000000e+01) | best noise-free fitness - Fopt | measured fitness | best measured fitness | x1 | x2...
1 +1.645426245e+02 +1.645426245e+02 +1.073326245e+02 +1.073326245e+02 -2.8095e+00 +2.9104e+00 +4.9285e+00 -8.6918e-01 +4.7291e+00 -3.3896e+00 -2.9088e+00 +1.3542e+00 -1.7224e+00 -4.2828e+00
2 +3.862968198e+01 +3.862968198e+01 -1.858031802e+01 -1.858031802e+01 -4.3136e+00 -1.8461e+00 +3.9853e+00 +2.4326e+00 +7.4509e-01 +3.9686e+00 -7.8372e-01 +4.7227e+00 +1.4639e+00 +2.7957e+00
47 +2.368293501e+01 +2.368293501e+01 -3.352706499e+01 -3.352706499e+01 -6.0040e-01 +2.4044e+00 -1.0194e+00 -2.6150e+00 +1.1743e+00 -2.2407e+00 -1.8954e+00 +1.7065e+00 +2.6751e+00 -1.5444e-01
1838 +1.146342667e+01 +1.146342667e+01 -4.574657333e+01 -4.574657333e+01 -3.1617e+00 +3.0119e+00 -2.2798e+00 -2.6558e+00 +1.5294e+00 -5.0000e+00 -3.4986e+00 -3.2511e+00 +3.9608e+00 +2.4782e+00
1980 +8.129123146e+00 +8.129123146e+00 -4.908087685e+01 -4.908087685e+01 -2.6275e+00 +2.9699e+00 -2.1983e+00 -2.4041e+00 +1.3011e+00 -5.0000e+00 -3.4861e+00 -3.3636e+00 +4.1688e+00 +2.6390e+00
4007 +6.074797295e+00 +6.074797295e+00 -5.113520271e+01 -5.113520271e+01 -3.0312e+00 +2.1340e+00 -2.1223e+00 -2.2027e+00 +1.3441e+00 -5.0000e+00 -3.1918e+00 -3.3849e+00 +4.1037e+00 +2.6373e+00
4030 +3.755703016e+00 +3.755703016e+00 -5.345429698e+01 -5.345429698e+01 -3.1678e+00 +2.3446e+00 -2.0198e+00 -1.9938e+00 +1.3391e+00 -5.0000e+00 -3.0926e+00 -3.4179e+00 +4.2483e+00 +2.6335e+00
4260 +2.196768615e+00 +2.196768615e+00 -5.501323138e+01 -5.501323138e+01 -3.2520e+00 +2.1222e+00 -2.0152e+00 -1.8371e+00 +1.3406e+00 -5.0000e+00 -3.0525e+00 -3.4055e+00 +4.2555e+00 +2.6396e+00
5772 +1.371996157e+00 +1.371996157e+00 -5.583800384e+01 -5.583800384e+01 -3.2979e+00 +2.1070e+00 -2.0381e+00 -1.8700e+00 +1.4108e+00 -4.9964e+00 -3.0734e+00 -3.3659e+00 +4.2874e+00 +2.5960e+00
8473 +7.569593468e-01 +7.569593468e-01 -5.645304065e+01 -5.645304065e+01 -3.3471e+00 +2.1643e+00 -1.9093e+00 -1.7663e+00 +1.4442e+00 -5.0000e+00 -3.0642e+00 -3.3374e+00 +4.2655e+00 +2.6057e+00
9223 +5.824917860e-01 +5.824917860e-01 -5.662750821e+01 -5.662750821e+01 -3.2892e+00 +2.1633e+00 -1.9355e+00 -1.8519e+00 +1.4302e+00 -4.9959e+00 -3.0661e+00 -3.3355e+00 +4.2665e+00 +2.5987e+00
15094 +3.979856338e-01 +3.979856338e-01 -5.681201437e+01 -5.681201437e+01 -3.2870e+00 +2.1727e+00 -1.9118e+00 -1.8211e+00 +1.4107e+00 -4.9958e+00 -3.0660e+00 -3.3371e+00 +4.2526e+00 +2.5886e+00
% function evaluation | noise-free fitness - Fopt (-2.778000000000e+01) | best noise-free fitness - Fopt | measured fitness | best measured fitness | x1 | x2...
1 +1.184789182e+02 +1.184789182e+02 +9.069891819e+01 +9.069891819e+01 +3.6865e+00 -4.9343e+00 +3.5965e+00 -4.7766e+00 -1.1710e+00 +3.8538e+00 -4.1788e+00 -4.5814e+00 -4.4922e+00 -3.6456e+00
2 +7.786682128e+01 +7.786682128e+01 +5.008682128e+01 +5.008682128e+01 -7.2766e-01 +4.6864e+00 -4.1064e+00 -3.5851e+00 +2.1410e+00 -1.6426e+00 -1.3126e+00 -1.7384e+00 +4.3009e-01 +4.8877e+00
4 +5.000853685e+01 +5.000853685e+01 +2.222853685e+01 +2.222853685e+01 +4.1029e+00 -3.9897e+00 -3.9383e+00 +4.9920e+00 +4.6274e+00 -3.4243e+00 +2.6157e+00 -3.8311e+00 -1.7300e+00 +3.5672e+00
14 +3.534312298e+01 +3.534312298e+01 +7.563122975e+00 +7.563122975e+00 +4.2316e-01 -4.7953e+00 -4.9672e+00 +1.1874e+00 -4.5140e+00 +3.1461e+00 -1.8965e+00 -3.9831e+00 -1.6385e+00 +7.2614e-01
54 +1.732117986e+01 +1.732117986e+01 -1.045882014e+01 -1.045882014e+01 +3.2240e+00 -4.5536e+00 -5.0000e+00 +1.9329e+00 -3.7263e-01 +1.0369e+00 -4.2918e-01 +7.5435e-01 -5.0000e+00 +4.2080e-01
121 +1.580519219e+01 +1.580519219e+01 -1.197480781e+01 -1.197480781e+01 -2.6857e-01 -4.1705e+00 -4.5593e+00 +2.1579e+00 -7.8704e-01 -8.1380e-01 +1.7419e+00 -9.2713e-02 +5.1446e-01 -2.3681e+00
3221 +8.378592478e+00 +8.378592478e+00 -1.940140752e+01 -1.940140752e+01 -8.2677e-01 -3.8748e+00 -4.6197e+00 +2.2252e+00 -6.0065e-01 -8.4622e-01 +1.7116e+00 +1.0342e-01 +5.4124e-01 -2.3765e+00
4317 +6.277387877e+00 +6.277387877e+00 -2.150261212e+01 -2.150261212e+01 -7.9986e-01 -3.7884e+00 -4.5441e+00 +2.2721e+00 -7.3536e-01 -8.5855e-01 +1.7058e+00 +1.2968e-01 +4.9094e-01 -2.3894e+00
6178 +3.636289241e+00 +3.636289241e+00 -2.414371076e+01 -2.414371076e+01 -7.8159e-01 -3.8540e+00 -4.4725e+00 +2.3186e+00 -8.7008e-01 -8.3869e-01 +1.7639e+00 +1.0004e-01 +5.5145e-01 -2.3826e+00
12072 +2.490216875e+00 +2.490216875e+00 -2.528978313e+01 -2.528978313e+01 -7.5873e-01 -3.8713e+00 -4.4800e+00 +2.3432e+00 -9.1492e-01 -8.7675e-01 +1.7914e+00 +2.2525e-01 +5.5549e-01 -2.3676e+00
% function evaluation | noise-free fitness - Fopt (-4.871000000000e+01) | best noise-free fitness - Fopt | measured fitness | best measured fitness | x1 | x2...
1 +7.468108583e+01 +7.468108583e+01 +2.597108583e+01 +2.597108583e+01 -4.6298e+00 +6.4651e-01 -1.9959e+00 -2.1118e+00 +4.3316e-01 +4.9744e+00 -4.6005e+00 +1.3820e+00 +9.2025e-01 +3.2636e+00
5 +5.195541198e+01 +5.195541198e+01 +3.245411984e+00 +3.245411984e+00 +6.6383e-01 +3.2722e+00 -4.1048e+00 -3.3919e+00 -3.9878e+00 -8.4667e-01 -8.8006e-01 +2.7400e-01 -2.4614e+00 -4.2538e+00
8 +3.357891028e+01 +3.357891028e+01 -1.513108972e+01 -1.513108972e+01 -2.5481e+00 -1.4276e+00 +4.0349e+00 -3.8514e+00 +3.9503e-01 +2.5377e+00 -1.7241e+00 +1.6450e+00 -3.6840e+00 -2.5630e+00
252 +2.457756543e+01 +2.457756543e+01 -2.413243457e+01 -2.413243457e+01 +1.2284e+00 +1.8253e+00 +1.6424e-01 +2.5799e+00 -2.5564e+00 +4.9639e+00 -9.0567e-01 +5.0000e+00 -1.2839e-01 +1.8186e+00
2370 +1.474701746e+01 +1.474701746e+01 -3.396298254e+01 -3.396298254e+01 +2.0780e+00 +1.5337e+00 +0.0000e+00 -1.3866e+00 -3.5469e+00 +5.7482e-01 -8.3262e-03 +2.5592e+00 +3.8569e+00 +1.6409e+00
3491 +6.685450514e+00 +6.685450514e+00 -4.202454949e+01 -4.202454949e+01 -2.6745e+00 +1.4702e+00 +1.0916e-01 -7.3932e-01 -1.5636e+00 +4.5530e-01 +2.4905e+00 +4.0528e+00 -1.3562e+00 +0.0000e+00
6643 +6.282825694e+00 +6.282825694e+00 -4.242717431e+01 -4.242717431e+01 -2.5660e+00 +1.4624e+00 +1.8896e-01 -7.7587e-01 -1.5716e+00 +4.3960e-01 +2.5685e+00 +4.0559e+00 -1.4749e+00 -1.6420e-03
7841 +3.075434249e+00 +3.075434249e+00 -4.563456575e+01 -4.563456575e+01 -2.5767e+00 +1.3939e+00 +2.4726e-01 -7.4983e-01 -1.6051e+00 +4.0997e-01 +2.5801e+00 +4.0957e+00 -1.3520e+00 -4.9554e-02
11391 +2.434819393e+00 +2.434819393e+00 -4.627518061e+01 -4.627518061e+01 -2.5874e+00 +1.3820e+00 +2.8247e-01 -8.4863e-01 -1.6036e+00 +4.1941e-01 +2.5892e+00 +4.0852e+00 -1.3136e+00 -9.1452e-02
15993 +1.520620057e+00 +1.520620057e+00 -4.718937994e+01 -4.718937994e+01 -2.5449e+00 +1.3768e+00 +2.8815e-01 -8.9366e-01 -1.6102e+00 +4.1256e-01 +2.6520e+00 +4.1117e+00 -1.3472e+00 -7.6906e-02
56397 +9.767706542e-01 +9.767706542e-01 -4.773322935e+01 -4.773322935e+01 -2.6635e+00 +1.5749e+00 +2.8156e-01 -9.0042e-01 -1.6169e+00 +4.0737e-01 +2.6115e+00 +4.3830e+00 -1.6160e+00 -8.7008e-02
61994 +6.172609317e-01 +6.172609317e-01 -4.809273907e+01 -4.809273907e+01 -2.8376e+00 +1.6303e+00 +2.8795e-01 -8.9679e-01 -1.5731e+00 +4.0596e-01 +2.6331e+00 +4.5107e+00 -1.6498e+00 +1.0830e-01
66997 +3.455669065e-01 +3.455669065e-01 -4.836443309e+01 -4.836443309e+01 -2.8457e+00 +1.6556e+00 +2.8494e-01 -8.9708e-01 -1.5555e+00 +4.0256e-01 +2.6492e+00 +4.5095e+00 -1.6614e+00 +1.0389e-01
67060 +2.362699060e-01 +2.362699060e-01 -4.847373009e+01 -4.847373009e+01 -2.8161e+00 +1.6485e+00 +2.6456e-01 -1.0913e+00 -1.5023e+00 +4.0657e-01 +2.7501e+00 +4.5563e+00 -1.6868e+00 +5.2332e-02
68088 +1.439396668e-01 +1.439396668e-01 -4.856606033e+01 -4.856606033e+01 -2.8282e+00 +1.6483e+00 +2.8118e-01 -1.0624e+00 -1.5009e+00 +4.0397e-01 +2.7516e+00 +4.5484e+00 -1.6871e+00 +5.9161e-02
68624 +7.669340961e-02 +7.669340961e-02 -4.863330659e+01 -4.863330659e+01 -2.8338e+00 +1.6579e+00 +2.6612e-01 -1.0849e+00 -1.5051e+00 +4.0149e-01 +2.7670e+00 +4.5269e+00 -1.6865e+00 +6.4587e-02
69874 +6.163894771e-02 +6.163894771e-02 -4.864836105e+01 -4.864836105e+01 -2.8515e+00 +1.6577e+00 +2.6736e-01 -1.0594e+00 -1.4995e+00 +4.0151e-01 +2.7625e+00 +4.5399e+00 -1.6872e+00 +6.6470e-02
% function evaluation | noise-free fitness - Fopt (-1.667900000000e+02) | best noise-free fitness - Fopt | measured fitness | best measured fitness | x1 | x2...
1 +8.098736386e+01 +8.098736386e+01 -8.580263614e+01 -8.580263614e+01 -1.2213e+00 -1.4080e+00 +4.7906e+00 +4.1103e+00 -5.5682e-01 +6.8744e-01 -2.0321e-01 +4.7648e+00 -4.4483e+00 -3.2844e+00
13 +5.134422369e+01 +5.134422369e+01 -1.154457763e+02 -1.154457763e+02 +3.1086e+00 +2.6679e+00 -1.3016e+00 -4.7063e-01 +5.5065e-01 -3.0449e+00 +1.8963e+00 -4.9592e+00 +4.5107e+00 +2.1555e+00
15 +3.180309892e+01 +3.180309892e+01 -1.349869011e+02 -1.349869011e+02 +4.7903e+00 -1.9582e+00 +1.3193e+00 +4.6637e+00 +4.2326e+00 +1.0757e+00 +2.5635e+00 -1.3500e+00 -4.2063e+00 +1.6815e+00
19 +1.730236720e+01 +1.730236720e+01 -1.494876328e+02 -1.494876328e+02 +4.4489e+00 +4.8791e+00 +2.5954e+00 -3.1616e+00 +1.1035e+00 +3.1082e+00 -4.9854e+00 -4.2772e+00 -4.1190e+00 +1.7510e+00
640 +1.584069568e+01 +1.584069568e+01 -1.509493043e+02 -1.509493043e+02 +2.4948e+00 +4.8001e+00 -2.3571e+00 -5.0000e+00 -2.7005e+00 -1.8272e+00 -4.2115e+00 +1.2595e+00 -2.1553e+00 +5.6476e-01
2140 +8.999550415e+00 +8.999550415e+00 -1.577904496e+02 -1.577904496e+02 +2.8744e+00 +4.5569e+00 -2.8175e+00 -5.0000e+00 -1.8872e+00 -2.1542e+00 -4.0868e+00 +1.2690e+00 -2.4926e+00 +4.1255e-01
3975 +2.543938979e+00 +2.543938979e+00 -1.642460610e+02 -1.642460610e+02 +2.7572e+00 +4.9444e+00 -2.7745e+00 -4.9825e+00 -2.5175e+00 -2.0991e+00 -4.0555e+00 +1.3255e+00 -2.0626e+00 -2.2465e-01
4657 +2.299043842e+00 +2.299043842e+00 -1.644909562e+02 -1.644909562e+02 +2.7726e+00 +4.9016e+00 -2.8170e+00 -4.9905e+00 -2.4684e+00 -2.0565e+00 -4.0575e+00 +1.3072e+00 -2.0800e+00 -1.5277e-01
5045 +1.429959360e+00 +1.429959360e+00 -1.653600406e+02 -1.653600406e+02 +2.8311e+00 +4.8629e+00 -2.8059e+00 -4.9887e+00 -2.5551e+00 -1.9154e+00 -4.1066e+00 +1.3187e+00 -2.0178e+00 -3.8505e-01
7095 +9.153806510e-01 +9.153806510e-01 -1.658746193e+02 -1.658746193e+02 +2.7935e+00 +4.8781e+00 -2.8014e+00 -4.9909e+00 -2.5410e+00 -2.0194e+00 -4.0854e+00 +1.4833e+00 -1.9730e+00 -2.7725e-01
8687 +6.022919321e-01 +6.022919321e-01 -1.661877081e+02 -1.661877081e+02 +2.8508e+00 +4.7992e+00 -2.8824e+00 -4.9839e+00 -2.5492e+00 -1.8654e+00 -4.1607e+00 +1.7170e+00 -2.1514e+00 -3.7726e-01
12687 +3.933573266e-01 +3.933573266e-01 -1.663966427e+02 -1.663966427e+02 +2.8498e+00 +4.8246e+00 -2.8728e+00 -4.9936e+00 -2.5487e+00 -1.8898e+00 -4.1621e+00 +1.6985e+00 -2.1711e+00 -3.7329e-01
16179 +2.384035579e-01 +2.384035579e-01 -1.665515964e+02 -1.665515964e+02 +2.8520e+00 +4.8259e+00 -2.8712e+00 -4.9954e+00 -2.5486e+00 -1.8934e+00 -4.1654e+00 +1.7030e+00 -2.1753e+00 -3.8127e-01
% function evaluation | noise-free fitness - Fopt (1.000000000000e+03) | best noise-free fitness - Fopt | measured fitness | best measured fitness | x1 | x2...
1 +4.252639726e+01 +4.252639726e+01 +1.042526397e+03 +1.042526397e+03 +4.9084e+00 -4.4456e+00 -2.3988e+00 +4.5628e-01 -4.4408e+00 -3.0333e+00 +1.0471e+00 -1.9073e+00 -1.2208e+00 -4.3395e+00
27 +3.287641991e+01 +3.287641991e+01 +1.032876420e+03 +1.032876420e+03 -1.1269e+00 -3.0024e-01 -1.9773e+00 +1.2154e+00 +1.6656e+00 -2.2130e+00 +6.0181e-01 -4.9827e+00 +3.4150e+00 +2.6187e+00
69 +2.466891104e+01 +2.466891104e+01 +1.024668911e+03 +1.024668911e+03 -1.7158e-02 -4.2367e+00 +5.0000e+00 +1.0426e+00 +4.8364e-01 -4.0388e+00 +1.2658e+00 +8.8675e-01 +1.6297e+00 +2.8360e+00
3880 +1.490273635e+01 +1.490273635e+01 +1.014902736e+03 +1.014902736e+03 -1.3371e+00 -2.7326e+00 -3.3975e+00 -1.0795e+00 +3.1188e+00 +2.5169e-01 -1.8895e+00 +8.3876e-02 +6.8664e-01 -1.8990e-01
9177 +9.842063083e+00 +9.842063083e+00 +1.009842063e+03 +1.009842063e+03 -2.4530e+00 -2.5314e+00 -3.4716e+00 -6.5765e-01 +2.3074e+00 +2.9334e+00 -3.3249e+00 -4.0070e+00 +7.0437e-01 -7.6206e-01
60399 +5.331116013e+00 +5.331116013e+00 +1.005331116e+03 +1.005331116e+03 -2.4886e+00 -2.5435e+00 -3.5048e+00 -3.5740e-01 +2.3225e+00 +3.0540e+00 -3.3383e+00 -2.7400e+00 +6.8382e-01 -7.5162e-01
62215 +3.819351257e+00 +3.819351257e+00 +1.003819351e+03 +1.003819351e+03 -2.4974e+00 -2.5428e+00 -3.5322e+00 -3.8893e-01 +2.3452e+00 +3.0627e+00 -3.3364e+00 -2.7015e+00 +7.1537e-01 -7.5331e-01
73448 +2.477394482e+00 +2.477394482e+00 +1.002477394e+03 +1.002477394e+03 -2.5050e+00 -2.5112e+00 -3.5551e+00 -3.9700e-01 +2.2919e+00 +3.0474e+00 -3.4911e+00 -2.6946e+00 +7.2305e-01 -7.4622e-01
82838 +1.551594220e+00 +1.551594220e+00 +1.001551594e+03 +1.001551594e+03 -2.5026e+00 -1.9514e+00 -3.5651e+00 -2.9346e-01 +2.2667e+00 +3.0527e+00 -3.5354e+00 -2.8670e+00 +7.1813e-01 -6.1156e-01
99546 +9.956304665e-01 +9.956304665e-01 +1.000995630e+03 +1.000995630e+03 -2.5360e+00 -1.9632e+00 -3.5662e+00 -2.8004e-01 +2.2571e+00 +3.0646e+00 -3.5299e+00 -2.8559e+00 +7.2777e-01 -6.0244e-01
% function evaluation | noise-free fitness - Fopt (-1.847000000000e+01) | best noise-free fitness - Fopt | measured fitness | best measured fitness | x1 | x2...
1 +1.496052673e+02 +1.496052673e+02 +1.311352673e+02 +1.311352673e+02 -4.3592e+00 +4.5484e+00 -1.2691e+00 +3.8745e+00 +6.1162e-01 -4.3894e+00 +1.2552e+00 -2.4040e+00 +9.3550e-01 -3.1259e+00
3 +6.034422324e+01 +6.034422324e+01 +4.187422324e+01 +4.187422324e+01 +3.0903e+00 -4.2129e+00 +3.7334e+00 +1.0961e+00 -4.1293e+00 +3.5390e+00 -4.9560e+00 -2.4849e+00 +3.2474e+00 +4.2574e+00
23 +3.413177572e+01 +3.413177572e+01 +1.566177572e+01 +1.566177572e+01 -5.9847e-01 +6.8327e-01 +2.2916e+00 -3.4842e+00 -3.7346e+00 +2.7387e-01 -1.4390e+00 -1.6170e+00 -1.8575e+00 -1.7046e+00
108 +2.500937151e+01 +2.500937151e+01 +6.539371507e+00 +6.539371507e+00 +1.1405e+00 +5.0000e+00 +2.7903e-01 -5.0000e+00 +4.5474e+00 -4.6764e+00 -4.2261e+00 -2.1883e+00 -1.9786e-01 +1.9312e-01
308 +1.354341612e+01 +1.354341612e+01 -4.926583881e+00 -4.926583881e+00 +1.6781e+00 +5.0000e+00 +6.1067e-01 -5.0000e+00 +4.7929e+00 -4.4574e+00 -4.4004e+00 -2.7931e+00 -2.0080e-01 -9.8266e-02
1962 +8.826277736e+00 +8.826277736e+00 -9.643722264e+00 -9.643722264e+00 +1.8015e+00 +4.8680e+00 +4.3050e-01 -5.0000e+00 +4.7751e+00 -4.8012e+00 -4.6868e+00 -2.6533e+00 -1.0452e+00 -7.0387e-02
5640 +5.407418697e+00 +5.407418697e+00 -1.306258130e+01 -1.306258130e+01 +1.7483e+00 +5.0000e+00 +8.4271e-01 -4.9938e+00 +4.4297e+00 -4.6925e+00 -4.7335e+00 -2.6796e+00 -3.0640e-01 -8.0207e-02
7068 +3.970325913e+00 +3.970325913e+00 -1.449967409e+01 -1.449967409e+01 +1.6848e+00 +5.0000e+00 +8.5719e-01 -4.9988e+00 +4.3849e+00 -4.7488e+00 -4.6937e+00 -2.8170e+00 -1.8502e-01 -2.6673e-02
% function evaluation | noise-free fitness - Fopt (-5.971000000000e+01) | best noise-free fitness - Fopt | measured fitness | best measured fitness | x1 | x2...
1 +5.021570012e+01 +5.021570012e+01 -9.494299879e+00 -9.494299879e+00 +5.2354e-02 -2.4139e+00 -4.4947e+00 +1.8751e+00 -3.1552e+00 +1.5113e+00 +4.5345e+00 +4.9668e+00 -6.6334e-01 -1.5242e+00
11 +3.628203640e+01 +3.628203640e+01 -2.342796360e+01 -2.342796360e+01 +3.5425e+00 +7.5570e-01 +4.7261e+00 -4.9712e+00 +1.0060e+00 -2.4629e+00 +8.2741e-01 +1.9408e+00 +4.4081e+00 -5.8280e-01
105 +1.266707653e+01 +1.266707653e+01 -4.704292347e+01 -4.704292347e+01 -3.7846e+00 -9.9513e-01 +7.0287e-01 -3.9808e-01 +2.4085e+00 +3.9895e-01 -2.0585e+00 +2.9012e+00 -2.6861e+00 +2.3815e+00
1631 +8.374811201e+00 +8.374811201e+00 -5.133518880e+01 -5.133518880e+01 -3.9638e+00 -7.3294e-01 +7.3001e-01 -4.8020e-01 +2.6131e+00 +4.1350e-01 -1.0625e+00 +2.7712e+00 -1.8534e+00 +2.3183e+00
2453 +4.270957959e+00 +4.270957959e+00 -5.543904204e+01 -5.543904204e+01 -3.9447e+00 -1.0918e+00 +6.4177e-01 -4.8710e-01 +2.4223e+00 +4.1415e-01 -9.4296e-01 +2.7876e+00 -1.8728e+00 +2.2541e+00
2703 +3.170343290e+00 +3.170343290e+00 -5.653965671e+01 -5.653965671e+01 -3.9927e+00 -1.1432e+00 +6.3712e-01 -5.1939e-01 +2.5309e+00 +3.6765e-01 -8.5463e-01 +2.7646e+00 -1.9298e+00 +2.2322e+00
3153 +2.015002278e+00 +2.015002278e+00 -5.769499772e+01 -5.769499772e+01 -3.9684e+00 -1.1435e+00 +6.6664e-01 -4.9748e-01 +2.5466e+00 +3.9903e-01 -6.7944e-01 +2.8200e+00 -1.9211e+00 +2.2379e+00
3853 +1.573929403e+00 +1.573929403e+00 -5.813607060e+01 -5.813607060e+01 -3.9698e+00 -1.1472e+00 +6.9937e-01 -4.8771e-01 +2.5193e+00 +3.8672e-01 -6.7828e-01 +2.8304e+00 -1.9163e+00 +2.2377e+00
8260 +9.938118973e-01 +9.938118973e-01 -5.871618810e+01 -5.871618810e+01 -3.9638e+00 -1.1466e+00 +7.0129e-01 -4.8834e-01 +2.4539e+00 +3.3619e-01 -7.3043e-01 +2.8341e+00 -1.9027e+00 +2.2397e+00
% function evaluation | noise-free fitness - Fopt (-9.684000000000e+01) | best noise-free fitness - Fopt | measured fitness | best measured fitness | x1 | x2...
1 +6.532228577e+01 +6.532228577e+01 -3.151771423e+01 -3.151771423e+01 -4.0401e+00 +3.3842e+00 -9.2713e-01 -2.0603e+00 +8.1807e-01 -1.4830e+00 -3.9896e+00 +4.4919e+00 +1.8746e+00 -3.8900e-01
5 +5.296808302e+01 +5.296808302e+01 -4.387191698e+01 -4.387191698e+01 -4.0145e+00 +2.1232e+00 -4.0568e+00 -4.1858e+00 -1.6042e+00 +1.4078e+00 -6.8784e-01 +2.3657e+00 -2.2945e+00 -2.0174e+00
17 +3.963783239e+01 +3.963783239e+01 -5.720216761e+01 -5.720216761e+01 -4.4821e+00 -2.7421e-01 -2.7076e+00 -1.1800e+00 -1.4464e-01 +1.2498e+00 -8.9325e-01 -7.5914e-01 +1.3694e-02 -3.8883e+00
56 +2.317732309e+01 +2.317732309e+01 -7.366267691e+01 -7.366267691e+01 +4.4957e+00 -4.8963e+00 -2.9172e+00 +1.2986e+00 +1.1346e+00 +6.1417e-01 +9.9758e-01 -5.7988e-01 -1.2603e-01 -1.4715e+00
391 +1.110931359e+01 +1.110931359e+01 -8.573068641e+01 -8.573068641e+01 +4.7326e+00 -5.0000e+00 -3.1248e+00 -4.4877e+00 +5.1104e-01 +2.2028e+00 +2.4869e+00 -4.4160e+00 +2.3061e+00 -2.8034e+00
1318 +9.679141162e+00 +9.679141162e+00 -8.716085884e+01 -8.716085884e+01 +4.5735e+00 -5.0000e+00 -1.0780e+00 +6.5919e-01 +1.0825e+00 +6.8759e-01 +1.6933e+00 -3.7890e+00 +1.9216e+00 -1.6613e+00
4551 +6.179875435e+00 +6.179875435e+00 -9.066012456e+01 -9.066012456e+01 +4.6010e+00 -5.0000e+00 -9.7540e-01 +6.9813e-01 +1.1243e+00 +4.1119e-01 +1.7439e+00 -4.2257e+00 +1.9379e+00 -1.6993e+00
7073 +3.727089772e+00 +3.727089772e+00 -9.311291023e+01 -9.311291023e+01 +4.6041e+00 -5.0000e+00 -1.0015e+00 +5.5654e-01 +1.1707e+00 +4.3417e-01 +1.5664e+00 -4.3170e+00 +1.7701e+00 -1.7363e+00
11511 +2.484820017e+00 +2.484820017e+00 -9.435517998e+01 -9.435517998e+01 +4.5879e+00 -5.0000e+00 -9.5223e-01 +5.2936e-01 +1.1135e+00 +4.3761e-01 +1.5467e+00 -4.3982e+00 +1.8177e+00 -1.8411e+00
% function evaluation | noise-free fitness - Fopt (3.207000000000e+01) | best noise-free fitness - Fopt | measured fitness | best measured fitness | x1 | x2...
1 +1.490582381e+02 +1.490582381e+02 +1.811282381e+02 +1.811282381e+02 +2.0582e+00 +2.4512e+00 -9.8842e-01 -4.2451e+00 +1.1164e+00 +1.0043e+00 -4.1514e+00 -2.1250e+00 +1.2824e-01 -4.0865e+00
2 +7.449052360e+01 +7.449052360e+01 +1.065605236e+02 +1.065605236e+02 -1.3104e+00 -3.3687e+00 -2.2982e+00 +3.1193e+00 +3.3662e+00 +1.3103e-01 +2.7824e+00 +3.6193e+00 +1.3062e+00 -5.9863e-04
3 +4.802528674e+01 +4.802528674e+01 +8.009528674e+01 +8.009528674e+01 -8.8705e-01 -1.2889e+00 +1.0440e+00 +2.3340e+00 -3.8908e+00 +6.3668e-01 +1.1106e-01 +3.4490e+00 +2.8961e+00 -2.0662e+00
5 +2.511399822e+01 +2.511399822e+01 +5.718399822e+01 +5.718399822e+01 +3.6704e+00 -1.9786e+00 -7.9663e-01 +4.7382e+00 -1.0653e+00 +1.7929e+00 +4.9542e-01 -1.7146e-02 +3.6866e+00 +2.0701e+00
495 +1.561773877e+01 +1.561773877e+01 +4.768773877e+01 +4.768773877e+01 +4.9812e+00 -4.9370e+00 -1.7156e-01 +4.3900e+00 -1.2336e+00 +5.0000e+00 +1.0726e+00 +5.0000e+00 -4.6306e-01 +5.0000e+00
2333 +7.463569237e+00 +7.463569237e+00 +3.953356924e+01 +3.953356924e+01 +1.6649e+00 -3.7865e+00 -2.0026e+00 +2.4585e+00 -9.3412e-01 +4.9075e+00 -3.1348e+00 +1.6552e+00 +7.6009e-02 +3.7059e+00
2848 +5.822098684e+00 +5.822098684e+00 +3.789209868e+01 +3.789209868e+01 +1.7072e+00 -3.7670e+00 -2.1013e+00 +2.5470e+00 -9.1640e-01 +4.9142e+00 -3.1350e+00 +1.6147e+00 +1.2864e-01 +3.6851e+00
4107 +3.000006052e+00 +3.000006052e+00 +3.507000605e+01 +3.507000605e+01 +1.7418e+00 -3.6711e+00 -2.2582e+00 +2.5070e+00 -8.0923e-01 +4.9229e+00 -3.1512e+00 +1.6089e+00 -7.0464e-02 +3.6508e+00
5034 +2.468949979e+00 +2.468949979e+00 +3.453894998e+01 +3.453894998e+01 +1.7150e+00 -3.5634e+00 -2.2725e+00 +2.5447e+00 -1.1013e+00 +4.9066e+00 -3.1074e+00 +1.5727e+00 +2.8088e-02 +3.6723e+00
7433 +1.542357474e+00 +1.542357474e+00 +3.361235747e+01 +3.361235747e+01 +1.7315e+00 -3.5848e+00 -2.3308e+00 +2.5639e+00 -1.1862e+00 +4.8752e+00 -3.1390e+00 +1.5302e+00 +1.1921e-02 +3.6450e+00
15806 +9.986507215e-01 +9.986507215e-01 +3.306865072e+01 +3.306865072e+01 +1.7371e+00 -3.6079e+00 -2.3182e+00 +2.5588e+00 -1.1564e+00 +4.8471e+00 -3.1243e+00 +1.5438e+00 -1.3413e-02 +3.5734e+00
% function evaluation | noise-free fitness - Fopt (2.624000000000e+01) | best noise-free fitness - Fopt | measured fitness | best measured fitness | x1 | x2...
1 +6.764956209e+01 +6.764956209e+01 +9.388956209e+01 +9.388956209e+01 +2.6080e+00 -3.1537e-01 +1.3476e+00 -7.8750e-01 +1.2790e+00 -4.2753e+00 +1.5303e+00 -4.9448e+00 +1.1175e-01 -2.9905e+00
2 +5.224048962e+01 +5.224048962e+01 +7.848048962e+01 +7.848048962e+01 -1.5135e+00 -9.6876e-01 -4.5988e+00 -1.3409e+00 -1.4710e-01 -2.2914e+00 +3.7873e+00 -3.8735e+00 +3.6613e+00 +3.2980e+00
12 +2.442789909e+01 +2.442789909e+01 +5.066789909e+01 +5.066789909e+01 -2.7530e+00 +4.5938e+00 +3.6392e+00 -3.2230e+00 -4.2349e-02 -3.6692e+00 +1.8702e+00 -6.4167e-01 -3.8705e+00 -4.9761e+00
3392 +1.381471710e+01 +1.381471710e+01 +4.005471710e+01 +4.005471710e+01 -2.0339e+00 +4.3443e+00 +3.1323e+00 +5.4933e-01 -7.7421e-02 +5.1466e-02 +1.0392e+00 -1.4030e-01 -3.6327e+00 -3.5167e+00
5571 +7.889171179e+00 +7.889171179e+00 +3.412917118e+01 +3.412917118e+01 -6.8605e-01 +4.4991e+00 +3.3828e+00 +6.6064e-01 +1.2241e-02 +4.4794e-02 +1.1848e+00 -1.4094e-01 -4.1334e+00 -3.4963e+00
6391 +5.133467511e+00 +5.133467511e+00 +3.137346751e+01 +3.137346751e+01 -1.2704e+00 +4.5463e+00 +3.1700e+00 +6.3898e-01 -7.8619e-02 +3.9529e-02 +1.2869e+00 -1.6028e-01 -3.7430e+00 -3.5667e+00
6543 +3.118150795e+00 +3.118150795e+00 +2.935815079e+01 +2.935815079e+01 -1.1989e+00 +4.5415e+00 +3.1101e+00 +4.9018e-01 +4.2684e-02 +4.6745e-02 +1.2930e+00 +1.9892e-02 -3.6836e+00 -3.4917e+00
7293 +2.069104151e+00 +2.069104151e+00 +2.830910415e+01 +2.830910415e+01 -1.1490e+00 +4.5363e+00 +3.1517e+00 +4.6374e-01 +2.6395e-03 +4.5318e-02 +1.2944e+00 +3.7934e-02 -3.6808e+00 -3.4865e+00
10693 +1.521741402e+00 +1.521741402e+00 +2.776174140e+01 +2.776174140e+01 -1.1359e+00 +4.4947e+00 +3.1438e+00 +4.4458e-01 -3.0421e-02 +4.6079e-02 +1.2924e+00 +1.2551e-01 -3.7061e+00 -3.4899e+00
14722 +9.706888675e-01 +9.706888675e-01 +2.721068887e+01 +2.721068887e+01 -1.1065e+00 +4.4953e+00 +3.1471e+00 +4.4605e-01 -2.8041e-02 +4.6230e-02 +1.3197e+00 +1.1860e-01 -3.7172e+00 -3.4747e+00
% function evaluation | noise-free fitness - Fopt (-1.610000000000e+01) | best noise-free fitness - Fopt | measured fitness | best measured fitness | x1 | x2...
1 +1.485707203e+02 +1.485707203e+02 +1.324707203e+02 +1.324707203e+02 +1.9506e+00 +2.7581e+00 -2.3252e-01 -9.0197e-01 -2.4571e+00 -2.2271e+00 +3.6896e+00 +2.7177e+00 +3.6095e+00 -4.3439e+00
3 +8.814805979e+01 +8.814805979e+01 +7.204805979e+01 +7.204805979e+01 -4.6495e+00 -2.5073e-01 -4.3832e-01 +4.2020e+00 +2.7566e+00 -3.1031e-01 +4.8526e+00 +1.9737e+00 -3.1929e+00 +3.1452e-01
7 +3.297999385e+01 +3.297999385e+01 +1.687999385e+01 +1.687999385e+01 -1.3656e+00 -1.7426e-01 -2.3151e+00 -3.3512e+00 +2.2650e+00 -3.0934e+00 -1.3012e+00 -1.7953e+00 +4.4229e+00 +4.7635e+00
64 +1.577349760e+01 +1.577349760e+01 -3.265023984e-01 -3.265023984e-01 +1.6978e+00 -3.1031e-01 -4.1414e+00 -2.8421e+00 +9.8531e-01 -5.0000e+00 -2.3888e+00 -6.8694e-01 +2.4456e+00 -1.9702e-02
4036 +9.829741682e+00 +9.829741682e+00 -6.270258318e+00 -6.270258318e+00 +3.5093e-01 -2.1539e+00 -3.9479e+00 -5.0000e+00 +5.6249e-01 -5.0000e+00 -2.4212e+00 +1.3279e-01 +1.7514e+00 +3.1179e+00
6600 +6.231081818e+00 +6.231081818e+00 -9.868918182e+00 -9.868918182e+00 +9.4304e-01 -2.3773e+00 -4.0347e+00 -5.0000e+00 +7.3581e-01 -5.0000e+00 -2.4508e+00 +8.2205e-01 +1.9855e+00 +2.6295e+00
8100 +3.687321636e+00 +3.687321636e+00 -1.241267836e+01 -1.241267836e+01 +1.0290e+00 -2.3952e+00 -4.0022e+00 -5.0000e+00 +7.2286e-01 -5.0000e+00 -2.5107e+00 +9.0129e-01 +1.7899e+00 +2.7521e+00
9867 +2.500983576e+00 +2.500983576e+00 -1.359901642e+01 -1.359901642e+01 +1.0649e+00 -2.3903e+00 -3.9885e+00 -5.0000e+00 +6.6046e-01 -5.0000e+00 -2.4887e+00 +8.6326e-01 +1.7641e+00 +2.8432e+00
13650 +1.559582321e+00 +1.559582321e+00 -1.454041768e+01 -1.454041768e+01 +1.0233e+00 -2.3525e+00 -4.0009e+00 -5.0000e+00 +6.4666e-01 -5.0000e+00 -2.4875e+00 +8.5315e-01 +1.7693e+00 +2.8593e+00
