% function evaluation | noise-free fitness - Fopt (-9.210000000000e+00) | best noise-free fitness - Fopt | measured fitness | best measured fitness | x1 | x2...
1 +2.386112280e+02 +2.386112280e+02 +2.294012280e+02 +2.294012280e+02 -3.9513e+00 -2.8996e+00 +7.0496e-02 -2.2278e+00 +1.4573e+00 -9.6783e-01 -2.9490e+00 -8.8649e-01 -1.8493e+00 -1.8969e+00
11 +1.425690857e+02 +1.425690857e+02 +1.333590857e+02 +1.333590857e+02 -7.0544e-01 +3.5227e+00 +4.5408e+00 -3.5742e+00 -2.0718e-01 -6.9965e-01 -8.3666e-01 +3.2305e+00 +3.4759e+00 -1.7602e+00
71 +7.310813847e+01 +7.310813847e+01 +6.389813847e+01 +6.389813847e+01 -4.0736e+00 +1.9784e+00 -1.7477e+00 -1.5566e+00 -4.9464e+00 +4.2211e+00 +4.3280e+00 +4.4238e+00 +2.0729e+00 -4.7435e+00
201 +4.890064309e+01 +4.890064309e+01 +3.969064309e+01 +3.969064309e+01 -1.5625e+00 +3.5652e+00 -2.2541e+00 +2.3948e+00 +2.1060e-01 +5.0000e+00 +5.0000e+00 +3.6200e+00 +5.0000e+00 -5.0000e+00
205 +3.148235846e+01 +3.148235846e+01 +2.227235846e+01 +2.227235846e+01 -4.7161e+00 +1.0627e+00 -5.0000e+00 +5.0000e+00 -5.0000e+00 +5.0000e+00 +5.0000e+00 +5.0000e+00 +5.0000e+00 -5.0000e+00
301 +1.469493167e+01 +1.469493167e+01 +5.484931675e+00 +5.484931675e+00 -1.2484e+00 +5.0000e+00 +9.9442e-01 +5.0000e+00 -4.7894e+00 +5.0000e+00 +4.7689e+00 +5.0000e+00 +4.9863e+00 -5.0000e+00
401 +9.353870637e+00 +9.353870637e+00 +1.438706374e-01 +1.438706374e-01 -1.0020e+00 +5.0000e+00 +3.5768e+00 +5.0000e+00 -5.0000e+00 +5.0000e+00 +4.8047e+00 +5.0000e+00 +4.9908e+00 -5.0000e+00
500 +5.385675736e+00 +5.385675736e+00 -3.824324264e+00 -3.824324264e+00 +5.0472e-02 +5.0000e+00 +5.0000e+00 +5.0000e+00 -4.9970e+00 +5.0000e+00 +4.9078e+00 +5.0000e+00 +5.0000e+00 -5.0000e+00
506 +2.031189788e+00 +2.031189788e+00 -7.178810212e+00 -7.178810212e+00 +3.2117e+00 +5.0000e+00 +5.0000e+00 +5.0000e+00 -5.0000e+00 +5.0000e+00 +4.9477e+00 +5.0000e+00 +5.0000e+00 -5.0000e+00
566 +1.215922657e+00 +1.215922657e+00 -7.994077343e+00 -7.994077343e+00 +4.3423e+00 +5.0000e+00 +5.0000e+00 +5.0000e+00 -4.9676e+00 +5.0000e+00 +4.8992e+00 +5.0000e+00 +5.0000e+00 -5.0000e+00
601 +4.664210924e-01 +4.664210924e-01 -8.743578908e+00 -8.743578908e+00 +4.6495e+00 +5.0000e+00 +5.0000e+00 +5.0000e+00 -4.9583e+00 +5.0000e+00 +5.0000e+00 +5.0000e+00 +5.0000e+00 -5.0000e+00
606 +2.935250519e-01 +2.935250519e-01 -8.916474948e+00 -8.916474948e+00 +5.0000e+00 +5.0000e+00 +5.0000e+00 +5.0000e+00 -4.9649e+00 +5.0000e+00 +4.9578e+00 +5.0000e+00 +5.0000e+00 -5.0000e+00
609 +2.244708613e-02 +2.244708613e-02 -9.187552914e+00 -9.187552914e+00 +5.0000e+00 +5.0000e+00 +5.0000e+00 +5.0000e+00 -4.9919e+00 +5.0000e+00 +5.0000e+00 +5.0000e+00 +5.0000e+00 -5.0000e+00
666 -7.105427358e-15 -7.105427358e-15 -9.210000000e+00 -9.210000000e+00 +5.0000e+00 +5.0000e+00 +5.0000e+00 +5.0000e+00 -5.0000e+00 +5.0000e+00 +5.0000e+00 +5.0000e+00 +5.0000e+00 -5.0000e+00
% function evaluation | noise-free fitness - Fopt (6.559900000000e+02) | best noise-free fitness - Fopt | measured fitness | best measured fitness | x1 | x2...
1 +2.352400532e+02 +2.352400532e+02 +8.912300532e+02 +8.912300532e+02 +9.7310e-02 +2.7975e+00 +6.9240e-01 -5.9260e-01 +3.0459e+00 -2.7615e+00 -2.9360e+00 -2.2428e+00 +3.0566e+00 +2.9097e-01
2 +1.366136947e+02 +1.366136947e+02 +7.926036947e+02 +7.926036947e+02 +3.8724e+00 -1.2828e+00 -7.5689e-01 +3.2032e+00 +1.0726e+00 -2.5026e-01 -3.6427e-01 +1.6147e+00 +5.2397e-01 -4.8812e+00
4 +9.692279871e+01 +9.692279871e+01 +7.529127987e+02 +7.529127987e+02 +1.4533e-01 -2.4643e+00 +6.4005e-01 +3.9242e+00 -3.9442e+00 -4.7442e+00 -4.3977e+00 +3.8211e+00 -7.7505e-01 -1.9365e+00
201 +6.124734806e+01 +6.124734806e+01 +7.172373481e+02 +7.172373481e+02 +4.9110e+00 -5.0000e+00 +6.6034e-01 +4.7482e+00 -5.0000e+00 -5.0000e+00 -5.0000e+00 +2.2561e+00 -4.7456e+00 -1.7245e+00
216 +3.979785715e+01 +3.979785715e+01 +6.957878571e+02 +6.957878571e+02 +1.2438e+00 -4.0443e+00 -1.0915e+00 +2.0102e+00 -4.3375e+00 -5.0000e+00 -1.7600e+00 +4.1719e+00 -5.0000e+00 -5.0000e+00
231 +1.956730270e+01 +1.956730270e+01 +6.755573027e+02 +6.755573027e+02 +5.0000e+00 -5.0000e+00 -1.7359e+00 +4.3870e+00 -4.8568e+00 -5.0000e+00 -4.5072e+00 +3.3126e+00 -5.0000e+00 -5.0000e+00
301 +7.195982767e+00 +7.195982767e+00 +6.631859828e+02 +6.631859828e+02 +5.0000e+00 -5.0000e+00 -2.8604e+00 +5.0000e+00 -4.8262e+00 -5.0000e+00 -4.3228e+00 +5.0000e+00 -5.0000e+00 -5.0000e+00
307 +5.489556938e+00 +5.489556938e+00 +6.614795569e+02 +6.614795569e+02 +4.7186e+00 -5.0000e+00 -3.4876e+00 +4.9766e+00 -5.0000e+00 -5.0000e+00 -5.0000e+00 +5.0000e+00 -4.6597e+00 -5.0000e+00
327 +3.669849865e+00 +3.669849865e+00 +6.596598499e+02 +6.596598499e+02 +5.0000e+00 -5.0000e+00 -3.4932e+00 +4.9378e+00 -4.9232e+00 -5.0000e+00 -4.8258e+00 +5.0000e+00 -5.0000e+00 -5.0000e+00
407 +1.150896343e+00 +1.150896343e+00 +6.571408963e+02 +6.571408963e+02 +5.0000e+00 -5.0000e+00 -4.5276e+00 +4.9020e+00 -4.9555e+00 -5.0000e+00 -4.9940e+00 +5.0000e+00 -5.0000e+00 -5.0000e+00
441 +7.499947985e-01 +7.499947985e-01 +6.567399948e+02 +6.567399948e+02 +5.0000e+00 -5.0000e+00 -4.8163e+00 +4.9304e+00 -4.8945e+00 -5.0000e+00 -5.0000e+00 +5.0000e+00 -5.0000e+00 -5.0000e+00
499 +1.393062142e-01 +1.393062142e-01 +6.561293062e+02 +6.561293062e+02 +5.0000e+00 -5.0000e+00 -4.9663e+00 +4.9614e+00 -5.0000e+00 -5.0000e+00 -5.0000e+00 +5.0000e+00 -5.0000e+00 -5.0000e+00
510 +5.185129473e-02 +5.185129473e-02 +6.560418513e+02 +6.560418513e+02 +5.0000e+00 -5.0000e+00 -5.0000e+00 +4.9794e+00 -5.0000e+00 -5.0000e+00 -4.9984e+00 +5.0000e+00 -5.0000e+00 -5.0000e+00
551 +0.000000000e+00 +0.000000000e+00 +6.559900000e+02 +6.559900000e+02 +5.0000e+00 -5.0000e+00 -5.0000e+00 +5.0000e+00 -5.0000e+00 -5.0000e+00 -5.0000e+00 +5.0000e+00 -5.0000e+00 -5.0000e+00
% function evaluation | noise-free fitness - Fopt (6.671000000000e+01) | best noise-free fitness - Fopt | measured fitness | best measured fitness | x1 | x2...
1 +2.203787667e+02 +2.203787667e+02 +2.870887667e+02 +2.870887667e+02 +2.0195e+00 +4.9492e+00 -8.7709e-01 -1.5123e+00 -2.9480e+00 +3.6000e+00 -2.5518e-01 -2.2932e+00 +9.4886e-01 +4.9244e+00
6 +1.492161503e+02 +1.492161503e+02 +2.159261503e+02 +2.159261503e+02 -4.3391e+00 -4.3493e+00 +9.0581e-01 +2.0433e+00 -2.0714e-01 +4.5735e+00 -4.3342e+00 +1.3641e-01 +2.7114e+00 +1.5022e+00
19 +9.708598240e+01 +9.708598240e+01 +1.637959824e+02 +1.637959824e+02 +6.6974e-01 -2.9829e+00 +4.4305e+00 +2.3469e+00 -4.5499e+00 -9.7748e-01 -2.9280e+00 -1.2981e+00 +4.0013e+00 -4.4912e+00
125 +5.648317142e+01 +5.648317142e+01 +1.231931714e+02 +1.231931714e+02 +5.0000e+00 +1.1397e+00 -7.6113e-01 +2.2091e+00 -4.1251e+00 +2.4542e+00 -5.0000e+00 -5.0000e+00 +5.0000e+00 -3.6114e+00
225 +3.360868543e+01 +3.360868543e+01 +1.003186854e+02 +1.003186854e+02 +5.0000e+00 +2.0304e+00 -1.8360e+00 +3.7812e+00 -5.0000e+00 +4.5745e+00 -5.0000e+00 -5.0000e+00 +5.0000e+00 -4.4904e+00
301 +2.178768571e+01 +2.178768571e+01 +8.849768571e+01 +8.849768571e+01 +1.0299e+00 -1.8737e+00 -4.3507e+00 +5.0000e+00 -3.8812e+00 +2.9096e+00 -4.9976e+00 -5.0000e+00 +5.0000e+00 -5.0000e+00
325 +1.239277146e+01 +1.239277146e+01 +7.910277146e+01 +7.910277146e+01 +1.5498e+00 -1.2834e+00 -5.0000e+00 +5.0000e+00 -4.6286e+00 +5.0000e+00 -4.9980e+00 -5.0000e+00 +5.0000e+00 -5.0000e+00
401 +8.580800173e+00 +8.580800173e+00 +7.529080017e+01 +7.529080017e+01 +3.5343e+00 -5.0000e+00 -5.0000e+00 +5.0000e+00 -5.0000e+00 +5.0000e+00 -4.9900e+00 -5.0000e+00 +5.0000e+00 -5.0000e+00
434 +5.047385865e+00 +5.047385865e+00 +7.175738587e+01 +7.175738587e+01 -2.1735e+00 -3.8668e+00 -5.0000e+00 +5.0000e+00 -4.7663e+00 +5.0000e+00 -4.9769e+00 -5.0000e+00 +5.0000e+00 -5.0000e+00
505 +3.617207726e+00 +3.617207726e+00 +7.032720773e+01 +7.032720773e+01 -1.4701e+00 -5.0000e+00 -5.0000e+00 +5.0000e+00 -5.0000e+00 +5.0000e+00 -4.9812e+00 -5.0000e+00 +5.0000e+00 -5.0000e+00
534 +1.155389382e+00 +1.155389382e+00 +6.786538938e+01 +6.786538938e+01 -3.9753e+00 -5.0000e+00 -5.0000e+00 +5.0000e+00 -5.0000e+00 +5.0000e+00 -4.9718e+00 -5.0000e+00 +5.0000e+00 -5.0000e+00
605 +1.899085946e-01 +1.899085946e-01 +6.689990859e+01 +6.689990859e+01 -5.0000e+00 -5.0000e+00 -5.0000e+00 +5.0000e+00 -5.0000e+00 +5.0000e+00 -4.9591e+00 -5.0000e+00 +5.0000e+00 -5.0000e+00
614 +1.484181566e-01 +1.484181566e-01 +6.685841816e+01 +6.685841816e+01 -5.0000e+00 -5.0000e+00 -5.0000e+00 +5.0000e+00 -5.0000e+00 +5.0000e+00 -4.9680e+00 -5.0000e+00 +5.0000e+00 -5.0000e+00
805 +9.231780008e-02 +9.231780008e-02 +6.680231780e+01 +6.680231780e+01 -5.0000e+00 -5.0000e+00 -5.0000e+00 +5.0000e+00 -5.0000e+00 +5.0000e+00 -4.9801e+00 -5.0000e+00 +5.0000e+00 -5.0000e+00
857 +4.411408757e-02 +4.411408757e-02 +6.675411409e+01 +6.675411409e+01 -5.0000e+00 -5.0000e+00 -5.0000e+00 +5.0000e+00 -5.0000e+00 +5.0000e+00 -4.9905e+00 -5.0000e+00 +5.0000e+00 -5.0000e+00
903 -1.421085472e-14 -1.421085472e-14 +6.671000000e+01 +6.671000000e+01 -5.0000e+00 -5.0000e+00 -5.0000e+00 +5.0000e+00 -5.0000e+00 +5.0000e+00 -5.0000e+00 -5.0000e+00 +5.0000e+00 -5.0000e+00
% function evaluation | noise-free fitness - Fopt (9.416700000000e+02) | best noise-free fitness - Fopt | measured fitness | best measured fitness | x1 | x2...
1 +3.158974949e+02 +3.158974949e+02 +1.257567495e+03 +1.257567495e+03 +2.6527e+00 -4.1280e+00 +1.7459e+00 +1.2203e-01 +7.2956e-01 +1.2455e+00 +2.9228e+00 +3.0030e+00 -4.0923e+00 +4.7643e+00
2 +1.595099616e+02 +1.595099616e+02 +1.101179962e+03 +1.101179962e+03 +9.8947e-01 +2.1760e+00 -8.6455e-02 +4.8443e+00 +2.9501e+00 -2.9759e+00 -1.6862e+00 +3.8069e-01 +4.6802e+00 +5.9227e-01
4 +1.584418615e+02 +1.584418615e+02 +1.100111861e+03 +1.100111861e+03 -2.5695e+00 +3.6806e+00 -7.2760e-01 +4.0733e+00 -3.2467e+00 +3.7144e+00 +2.7818e+00 -1.0569e-01 +4.8985e+00 -1.9194e+00
107 +8.418374906e+01 +8.418374906e+01 +1.025853749e+03 +1.025853749e+03 -1.7301e+00 +4.8863e-01 +4.7419e-01 +3.5504e+00 -3.3406e+00 +4.6632e-01 -3.8564e+00 -2.3264e+00 +2.7328e+00 -5.0000e+00
201 +3.198202920e+01 +3.198202920e+01 +9.736520292e+02 +9.736520292e+02 -1.9149e+00 -2.0979e+00 -9.8430e-01 -1.0458e+00 -4.2306e+00 -5.0000e+00 -5.0000e+00 -5.0000e+00 +5.0000e+00 -5.0000e+00
317 +1.609330882e+01 +1.609330882e+01 +9.577633088e+02 +9.577633088e+02 -5.0000e+00 -3.8686e+00 +2.9160e+00 +0.0000e+00 -4.8621e+00 -5.0000e+00 -5.0000e+00 -5.0000e+00 +5.0000e+00 -5.0000e+00
342 +1.525930037e+01 +1.525930037e+01 +9.569293004e+02 +9.569293004e+02 -4.0073e+00 -5.0000e+00 +2.7379e-01 +4.1971e+00 -5.0000e+00 -5.0000e+00 -5.0000e+00 -5.0000e+00 +5.0000e+00 -4.5347e+00
404 +6.580424439e+00 +6.580424439e+00 +9.482504244e+02 +9.482504244e+02 -4.8831e+00 -5.0000e+00 +2.2279e+00 +4.4927e+00 -5.0000e+00 -4.7923e+00 -5.0000e+00 -5.0000e+00 +5.0000e+00 -5.0000e+00
504 +2.769881708e+00 +2.769881708e+00 +9.444398817e+02 +9.444398817e+02 -5.0000e+00 -5.0000e+00 +4.1413e+00 +5.0000e+00 -5.0000e+00 -4.6278e+00 -5.0000e+00 -5.0000e+00 +5.0000e+00 -5.0000e+00
603 +1.774225177e+00 +1.774225177e+00 +9.434442252e+02 +9.434442252e+02 -4.8256e+00 -5.0000e+00 +5.0000e+00 +5.0000e+00 -5.0000e+00 -4.5548e+00 -5.0000e+00 -5.0000e+00 +5.0000e+00 -5.0000e+00
631 +1.417419659e+00 +1.417419659e+00 +9.430874197e+02 +9.430874197e+02 -4.9212e+00 -4.6597e+00 +5.0000e+00 +5.0000e+00 -4.8427e+00 -4.8716e+00 -5.0000e+00 -5.0000e+00 +5.0000e+00 -5.0000e+00
699 +7.248764525e-01 +7.248764525e-01 +9.423948765e+02 +9.423948765e+02 -5.0000e+00 -5.0000e+00 +5.0000e+00 +5.0000e+00 -5.0000e+00 -4.7983e+00 -5.0000e+00 -5.0000e+00 +5.0000e+00 -5.0000e+00
723 +6.143356664e-01 +6.143356664e-01 +9.422843357e+02 +9.422843357e+02 -5.0000e+00 -5.0000e+00 +5.0000e+00 +5.0000e+00 -5.0000e+00 -4.8291e+00 -5.0000e+00 -5.0000e+00 +5.0000e+00 -5.0000e+00
748 +3.339015610e-01 +3.339015610e-01 +9.420039016e+02 +9.420039016e+02 -5.0000e+00 -5.0000e+00 +5.0000e+00 +5.0000e+00 -5.0000e+00 -4.9071e+00 -5.0000e+00 -5.0000e+00 +5.0000e+00 -5.0000e+00
805 +0.000000000e+00 +0.000000000e+00 +9.416700000e+02 +9.416700000e+02 -5.0000e+00 -5.0000e+00 +5.0000e+00 +5.0000e+00 -5.0000e+00 -5.0000e+00 -5.0000e+00 -5.0000e+00 +5.0000e+00 -5.0000e+00
% function evaluation | noise-free fitness - Fopt (-3.745000000000e+01) | best noise-free fitness - Fopt | measured fitness | best measured fitness | x1 | x2...
1 +1.273911319e+02 +1.273911319e+02 +8.994113191e+01 +8.994113191e+01 -4.3814e+00 -3.5663e+00 +3.4337e+00 -1.8583e+00 +6.3963e-01 +3.4282e+00 +4.1852e+00 -4.8427e+00 +1.9507e-01 +1.5704e+00
40 +7.603296433e+01 +7.603296433e+01 +3.858296433e+01 +3.858296433e+01 +2.1361e+00 +2.3333e+00 -1.3354e+00 -3.8852e+00 -2.4617e-01 +3.7014e+00 +3.7370e+00 -3.3954e+00 +2.3261e+00 +4.7324e+00
170 +5.608356268e+01 +5.608356268e+01 +1.863356268e+01 +1.863356268e+01 +3.3073e+00 -4.1348e-01 -5.0000e+00 -2.3052e+00 -1.2837e+00 +5.0000e+00 +5.0000e+00 -4.7941e+00 +3.2774e+00 +5.0000e+00
206 +3.138055974e+01 +3.138055974e+01 -6.069440259e+00 -6.069440259e+00 +2.1050e+00 +2.3364e+00 -1.5337e+00 -2.4106e+00 -5.0000e+00 +5.0000e+00 +4.7957e+00 -5.0000e+00 +4.0159e+00 +5.0000e+00
280 +2.354789689e+01 +2.354789689e+01 -1.390210311e+01 -1.390210311e+01 +5.0000e+00 +1.8889e+00 -4.1777e+00 -3.0410e+00 -5.0000e+00 +5.0000e+00 +5.0000e+00 -5.0000e+00 +5.0000e+00 +5.0000e+00
348 +1.388450435e+01 +1.388450435e+01 -2.356549565e+01 -2.356549565e+01 +3.0016e+00 +1.8536e+00 +3.5855e+00 -5.0000e+00 -3.0368e+00 +5.0000e+00 +5.0000e+00 -5.0000e+00 +5.0000e+00 +5.0000e+00
419 +9.350238546e+00 +9.350238546e+00 -2.809976145e+01 -2.809976145e+01 +4.7580e+00 +4.4093e+00 +3.9604e+00 -5.0000e+00 -2.6241e+00 +5.0000e+00 +5.0000e+00 -5.0000e+00 +5.0000e+00 +5.0000e+00
503 +3.054221169e+00 +3.054221169e+00 -3.439577883e+01 -3.439577883e+01 +2.8448e+00 +5.0000e+00 +4.6389e+00 -5.0000e+00 -5.0000e+00 +5.0000e+00 +5.0000e+00 -4.9505e+00 +5.0000e+00 +5.0000e+00
507 +2.271502465e+00 +2.271502465e+00 -3.517849753e+01 -3.517849753e+01 +4.8318e+00 +5.0000e+00 +4.2704e+00 -5.0000e+00 -5.0000e+00 +5.0000e+00 +5.0000e+00 -4.8522e+00 +5.0000e+00 +5.0000e+00
511 +8.910689548e-01 +8.910689548e-01 -3.655893105e+01 -3.655893105e+01 +4.6164e+00 +5.0000e+00 +4.8584e+00 -5.0000e+00 -5.0000e+00 +5.0000e+00 +5.0000e+00 -4.9547e+00 +5.0000e+00 +5.0000e+00
610 +5.262662583e-01 +5.262662583e-01 -3.692373374e+01 -3.692373374e+01 +5.0000e+00 +5.0000e+00 +5.0000e+00 -5.0000e+00 -5.0000e+00 +5.0000e+00 +5.0000e+00 -4.9122e+00 +5.0000e+00 +5.0000e+00
698 +4.585988725e-03 +4.585988725e-03 -3.744541401e+01 -3.744541401e+01 +5.0000e+00 +5.0000e+00 +5.0000e+00 -5.0000e+00 -5.0000e+00 +5.0000e+00 +5.0000e+00 -4.9992e+00 +5.0000e+00 +5.0000e+00
706 +1.421085472e-14 +1.421085472e-14 -3.745000000e+01 -3.745000000e+01 +5.0000e+00 +5.0000e+00 +5.0000e+00 -5.0000e+00 -5.0000e+00 +5.0000e+00 +5.0000e+00 -5.0000e+00 +5.0000e+00 +5.0000e+00
% function evaluation | noise-free fitness - Fopt (2.906200000000e+02) | best noise-free fitness - Fopt | measured fitness | best measured fitness | x1 | x2...
1 +2.043231110e+02 +2.043231110e+02 +4.949431110e+02 +4.949431110e+02 +2.5987e+00 +4.1083e+00 +2.8269e+00 +3.9803e+00 +4.8269e+00 +2.9287e+00 +7.9916e-01 -2.3914e+00 -1.1492e+00 +9.8428e-01
17 +1.107781327e+02 +1.107781327e+02 +4.013981327e+02 +4.013981327e+02 -4.5767e-02 +1.0467e+00 +1.1706e-01 -6.5592e-01 +2.2761e+00 -4.7680e+00 -4.1570e+00 -2.7612e+00 -4.3127e+00 +1.1004e+00
58 +7.412496655e+01 +7.412496655e+01 +3.647449666e+02 +3.647449666e+02 +2.9635e+00 +2.6853e+00 +4.7125e+00 -3.3402e+00 -3.5623e+00 -4.5093e+00 -2.2572e+00 -5.1721e-01 -4.6358e+00 +4.8866e+00
206 +4.868752613e+01 +4.868752613e+01 +3.393075261e+02 +3.393075261e+02 +1.2458e+00 +5.0000e+00 -2.4125e+00 -5.0000e+00 -5.0000e+00 -1.0457e+00 -1.6734e+00 -5.0000e+00 -5.0000e+00 +3.9034e+00
209 +1.077190973e+01 +1.077190973e+01 +3.013919097e+02 +3.013919097e+02 +5.0000e+00 +4.7126e+00 -3.7935e+00 -3.4682e+00 -5.0000e+00 -5.0000e+00 -4.4950e+00 -5.0000e+00 -5.0000e+00 +4.7256e+00
309 +6.068351777e+00 +6.068351777e+00 +2.966883518e+02 +2.966883518e+02 +5.0000e+00 +5.0000e+00 -4.8140e+00 -4.6097e+00 -5.0000e+00 -5.0000e+00 -5.0000e+00 -5.0000e+00 -5.0000e+00 +4.5083e+00
343 +1.810872624e+00 +1.810872624e+00 +2.924308726e+02 +2.924308726e+02 +5.0000e+00 +5.0000e+00 -5.0000e+00 -5.0000e+00 -5.0000e+00 -5.0000e+00 -4.6099e+00 -5.0000e+00 -5.0000e+00 +5.0000e+00
405 +5.284498447e-01 +5.284498447e-01 +2.911484498e+02 +2.911484498e+02 +5.0000e+00 +5.0000e+00 -5.0000e+00 -5.0000e+00 -5.0000e+00 -5.0000e+00 -4.8861e+00 -5.0000e+00 -5.0000e+00 +5.0000e+00
415 +0.000000000e+00 +0.000000000e+00 +2.906200000e+02 +2.906200000e+02 +5.0000e+00 +5.0000e+00 -5.0000e+00 -5.0000e+00 -5.0000e+00 -5.0000e+00 -5.0000e+00 -5.0000e+00 -5.0000e+00 +5.0000e+00
% function evaluation | noise-free fitness - Fopt (-1.015300000000e+02) | best noise-free fitness - Fopt | measured fitness | best measured fitness | x1 | x2...
1 +2.299614953e+02 +2.299614953e+02 +1.284314953e+02 +1.284314953e+02 +3.6418e+00 +2.3849e+00 +4.9288e+00 -5.1767e-01 -6.2188e-01 -3.4630e+00 +2.7712e+00 +4.9270e+00 +1.9246e+00 +4.1947e+00
4 +1.497334369e+02 +1.497334369e+02 +4.820343691e+01 +4.820343691e+01 +4.7586e+00 -1.4325e+00 +3.5199e+00 +4.6314e+00 +3.3825e+00 -4.5608e+00 -2.3538e+00 +1.0542e-01 -5.1341e-01 -1.9162e+00
102 +9.444037708e+01 +9.444037708e+01 -7.089622919e+00 -7.089622919e+00 -1.2346e+00 +2.8472e+00 +2.1146e+00 +3.9379e-02 -2.2406e-01 -5.0000e+00 -2.7483e+00 +4.7013e+00 -9.9406e-01 -4.1508e+00
112 +5.500643172e+01 +5.500643172e+01 -4.652356828e+01 -4.652356828e+01 +1.9160e+00 +1.4409e+00 +2.5060e-01 +4.2335e+00 -3.5689e+00 +7.2285e-01 -3.7830e+00 +5.0000e+00 -5.0000e+00 -5.0000e+00
202 +3.531089307e+01 +3.531089307e+01 -6.621910693e+01 -6.621910693e+01 -4.7912e+00 +3.9122e+00 +3.5189e+00 +3.5371e+00 -5.0000e+00 +0.0000e+00 -5.0000e+00 +5.0000e+00 -5.0000e+00 -5.0000e+00
314 +2.187697696e+01 +2.187697696e+01 -7.965302304e+01 -7.965302304e+01 +2.9042e-01 -3.5921e+00 +3.3127e+00 +3.7261e+00 -1.9854e+00 -4.7716e+00 -5.0000e+00 +5.0000e+00 -5.0000e+00 -5.0000e+00
414 +1.235750778e+01 +1.235750778e+01 -8.917249222e+01 -8.917249222e+01 -1.0233e-02 -3.6004e+00 +3.2644e+00 +5.0000e+00 -4.4020e+00 -4.7215e+00 -5.0000e+00 +5.0000e+00 -5.0000e+00 -5.0000e+00
512 +8.232391246e+00 +8.232391246e+00 -9.329760875e+01 -9.329760875e+01 -2.4852e-02 -4.2077e+00 +4.8250e+00 +5.0000e+00 -4.3021e+00 -5.0000e+00 -5.0000e+00 +5.0000e+00 -5.0000e+00 -5.0000e+00
540 +5.801271730e+00 +5.801271730e+00 -9.572872827e+01 -9.572872827e+01 -1.4065e+00 -3.8510e+00 +4.5661e+00 +5.0000e+00 -5.0000e+00 -5.0000e+00 -5.0000e+00 +5.0000e+00 -5.0000e+00 -5.0000e+00
547 +3.605580765e+00 +3.605580765e+00 -9.792441924e+01 -9.792441924e+01 -3.1574e+00 -3.6350e+00 +5.0000e+00 +5.0000e+00 -5.0000e+00 -5.0000e+00 -5.0000e+00 +5.0000e+00 -5.0000e+00 -5.0000e+00
608 +2.073471386e+00 +2.073471386e+00 -9.945652861e+01 -9.945652861e+01 -2.9265e+00 -5.0000e+00 +5.0000e+00 +5.0000e+00 -5.0000e+00 -5.0000e+00 -5.0000e+00 +5.0000e+00 -5.0000e+00 -5.0000e+00
619 +7.449941925e-01 +7.449941925e-01 -1.007850058e+02 -1.007850058e+02 -4.2550e+00 -5.0000e+00 +5.0000e+00 +5.0000e+00 -5.0000e+00 -5.0000e+00 -5.0000e+00 +5.0000e+00 -5.0000e+00 -5.0000e+00
647 +1.197844730e-01 +1.197844730e-01 -1.014102155e+02 -1.014102155e+02 -4.8802e+00 -5.0000e+00 +5.0000e+00 +5.0000e+00 -5.0000e+00 -5.0000e+00 -5.0000e+00 +5.0000e+00 -5.0000e+00 -5.0000e+00
677 +0.000000000e+00 +0.000000000e+00 -1.015300000e+02 -1.015300000e+02 -5.0000e+00 -5.0000e+00 +5.0000e+00 +5.0000e+00 -5.0000e+00 -5.0000e+00 -5.0000e+00 +5.0000e+00 -5.0000e+00 -5.0000e+00
% function evaluation | noise-free fitness - Fopt (3.019700000000e+02) | best noise-free fitness - Fopt | measured fitness | best measured fitness | x1 | x2...
1 +2.206511779e+02 +2.206511779e+02 +5.226211779e+02 +5.226211779e+02 -2.1196e+00 -4.2542e+00 -2.6338e+00 -1.0728e+00 +2.4996e+00 +4.3390e+00 -3.9131e+00 -3.6055e+00 -8.4297e-01 +2.2560e+00
9 +1.526480996e+02 +1.526480996e+02 +4.546180996e+02 +4.546180996e+02 +1.2511e+00 +3.8820e+00 +1.3718e+00 +1.7699e+00 -9.2115e-01 +3.7529e+00 +4.5623e+00 +4.1694e+00 -3.2584e+00 -4.3639e-01
124 +9.084684844e+01 +9.084684844e+01 +3.928168484e+02 +3.928168484e+02 +1.5585e+00 +3.6851e+00 +2.0992e+00 -2.7540e+00 -5.0000e+00 -1.5963e-01 -5.0000e+00 +9.2984e-01 -1.1293e+00 -5.0000e+00
202 +6.295035299e+01 +6.295035299e+01 +3.649203530e+02 +3.649203530e+02 +1.4037e+00 -3.0013e+00 +5.0000e+00 -1.3676e+00 -5.0000e+00 -5.0000e+00 -5.0000e+00 +4.5915e+00 -5.0000e+00 -5.0000e+00
223 +2.844031070e+01 +2.844031070e+01 +3.304103107e+02 +3.304103107e+02 +3.5779e+00 +5.0000e+00 +5.0000e+00 -5.0000e+00 -4.4795e+00 +6.3950e-01 -5.0000e+00 +5.0000e+00 -5.0000e+00 -4.7257e+00
307 +2.166020370e+01 +2.166020370e+01 +3.236302037e+02 +3.236302037e+02 +4.4911e+00 +2.5628e+00 +9.1508e-01 -5.0000e+00 -4.9317e+00 +4.7629e+00 -5.0000e+00 +5.0000e+00 -5.0000e+00 -4.8835e+00
325 +1.473751373e+01 +1.473751373e+01 +3.167075137e+02 +3.167075137e+02 -5.0000e+00 +5.0000e+00 +5.0000e+00 -4.8388e+00 -4.6546e+00 +2.2234e+00 -4.4617e+00 +5.0000e+00 -5.0000e+00 -4.9048e+00
407 +9.998658100e+00 +9.998658100e+00 +3.119686581e+02 +3.119686581e+02 +4.2190e+00 +5.0000e+00 +5.0000e+00 -5.0000e+00 -4.7198e+00 +5.0000e+00 -5.0000e+00 +5.0000e+00 -5.0000e+00 -5.0000e+00
536 +4.462737596e+00 +4.462737596e+00 +3.064327376e+02 +3.064327376e+02 -5.0000e+00 +4.7018e+00 +5.0000e+00 -5.0000e+00 -5.0000e+00 +5.0000e+00 -4.7935e+00 +4.9476e+00 -5.0000e+00 -4.7195e+00
613 +3.400997458e+00 +3.400997458e+00 +3.053709975e+02 +3.053709975e+02 -5.0000e+00 +4.8626e+00 +5.0000e+00 -5.0000e+00 -4.8958e+00 +5.0000e+00 -4.9616e+00 +4.8648e+00 -5.0000e+00 -4.8055e+00
640 +2.226619880e+00 +2.226619880e+00 +3.041966199e+02 +3.041966199e+02 -5.0000e+00 +4.6274e+00 +5.0000e+00 -5.0000e+00 -5.0000e+00 +5.0000e+00 -4.9865e+00 +4.9433e+00 -5.0000e+00 -4.8657e+00
659 +1.340097410e+00 +1.340097410e+00 +3.033100974e+02 +3.033100974e+02 -5.0000e+00 +4.6367e+00 +5.0000e+00 -5.0000e+00 -5.0000e+00 +5.0000e+00 -4.8377e+00 +4.9804e+00 -5.0000e+00 -5.0000e+00
827 +9.403844191e-01 +9.403844191e-01 +3.029103844e+02 +3.029103844e+02 -4.9754e+00 +4.4393e+00 +5.0000e+00 -5.0000e+00 -5.0000e+00 +5.0000e+00 -4.9901e+00 +4.9950e+00 -5.0000e+00 -4.9884e+00
928 +5.552570135e-01 +5.552570135e-01 +3.025252570e+02 +3.025252570e+02 -5.0000e+00 +4.6086e+00 +5.0000e+00 -5.0000e+00 -5.0000e+00 +5.0000e+00 -4.9893e+00 +5.0000e+00 -5.0000e+00 -5.0000e+00
1101 +1.644078636e-01 +1.644078636e-01 +3.021344079e+02 +3.021344079e+02 -4.9629e+00 +5.0000e+00 +5.0000e+00 -5.0000e+00 -5.0000e+00 +5.0000e+00 -4.9726e+00 +5.0000e+00 -5.0000e+00 -5.0000e+00
1115 +8.466502734e-02 +8.466502734e-02 +3.020546650e+02 +3.020546650e+02 -4.9850e+00 +4.9462e+00 +5.0000e+00 -5.0000e+00 -5.0000e+00 +5.0000e+00 -5.0000e+00 +5.0000e+00 -5.0000e+00 -5.0000e+00
1208 +5.279087641e-02 +5.279087641e-02 +3.020227909e+02 +3.020227909e+02 -4.9860e+00 +5.0000e+00 +5.0000e+00 -5.0000e+00 -5.0000e+00 +5.0000e+00 -4.9916e+00 +5.0000e+00 -5.0000e+00 -5.0000e+00
1211 +3.633790614e-02 +3.633790614e-02 +3.020063379e+02 +3.020063379e+02 -4.9637e+00 +5.0000e+00 +5.0000e+00 -5.0000e+00 -5.0000e+00 +5.0000e+00 -5.0000e+00 +5.0000e+00 -5.0000e+00 -5.0000e+00
1215 +3.718785117e-04 +3.718785117e-04 +3.019703719e+02 +3.019703719e+02 -5.0000e+00 +5.0000e+00 +5.0000e+00 -5.0000e+00 -5.0000e+00 +5.0000e+00 -4.9999e+00 +5.0000e+00 -5.0000e+00 -5.0000e+00
1228 +2.176132811e-04 +2.176132811e-04 +3.019702176e+02 +3.019702176e+02 -5.0000e+00 +5.0000e+00 +5.0000e+00 -5.0000e+00 -5.0000e+00 +5.0000e+00 -5.0000e+00 +5.0000e+00 -5.0000e+00 -5.0000e+00
1302 +0.000000000e+00 +0.000000000e+00 +3.019700000e+02 +3.019700000e+02 -5.0000e+00 +5.0000e+00 +5.0000e+00 -5.0000e+00 -5.0000e+00 +5.0000e+00 -5.0000e+00 +5.0000e+00 -5.0000e+00 -5.0000e+00
% function evaluation | noise-free fitness - Fopt (-6.561000000000e+01) | best noise-free fitness - Fopt | measured fitness | best measured fitness | x1 | x2...
1 +2.697331821e+02 +2.697331821e+02 +2.041231821e+02 +2.041231821e+02 +8.9888e-01 +2.6753e-01 -2.2808e+00 +1.4364e+00 -7.0613e-01 +1.8126e+00 +4.5863e+00 +7.8032e-01 +3.4521e+00 +2.4642e+00
2 +2.491382671e+02 +2.491382671e+02 +1.835282671e+02 +1.835282671e+02 +8.8754e-02 -4.7768e+00 -1.6854e+00 -4.2870e+00 -3.8222e+00 -3.4154e+00 +1.2883e+00 -3.0071e+00 +1.2068e+00 -1.7437e+00
16 +1.082890869e+02 +1.082890869e+02 +4.267908690e+01 +4.267908690e+01 -2.5353e+00 -2.2062e+00 -2.6932e+00 -3.6644e+00 +3.9206e+00 +4.9899e+00 -4.7481e+00 -1.5607e+00 -3.1936e+00 -3.6809e+00
109 +9.863189904e+01 +9.863189904e+01 +3.302189904e+01 +3.302189904e+01 +2.6713e+00 +7.7555e-01 -2.3684e+00 +6.8707e-01 +8.1006e-01 +3.9809e+00 -1.4673e+00 +4.4781e+00 -1.5037e+00 -5.0000e+00
209 +5.646542994e+01 +5.646542994e+01 -9.144570059e+00 -9.144570059e+00 -2.3287e+00 -1.3033e+00 -3.8784e+00 -1.6482e+00 -2.0720e+00 +5.0000e+00 -5.0000e+00 +4.9653e+00 -5.0000e+00 -5.0000e+00
318 +2.636846162e+01 +2.636846162e+01 -3.924153838e+01 -3.924153838e+01 -1.5308e+00 -5.0000e+00 -3.1601e+00 +1.0960e+00 +4.6850e+00 +5.0000e+00 -5.0000e+00 +5.0000e+00 -5.0000e+00 -5.0000e+00
418 +2.391396638e+01 +2.391396638e+01 -4.169603362e+01 -4.169603362e+01 -2.0782e+00 -5.0000e+00 -4.1438e+00 +2.3360e+00 +5.0000e+00 +5.0000e+00 -5.0000e+00 +5.0000e+00 -5.0000e+00 -5.0000e+00
507 +1.454413526e+01 +1.454413526e+01 -5.106586474e+01 -5.106586474e+01 -5.0000e+00 -4.9256e+00 -6.3586e-01 +3.2516e+00 +4.8739e+00 +5.0000e+00 -4.7998e+00 +5.0000e+00 -5.0000e+00 -5.0000e+00
610 +8.465126833e+00 +8.465126833e+00 -5.714487317e+01 -5.714487317e+01 -5.0000e+00 -4.9983e+00 +2.7387e-01 +5.0000e+00 +5.0000e+00 +5.0000e+00 -4.8752e+00 +5.0000e+00 -5.0000e+00 -5.0000e+00
701 +3.786664595e+00 +3.786664595e+00 -6.182333541e+01 -6.182333541e+01 -4.3803e+00 -4.7557e+00 +3.2906e+00 +5.0000e+00 +5.0000e+00 +5.0000e+00 -5.0000e+00 +5.0000e+00 -5.0000e+00 -5.0000e+00
708 +2.187562233e+00 +2.187562233e+00 -6.342243777e+01 -6.342243777e+01 -4.2107e+00 -5.0000e+00 +4.1617e+00 +5.0000e+00 +5.0000e+00 +5.0000e+00 -5.0000e+00 +5.0000e+00 -5.0000e+00 -5.0000e+00
745 +1.167935474e+00 +1.167935474e+00 -6.444206453e+01 -6.444206453e+01 -3.8321e+00 -5.0000e+00 +5.0000e+00 +5.0000e+00 +5.0000e+00 +5.0000e+00 -5.0000e+00 +5.0000e+00 -5.0000e+00 -5.0000e+00
766 +3.871547898e-01 +3.871547898e-01 -6.522284521e+01 -6.522284521e+01 -4.9426e+00 -5.0000e+00 +4.8023e+00 +5.0000e+00 +5.0000e+00 +5.0000e+00 -5.0000e+00 +5.0000e+00 -5.0000e+00 -5.0000e+00
801 -1.421085472e-14 -1.421085472e-14 -6.561000000e+01 -6.561000000e+01 -5.0000e+00 -5.0000e+00 +5.0000e+00 +5.0000e+00 +5.0000e+00 +5.0000e+00 -5.0000e+00 +5.0000e+00 -5.0000e+00 -5.0000e+00
% function evaluation | noise-free fitness - Fopt (-3.569000000000e+01) | best noise-free fitness - Fopt | measured fitness | best measured fitness | x1 | x2...
1 +2.015104603e+02 +2.015104603e+02 +1.658204603e+02 +1.658204603e+02 +4.6343e+00 +4.8449e+00 -3.1213e+00 +1.2192e+00 -3.4871e+00 +4.3327e+00 +2.3728e+00 +1.4805e+00 +5.3936e-01 +4.0567e+00
6 +1.558841162e+02 +1.558841162e+02 +1.201941162e+02 +1.201941162e+02 +3.9143e-02 +4.7413e-01 +3.4932e+00 +2.5408e+00 -3.4339e+00 -1.7370e+00 +3.6526e+00 +3.8919e+00 +4.4206e+00 -3.9832e-02
121 +9.967721332e+01 +9.967721332e+01 +6.398721332e+01 +6.398721332e+01 +2.1331e+00 -1.4865e+00 -2.4444e+00 +2.0230e+00 +5.0000e+00 +1.5260e+00 +1.3637e+00 +5.0000e+00 +1.2940e+00 -3.9018e+00
196 +5.192269313e+01 +5.192269313e+01 +1.623269313e+01 +1.623269313e+01 +5.0000e+00 +1.9177e+00 -3.3931e+00 +9.4154e-01 +2.6532e+00 +2.1239e+00 +1.8088e+00 +5.0000e+00 +5.0000e+00 -4.9218e+00
246 +2.894541007e+01 +2.894541007e+01 -6.744589931e+00 -6.744589931e+00 +5.0000e+00 +4.1550e+00 -2.0636e-01 -2.2313e+00 +5.0000e+00 +2.8441e+00 +5.0000e+00 +5.0000e+00 +4.2064e+00 -5.0000e+00
312 +2.375536013e+01 +2.375536013e+01 -1.193463987e+01 -1.193463987e+01 +5.0000e+00 +5.0000e+00 -3.3626e+00 -2.9566e+00 +3.3297e+00 +4.6419e+00 +2.6975e+00 +5.0000e+00 +5.0000e+00 -5.0000e+00
338 +1.402583060e+01 +1.402583060e+01 -2.166416940e+01 -2.166416940e+01 +5.0000e+00 +3.8762e+00 -4.9655e+00 -7.3328e-01 +3.8052e+00 +5.0000e+00 +5.0000e+00 +5.0000e+00 +5.0000e+00 -5.0000e+00
392 +8.026478144e+00 +8.026478144e+00 -2.766352186e+01 -2.766352186e+01 +1.4532e+00 +5.0000e+00 -5.0000e+00 -2.9207e+00 +5.0000e+00 +5.0000e+00 +5.0000e+00 +5.0000e+00 +5.0000e+00 -5.0000e+00
409 +4.495936858e+00 +4.495936858e+00 -3.119406314e+01 -3.119406314e+01 +4.5650e+00 +5.0000e+00 -5.0000e+00 -3.1151e+00 +5.0000e+00 +5.0000e+00 +5.0000e+00 +5.0000e+00 +5.0000e+00 -5.0000e+00
420 +2.628825658e+00 +2.628825658e+00 -3.306117434e+01 -3.306117434e+01 +2.3712e+00 +5.0000e+00 -5.0000e+00 -5.0000e+00 +5.0000e+00 +5.0000e+00 +5.0000e+00 +5.0000e+00 +5.0000e+00 -5.0000e+00
469 +1.793586330e+00 +1.793586330e+00 -3.389641367e+01 -3.389641367e+01 +3.2517e+00 +5.0000e+00 -5.0000e+00 -4.9790e+00 +5.0000e+00 +5.0000e+00 +5.0000e+00 +5.0000e+00 +5.0000e+00 -5.0000e+00
491 +9.539153005e-01 +9.539153005e-01 -3.473608470e+01 -3.473608470e+01 +4.0461e+00 +5.0000e+00 -5.0000e+00 -5.0000e+00 +5.0000e+00 +5.0000e+00 +5.0000e+00 +5.0000e+00 +5.0000e+00 -5.0000e+00
499 +4.010596289e-01 +4.010596289e-01 -3.528894037e+01 -3.528894037e+01 +4.5989e+00 +5.0000e+00 -5.0000e+00 -5.0000e+00 +5.0000e+00 +5.0000e+00 +5.0000e+00 +5.0000e+00 +5.0000e+00 -5.0000e+00
502 +1.539312815e-01 +1.539312815e-01 -3.553606872e+01 -3.553606872e+01 +4.8461e+00 +5.0000e+00 -5.0000e+00 -5.0000e+00 +5.0000e+00 +5.0000e+00 +5.0000e+00 +5.0000e+00 +5.0000e+00 -5.0000e+00
533 +0.000000000e+00 +0.000000000e+00 -3.569000000e+01 -3.569000000e+01 +5.0000e+00 +5.0000e+00 -5.0000e+00 -5.0000e+00 +5.0000e+00 +5.0000e+00 +5.0000e+00 +5.0000e+00 +5.0000e+00 -5.0000e+00
% function evaluation | noise-free fitness - Fopt (3.174000000000e+01) | best noise-free fitness - Fopt | measured fitness | best measured fitness | x1 | x2...
1 +2.315473882e+02 +2.315473882e+02 +2.632873882e+02 +2.632873882e+02 +1.4708e+00 -4.7502e+00 -3.6301e+00 -1.3848e+00 -3.2988e+00 -1.1415e+00 -1.4342e+00 -2.2500e+00 -2.2505e-01 -3.5238e+00
5 +1.278248949e+02 +1.278248949e+02 +1.595648949e+02 +1.595648949e+02 +3.1532e-01 +1.0410e-01 -2.4586e+00 -3.6208e+00 +1.9710e+00 +4.1968e-01 -4.8787e-01 +4.2901e+00 +1.5907e+00 +3.5662e+00
25 +7.711505872e+01 +7.711505872e+01 +1.088550587e+02 +1.088550587e+02 +4.6975e+00 -2.6982e+00 -4.3827e-01 -3.7680e+00 -2.2924e+00 +3.7147e+00 +3.6989e+00 +3.7695e+00 +4.7630e+00 +4.0528e+00
164 +4.797059720e+01 +4.797059720e+01 +7.971059720e+01 +7.971059720e+01 +6.7372e-01 -6.3221e-01 -4.6960e+00 -1.2436e+00 -1.9578e+00 +2.2187e-01 +4.5322e+00 +5.0000e+00 +5.0000e+00 +5.0000e+00
201 +3.113664988e+01 +3.113664988e+01 +6.287664988e+01 +6.287664988e+01 +2.9914e+00 -3.8393e+00 -5.0000e+00 -2.9038e+00 -3.3891e+00 -2.4018e+00 +5.0000e+00 +3.4498e+00 +5.0000e+00 +5.0000e+00
303 +1.614120629e+01 +1.614120629e+01 +4.788120629e+01 +4.788120629e+01 +4.6253e+00 -4.3573e+00 -5.0000e+00 -4.8930e+00 -5.0000e+00 -1.1183e+00 +4.8371e+00 +5.0000e+00 +5.0000e+00 +5.0000e+00
331 +1.087108812e+01 +1.087108812e+01 +4.261108812e+01 +4.261108812e+01 +3.0460e+00 -5.0000e+00 -5.0000e+00 -2.5959e+00 -5.0000e+00 -3.9600e+00 +5.0000e+00 +5.0000e+00 +5.0000e+00 +5.0000e+00
333 +5.410144011e+00 +5.410144011e+00 +3.715014401e+01 +3.715014401e+01 +4.3429e+00 -5.0000e+00 -5.0000e+00 -5.0000e+00 -5.0000e+00 -3.9600e+00 +4.7812e+00 +5.0000e+00 +5.0000e+00 +5.0000e+00
403 +2.211650799e+00 +2.211650799e+00 +3.395165080e+01 +3.395165080e+01 +4.3321e+00 -5.0000e+00 -5.0000e+00 -4.9670e+00 -5.0000e+00 -5.0000e+00 +4.6827e+00 +5.0000e+00 +5.0000e+00 +5.0000e+00
410 +1.082077621e+00 +1.082077621e+00 +3.282207762e+01 +3.282207762e+01 +5.0000e+00 -5.0000e+00 -5.0000e+00 -5.0000e+00 -5.0000e+00 -5.0000e+00 +4.7669e+00 +5.0000e+00 +5.0000e+00 +5.0000e+00
509 +1.065814104e-14 +1.065814104e-14 +3.174000000e+01 +3.174000000e+01 +5.0000e+00 -5.0000e+00 -5.0000e+00 -5.0000e+00 -5.0000e+00 -5.0000e+00 +5.0000e+00 +5.0000e+00 +5.0000e+00 +5.0000e+00
% function evaluation | noise-free fitness - Fopt (8.344900000000e+02) | best noise-free fitness - Fopt | measured fitness | best measured fitness | x1 | x2...
1 +1.892595543e+02 +1.892595543e+02 +1.023749554e+03 +1.023749554e+03 -1.8202e+00 +4.6707e+00 +2.2642e+00 +4.7039e+00 +2.5634e+00 +1.1596e+00 +1.1638e+00 -3.3277e+00 +4.1314e+00 +1.6615e+00
17 +1.037758684e+02 +1.037758684e+02 +9.382658684e+02 +9.382658684e+02 +1.2484e+00 -3.8768e+00 -2.4692e+00 -2.5848e+00 -2.2387e+00 -1.6000e+00 +2.8510e+00 -3.7698e+00 -3.0726e+00 +3.9119e+00
73 +9.574700995e+01 +9.574700995e+01 +9.302370099e+02 +9.302370099e+02 -8.2977e-01 -2.4975e+00 +1.3319e+00 +1.9584e+00 -9.1149e-01 +3.6205e+00 +2.1548e+00 -4.2490e+00 -4.7438e+00 +4.5892e+00
206 +2.526216209e+01 +2.526216209e+01 +8.597521621e+02 +8.597521621e+02 -3.0345e+00 -5.0000e+00 -4.0046e+00 -3.1788e+00 +4.8104e+00 -4.0295e+00 +5.0000e+00 -5.0000e+00 -5.0000e+00 +5.0000e+00
311 +2.170937599e+01 +2.170937599e+01 +8.561993760e+02 +8.561993760e+02 -1.2203e+00 -5.0000e+00 -4.9544e-01 +2.3648e+00 +4.7471e+00 -4.3284e+00 +5.0000e+00 -4.7296e+00 -5.0000e+00 +5.0000e+00
336 +1.267679359e+01 +1.267679359e+01 +8.471667936e+02 +8.471667936e+02 -5.0000e+00 -5.0000e+00 -5.0000e+00 -8.8405e-01 +5.0000e+00 -5.0000e+00 +5.0000e+00 -5.0000e+00 -5.0000e+00 +5.0000e+00
453 +5.107212157e+00 +5.107212157e+00 +8.395972122e+02 +8.395972122e+02 -5.0000e+00 -5.0000e+00 -5.0000e+00 +2.6294e+00 +5.0000e+00 -5.0000e+00 +5.0000e+00 -5.0000e+00 -5.0000e+00 +5.0000e+00
501 +1.576966160e+00 +1.576966160e+00 +8.360669662e+02 +8.360669662e+02 -5.0000e+00 -5.0000e+00 -5.0000e+00 +4.2680e+00 +5.0000e+00 -5.0000e+00 +5.0000e+00 -5.0000e+00 -5.0000e+00 +5.0000e+00
513 -1.136868377e-13 -1.136868377e-13 +8.344900000e+02 +8.344900000e+02 -5.0000e+00 -5.0000e+00 -5.0000e+00 +5.0000e+00 +5.0000e+00 -5.0000e+00 +5.0000e+00 -5.0000e+00 -5.0000e+00 +5.0000e+00
% function evaluation | noise-free fitness - Fopt (4.159000000000e+01) | best noise-free fitness - Fopt | measured fitness | best measured fitness | x1 | x2...
1 +1.966902747e+02 +1.966902747e+02 +2.382802747e+02 +2.382802747e+02 +7.3337e-01 +4.7629e+00 +2.8783e+00 +3.9461e+00 -4.7119e+00 -4.1769e+00 +1.0229e+00 +3.8535e-01 +4.9681e+00 +3.0273e+00
2 +1.552032859e+02 +1.552032859e+02 +1.967932859e+02 +1.967932859e+02 -4.3828e+00 -1.2325e+00 -3.0992e+00 +2.7601e+00 -2.4784e-01 +2.7661e+00 +2.7059e+00 +2.0431e+00 -2.9883e+00 +2.0886e+00
16 +8.616495310e+01 +8.616495310e+01 +1.277549531e+02 +1.277549531e+02 +1.5523e+00 +2.1407e+00 -1.9239e+00 -8.7740e-01 -2.0228e+00 -1.2947e+00 -4.0619e+00 +4.1254e+00 -3.5905e+00 +4.6605e+00
201 +4.608221064e+01 +4.608221064e+01 +8.767221064e+01 +8.767221064e+01 +2.7515e+00 +5.0000e+00 -2.4175e+00 -5.2389e-01 -2.3458e+00 +2.9845e+00 -5.0000e+00 +5.0000e+00 -4.9781e+00 +4.5239e+00
246 +3.958519381e+01 +3.958519381e+01 +8.117519381e+01 +8.117519381e+01 +4.4162e+00 +5.0000e+00 +4.8360e+00 -1.3429e+00 -5.0000e+00 -8.7710e-01 -5.0000e+00 +5.0000e+00 -4.4910e+00 +5.0000e+00
314 +2.056079957e+01 +2.056079957e+01 +6.215079957e+01 +6.215079957e+01 +3.9840e+00 +5.0000e+00 +5.0000e+00 +5.0000e+00 -3.3870e+00 +1.6966e+00 -5.0000e+00 +5.0000e+00 -4.5887e+00 +5.0000e+00
402 +1.485941814e+01 +1.485941814e+01 +5.644941814e+01 +5.644941814e+01 +8.5069e-01 +5.0000e+00 +4.9571e+00 +4.8726e+00 -4.5930e+00 +5.0000e+00 -5.0000e+00 +5.0000e+00 -3.8077e+00 +5.0000e+00
404 +4.583845341e+00 +4.583845341e+00 +4.617384534e+01 +4.617384534e+01 +4.5356e+00 +5.0000e+00 +2.7318e+00 +5.0000e+00 -4.8939e+00 +4.9887e+00 -5.0000e+00 +5.0000e+00 -5.0000e+00 +5.0000e+00
494 +3.196413436e+00 +3.196413436e+00 +4.478641344e+01 +4.478641344e+01 +1.8036e+00 +5.0000e+00 +5.0000e+00 +5.0000e+00 -5.0000e+00 +5.0000e+00 -5.0000e+00 +5.0000e+00 -5.0000e+00 +5.0000e+00
504 +1.806733018e+00 +1.806733018e+00 +4.339673302e+01 +4.339673302e+01 +5.0000e+00 +5.0000e+00 +3.9169e+00 +5.0000e+00 -5.0000e+00 +5.0000e+00 -5.0000e+00 +5.0000e+00 -5.0000e+00 +5.0000e+00
530 +1.302194501e+00 +1.302194501e+00 +4.289219450e+01 +4.289219450e+01 +3.7322e+00 +5.0000e+00 +4.9794e+00 +5.0000e+00 -5.0000e+00 +5.0000e+00 -5.0000e+00 +5.0000e+00 -5.0000e+00 +5.0000e+00
550 +3.148272380e-01 +3.148272380e-01 +4.190482724e+01 +4.190482724e+01 +5.0000e+00 +5.0000e+00 +4.8197e+00 +5.0000e+00 -4.9949e+00 +5.0000e+00 -5.0000e+00 +5.0000e+00 -5.0000e+00 +5.0000e+00
601 +6.566225062e-03 +6.566225062e-03 +4.159656623e+01 +4.159656623e+01 +5.0000e+00 +5.0000e+00 +4.9999e+00 +5.0000e+00 -4.9977e+00 +5.0000e+00 -5.0000e+00 +5.0000e+00 -5.0000e+00 +5.0000e+00
612 +0.000000000e+00 +0.000000000e+00 +4.159000000e+01 +4.159000000e+01 +5.0000e+00 +5.0000e+00 +5.0000e+00 +5.0000e+00 -5.0000e+00 +5.0000e+00 -5.0000e+00 +5.0000e+00 -5.0000e+00 +5.0000e+00
% function evaluation | noise-free fitness - Fopt (1.004200000000e+02) | best noise-free fitness - Fopt | measured fitness | best measured fitness | x1 | x2...
1 +1.511274537e+02 +1.511274537e+02 +2.515474537e+02 +2.515474537e+02 +4.4828e+00 +2.5072e+00 -2.0599e+00 -4.4233e+00 +2.0094e+00 +1.3586e+00 +2.6016e+00 -3.4580e-01 -2.5593e+00 +3.1685e+00
3 +9.860956150e+01 +9.860956150e+01 +1.990295615e+02 +1.990295615e+02 +1.8541e+00 -3.6239e+00 +1.9827e+00 +1.9376e+00 -1.7000e-01 +1.7151e+00 +2.7821e+00 -4.3784e+00 -1.3716e+00 +3.5304e+00
94 +5.754311514e+01 +5.754311514e+01 +1.579631151e+02 +1.579631151e+02 -3.1777e+00 +3.5867e-01 +4.8556e+00 +2.3916e+00 +4.9537e-01 +2.2841e+00 +4.3872e+00 -4.2078e+00 -4.9460e+00 +4.6479e+00
103 +2.806475205e+01 +2.806475205e+01 +1.284847520e+02 +1.284847520e+02 -3.1459e+00 -5.0000e+00 +5.0000e+00 +4.5338e+00 +1.2664e+00 +4.5887e+00 +5.0000e+00 -5.0000e+00 -5.0000e+00 +5.0000e+00
208 +2.414506080e+01 +2.414506080e+01 +1.245650608e+02 +1.245650608e+02 -3.5383e+00 -2.3167e+00 +5.0000e+00 -6.3541e-01 -5.0000e+00 +5.0000e+00 +5.0000e+00 -5.0000e+00 -5.0000e+00 +5.0000e+00
217 +1.193090985e+01 +1.193090985e+01 +1.123509099e+02 +1.123509099e+02 -2.2429e+00 -2.0947e+00 +5.0000e+00 +5.0000e+00 -4.6637e+00 +5.0000e+00 +5.0000e+00 -5.0000e+00 -5.0000e+00 +5.0000e+00
317 +9.347700868e+00 +9.347700868e+00 +1.097677009e+02 +1.097677009e+02 -4.1185e+00 -4.8225e+00 +5.0000e+00 +5.0000e+00 -5.0000e+00 +5.0000e+00 +5.0000e+00 -5.0000e+00 -5.0000e+00 +5.0000e+00
370 +6.297168892e+00 +6.297168892e+00 +1.067171689e+02 +1.067171689e+02 +1.7996e+00 -3.1078e+00 +5.0000e+00 +5.0000e+00 -5.0000e+00 +5.0000e+00 +5.0000e+00 -4.8911e+00 -5.0000e+00 +5.0000e+00
418 +3.047263828e+00 +3.047263828e+00 +1.034672638e+02 +1.034672638e+02 +3.2536e+00 -4.3257e+00 +5.0000e+00 +5.0000e+00 -4.8974e+00 +5.0000e+00 +5.0000e+00 -4.9759e+00 -5.0000e+00 +5.0000e+00
470 +2.198477676e+00 +2.198477676e+00 +1.026184777e+02 +1.026184777e+02 +3.1114e+00 -4.7600e+00 +5.0000e+00 +5.0000e+00 -5.0000e+00 +5.0000e+00 +5.0000e+00 -5.0000e+00 -5.0000e+00 +5.0000e+00
501 +1.364115394e+00 +1.364115394e+00 +1.017841154e+02 +1.017841154e+02 +5.0000e+00 -4.7414e+00 +5.0000e+00 +5.0000e+00 -5.0000e+00 +5.0000e+00 +5.0000e+00 -4.8282e+00 -5.0000e+00 +5.0000e+00
503 +5.420465103e-02 +5.420465103e-02 +1.004742047e+02 +1.004742047e+02 +5.0000e+00 -5.0000e+00 +5.0000e+00 +5.0000e+00 -5.0000e+00 +5.0000e+00 +5.0000e+00 -4.9910e+00 -5.0000e+00 +5.0000e+00
507 +1.421085472e-14 +1.421085472e-14 +1.004200000e+02 +1.004200000e+02 +5.0000e+00 -5.0000e+00 +5.0000e+00 +5.0000e+00 -5.0000e+00 +5.0000e+00 +5.0000e+00 -5.0000e+00 -5.0000e+00 +5.0000e+00
% function evaluation | noise-free fitness - Fopt (-7.530000000000e+00) | best noise-free fitness - Fopt | measured fitness | best measured fitness | x1 | x2...
1 +2.017774299e+02 +2.017774299e+02 +1.942474299e+02 +1.942474299e+02 +3.1706e-01 -1.7875e+00 +3.2879e+00 -1.3142e+00 +3.8107e+00 -2.7585e+00 +1.3232e+00 -4.1204e+00 -3.1649e+00 +4.6286e+00
23 +1.501751971e+02 +1.501751971e+02 +1.426451971e+02 +1.426451971e+02 +1.8603e+00 -2.6028e+00 +8.2972e-01 +3.8888e+00 -2.8773e+00 +1.5466e+00 +2.0824e+00 +4.0210e+00 +6.4382e-01 +3.8968e+00
40 +8.895183860e+01 +8.895183860e+01 +8.142183860e+01 +8.142183860e+01 -2.8017e+00 -1.4533e+00 +1.5792e+00 -2.5573e+00 -3.6589e+00 +3.4317e+00 -4.4646e+00 +2.9833e+00 +3.0620e+00 +4.3710e+00
192 +5.896995043e+01 +5.896995043e+01 +5.143995043e+01 +5.143995043e+01 -3.9584e+00 -3.2816e-02 +1.6737e+00 -5.0000e+00 -4.9593e+00 +5.0000e+00 -2.7734e+00 +5.0000e+00 +5.0000e+00 +5.0000e+00
309 +3.417071638e+01 +3.417071638e+01 +2.664071638e+01 +2.664071638e+01 -3.1212e+00 -2.0144e+00 +5.0000e+00 -4.7833e+00 -1.7943e+00 +4.7683e+00 -4.7186e+00 +4.8862e+00 +5.0000e+00 +5.0000e+00
402 +2.214763301e+01 +2.214763301e+01 +1.461763301e+01 +1.461763301e+01 -1.3651e+00 -3.1677e+00 +5.0000e+00 -5.0000e+00 +3.1148e+00 +5.0000e+00 -3.2398e+00 +5.0000e+00 +5.0000e+00 +5.0000e+00
444 +1.119761450e+01 +1.119761450e+01 +3.667614503e+00 +3.667614503e+00 -1.2960e+00 -5.0000e+00 +5.0000e+00 -5.0000e+00 +3.2384e+00 +5.0000e+00 -5.0000e+00 +5.0000e+00 +5.0000e+00 +5.0000e+00
503 +7.800380493e+00 +7.800380493e+00 +2.703804926e-01 +2.703804926e-01 -8.4490e-01 -5.0000e+00 +5.0000e+00 -5.0000e+00 +4.2972e+00 +5.0000e+00 -5.0000e+00 +5.0000e+00 +5.0000e+00 +5.0000e+00
514 +4.225267103e+00 +4.225267103e+00 -3.304732897e+00 -3.304732897e+00 +2.0779e+00 -5.0000e+00 +5.0000e+00 -5.0000e+00 +4.5317e+00 +5.0000e+00 -5.0000e+00 +5.0000e+00 +5.0000e+00 +5.0000e+00
525 -8.881784197e-16 -8.881784197e-16 -7.530000000e+00 -7.530000000e+00 +5.0000e+00 -5.0000e+00 +5.0000e+00 -5.0000e+00 +5.0000e+00 +5.0000e+00 -5.0000e+00 +5.0000e+00 +5.0000e+00 +5.0000e+00
