% function evaluation | noise-free fitness - Fopt (1.238300000000e+02) | best noise-free fitness - Fopt | measured fitness | best measured fitness | x1 | x2...
1 +1.934706475e+01 +1.934706475e+01 +1.431770647e+02 +1.431770647e+02 +3.8358e-01 +1.3941e+00
7 +1.554420395e+01 +1.554420395e+01 +1.393742039e+02 +1.393742039e+02 +4.2938e+00 +1.0183e+00
172 +1.543303093e-01 +1.543303093e-01 +1.239843303e+02 +1.239843303e+02 +2.3000e-01 +1.4287e+00
612 +3.617643582e-02 +3.617643582e-02 +1.238661764e+02 +1.238661764e+02 -6.9782e-03 +8.1178e-01
1091 +4.732226826e-03 +4.732226826e-03 +1.238347322e+02 +1.238347322e+02 -6.9444e-02 +5.6201e-01
2475 +3.318650507e-03 +3.318650507e-03 +1.238333187e+02 +1.238333187e+02 -4.0707e-02 +6.5990e-01
2688 +2.353389231e-03 +2.353389231e-03 +1.238323534e+02 +1.238323534e+02 -5.8472e-02 +6.0386e-01
2805 +1.281697048e-03 +1.281697048e-03 +1.238312817e+02 +1.238312817e+02 -2.0304e-02 +7.3479e-01
3144 +8.063602226e-04 +8.063602226e-04 +1.238308064e+02 +1.238308064e+02 -4.6409e-02 +6.5019e-01
3364 +5.628996410e-04 +5.628996410e-04 +1.238305629e+02 +1.238305629e+02 -4.3135e-02 +6.6219e-01
3424 +3.617571345e-04 +3.617571345e-04 +1.238303618e+02 +1.238303618e+02 -4.1572e-02 +6.6583e-01
3844 +1.761410763e-04 +1.761410763e-04 +1.238301761e+02 +1.238301761e+02 -3.8012e-02 +6.7826e-01
4278 +6.832574408e-05 +6.832574408e-05 +1.238300683e+02 +1.238300683e+02 -3.5118e-02 +6.8900e-01
4516 +6.077735132e-05 +6.077735132e-05 +1.238300608e+02 +1.238300608e+02 -3.4840e-02 +6.8994e-01
4847 +3.705487022e-05 +3.705487022e-05 +1.238300371e+02 +1.238300371e+02 -3.3796e-02 +6.9340e-01
4963 +1.981003211e-05 +1.981003211e-05 +1.238300198e+02 +1.238300198e+02 -3.2114e-02 +6.9887e-01
5820 +7.499000716e-06 +7.499000716e-06 +1.238300075e+02 +1.238300075e+02 -3.0506e-02 +7.0450e-01
5929 +1.384546124e-06 +1.384546124e-06 +1.238300014e+02 +1.238300014e+02 -3.0428e-02 +7.0503e-01
6219 +7.507020428e-07 +7.507020428e-07 +1.238300008e+02 +1.238300008e+02 -3.0463e-02 +7.0517e-01
6540 +2.731993192e-07 +2.731993192e-07 +1.238300003e+02 +1.238300003e+02 -3.0384e-02 +7.0534e-01
6566 +9.597687267e-08 +9.597687267e-08 +1.238300001e+02 +1.238300001e+02 -3.0252e-02 +7.0580e-01
6689 +4.289034905e-09 +4.289034905e-09 +1.238300000e+02 +1.238300000e+02 -3.0072e-02 +7.0644e-01
% function evaluation | noise-free fitness - Fopt (4.751000000000e+01) | best noise-free fitness - Fopt | measured fitness | best measured fitness | x1 | x2...
1 +1.449871034e+02 +1.449871034e+02 +1.924971034e+02 +1.924971034e+02 +1.7414e-02 -9.0136e-01
12 +9.828090822e+00 +9.828090822e+00 +5.733809082e+01 +5.733809082e+01 +1.5447e+00 -6.2394e-01
36 +8.813289855e-01 +8.813289855e-01 +4.839132899e+01 +4.839132899e+01 +5.6290e-01 -5.2644e-02
144 +8.557062115e-02 +8.557062115e-02 +4.759557062e+01 +4.759557062e+01 +2.3092e-01 +1.2167e-01
735 +2.393773425e-02 +2.393773425e-02 +4.753393773e+01 +4.753393773e+01 +8.0646e-01 -1.1677e-01
1101 +1.214348746e-03 +1.214348746e-03 +4.751121435e+01 +4.751121435e+01 +7.5385e-01 -8.4670e-02
1972 +5.583785935e-06 +5.583785935e-06 +4.751000558e+01 +4.751000558e+01 +7.0834e-01 -6.5612e-02
2892 +4.928099173e-08 +4.928099173e-08 +4.751000005e+01 +4.751000005e+01 +7.0453e-01 -6.4010e-02
5371 +1.965058516e-08 +1.965058516e-08 +4.751000002e+01 +4.751000002e+01 +7.0449e-01 -6.3983e-02
6104 +1.205685152e-08 +1.205685152e-08 +4.751000001e+01 +4.751000001e+01 +7.0443e-01 -6.3960e-02
6182 +3.074895005e-09 +3.074895005e-09 +4.751000000e+01 +4.751000000e+01 +7.0410e-01 -6.3815e-02
% function evaluation | noise-free fitness - Fopt (5.534000000000e+01) | best noise-free fitness - Fopt | measured fitness | best measured fitness | x1 | x2...
1 +4.312453672e+04 +4.312453672e+04 +4.317987672e+04 +4.317987672e+04 +3.9579e+00 +3.4319e+00
2 +1.722208668e+04 +1.722208668e+04 +1.727742668e+04 +1.727742668e+04 -4.0369e-01 -3.2261e+00
4 +3.611198049e+03 +3.611198049e+03 +3.666538049e+03 +3.666538049e+03 +4.0917e+00 +3.3476e-01
5 +7.060482372e+02 +7.060482372e+02 +7.613882372e+02 +7.613882372e+02 +2.9416e+00 -2.8454e-01
8 +4.054954500e+02 +4.054954500e+02 +4.608354500e+02 +4.608354500e+02 +2.5028e+00 -3.9947e-01
16 +4.049809025e+01 +4.049809025e+01 +9.583809025e+01 +9.583809025e+01 -4.0643e-01 +1.6574e-01
20 +2.036471201e+01 +2.036471201e+01 +7.570471201e+01 +7.570471201e+01 -3.3542e+00 +1.3439e-01
115 +5.423865036e+00 +5.423865036e+00 +6.076386504e+01 +6.076386504e+01 -1.7919e+00 +0.0000e+00
117 +3.945198407e+00 +3.945198407e+00 +5.928519841e+01 +5.928519841e+01 -2.6020e+00 +1.3074e-01
135 +2.231363961e+00 +2.231363961e+00 +5.757136396e+01 +5.757136396e+01 +5.1269e-01 +1.6933e-01
169 +7.100646895e-02 +7.100646895e-02 +5.541100647e+01 +5.541100647e+01 -3.8797e-01 -2.1325e-01
472 +1.824339463e-02 +1.824339463e-02 +5.535824339e+01 +5.535824339e+01 -6.6703e-01 -2.0614e-01
1044 +5.822956785e-03 +5.822956785e-03 +5.534582296e+01 +5.534582296e+01 -8.5291e-01 -1.9045e-01
1371 +2.645109714e-04 +2.645109714e-04 +5.534026451e+01 +5.534026451e+01 -7.1173e-01 -1.9868e-01
2207 +1.527818759e-05 +1.527818759e-05 +5.534001528e+01 +5.534001528e+01 -6.8230e-01 -1.9971e-01
2539 +9.723269393e-06 +9.723269393e-06 +5.534000972e+01 +5.534000972e+01 -6.7198e-01 -1.9998e-01
2687 +2.788525556e-06 +2.788525556e-06 +5.534000279e+01 +5.534000279e+01 -6.7908e-01 -1.9960e-01
2939 +2.147649830e-06 +2.147649830e-06 +5.534000215e+01 +5.534000215e+01 -6.7539e-01 -1.9978e-01
3647 +2.264451737e-07 +2.264451737e-07 +5.534000023e+01 +5.534000023e+01 -6.7906e-01 -1.9966e-01
3927 +1.058582200e-07 +1.058582200e-07 +5.534000011e+01 +5.534000011e+01 -6.7789e-01 -1.9970e-01
4057 +3.091791001e-08 +3.091791001e-08 +5.534000003e+01 +5.534000003e+01 -6.7813e-01 -1.9970e-01
4727 +1.211483891e-08 +1.211483891e-08 +5.534000001e+01 +5.534000001e+01 -6.7815e-01 -1.9970e-01
4927 +9.056869033e-09 +9.056869033e-09 +5.534000001e+01 +5.534000001e+01 -6.7850e-01 -1.9970e-01
% function evaluation | noise-free fitness - Fopt (-9.033000000000e+01) | best noise-free fitness - Fopt | measured fitness | best measured fitness | x1 | x2...
1 +2.030024078e+02 +2.030024078e+02 +1.126724078e+02 +1.126724078e+02 -1.1454e+00 +1.0826e-01
3 +5.058000484e-01 +5.058000484e-01 -8.982419995e+01 -8.982419995e+01 +3.1042e-01 -1.6367e-01
117 +3.342434653e-01 +3.342434653e-01 -8.999575653e+01 -8.999575653e+01 -1.3747e+00 +1.0599e+00
268 +1.968220293e-02 +1.968220293e-02 -9.031031780e+01 -9.031031780e+01 -1.9570e-01 +3.8507e-01
1515 +1.399060503e-02 +1.399060503e-02 -9.031600939e+01 -9.031600939e+01 -2.3139e-01 +4.1151e-01
1856 +9.907885013e-03 +9.907885013e-03 -9.032009211e+01 -9.032009211e+01 -2.9670e-01 +4.5445e-01
1936 +5.303809558e-03 +5.303809558e-03 -9.032469619e+01 -9.032469619e+01 -3.3668e-01 +4.8306e-01
1976 +3.835542228e-03 +3.835542228e-03 -9.032616446e+01 -9.032616446e+01 -3.5067e-01 +4.9307e-01
2056 +2.044718735e-03 +2.044718735e-03 -9.032795528e+01 -9.032795528e+01 -3.7053e-01 +5.0728e-01
2096 +1.532189422e-03 +1.532189422e-03 -9.032846781e+01 -9.032846781e+01 -3.7748e-01 +5.1225e-01
2176 +9.369096587e-04 +9.369096587e-04 -9.032906309e+01 -9.032906309e+01 -3.8735e-01 +5.1931e-01
2200 +4.516084576e-04 +4.516084576e-04 -9.032954839e+01 -9.032954839e+01 -4.7077e-01 +5.7396e-01
2513 +1.395864470e-04 +1.395864470e-04 -9.032986041e+01 -9.032986041e+01 -4.5562e-01 +5.6530e-01
3632 +7.694729705e-05 +7.694729705e-05 -9.032992305e+01 -9.032992305e+01 -4.5567e-01 +5.6493e-01
4511 +6.245094691e-05 +6.245094691e-05 -9.032993755e+01 -9.032993755e+01 -4.3060e-01 +5.4894e-01
4616 +3.848925951e-05 +3.848925951e-05 -9.032996151e+01 -9.032996151e+01 -4.2767e-01 +5.4671e-01
5359 +1.751495925e-05 +1.751495925e-05 -9.032998249e+01 -9.032998249e+01 -4.3546e-01 +5.5197e-01
5446 +2.168926613e-06 +2.168926613e-06 -9.032999783e+01 -9.032999783e+01 -4.3659e-01 +5.5248e-01
6200 +7.159263049e-07 +7.159263049e-07 -9.032999928e+01 -9.032999928e+01 -4.4043e-01 +5.5499e-01
7126 +1.159964000e-07 +1.159964000e-07 -9.032999988e+01 -9.032999988e+01 -4.3912e-01 +5.5418e-01
8114 +6.152433230e-08 +6.152433230e-08 -9.032999994e+01 -9.032999994e+01 -4.3885e-01 +5.5397e-01
8902 +2.499264440e-08 +2.499264440e-08 -9.032999998e+01 -9.032999998e+01 -4.3901e-01 +5.5408e-01
9634 +5.584467999e-09 +5.584467999e-09 -9.032999999e+01 -9.032999999e+01 -4.3904e-01 +5.5411e-01
% function evaluation | noise-free fitness - Fopt (6.561000000000e+01) | best noise-free fitness - Fopt | measured fitness | best measured fitness | x1 | x2...
1 +1.896358344e+04 +1.896358344e+04 +1.902919344e+04 +1.902919344e+04 +3.3746e+00 +3.2760e+00
2 +5.341815802e+03 +5.341815802e+03 +5.407425802e+03 +5.407425802e+03 -2.1743e+00 +3.3603e+00
3 +8.255066620e+02 +8.255066620e+02 +8.911166620e+02 +8.911166620e+02 +2.1787e+00 +6.6062e-01
4 +2.546559050e+02 +2.546559050e+02 +3.202659050e+02 +3.202659050e+02 +2.1209e+00 -2.1554e+00
10 +8.707607012e+01 +8.707607012e+01 +1.526860701e+02 +1.526860701e+02 -4.2253e-01 -2.3536e+00
11 +1.439144049e+01 +1.439144049e+01 +8.000144049e+01 +8.000144049e+01 +7.7152e-01 +2.0003e-01
34 +3.722131617e-01 +3.722131617e-01 +6.598221316e+01 +6.598221316e+01 -3.2711e-01 -4.4007e-01
375 +4.129323168e-02 +4.129323168e-02 +6.565129323e+01 +6.565129323e+01 -4.6563e-01 -8.5562e-01
598 +2.776308273e-02 +2.776308273e-02 +6.563776308e+01 +6.563776308e+01 -4.3615e-01 -7.3666e-01
723 +1.222091915e-02 +1.222091915e-02 +6.562222092e+01 +6.562222092e+01 -4.5963e-01 -8.1055e-01
1673 +8.849191663e-04 +8.849191663e-04 +6.561088492e+01 +6.561088492e+01 -4.0431e-01 -5.9972e-01
2231 +5.836120444e-04 +5.836120444e-04 +6.561058361e+01 +6.561058361e+01 -4.1553e-01 -6.3431e-01
2934 +3.625192903e-04 +3.625192903e-04 +6.561036252e+01 +6.561036252e+01 -4.1245e-01 -6.2355e-01
3064 +7.937312300e-05 +7.937312300e-05 +6.561007937e+01 +6.561007937e+01 -3.9945e-01 -5.7955e-01
3238 +4.735644747e-05 +4.735644747e-05 +6.561004736e+01 +6.561004736e+01 -4.0141e-01 -5.8384e-01
3318 +1.481728654e-05 +1.481728654e-05 +6.561001482e+01 +6.561001482e+01 -4.0244e-01 -5.8894e-01
3358 +4.085916487e-06 +4.085916487e-06 +6.561000409e+01 +6.561000409e+01 -4.0111e-01 -5.8359e-01
3744 +3.946942854e-06 +3.946942854e-06 +6.561000395e+01 +6.561000395e+01 -4.0115e-01 -5.8372e-01
3864 +4.826705435e-08 +4.826705435e-08 +6.561000005e+01 +6.561000005e+01 -4.0060e-01 -5.8212e-01
4944 +3.733589438e-08 +3.733589438e-08 +6.561000004e+01 +6.561000004e+01 -4.0062e-01 -5.8218e-01
5038 +1.589708631e-08 +1.589708631e-08 +6.561000002e+01 +6.561000002e+01 -4.0066e-01 -5.8236e-01
5424 +2.841190394e-09 +2.841190394e-09 +6.561000000e+01 +6.561000000e+01 -4.0071e-01 -5.8249e-01
% function evaluation | noise-free fitness - Fopt (-2.900800000000e+02) | best noise-free fitness - Fopt | measured fitness | best measured fitness | x1 | x2...
1 +5.717118166e+03 +5.717118166e+03 +5.427038166e+03 +5.427038166e+03 +4.3169e+00 -1.4424e+00
3 +1.868872735e+00 +1.868872735e+00 -2.882111273e+02 -2.882111273e+02 -3.4717e+00 +5.1326e-01
70 +2.422585059e-01 +2.422585059e-01 -2.898377415e+02 -2.898377415e+02 -1.6056e+00 +4.7081e-01
205 +5.915153775e-02 +5.915153775e-02 -2.900208485e+02 -2.900208485e+02 -1.2064e+00 +4.2735e-01
486 +3.726143299e-02 +3.726143299e-02 -2.900427386e+02 -2.900427386e+02 -7.3739e-01 +3.7221e-01
1168 +1.651491280e-02 +1.651491280e-02 -2.900634851e+02 -2.900634851e+02 -6.0223e-01 +3.3435e-01
1233 +3.853749723e-03 +3.853749723e-03 -2.900761463e+02 -2.900761463e+02 -5.2967e-01 +3.2378e-01
1548 +1.192110976e-03 +1.192110976e-03 -2.900788079e+02 -2.900788079e+02 -5.9369e-01 +3.3711e-01
2138 +8.103829190e-04 +8.103829190e-04 -2.900791896e+02 -2.900791896e+02 -6.1482e-01 +3.4389e-01
2304 +5.451301774e-04 +5.451301774e-04 -2.900794549e+02 -2.900794549e+02 -5.8747e-01 +3.3656e-01
2466 +3.251945800e-04 +3.251945800e-04 -2.900796748e+02 -2.900796748e+02 -6.0413e-01 +3.3982e-01
2510 +9.935053811e-06 +9.935053811e-06 -2.900799901e+02 -2.900799901e+02 -6.2216e-01 +3.4408e-01
3070 +3.814776449e-06 +3.814776449e-06 -2.900799962e+02 -2.900799962e+02 -6.2231e-01 +3.4397e-01
3466 +1.443718645e-06 +1.443718645e-06 -2.900799986e+02 -2.900799986e+02 -6.2085e-01 +3.4373e-01
3786 +9.399046235e-07 +9.399046235e-07 -2.900799991e+02 -2.900799991e+02 -6.1997e-01 +3.4354e-01
3866 +5.125287998e-07 +5.125287998e-07 -2.900799995e+02 -2.900799995e+02 -6.1971e-01 +3.4350e-01
3906 +2.866617024e-07 +2.866617024e-07 -2.900799997e+02 -2.900799997e+02 -6.1916e-01 +3.4340e-01
3946 +2.037236868e-07 +2.037236868e-07 -2.900799998e+02 -2.900799998e+02 -6.1873e-01 +3.4331e-01
4066 +5.597490826e-08 +5.597490826e-08 -2.900799999e+02 -2.900799999e+02 -6.1830e-01 +3.4326e-01
4390 +3.129559900e-08 +3.129559900e-08 -2.900800000e+02 -2.900800000e+02 -6.1843e-01 +3.4328e-01
4790 +2.069941729e-08 +2.069941729e-08 -2.900800000e+02 -2.900800000e+02 -6.1849e-01 +3.4328e-01
4906 +8.687777608e-09 +8.687777608e-09 -2.900800000e+02 -2.900800000e+02 -6.1842e-01 +3.4327e-01
% function evaluation | noise-free fitness - Fopt (2.510000000000e+01) | best noise-free fitness - Fopt | measured fitness | best measured fitness | x1 | x2...
1 +7.220267093e+03 +7.220267093e+03 +7.245367093e+03 +7.245367093e+03 +3.0261e+00 -1.9653e+00
2 +3.808414640e+03 +3.808414640e+03 +3.833514640e+03 +3.833514640e+03 -2.2901e+00 +1.3671e+00
6 +1.233473067e+01 +1.233473067e+01 +3.743473067e+01 +3.743473067e+01 +2.0587e-01 +3.5313e-01
71 +4.860916282e+00 +4.860916282e+00 +2.996091628e+01 +2.996091628e+01 +3.9598e-01 -1.2976e+00
85 +2.335233497e+00 +2.335233497e+00 +2.743523350e+01 +2.743523350e+01 -1.0488e+00 +9.1937e-02
86 +2.069868103e-01 +2.069868103e-01 +2.530698681e+01 +2.530698681e+01 +1.4677e-01 +1.4819e-01
530 +9.365316642e-02 +9.365316642e-02 +2.519365317e+01 +2.519365317e+01 -8.9770e-01 +1.5708e-01
734 +2.296035615e-02 +2.296035615e-02 +2.512296036e+01 +2.512296036e+01 -6.1323e-01 +1.9577e-01
837 +1.084130230e-02 +1.084130230e-02 +2.511084130e+01 +2.511084130e+01 -4.6063e-01 +1.9279e-01
1213 +1.564789359e-04 +1.564789359e-04 +2.510015648e+01 +2.510015648e+01 -6.8631e-01 +1.8580e-01
1860 +5.005563735e-05 +5.005563735e-05 +2.510005006e+01 +2.510005006e+01 -6.8226e-01 +1.8579e-01
3331 +7.694626557e-06 +7.694626557e-06 +2.510000769e+01 +2.510000769e+01 -6.8487e-01 +1.8544e-01
3413 +4.425618538e-06 +4.425618538e-06 +2.510000443e+01 +2.510000443e+01 -6.7772e-01 +1.8572e-01
3888 +3.515678799e-06 +3.515678799e-06 +2.510000352e+01 +2.510000352e+01 -6.8316e-01 +1.8551e-01
3973 +6.191950241e-07 +6.191950241e-07 +2.510000062e+01 +2.510000062e+01 -6.8409e-01 +1.8537e-01
4171 +1.135495324e-07 +1.135495324e-07 +2.510000011e+01 +2.510000011e+01 -6.8194e-01 +1.8551e-01
4253 +5.969379657e-09 +5.969379657e-09 +2.510000001e+01 +2.510000001e+01 -6.8252e-01 +1.8546e-01
% function evaluation | noise-free fitness - Fopt (-8.756000000000e+01) | best noise-free fitness - Fopt | measured fitness | best measured fitness | x1 | x2...
1 +1.497626147e+03 +1.497626147e+03 +1.410066147e+03 +1.410066147e+03 +2.1855e+00 -1.2082e+00
6 +7.259860672e+02 +7.259860672e+02 +6.384260672e+02 +6.384260672e+02 +1.2641e+00 +1.7530e-01
9 +5.195514539e+02 +5.195514539e+02 +4.319914539e+02 +4.319914539e+02 -2.5506e-02 -2.3295e+00
18 +3.410404235e+02 +3.410404235e+02 +2.534804235e+02 +2.534804235e+02 -3.4643e+00 +1.3023e+00
39 +5.687752772e+01 +5.687752772e+01 -3.068247228e+01 -3.068247228e+01 -4.4780e+00 +1.1928e+00
41 +5.081905717e+00 +5.081905717e+00 -8.247809428e+01 -8.247809428e+01 +2.7606e-01 -4.8695e-01
71 +1.456235665e+00 +1.456235665e+00 -8.610376434e+01 -8.610376434e+01 +1.7789e-01 -4.8955e-01
95 +8.184037868e-01 +8.184037868e-01 -8.674159621e+01 -8.674159621e+01 +0.0000e+00 -5.9536e-01
474 +3.425495071e-01 +3.425495071e-01 -8.721745049e+01 -8.721745049e+01 +1.2387e-01 +2.2113e-01
586 +1.820011276e-02 +1.820011276e-02 -8.754179989e+01 -8.754179989e+01 +7.8904e-02 +6.4493e-01
1026 +7.198860472e-03 +7.198860472e-03 -8.755280114e+01 -8.755280114e+01 +9.5911e-02 +6.0947e-01
1234 +4.317447649e-03 +4.317447649e-03 -8.755568255e+01 -8.755568255e+01 +8.4331e-02 +6.6210e-01
1612 +2.011487445e-03 +2.011487445e-03 -8.755798851e+01 -8.755798851e+01 +6.9310e-02 +7.2564e-01
1965 +5.999811828e-04 +5.999811828e-04 -8.755940002e+01 -8.755940002e+01 +6.0402e-02 +7.5404e-01
2089 +1.586529609e-04 +1.586529609e-04 -8.755984135e+01 -8.755984135e+01 +7.4951e-02 +6.8943e-01
2449 +1.278169256e-04 +1.278169256e-04 -8.755987218e+01 -8.755987218e+01 +7.7766e-02 +6.7943e-01
3502 +2.913032461e-06 +2.913032461e-06 -8.755999709e+01 -8.755999709e+01 +7.1940e-02 +7.0550e-01
3894 +1.163497132e-06 +1.163497132e-06 -8.755999884e+01 -8.755999884e+01 +7.2872e-02 +7.0104e-01
4573 +6.504496355e-07 +6.504496355e-07 -8.755999935e+01 -8.755999935e+01 +7.2731e-02 +7.0172e-01
6178 +2.462517017e-07 +2.462517017e-07 -8.755999975e+01 -8.755999975e+01 +7.2267e-02 +7.0365e-01
6882 +1.302304753e-07 +1.302304753e-07 -8.755999987e+01 -8.755999987e+01 +7.2510e-02 +7.0270e-01
6902 +7.210169883e-08 +7.210169883e-08 -8.755999993e+01 -8.755999993e+01 +7.2307e-02 +7.0351e-01
7138 +2.969457569e-09 +2.969457569e-09 -8.756000000e+01 -8.756000000e+01 +7.2346e-02 +7.0341e-01
% function evaluation | noise-free fitness - Fopt (6.007000000000e+01) | best noise-free fitness - Fopt | measured fitness | best measured fitness | x1 | x2...
1 +1.597119725e+04 +1.597119725e+04 +1.603126725e+04 +1.603126725e+04 +2.8315e+00 +3.0864e+00
2 +7.800712932e+02 +7.800712932e+02 +8.401412932e+02 +8.401412932e+02 -2.8420e+00 +4.6235e+00
7 +1.059770535e+01 +1.059770535e+01 +7.066770535e+01 +7.066770535e+01 -1.0687e+00 -1.7140e-01
20 +6.249461506e+00 +6.249461506e+00 +6.631946151e+01 +6.631946151e+01 -4.0514e-01 -1.2334e-01
56 +1.104326091e+00 +1.104326091e+00 +6.117432609e+01 +6.117432609e+01 -1.1950e+00 -2.6766e-01
91 +8.143075747e-01 +8.143075747e-01 +6.088430757e+01 +6.088430757e+01 -3.3155e+00 -1.6582e-01
221 +5.867037287e-01 +5.867037287e-01 +6.065670373e+01 +6.065670373e+01 -1.5519e+00 -3.2826e-01
531 +2.303470893e-01 +2.303470893e-01 +6.030034709e+01 +6.030034709e+01 -2.4971e-02 -2.0227e-01
868 +1.406037583e-01 +1.406037583e-01 +6.021060376e+01 +6.021060376e+01 -2.9770e-01 -2.5559e-01
912 +1.100077384e-02 +1.100077384e-02 +6.008100077e+01 +6.008100077e+01 -4.6047e-01 -2.5903e-01
1141 +1.239842609e-03 +1.239842609e-03 +6.007123984e+01 +6.007123984e+01 -5.7574e-01 -2.7537e-01
1187 +6.002053916e-04 +6.002053916e-04 +6.007060021e+01 +6.007060021e+01 -6.9508e-01 -2.8496e-01
2187 +3.313160207e-04 +3.313160207e-04 +6.007033132e+01 +6.007033132e+01 -6.8776e-01 -2.8519e-01
2305 +2.399631964e-05 +2.399631964e-05 +6.007002400e+01 +6.007002400e+01 -6.4678e-01 -2.8130e-01
2814 +5.273489663e-07 +5.273489663e-07 +6.007000053e+01 +6.007000053e+01 -6.4700e-01 -2.8154e-01
3145 +3.042483101e-07 +3.042483101e-07 +6.007000030e+01 +6.007000030e+01 -6.4752e-01 -2.8157e-01
5014 +2.064821061e-07 +2.064821061e-07 +6.007000021e+01 +6.007000021e+01 -6.4789e-01 -2.8163e-01
5094 +6.645255013e-08 +6.645255013e-08 +6.007000007e+01 +6.007000007e+01 -6.4808e-01 -2.8163e-01
5334 +3.778070123e-08 +3.778070123e-08 +6.007000004e+01 +6.007000004e+01 -6.4818e-01 -2.8163e-01
5585 +2.436799207e-08 +2.436799207e-08 +6.007000002e+01 +6.007000002e+01 -6.4854e-01 -2.8166e-01
5726 +6.708134492e-09 +6.708134492e-09 +6.007000001e+01 +6.007000001e+01 -6.4841e-01 -2.8166e-01
% function evaluation | noise-free fitness - Fopt (-1.366300000000e+02) | best noise-free fitness - Fopt | measured fitness | best measured fitness | x1 | x2...
1 +6.192088008e+02 +6.192088008e+02 +4.825788008e+02 +4.825788008e+02 -9.9562e-01 +1.0702e+00
4 +2.133524504e+02 +2.133524504e+02 +7.672245040e+01 +7.672245040e+01 -8.6421e-01 -2.2783e-01
5 +5.799407058e+01 +5.799407058e+01 -7.863592942e+01 -7.863592942e+01 +2.7771e-01 +3.2914e-01
6 +2.573653489e+01 +2.573653489e+01 -1.108934651e+02 -1.108934651e+02 +1.7757e+00 -2.9620e-01
33 +5.455607088e+00 +5.455607088e+00 -1.311743929e+02 -1.311743929e+02 -1.0535e-01 -6.5504e-01
104 +1.557505101e+00 +1.557505101e+00 -1.350724949e+02 -1.350724949e+02 +2.5118e-01 -6.0110e-01
187 +5.089513179e-01 +5.089513179e-01 -1.361210487e+02 -1.361210487e+02 -1.9857e-01 +1.4703e+00
277 +1.901185019e-01 +1.901185019e-01 -1.364398815e+02 -1.364398815e+02 -1.8614e-01 +1.1946e+00
475 +1.481800948e-01 +1.481800948e-01 -1.364818199e+02 -1.364818199e+02 -2.3859e-01 +7.4129e-01
955 +1.624164063e-02 +1.624164063e-02 -1.366137584e+02 -1.366137584e+02 -2.1673e-01 +6.2405e-01
1168 +1.548090849e-02 +1.548090849e-02 -1.366145191e+02 -1.366145191e+02 -2.1671e-01 +5.9719e-01
1348 +5.671395137e-03 +5.671395137e-03 -1.366243286e+02 -1.366243286e+02 -2.2170e-01 +5.1506e-01
1748 +3.119173834e-03 +3.119173834e-03 -1.366268808e+02 -1.366268808e+02 -2.2052e-01 +5.6221e-01
1774 +1.941643770e-03 +1.941643770e-03 -1.366280584e+02 -1.366280584e+02 -2.2062e-01 +6.4569e-01
2108 +1.125345907e-03 +1.125345907e-03 -1.366288747e+02 -1.366288747e+02 -2.2105e-01 +7.1181e-01
2161 +8.820310820e-04 +8.820310820e-04 -1.366291180e+02 -1.366291180e+02 -2.2208e-01 +7.3827e-01
2228 +5.510482129e-04 +5.510482129e-04 -1.366294490e+02 -1.366294490e+02 -2.2149e-01 +6.8601e-01
2241 +7.940280074e-05 +7.940280074e-05 -1.366299206e+02 -1.366299206e+02 -2.2226e-01 +6.5816e-01
2748 +8.067989853e-06 +8.067989853e-06 -1.366299919e+02 -1.366299919e+02 -2.2267e-01 +6.6970e-01
3028 +2.741932974e-07 +2.741932974e-07 -1.366299997e+02 -1.366299997e+02 -2.2255e-01 +6.7000e-01
3388 +1.446939564e-07 +1.446939564e-07 -1.366299999e+02 -1.366299999e+02 -2.2256e-01 +6.7097e-01
3901 +9.444468674e-08 +9.444468674e-08 -1.366299999e+02 -1.366299999e+02 -2.2253e-01 +6.7070e-01
3948 +1.589918952e-08 +1.589918952e-08 -1.366300000e+02 -1.366300000e+02 -2.2254e-01 +6.7112e-01
4926 +7.342748631e-09 +7.342748631e-09 -1.366300000e+02 -1.366300000e+02 -2.2254e-01 +6.7134e-01
% function evaluation | noise-free fitness - Fopt (1.639300000000e+02) | best noise-free fitness - Fopt | measured fitness | best measured fitness | x1 | x2...
1 +4.179079456e+02 +4.179079456e+02 +5.818379456e+02 +5.818379456e+02 -1.4635e+00 -6.7457e-01
4 +2.541616942e+02 +2.541616942e+02 +4.180916942e+02 +4.180916942e+02 -2.8925e+00 -3.5435e-01
5 +1.894899927e+01 +1.894899927e+01 +1.828789993e+02 +1.828789993e+02 +5.0933e-01 +6.1668e-01
48 +1.453850336e+01 +1.453850336e+01 +1.784685034e+02 +1.784685034e+02 -2.4629e+00 +5.1164e-01
85 +7.446715880e+00 +7.446715880e+00 +1.713767159e+02 +1.713767159e+02 -1.4453e+00 +8.4925e-01
86 +3.517678271e+00 +3.517678271e+00 +1.674476783e+02 +1.674476783e+02 +2.8132e-01 +6.2032e-01
90 +6.194694673e-01 +6.194694673e-01 +1.645494695e+02 +1.645494695e+02 -3.6045e-02 -5.8485e-01
108 +2.670812102e-01 +2.670812102e-01 +1.641970812e+02 +1.641970812e+02 +0.0000e+00 -5.2349e-01
166 +4.448674250e-02 +4.448674250e-02 +1.639744867e+02 +1.639744867e+02 -2.0678e-01 -1.0635e+00
526 +3.192473678e-02 +3.192473678e-02 +1.639619247e+02 +1.639619247e+02 -2.0363e-01 -1.0745e+00
564 +3.564678048e-03 +3.564678048e-03 +1.639335647e+02 +1.639335647e+02 +0.0000e+00 -5.9170e-01
1280 +2.051270524e-04 +2.051270524e-04 +1.639302051e+02 +1.639302051e+02 -3.7842e-02 -6.9315e-01
2051 +9.107923236e-05 +9.107923236e-05 +1.639300911e+02 +1.639300911e+02 -3.7423e-02 -6.9133e-01
2240 +5.544423991e-05 +5.544423991e-05 +1.639300554e+02 +1.639300554e+02 -3.9609e-02 -6.9672e-01
2520 +2.206063661e-05 +2.206063661e-05 +1.639300221e+02 +1.639300221e+02 -3.9627e-02 -6.9603e-01
3491 +1.075503653e-05 +1.075503653e-05 +1.639300108e+02 +1.639300108e+02 -4.6261e-02 -7.1237e-01
3991 +2.654657180e-06 +2.654657180e-06 +1.639300027e+02 +1.639300027e+02 -4.2623e-02 -7.0363e-01
4231 +2.361271584e-06 +2.361271584e-06 +1.639300024e+02 +1.639300024e+02 -4.2270e-02 -7.0263e-01
4491 +7.020506416e-07 +7.020506416e-07 +1.639300007e+02 +1.639300007e+02 -4.2849e-02 -7.0405e-01
4551 +9.813547308e-08 +9.813547308e-08 +1.639300001e+02 +1.639300001e+02 -4.3305e-02 -7.0515e-01
6983 +5.603092745e-08 +5.603092745e-08 +1.639300001e+02 +1.639300001e+02 -4.3349e-02 -7.0528e-01
7291 +2.346408223e-08 +2.346408223e-08 +1.639300000e+02 +1.639300000e+02 -4.3496e-02 -7.0562e-01
7713 +7.353378351e-09 +7.353378351e-09 +1.639300000e+02 +1.639300000e+02 -4.3478e-02 -7.0560e-01
% function evaluation | noise-free fitness - Fopt (-5.002000000000e+01) | best noise-free fitness - Fopt | measured fitness | best measured fitness | x1 | x2...
1 +7.239671149e+04 +7.239671149e+04 +7.234669149e+04 +7.234669149e+04 +4.8609e+00 -3.4260e+00
2 +1.194502421e+04 +1.194502421e+04 +1.189500421e+04 +1.189500421e+04 -2.3928e+00 +4.9024e+00
3 +1.579461789e+02 +1.579461789e+02 +1.079261789e+02 +1.079261789e+02 +1.0245e+00 -1.3600e+00
9 +8.269926243e+00 +8.269926243e+00 -4.175007376e+01 -4.175007376e+01 -7.1814e-01 +3.5703e+00
10 +3.178949583e+00 +3.178949583e+00 -4.684105042e+01 -4.684105042e+01 -1.8966e-02 -5.1783e-01
78 +5.588242425e-01 +5.588242425e-01 -4.946117576e+01 -4.946117576e+01 -1.9703e-02 -2.3250e-01
113 +2.950819675e-01 +2.950819675e-01 -4.972491803e+01 -4.972491803e+01 -4.2132e-01 +7.1807e-01
464 +1.919095749e-01 +1.919095749e-01 -4.982809043e+01 -4.982809043e+01 -2.1621e-01 +1.4055e-01
529 +1.633863725e-04 +1.633863725e-04 -5.001983661e+01 -5.001983661e+01 -3.7000e-01 +5.9203e-01
1261 +3.913727332e-05 +3.913727332e-05 -5.001996086e+01 -5.001996086e+01 -3.6900e-01 +5.9092e-01
2337 +8.972848065e-06 +8.972848065e-06 -5.001999103e+01 -5.001999103e+01 -3.7236e-01 +6.0383e-01
2996 +5.707113928e-06 +5.707113928e-06 -5.001999429e+01 -5.001999429e+01 -3.7194e-01 +6.0305e-01
3196 +1.511558743e-06 +1.511558743e-06 -5.001999849e+01 -5.001999849e+01 -3.7195e-01 +6.0241e-01
3958 +1.293092993e-07 +1.293092993e-07 -5.001999987e+01 -5.001999987e+01 -3.7177e-01 +6.0182e-01
4483 +6.648077999e-08 +6.648077999e-08 -5.001999993e+01 -5.001999993e+01 -3.7160e-01 +6.0111e-01
5399 +5.635716605e-08 +5.635716605e-08 -5.001999994e+01 -5.001999994e+01 -3.7159e-01 +6.0110e-01
5479 +3.460378650e-08 +3.460378650e-08 -5.001999997e+01 -5.001999997e+01 -3.7160e-01 +6.0115e-01
5845 +1.997369026e-08 +1.997369026e-08 -5.001999998e+01 -5.001999998e+01 -3.7163e-01 +6.0128e-01
6205 +2.041602443e-09 +2.041602443e-09 -5.002000000e+01 -5.002000000e+01 -3.7167e-01 +6.0144e-01
% function evaluation | noise-free fitness - Fopt (5.888600000000e+02) | best noise-free fitness - Fopt | measured fitness | best measured fitness | x1 | x2...
1 +3.591656129e+02 +3.591656129e+02 +9.480256129e+02 +9.480256129e+02 -2.4622e+00 -3.0624e+00
2 +3.525594014e+01 +3.525594014e+01 +6.241159401e+02 +6.241159401e+02 -2.7629e+00 -2.1031e+00
23 +6.094642007e-01 +6.094642007e-01 +5.894694642e+02 +5.894694642e+02 +6.8871e-01 -1.6885e+00
186 +3.783158107e-01 +3.783158107e-01 +5.892383158e+02 +5.892383158e+02 +7.4300e-01 -2.1245e+00
736 +2.012663968e-01 +2.012663968e-01 +5.890612664e+02 +5.890612664e+02 +6.5212e-01 -1.5614e+00
1049 +7.189282467e-02 +7.189282467e-02 +5.889318928e+02 +5.889318928e+02 +2.7426e-01 -2.1527e-01
1353 +6.391265719e-03 +6.391265719e-03 +5.888663913e+02 +5.888663913e+02 +4.4538e-01 -6.9710e-01
1998 +5.725865656e-03 +5.725865656e-03 +5.888657259e+02 +5.888657259e+02 +4.3887e-01 -6.7495e-01
2071 +2.898380441e-03 +2.898380441e-03 +5.888628984e+02 +5.888628984e+02 +3.8628e-01 -5.0053e-01
2478 +1.769438480e-03 +1.769438480e-03 +5.888617694e+02 +5.888617694e+02 +4.0708e-01 -5.6622e-01
2783 +1.216080404e-03 +1.216080404e-03 +5.888612161e+02 +5.888612161e+02 +4.0743e-01 -5.6626e-01
2888 +6.025151379e-05 +6.025151379e-05 +5.888600603e+02 +5.888600603e+02 +4.1615e-01 -5.8865e-01
3063 +7.960687981e-06 +7.960687981e-06 +5.888600080e+02 +5.888600080e+02 +4.1168e-01 -5.7431e-01
3089 +3.372081892e-06 +3.372081892e-06 +5.888600034e+02 +5.888600034e+02 +4.1280e-01 -5.7849e-01
4583 +2.256053904e-06 +2.256053904e-06 +5.888600023e+02 +5.888600023e+02 +4.1194e-01 -5.7580e-01
4623 +3.732925506e-07 +3.732925506e-07 +5.888600004e+02 +5.888600004e+02 +4.1182e-01 -5.7528e-01
4663 +9.533778211e-09 +9.533778211e-09 +5.888600000e+02 +5.888600000e+02 +4.1172e-01 -5.7486e-01
% function evaluation | noise-free fitness - Fopt (-3.294000000000e+01) | best noise-free fitness - Fopt | measured fitness | best measured fitness | x1 | x2...
1 +3.062463868e+03 +3.062463868e+03 +3.029523868e+03 +3.029523868e+03 +4.5011e+00 -1.6508e+00
4 +1.533778486e+02 +1.533778486e+02 +1.204378486e+02 +1.204378486e+02 -1.1595e+00 -3.5989e-01
24 +7.960995271e+01 +7.960995271e+01 +4.666995271e+01 +4.666995271e+01 +4.0411e-01 -1.4441e+00
46 +2.279107215e+01 +2.279107215e+01 -1.014892785e+01 -1.014892785e+01 -1.5279e+00 -1.2336e+00
48 +3.436376589e+00 +3.436376589e+00 -2.950362341e+01 -2.950362341e+01 -2.1943e+00 +2.8224e+00
56 +2.182515697e+00 +2.182515697e+00 -3.075748430e+01 -3.075748430e+01 -7.3023e-01 +1.3904e+00
81 +2.558204361e-01 +2.558204361e-01 -3.268417956e+01 -3.268417956e+01 -7.6061e-01 +1.3306e+00
308 +1.775610238e-01 +1.775610238e-01 -3.276243898e+01 -3.276243898e+01 -8.7141e-01 +1.4790e+00
612 +1.348578163e-01 +1.348578163e-01 -3.280514218e+01 -3.280514218e+01 -1.0839e-01 +5.5921e-01
825 +7.499911571e-02 +7.499911571e-02 -3.286500088e+01 -3.286500088e+01 -1.6521e-01 +5.8993e-01
905 +5.046583760e-03 +5.046583760e-03 -3.293495342e+01 -3.293495342e+01 -1.6754e-01 +6.2036e-01
1813 +7.914406663e-04 +7.914406663e-04 -3.293920856e+01 -3.293920856e+01 -1.9943e-01 +6.6243e-01
2093 +2.319445832e-04 +2.319445832e-04 -3.293976806e+01 -3.293976806e+01 -1.9393e-01 +6.5334e-01
2314 +1.236455595e-04 +1.236455595e-04 -3.293987635e+01 -3.293987635e+01 -1.9632e-01 +6.5575e-01
3185 +3.768361686e-05 +3.768361686e-05 -3.293996232e+01 -3.293996232e+01 -2.1222e-01 +6.7858e-01
3573 +5.527466257e-06 +5.527466257e-06 -3.293999447e+01 -3.293999447e+01 -2.0856e-01 +6.7321e-01
3733 +5.869639850e-07 +5.869639850e-07 -3.293999941e+01 -3.293999941e+01 -2.0967e-01 +6.7455e-01
5059 +2.139546424e-07 +2.139546424e-07 -3.293999979e+01 -3.293999979e+01 -2.0950e-01 +6.7437e-01
7716 +1.577251325e-07 +1.577251325e-07 -3.293999984e+01 -3.293999984e+01 -2.0957e-01 +6.7446e-01
9745 +7.041151662e-08 +7.041151662e-08 -3.293999993e+01 -3.293999993e+01 -2.1018e-01 +6.7529e-01
9940 +2.611950123e-08 +2.611950123e-08 -3.293999997e+01 -3.293999997e+01 -2.1022e-01 +6.7537e-01
10145 +2.563766088e-09 +2.563766088e-09 -3.294000000e+01 -3.294000000e+01 -2.1015e-01 +6.7526e-01
% function evaluation | noise-free fitness - Fopt (-1.116200000000e+02) | best noise-free fitness - Fopt | measured fitness | best measured fitness | x1 | x2...
1 +1.273157543e+05 +1.273157543e+05 +1.272041343e+05 +1.272041343e+05 -4.6073e+00 -4.2716e+00
2 +6.380653790e+00 +6.380653790e+00 -1.052393462e+02 -1.052393462e+02 +2.4919e+00 -1.0696e+00
129 +1.224427172e-01 +1.224427172e-01 -1.114975573e+02 -1.114975573e+02 -3.6843e-01 -1.0025e+00
209 +2.806344544e-02 +2.806344544e-02 -1.115919366e+02 -1.115919366e+02 -3.5753e-01 -1.0287e+00
703 +2.993477347e-03 +2.993477347e-03 -1.116170065e+02 -1.116170065e+02 -3.3140e-01 -7.5545e-01
1465 +2.065645278e-03 +2.065645278e-03 -1.116179344e+02 -1.116179344e+02 -3.2869e-01 -7.3562e-01
1663 +1.402139257e-03 +1.402139257e-03 -1.116185979e+02 -1.116185979e+02 -3.2583e-01 -7.0688e-01
2676 +7.913051118e-04 +7.913051118e-04 -1.116192087e+02 -1.116192087e+02 -3.2313e-01 -6.9430e-01
2765 +5.813616894e-04 +5.813616894e-04 -1.116194186e+02 -1.116194186e+02 -3.2129e-01 -6.8153e-01
3183 +1.885033571e-04 +1.885033571e-04 -1.116198115e+02 -1.116198115e+02 -3.1939e-01 -6.6358e-01
3236 +1.224761286e-04 +1.224761286e-04 -1.116198775e+02 -1.116198775e+02 -3.1857e-01 -6.5666e-01
3241 +1.594540464e-05 +1.594540464e-05 -1.116199841e+02 -1.116199841e+02 -3.1623e-01 -6.3983e-01
3799 +3.527933288e-06 +3.527933288e-06 -1.116199965e+02 -1.116199965e+02 -3.1568e-01 -6.3690e-01
3941 +1.543150518e-06 +1.543150518e-06 -1.116199985e+02 -1.116199985e+02 -3.1545e-01 -6.3528e-01
4661 +6.415315568e-07 +6.415315568e-07 -1.116199994e+02 -1.116199994e+02 -3.1529e-01 -6.3408e-01
5221 +1.513868000e-07 +1.513868000e-07 -1.116199998e+02 -1.116199998e+02 -3.1528e-01 -6.3385e-01
5919 +3.770242074e-08 +3.770242074e-08 -1.116200000e+02 -1.116200000e+02 -3.1521e-01 -6.3336e-01
6399 +1.986778386e-08 +1.986778386e-08 -1.116200000e+02 -1.116200000e+02 -3.1520e-01 -6.3330e-01
6485 +1.126369398e-08 +1.126369398e-08 -1.116200000e+02 -1.116200000e+02 -3.1519e-01 -6.3320e-01
6745 +6.665914043e-09 +6.665914043e-09 -1.116200000e+02 -1.116200000e+02 -3.1518e-01 -6.3317e-01
