% function evaluation | noise-free fitness - Fopt (-4.620900000000e+02) | best noise-free fitness - Fopt | measured fitness | best measured fitness | x1 | x2...
1 +2.663685384e+02 +2.663685384e+02 -1.957214616e+02 -1.957214616e+02 -2.9955e+00 -3.0732e+00 -2.7602e+00 -1.1814e-02 -5.3689e-01
2 +1.526697263e+02 +1.526697263e+02 -3.094202737e+02 -3.094202737e+02 -4.3679e+00 +4.3591e+00 +4.4423e+00 +2.9064e+00 +5.8957e-01
18 +9.232607922e+01 +9.232607922e+01 -3.697639208e+02 -3.697639208e+02 -3.4552e+00 +3.4999e+00 -1.3056e-01 -2.0463e-01 +4.0137e+00
91 +6.146681183e+01 +6.146681183e+01 -4.006231882e+02 -4.006231882e+02 -4.1729e+00 -7.5126e-01 +1.4623e+00 +1.0909e+00 +1.4990e+00
779 +3.961089738e+01 +3.961089738e+01 -4.224791026e+02 -4.224791026e+02 -4.3541e+00 +2.3714e+00 +1.0036e+00 +1.8392e+00 +2.9828e+00
1928 +2.321301941e+01 +2.321301941e+01 -4.388769806e+02 -4.388769806e+02 -1.3586e+00 +3.6981e+00 +6.1283e-01 +1.1306e+00 +2.6702e+00
4705 +1.411666769e+01 +1.411666769e+01 -4.479733323e+02 -4.479733323e+02 -2.3158e+00 +1.0235e+00 +2.1662e+00 +6.6771e-01 +2.6389e+00
9952 +9.199985518e+00 +9.199985518e+00 -4.528900145e+02 -4.528900145e+02 -2.3518e+00 +9.8518e-01 +2.2189e+00 +7.0542e-01 +2.6076e+00
18744 +5.146631887e+00 +5.146631887e+00 -4.569433681e+02 -4.569433681e+02 -1.3685e+00 +1.5110e+00 +2.2364e+00 +6.9889e-01 +2.6848e+00
21244 +3.844603530e+00 +3.844603530e+00 -4.582453965e+02 -4.582453965e+02 -1.3181e+00 +1.4777e+00 +2.2087e+00 +7.1869e-01 +2.6775e+00
28213 +2.339582519e+00 +2.339582519e+00 -4.597504175e+02 -4.597504175e+02 -2.3275e+00 +1.4890e+00 +2.2139e+00 +7.2030e-01 +2.6809e+00
37955 +1.239650980e+00 +1.239650980e+00 -4.608503490e+02 -4.608503490e+02 -2.3494e+00 +2.2860e+00 +2.1992e+00 +7.2396e-01 +2.6581e+00
46361 +8.573838944e-01 +8.573838944e-01 -4.612326161e+02 -4.612326161e+02 -2.3504e+00 +2.2887e+00 +2.2009e+00 +7.3993e-01 +2.3186e+00
47408 +2.949491513e-01 +2.949491513e-01 -4.617950508e+02 -4.617950508e+02 -2.3441e+00 +2.2875e+00 +2.2010e+00 +7.1681e-01 +2.2975e+00
% function evaluation | noise-free fitness - Fopt (7.766000000000e+01) | best noise-free fitness - Fopt | measured fitness | best measured fitness | x1 | x2...
1 +3.698098589e+03 +3.698098589e+03 +3.775758589e+03 +3.775758589e+03 -4.1762e+00 -2.8970e+00 -2.3093e+00 -3.1622e+00 +4.0924e+00
2 +2.111098200e+02 +2.111098200e+02 +2.887698200e+02 +2.887698200e+02 +3.8674e+00 +9.5051e-01 -3.9490e+00 +3.1178e+00 -2.5011e-01
6 +1.280094685e+02 +1.280094685e+02 +2.056694685e+02 +2.056694685e+02 -3.1816e-01 -4.8046e+00 +5.3756e-02 +2.7589e+00 -3.8796e+00
8 +8.230268384e+01 +8.230268384e+01 +1.599626838e+02 +1.599626838e+02 -7.4922e-01 -2.5652e+00 -8.6894e-01 +1.1363e+00 -2.0983e+00
47 +6.245019743e+01 +6.245019743e+01 +1.401101974e+02 +1.401101974e+02 +1.7067e+00 +3.1825e-01 -2.2010e-01 +2.8725e+00 -1.3115e+00
707 +3.836389350e+01 +3.836389350e+01 +1.160238935e+02 +1.160238935e+02 +1.1762e+00 -9.3597e-01 -1.9619e+00 +1.8016e+00 -2.4512e+00
1640 +2.002071997e+01 +2.002071997e+01 +9.768071997e+01 +9.768071997e+01 +3.9373e-01 -1.0447e+00 -1.2362e+00 +3.8061e+00 -2.8026e+00
2849 +1.322242804e+01 +1.322242804e+01 +9.088242804e+01 +9.088242804e+01 +2.3161e-01 -5.9147e-02 -1.3325e+00 +3.3140e+00 -2.1310e+00
13092 +7.237927782e+00 +7.237927782e+00 +8.489792778e+01 +8.489792778e+01 +1.3868e+00 -9.7073e-02 -7.0700e-01 +2.9468e+00 -2.7817e+00
22704 +5.880320143e+00 +5.880320143e+00 +8.354032014e+01 +8.354032014e+01 +1.4026e+00 -4.6153e-03 -7.2536e-01 +2.8894e+00 -2.7670e+00
29136 +3.603065077e+00 +3.603065077e+00 +8.126306508e+01 +8.126306508e+01 +3.3886e+00 -2.9460e-03 -1.2566e+00 +2.8987e+00 -2.4616e+00
41649 +2.417049568e+00 +2.417049568e+00 +8.007704957e+01 +8.007704957e+01 +2.4160e+00 -3.1592e-02 -1.2813e+00 +2.8997e+00 -2.4687e+00
% function evaluation | noise-free fitness - Fopt (1.156800000000e+02) | best noise-free fitness - Fopt | measured fitness | best measured fitness | x1 | x2...
1 +7.577117271e+03 +7.577117271e+03 +7.692797271e+03 +7.692797271e+03 +2.3499e+00 -2.3431e+00 -4.8763e+00 -9.5862e-01 +4.4929e+00
2 +3.004242661e+02 +3.004242661e+02 +4.161042661e+02 +4.161042661e+02 -2.1794e+00 +4.4280e-01 -1.0804e+00 -3.0833e+00 -1.6293e+00
4 +1.417442224e+02 +1.417442224e+02 +2.574242224e+02 +2.574242224e+02 -3.2733e+00 +2.6498e+00 +2.7652e+00 +4.1426e+00 -3.0649e+00
138 +8.852355858e+01 +8.852355858e+01 +2.042035586e+02 +2.042035586e+02 -1.9838e+00 -2.6630e-01 +1.6544e+00 +3.7268e+00 -2.3207e+00
365 +6.142358222e+01 +6.142358222e+01 +1.771035822e+02 +1.771035822e+02 +8.6364e-02 -3.2570e+00 +2.6752e-01 +3.7679e+00 -4.2376e+00
564 +3.750211668e+01 +3.750211668e+01 +1.531821167e+02 +1.531821167e+02 -1.1896e+00 +5.7938e-01 +8.1797e-01 +3.8440e+00 -2.8123e+00
2674 +2.430439223e+01 +2.430439223e+01 +1.399843922e+02 +1.399843922e+02 -2.1507e+00 -1.5791e+00 +4.0018e-01 +3.5354e+00 -3.2676e+00
2868 +1.351234044e+01 +1.351234044e+01 +1.291923404e+02 +1.291923404e+02 -1.2233e+00 -1.1610e+00 +7.9163e-01 +3.1104e+00 -3.6088e+00
10087 +8.651638150e+00 +8.651638150e+00 +1.243316381e+02 +1.243316381e+02 -2.2985e+00 -1.7722e+00 -3.0262e-01 +3.1172e+00 -3.5643e+00
15291 +5.429662530e+00 +5.429662530e+00 +1.211096625e+02 +1.211096625e+02 -2.1590e+00 -1.7435e+00 -3.3641e-01 +3.0789e+00 -3.8909e+00
29417 +3.607567521e+00 +3.607567521e+00 +1.192875675e+02 +1.192875675e+02 -1.1678e+00 -1.8131e+00 -3.6078e-01 +3.0765e+00 -3.6022e+00
39493 +2.312583324e+00 +2.312583324e+00 +1.179925833e+02 +1.179925833e+02 -1.1743e+00 -1.0092e+00 +2.2896e-01 +3.0619e+00 -3.5978e+00
45864 +1.329332225e+00 +1.329332225e+00 +1.170093322e+02 +1.170093322e+02 -1.1641e+00 -9.8984e-01 +2.5412e-01 +3.0959e+00 -3.6078e+00
% function evaluation | noise-free fitness - Fopt (-3.710000000000e+00) | best noise-free fitness - Fopt | measured fitness | best measured fitness | x1 | x2...
1 +2.179981673e+02 +2.179981673e+02 +2.142881673e+02 +2.142881673e+02 +4.8796e+00 -1.7039e+00 +2.3857e+00 -1.1578e+00 +1.2695e+00
14 +1.348238269e+02 +1.348238269e+02 +1.311138269e+02 +1.311138269e+02 +3.1947e+00 +2.9028e+00 -1.7229e+00 +3.8056e+00 +3.1891e+00
40 +7.652849110e+01 +7.652849110e+01 +7.281849110e+01 +7.281849110e+01 +1.2148e+00 -3.4076e+00 +1.1122e+00 +3.4048e+00 +4.3619e+00
579 +5.131298057e+01 +5.131298057e+01 +4.760298057e+01 +4.760298057e+01 +8.9734e-01 -2.4927e+00 +1.2243e+00 +5.0000e+00 +3.0472e+00
722 +3.907002573e+01 +3.907002573e+01 +3.536002573e+01 +3.536002573e+01 +5.4011e-02 -3.0577e+00 +1.8042e+00 +3.2274e+00 +2.4299e+00
2629 +1.361973322e+01 +1.361973322e+01 +9.909733217e+00 +9.909733217e+00 +2.2241e+00 -3.1503e+00 +1.1939e+00 +3.4812e+00 +3.2040e+00
7835 +9.689667717e+00 +9.689667717e+00 +5.979667717e+00 +5.979667717e+00 +4.0232e+00 -3.0615e+00 +1.1866e+00 +3.9241e+00 +3.1826e+00
12287 +5.451404090e+00 +5.451404090e+00 +1.741404090e+00 +1.741404090e+00 +3.0696e+00 -3.1202e+00 +1.2657e+00 +4.3757e+00 +3.1571e+00
15083 +3.730233461e+00 +3.730233461e+00 +2.023346147e-02 +2.023346147e-02 +3.1180e+00 -3.1028e+00 +1.1925e+00 +4.3675e+00 +3.1697e+00
26127 +2.494186711e+00 +2.494186711e+00 -1.215813289e+00 -1.215813289e+00 +3.1118e+00 -2.2688e+00 +1.1808e+00 +4.3870e+00 +3.1601e+00
39860 +8.361806473e-01 +8.361806473e-01 -2.873819353e+00 -2.873819353e+00 +3.0848e+00 -2.3214e+00 +1.7710e+00 +3.9144e+00 +3.1421e+00
46860 +3.438282490e-01 +3.438282490e-01 -3.366171751e+00 -3.366171751e+00 +3.1056e+00 -2.3216e+00 +1.7823e+00 +3.9106e+00 +3.1479e+00
48891 +1.499433289e-01 +1.499433289e-01 -3.560056671e+00 -3.560056671e+00 +3.1180e+00 -2.3090e+00 +1.7941e+00 +3.9138e+00 +3.1521e+00
% function evaluation | noise-free fitness - Fopt (1.321800000000e+02) | best noise-free fitness - Fopt | measured fitness | best measured fitness | x1 | x2...
1 +7.724136313e+01 +7.724136313e+01 +2.094213631e+02 +2.094213631e+02 -3.1501e+00 -5.2192e-01 +1.7486e+00 -3.1879e-01 -1.8382e+00
64 +6.281038832e+01 +6.281038832e+01 +1.949903883e+02 +1.949903883e+02 -2.8728e+00 +1.4006e+00 +2.6222e+00 -1.4044e+00 -3.6572e+00
1020 +3.756350391e+01 +3.756350391e+01 +1.697435039e+02 +1.697435039e+02 -2.3106e+00 +5.9569e-01 +2.8176e+00 -2.3832e+00 -3.4631e+00
2743 +2.415981177e+01 +2.415981177e+01 +1.563398118e+02 +1.563398118e+02 -4.0131e+00 +7.5152e-01 +4.0903e+00 -1.9884e+00 -1.8853e+00
3472 +1.461894450e+01 +1.461894450e+01 +1.467989445e+02 +1.467989445e+02 -3.7053e+00 +2.3109e+00 +3.9814e+00 -1.9836e+00 -1.9232e+00
8663 +6.915499406e+00 +6.915499406e+00 +1.390954994e+02 +1.390954994e+02 -3.6769e+00 +2.3829e+00 +3.4783e+00 -1.9358e+00 -2.8126e+00
12231 +5.867877628e+00 +5.867877628e+00 +1.380478776e+02 +1.380478776e+02 -3.7205e+00 +2.3189e+00 +3.4944e+00 -2.0061e+00 -2.7827e+00
13591 +3.874080529e+00 +3.874080529e+00 +1.360540805e+02 +1.360540805e+02 -3.7774e+00 +2.1586e+00 +3.4828e+00 -1.9511e+00 -2.7928e+00
17201 +1.626265565e+00 +1.626265565e+00 +1.338062656e+02 +1.338062656e+02 -3.7894e+00 +1.4647e+00 +3.4833e+00 -1.9737e+00 -2.8066e+00
18091 +1.548106048e+00 +1.548106048e+00 +1.337281060e+02 +1.337281060e+02 -3.7534e+00 +1.4750e+00 +3.4895e+00 -1.9693e+00 -2.7988e+00
28493 +8.590972079e-01 +8.590972079e-01 +1.330390972e+02 +1.330390972e+02 -3.7336e+00 +1.4824e+00 +3.4481e+00 -1.9720e+00 -2.5079e+00
29853 +4.624080617e-01 +4.624080617e-01 +1.326424081e+02 +1.326424081e+02 -3.7597e+00 +1.4768e+00 +3.4580e+00 -1.9739e+00 -2.4766e+00
30011 +2.873814660e-01 +2.873814660e-01 +1.324673815e+02 +1.324673815e+02 -3.7846e+00 +1.4936e+00 +3.4516e+00 -1.9734e+00 -2.4865e+00
32285 +1.361119325e-01 +1.361119325e-01 +1.323161119e+02 +1.323161119e+02 -3.7870e+00 +1.4807e+00 +3.4559e+00 -1.9687e+00 -2.4923e+00
36711 +5.281709437e-02 +5.281709437e-02 +1.322328171e+02 +1.322328171e+02 -3.7600e+00 +1.4850e+00 +3.4633e+00 -1.9612e+00 -2.4953e+00
38681 +2.809438190e-02 +2.809438190e-02 +1.322080944e+02 +1.322080944e+02 -3.7682e+00 +1.4868e+00 +3.4630e+00 -1.9627e+00 -2.4900e+00
42322 +2.104759163e-02 +2.104759163e-02 +1.322010476e+02 +1.322010476e+02 -3.7689e+00 +1.4846e+00 +3.4637e+00 -1.9670e+00 -2.4900e+00
44050 +1.425059703e-02 +1.425059703e-02 +1.321942506e+02 +1.321942506e+02 -3.7617e+00 +1.4845e+00 +3.4635e+00 -1.9634e+00 -2.4907e+00
46322 +9.606169864e-03 +9.606169864e-03 +1.321896062e+02 +1.321896062e+02 -3.7622e+00 +1.4843e+00 +3.4635e+00 -1.9672e+00 -2.4909e+00
47033 +5.590775856e-03 +5.590775856e-03 +1.321855908e+02 +1.321855908e+02 -3.7636e+00 +1.4792e+00 +3.4629e+00 -1.9648e+00 -2.4919e+00
% function evaluation | noise-free fitness - Fopt (-5.847300000000e+02) | best noise-free fitness - Fopt | measured fitness | best measured fitness | x1 | x2...
1 +1.638470961e+03 +1.638470961e+03 +1.053740961e+03 +1.053740961e+03 -9.0522e-01 -2.9689e+00 +1.1857e+00 +2.5047e+00 +3.3445e+00
2 +7.444204737e+02 +7.444204737e+02 +1.596904737e+02 +1.596904737e+02 +4.5022e+00 +4.8359e+00 +2.8100e+00 -7.6625e-01 -4.7598e+00
3 +1.586029568e+02 +1.586029568e+02 -4.261270432e+02 -4.261270432e+02 -2.5357e+00 +2.1633e+00 -4.7102e+00 -4.1351e+00 -2.4271e+00
4 +9.943256972e+01 +9.943256972e+01 -4.852974303e+02 -4.852974303e+02 -4.3798e+00 -2.7180e-01 -4.4425e+00 -2.7317e+00 -2.4719e+00
206 +6.185878851e+01 +6.185878851e+01 -5.228712115e+02 -5.228712115e+02 -8.8801e-01 -3.9080e+00 -2.2827e+00 -3.3249e+00 -1.8242e-01
594 +3.572129567e+01 +3.572129567e+01 -5.490087043e+02 -5.490087043e+02 -2.8916e+00 -1.3878e+00 -3.3267e+00 -4.2216e+00 -2.5123e-02
1026 +2.499236713e+01 +2.499236713e+01 -5.597376329e+02 -5.597376329e+02 -4.7932e+00 -9.2275e-01 -1.7536e+00 -2.9818e+00 -6.2896e-01
2762 +1.557622396e+01 +1.557622396e+01 -5.691537760e+02 -5.691537760e+02 -2.5176e+00 -9.6633e-01 -2.2968e+00 -3.4225e+00 -3.5050e-01
10751 +8.180319927e+00 +8.180319927e+00 -5.765496801e+02 -5.765496801e+02 -2.6587e+00 -1.5954e+00 -2.9156e+00 -3.4038e+00 -6.8473e-01
14751 +5.214425691e+00 +5.214425691e+00 -5.795155743e+02 -5.795155743e+02 -2.6870e+00 -2.2442e+00 -2.9068e+00 -3.8890e+00 -7.0458e-01
18077 +3.648944623e+00 +3.648944623e+00 -5.810810554e+02 -5.810810554e+02 -2.7383e+00 -2.1868e+00 -2.9211e+00 -3.8885e+00 -6.7275e-01
23957 +2.129556302e+00 +2.129556302e+00 -5.826004437e+02 -5.826004437e+02 -2.6671e+00 -2.2047e+00 -2.9041e+00 -3.8941e+00 -6.6613e-01
31261 +1.543173622e+00 +1.543173622e+00 -5.831868264e+02 -5.831868264e+02 -2.6221e+00 -3.0441e+00 -2.8821e+00 -3.8838e+00 -6.7940e-01
% function evaluation | noise-free fitness - Fopt (-3.654000000000e+01) | best noise-free fitness - Fopt | measured fitness | best measured fitness | x1 | x2...
1 +3.870072893e+02 +3.870072893e+02 +3.504672893e+02 +3.504672893e+02 -1.4533e+00 -3.8714e+00 -3.8415e+00 -1.7679e+00 +4.1773e+00
2 +1.589527501e+02 +1.589527501e+02 +1.224127501e+02 +1.224127501e+02 +3.6070e+00 +2.7501e+00 -1.2113e+00 -8.9003e-02 +2.3945e+00
4 +1.180267392e+02 +1.180267392e+02 +8.148673920e+01 +8.148673920e+01 -3.0772e-01 -2.2156e+00 -3.1005e+00 +1.7246e+00 -9.3401e-02
59 +9.967871883e+01 +9.967871883e+01 +6.313871883e+01 +6.313871883e+01 -4.1312e+00 -1.5166e+00 -1.5847e+00 +2.0526e+00 -1.5204e-01
115 +5.956412197e+01 +5.956412197e+01 +2.302412197e+01 +2.302412197e+01 -1.4264e+00 -1.5039e+00 -1.5249e+00 +1.3997e+00 +8.8353e-01
783 +2.822224064e+01 +2.822224064e+01 -8.317759355e+00 -8.317759355e+00 -8.5454e-02 -2.3360e+00 +5.8304e-01 -1.3506e-01 +1.4877e+00
2190 +2.400544644e+01 +2.400544644e+01 -1.253455356e+01 -1.253455356e+01 -4.5054e-02 -2.2365e+00 -7.3760e-01 +6.6332e-01 +1.2143e+00
4264 +1.142529193e+01 +1.142529193e+01 -2.511470807e+01 -2.511470807e+01 -1.8736e-01 -3.0827e+00 +2.1976e-02 +6.3764e-01 +1.1748e+00
9905 +9.077920718e+00 +9.077920718e+00 -2.746207928e+01 -2.746207928e+01 -3.1845e-01 -1.3436e+00 -6.6574e-01 -2.3015e-01 +4.3781e-01
15387 +4.565070079e+00 +4.565070079e+00 -3.197492992e+01 -3.197492992e+01 -1.4903e-01 -1.4310e+00 -6.4633e-01 -2.3722e-01 +4.5793e-01
23635 +3.942781771e+00 +3.942781771e+00 -3.259721823e+01 -3.259721823e+01 -1.4802e-01 -1.4298e+00 -6.1217e-01 -2.5963e-01 +4.5872e-01
29179 +2.280392195e+00 +2.280392195e+00 -3.425960781e+01 -3.425960781e+01 -2.2585e-01 -1.5404e+00 -2.7729e-02 -2.6528e-01 +7.6920e-01
36836 +1.484762697e+00 +1.484762697e+00 -3.505523730e+01 -3.505523730e+01 -2.3663e-01 -1.4275e+00 -2.1834e-02 -2.5698e-01 +7.6879e-01
45362 +8.714426267e-01 +8.714426267e-01 -3.566855737e+01 -3.566855737e+01 -1.7391e-01 -2.1958e+00 -3.0431e-02 -2.5417e-01 +7.7401e-01
46028 +5.646285287e-01 +5.646285287e-01 -3.597537147e+01 -3.597537147e+01 -1.7677e-01 -2.2391e+00 -2.7447e-02 -2.5620e-01 +7.7786e-01
46624 +3.479751200e-01 +3.479751200e-01 -3.619202488e+01 -3.619202488e+01 -1.6461e-01 -2.2234e+00 -2.5207e-02 -2.6736e-01 +7.5834e-01
% function evaluation | noise-free fitness - Fopt (1.000000000000e+03) | best noise-free fitness - Fopt | measured fitness | best measured fitness | x1 | x2...
1 +3.799185933e+02 +3.799185933e+02 +1.379918593e+03 +1.379918593e+03 +9.6148e-01 -4.7330e+00 -1.6488e+00 -3.8884e+00 +1.3426e+00
2 +2.109196213e+02 +2.109196213e+02 +1.210919621e+03 +1.210919621e+03 +3.3655e-01 +3.8188e+00 -2.1875e+00 -7.1176e-01 +1.8137e+00
7 +9.646751793e+01 +9.646751793e+01 +1.096467518e+03 +1.096467518e+03 -3.7110e+00 -9.6844e-01 -4.2971e+00 +3.9713e+00 +2.9485e+00
77 +4.744913983e+01 +4.744913983e+01 +1.047449140e+03 +1.047449140e+03 -7.3590e-01 -2.0761e+00 +4.0210e-01 +3.8870e+00 +3.3839e+00
559 +3.651493816e+01 +3.651493816e+01 +1.036514938e+03 +1.036514938e+03 -6.7039e-01 -6.8625e-01 -1.8324e+00 +1.9550e+00 +2.6166e+00
1524 +2.241957416e+01 +2.241957416e+01 +1.022419574e+03 +1.022419574e+03 -1.8460e+00 -1.6947e+00 +3.4813e-01 +3.1178e+00 +3.5410e+00
3625 +1.344668661e+01 +1.344668661e+01 +1.013446687e+03 +1.013446687e+03 -2.5965e+00 +0.0000e+00 +3.6731e-01 +2.7730e+00 +3.5461e+00
10342 +9.494309162e+00 +9.494309162e+00 +1.009494309e+03 +1.009494309e+03 -2.6240e+00 -1.6363e+00 +3.5316e-01 +3.0760e+00 +2.6552e+00
15038 +4.686054932e+00 +4.686054932e+00 +1.004686055e+03 +1.004686055e+03 -1.5732e+00 -1.8536e-01 -1.3881e-01 +3.1386e+00 +2.9234e+00
16266 +3.227391604e+00 +3.227391604e+00 +1.003227392e+03 +1.003227392e+03 -1.5214e+00 -1.1189e-01 -1.7828e-01 +3.1150e+00 +2.9261e+00
18561 +1.832297945e+00 +1.832297945e+00 +1.001832298e+03 +1.001832298e+03 -1.5511e+00 -8.5291e-01 -1.4444e-01 +3.1465e+00 +2.9360e+00
22061 +1.064189695e+00 +1.064189695e+00 +1.001064190e+03 +1.001064190e+03 -1.5894e+00 -8.1483e-01 -1.4655e-01 +3.1399e+00 +2.9348e+00
25266 +9.492458181e-01 +9.492458181e-01 +1.000949246e+03 +1.000949246e+03 -1.5446e+00 -8.1523e-01 -1.6588e-01 +3.1341e+00 +2.9282e+00
26003 +4.575042698e-01 +4.575042698e-01 +1.000457504e+03 +1.000457504e+03 -1.5791e+00 -8.2862e-01 -1.6707e-01 +3.1323e+00 +2.9331e+00
26219 +1.569074748e-01 +1.569074748e-01 +1.000156907e+03 +1.000156907e+03 -1.5696e+00 -8.1765e-01 -1.6234e-01 +3.1130e+00 +2.9371e+00
28017 +8.213437441e-02 +8.213437441e-02 +1.000082134e+03 +1.000082134e+03 -1.5580e+00 -8.2028e-01 -1.6329e-01 +3.1182e+00 +2.9417e+00
28543 +5.773044254e-02 +5.773044254e-02 +1.000057730e+03 +1.000057730e+03 -1.5692e+00 -8.2794e-01 -1.6557e-01 +3.1215e+00 +2.9420e+00
34123 +3.272333192e-02 +3.272333192e-02 +1.000032723e+03 +1.000032723e+03 -1.5834e+00 -8.1776e-01 -1.6825e-01 +3.1157e+00 +2.9429e+00
34794 +2.081509797e-02 +2.081509797e-02 +1.000020815e+03 +1.000020815e+03 -1.5636e+00 -8.2043e-01 -1.6904e-01 +3.1192e+00 +2.9439e+00
38841 +2.127502271e-03 +2.127502271e-03 +1.000002128e+03 +1.000002128e+03 -1.5719e+00 -8.1882e-01 -1.7070e-01 +3.1172e+00 +2.9443e+00
47325 +9.194849396e-04 +9.194849396e-04 +1.000000919e+03 +1.000000919e+03 -1.5712e+00 -8.2055e-01 -1.7022e-01 +3.1178e+00 +2.9445e+00
48902 +5.841884665e-04 +5.841884665e-04 +1.000000584e+03 +1.000000584e+03 -1.5733e+00 -8.2111e-01 -1.7083e-01 +3.1179e+00 +2.9444e+00
% function evaluation | noise-free fitness - Fopt (4.661000000000e+01) | best noise-free fitness - Fopt | measured fitness | best measured fitness | x1 | x2...
1 +2.747586458e+02 +2.747586458e+02 +3.213686458e+02 +3.213686458e+02 -4.8595e+00 -4.0165e+00 -2.7747e+00 +4.7572e+00 -1.5109e+00
2 +1.528170096e+02 +1.528170096e+02 +1.994270096e+02 +1.994270096e+02 +6.8498e-01 +4.9090e+00 +2.2844e+00 +3.5194e+00 -4.1148e+00
32 +9.987844056e+01 +9.987844056e+01 +1.464884406e+02 +1.464884406e+02 +2.5770e-01 +4.4056e+00 +1.3229e+00 +7.0710e-01 +1.3667e-01
62 +5.869451816e+01 +5.869451816e+01 +1.053045182e+02 +1.053045182e+02 +3.7711e+00 +3.5933e+00 +1.3261e+00 +4.0006e+00 -2.6575e-01
877 +3.801552440e+01 +3.801552440e+01 +8.462552440e+01 +8.462552440e+01 +7.9189e-01 +2.5628e+00 -4.5875e-01 +1.9832e+00 -3.0502e-02
2725 +2.337264743e+01 +2.337264743e+01 +6.998264743e+01 +6.998264743e+01 -1.3263e+00 +3.1284e+00 +1.1770e+00 +2.3635e+00 -1.6919e+00
5391 +1.395496314e+01 +1.395496314e+01 +6.056496314e+01 +6.056496314e+01 +8.9591e-01 +3.1892e+00 +1.0640e+00 +2.8886e+00 -1.7468e+00
8938 +9.522605792e+00 +9.522605792e+00 +5.613260579e+01 +5.613260579e+01 +9.7115e-01 +3.8782e+00 +1.1272e+00 +2.9483e+00 -6.3273e-01
11722 +6.244150052e+00 +6.244150052e+00 +5.285415005e+01 +5.285415005e+01 +8.3241e-01 +3.9325e+00 +1.1721e+00 +2.9537e+00 -9.9237e-01
32964 +2.299363116e+00 +2.299363116e+00 +4.890936312e+01 +4.890936312e+01 +8.5580e-01 +4.6145e+00 +1.7274e+00 +2.8718e+00 -1.0139e+00
41490 +1.524449579e+00 +1.524449579e+00 +4.813444958e+01 +4.813444958e+01 +8.2630e-01 +4.7173e+00 +1.7280e+00 +2.8677e+00 -1.0155e+00
% function evaluation | noise-free fitness - Fopt (-2.643100000000e+02) | best noise-free fitness - Fopt | measured fitness | best measured fitness | x1 | x2...
1 +6.350077332e+02 +6.350077332e+02 +3.706977332e+02 +3.706977332e+02 +9.7388e-01 +1.9574e+00 -2.0550e+00 -3.5529e+00 -4.7345e+00
2 +6.145276013e+02 +6.145276013e+02 +3.502176013e+02 +3.502176013e+02 -1.0256e+00 +3.6276e+00 +1.9028e+00 +6.8401e-01 -3.4749e+00
5 +3.280139413e+02 +3.280139413e+02 +6.370394134e+01 +6.370394134e+01 +3.4113e+00 +4.8843e-01 +2.3563e+00 -3.6194e+00 +2.3985e+00
14 +1.434184103e+02 +1.434184103e+02 -1.208915897e+02 -1.208915897e+02 +6.4133e-01 -3.4483e+00 -4.1067e+00 -1.8707e+00 +7.4983e-01
59 +8.507894092e+01 +8.507894092e+01 -1.792310591e+02 -1.792310591e+02 +1.9208e+00 -9.8970e-02 -4.7242e+00 -7.7673e-01 +2.0713e+00
517 +4.696091970e+01 +4.696091970e+01 -2.173490803e+02 -2.173490803e+02 -3.1035e+00 -2.2945e+00 -4.3952e+00 +8.2730e-02 +3.9553e+00
1259 +3.651346221e+01 +3.651346221e+01 -2.277965378e+02 -2.277965378e+02 -4.2252e+00 -1.5314e+00 -5.0000e+00 -7.6708e-01 +1.9453e+00
1344 +2.341959344e+01 +2.341959344e+01 -2.408904066e+02 -2.408904066e+02 -5.0000e+00 -8.3545e-01 -2.6818e+00 -1.6409e+00 +3.1969e+00
5531 +1.524293041e+01 +1.524293041e+01 -2.490670696e+02 -2.490670696e+02 -2.3002e+00 -2.3161e+00 -3.3577e+00 -1.2934e+00 +2.8175e+00
12591 +9.797214031e+00 +9.797214031e+00 -2.545127860e+02 -2.545127860e+02 -2.2488e+00 -2.2971e+00 -2.7050e+00 -1.2835e+00 +3.4748e+00
20281 +6.122567202e+00 +6.122567202e+00 -2.581874328e+02 -2.581874328e+02 -3.1729e+00 -2.2456e+00 -2.7005e+00 -1.2945e+00 +2.8679e+00
21526 +2.599898149e+00 +2.599898149e+00 -2.617101019e+02 -2.617101019e+02 -3.2374e+00 -2.2430e+00 -2.6834e+00 -8.2358e-01 +2.8911e+00
27860 +1.643811053e+00 +1.643811053e+00 -2.626661889e+02 -2.626661889e+02 -3.2553e+00 -2.2467e+00 -2.7137e+00 -8.1542e-01 +2.8523e+00
30052 +1.495846183e+00 +1.495846183e+00 -2.628141538e+02 -2.628141538e+02 -3.2842e+00 -2.2527e+00 -2.6773e+00 -8.3215e-01 +2.8638e+00
38106 +9.763309649e-01 +9.763309649e-01 -2.633336690e+02 -2.633336690e+02 -3.2338e+00 -1.4173e+00 -2.7102e+00 -8.3408e-01 +2.8753e+00
40324 +4.118600923e-01 +4.118600923e-01 -2.638981399e+02 -2.638981399e+02 -3.2331e+00 -1.4755e+00 -2.7074e+00 -8.2518e-01 +2.8729e+00
43393 +3.224760844e-01 +3.224760844e-01 -2.639875239e+02 -2.639875239e+02 -3.2636e+00 -1.4709e+00 -2.7000e+00 -8.3592e-01 +2.8545e+00
43811 +1.613561198e-01 +1.613561198e-01 -2.641486439e+02 -2.641486439e+02 -3.2554e+00 -1.4599e+00 -2.7018e+00 -8.2833e-01 +2.8544e+00
45892 +1.573495721e-01 +1.573495721e-01 -2.641526504e+02 -2.641526504e+02 -3.2665e+00 -1.4648e+00 -2.7000e+00 -8.2302e-01 +2.8573e+00
47811 +4.762897266e-02 +4.762897266e-02 -2.642623710e+02 -2.642623710e+02 -3.2595e+00 -1.4504e+00 -2.7009e+00 -8.2651e-01 +2.8640e+00
49731 +2.914308055e-02 +2.914308055e-02 -2.642808569e+02 -2.642808569e+02 -3.2523e+00 -1.4522e+00 -2.7008e+00 -8.2728e-01 +2.8623e+00
% function evaluation | noise-free fitness - Fopt (7.273000000000e+01) | best noise-free fitness - Fopt | measured fitness | best measured fitness | x1 | x2...
1 +5.565155261e+01 +5.565155261e+01 +1.283815526e+02 +1.283815526e+02 -1.7440e+00 -2.3915e+00 -1.3586e+00 -4.2375e-02 +1.4582e+00
1159 +3.817567077e+01 +3.817567077e+01 +1.109056708e+02 +1.109056708e+02 -4.2766e+00 -1.0171e+00 -2.0831e+00 +1.0472e+00 +7.3928e-01
4679 +1.503720227e+01 +1.503720227e+01 +8.776720227e+01 +8.776720227e+01 -4.6556e+00 -1.5487e+00 -1.5231e+00 +2.6901e-02 +1.7072e+00
9568 +9.079807264e+00 +9.079807264e+00 +8.180980726e+01 +8.180980726e+01 -3.5147e+00 -2.2226e+00 -2.6850e+00 +5.7767e-01 +1.6617e+00
15172 +4.784146601e+00 +4.784146601e+00 +7.751414660e+01 +7.751414660e+01 -3.5866e+00 -2.3695e+00 -2.0916e+00 +5.2637e-01 +1.6870e+00
21707 +2.001455719e+00 +2.001455719e+00 +7.473145572e+01 +7.473145572e+01 -3.5936e+00 -2.3243e+00 -2.0945e+00 +9.3702e-01 +1.6760e+00
28207 +1.212444012e+00 +1.212444012e+00 +7.394244401e+01 +7.394244401e+01 -2.5390e+00 -2.3088e+00 -2.0777e+00 +9.3608e-01 +1.6911e+00
29823 +6.957940606e-01 +6.957940606e-01 +7.342579406e+01 +7.342579406e+01 -2.5331e+00 -2.2843e+00 -2.0816e+00 +9.3889e-01 +1.6729e+00
33475 +2.331296150e-01 +2.331296150e-01 +7.296312961e+01 +7.296312961e+01 -2.5903e+00 -2.2782e+00 -2.0709e+00 +9.3408e-01 +1.6719e+00
35975 +8.391933743e-02 +8.391933743e-02 +7.281391934e+01 +7.281391934e+01 -2.5856e+00 -2.2701e+00 -2.0934e+00 +9.3244e-01 +1.6719e+00
38207 +4.928412958e-02 +4.928412958e-02 +7.277928413e+01 +7.277928413e+01 -2.5815e+00 -2.2760e+00 -2.0821e+00 +9.3725e-01 +1.6778e+00
42707 +2.969996276e-02 +2.969996276e-02 +7.275969996e+01 +7.275969996e+01 -2.5813e+00 -2.2734e+00 -2.0833e+00 +9.3599e-01 +1.6778e+00
42975 +2.249914256e-02 +2.249914256e-02 +7.275249914e+01 +7.275249914e+01 -2.5797e+00 -2.2742e+00 -2.0826e+00 +9.3285e-01 +1.6766e+00
44942 +1.164923007e-02 +1.164923007e-02 +7.274164923e+01 +7.274164923e+01 -2.5850e+00 -2.2784e+00 -2.0870e+00 +9.3521e-01 +1.6771e+00
% function evaluation | noise-free fitness - Fopt (1.368700000000e+02) | best noise-free fitness - Fopt | measured fitness | best measured fitness | x1 | x2...
1 +8.679155240e+02 +8.679155240e+02 +1.004785524e+03 +1.004785524e+03 +2.8411e+00 -1.5283e+00 -2.2720e+00 -3.3492e+00 +4.7052e+00
2 +3.764384675e+02 +3.764384675e+02 +5.133084675e+02 +5.133084675e+02 -4.0109e+00 -1.2883e-01 -1.9175e+00 -4.4975e+00 -9.4068e-01
5 +2.284420197e+02 +2.284420197e+02 +3.653120197e+02 +3.653120197e+02 +3.7525e+00 +1.0171e+00 +3.0800e-01 -3.8932e+00 +1.1094e+00
8 +1.370964590e+02 +1.370964590e+02 +2.739664590e+02 +2.739664590e+02 +1.8614e+00 -3.7757e-02 +1.2622e-01 -6.9016e-01 -2.4785e-01
9 +8.833256610e+01 +8.833256610e+01 +2.252025661e+02 +2.252025661e+02 -3.1006e+00 +7.6468e-01 +4.8796e+00 +8.1350e-01 +1.2122e+00
180 +6.228081862e+01 +6.228081862e+01 +1.991508186e+02 +1.991508186e+02 +1.2699e+00 +4.1245e+00 +3.8947e+00 -6.4751e-01 +7.8742e-01
634 +3.747896250e+01 +3.747896250e+01 +1.743489625e+02 +1.743489625e+02 +2.3602e+00 +4.9088e+00 +4.4496e+00 -4.0237e-01 +5.5146e-01
1059 +2.359454682e+01 +2.359454682e+01 +1.604645468e+02 +1.604645468e+02 +3.4549e+00 +1.2975e+00 +3.8319e+00 +9.4326e-01 -8.8591e-02
3306 +1.345513273e+01 +1.345513273e+01 +1.503251327e+02 +1.503251327e+02 +3.5742e+00 +2.8366e+00 +4.5018e+00 -2.8722e-02 +5.5173e-01
5674 +8.988883840e+00 +8.988883840e+00 +1.458588838e+02 +1.458588838e+02 +3.5388e+00 +4.4077e+00 +4.4110e+00 +4.8116e-01 +1.1891e+00
10346 +2.026605848e+00 +2.026605848e+00 +1.388966058e+02 +1.388966058e+02 +3.5687e+00 +4.4271e+00 +3.8682e+00 +8.4067e-01 +5.4735e-01
19655 +1.445590542e+00 +1.445590542e+00 +1.383155905e+02 +1.383155905e+02 +3.5191e+00 +4.4432e+00 +3.8659e+00 +8.6619e-01 +5.4413e-01
32685 +6.078556160e-01 +6.078556160e-01 +1.374778556e+02 +1.374778556e+02 +3.5024e+00 +3.6449e+00 +3.8653e+00 +8.6473e-01 +5.5885e-01
34331 +1.152690757e-01 +1.152690757e-01 +1.369852691e+02 +1.369852691e+02 +3.5214e+00 +3.6106e+00 +3.8628e+00 +8.4601e-01 +5.5052e-01
35150 +8.647132836e-02 +8.647132836e-02 +1.369564713e+02 +1.369564713e+02 +3.5303e+00 +3.6056e+00 +3.8526e+00 +8.5708e-01 +5.5364e-01
47007 +3.538643586e-02 +3.538643586e-02 +1.369053864e+02 +1.369053864e+02 +3.5212e+00 +3.6165e+00 +3.8549e+00 +8.5587e-01 +5.5617e-01
% function evaluation | noise-free fitness - Fopt (2.196000000000e+01) | best noise-free fitness - Fopt | measured fitness | best measured fitness | x1 | x2...
1 +2.526697703e+02 +2.526697703e+02 +2.746297703e+02 +2.746297703e+02 +8.8305e-01 +4.9736e+00 -1.8626e+00 +4.1640e+00 -4.6262e+00
7 +2.166573367e+02 +2.166573367e+02 +2.386173367e+02 +2.386173367e+02 +4.0203e+00 -4.2281e+00 -4.9310e+00 +2.2967e+00 -4.2051e+00
19 +1.057540363e+02 +1.057540363e+02 +1.277140363e+02 +1.277140363e+02 -1.4016e+00 +1.6534e+00 +2.0935e+00 +1.7593e+00 -2.5318e+00
51 +9.351804562e+01 +9.351804562e+01 +1.154780456e+02 +1.154780456e+02 +4.2019e+00 +2.6920e+00 -1.4272e+00 +2.7619e+00 -1.8611e+00
84 +5.143623263e+01 +5.143623263e+01 +7.339623263e+01 +7.339623263e+01 +2.6342e+00 +1.4920e+00 +1.1113e+00 +1.7520e+00 -1.6391e+00
205 +3.467268675e+01 +3.467268675e+01 +5.663268675e+01 +5.663268675e+01 +2.6743e-01 +2.4297e-01 +3.4333e+00 +3.2354e+00 -3.2365e+00
3142 +2.406017222e+01 +2.406017222e+01 +4.602017222e+01 +4.602017222e+01 +1.4452e+00 -7.1106e-01 +1.1190e+00 +1.9711e+00 -1.8549e+00
3631 +1.509482184e+01 +1.509482184e+01 +3.705482184e+01 +3.705482184e+01 +1.3142e+00 -1.9945e+00 +1.7707e+00 +2.2889e+00 -3.3165e+00
9781 +9.723654259e+00 +9.723654259e+00 +3.168365426e+01 +3.168365426e+01 +1.3779e+00 -6.2560e-01 +1.0028e+00 +2.3038e+00 -2.9139e+00
23366 +5.912430891e+00 +5.912430891e+00 +2.787243089e+01 +2.787243089e+01 +3.3513e+00 -1.4732e+00 +1.0914e+00 +2.2542e+00 -2.6018e+00
31049 +3.109432039e+00 +3.109432039e+00 +2.506943204e+01 +2.506943204e+01 +3.3073e+00 -1.4685e+00 +1.0780e+00 +2.3056e+00 -2.5972e+00
40167 +2.489580759e+00 +2.489580759e+00 +2.444958076e+01 +2.444958076e+01 +3.3285e+00 -1.4364e+00 +1.0765e+00 +2.3040e+00 -2.6257e+00
% function evaluation | noise-free fitness - Fopt (-2.139000000000e+01) | best noise-free fitness - Fopt | measured fitness | best measured fitness | x1 | x2...
1 +2.282307696e+02 +2.282307696e+02 +2.068407696e+02 +2.068407696e+02 -2.8737e+00 -2.6522e+00 +4.7844e+00 -2.0840e+00 +2.6170e-02
20 +1.537016898e+02 +1.537016898e+02 +1.323116898e+02 +1.323116898e+02 +8.1612e-02 +2.4878e+00 +3.0494e-01 -1.8469e-01 -9.6521e-02
22 +7.921390725e+01 +7.921390725e+01 +5.782390725e+01 +5.782390725e+01 +3.4072e+00 +4.2097e+00 -1.4160e+00 -4.6706e+00 -8.0578e-01
360 +3.736292047e+01 +3.736292047e+01 +1.597292047e+01 +1.597292047e+01 +3.0880e+00 +3.7822e+00 +6.4958e-02 -2.5531e+00 -1.5676e+00
1046 +1.996689687e+01 +1.996689687e+01 -1.423103128e+00 -1.423103128e+00 +2.8712e-01 +2.7757e+00 +1.1564e+00 -2.6861e+00 -1.6379e+00
5139 +1.412045290e+01 +1.412045290e+01 -7.269547095e+00 -7.269547095e+00 +1.4980e+00 +3.6776e+00 +1.6684e+00 -2.6384e+00 -1.6179e+00
11372 +9.933334052e+00 +9.933334052e+00 -1.145666595e+01 -1.145666595e+01 +2.3175e+00 +3.6182e+00 +1.6893e+00 -2.6470e+00 -1.6045e+00
17801 +6.108941523e+00 +6.108941523e+00 -1.528105848e+01 -1.528105848e+01 +2.2095e+00 +3.5869e+00 +1.0618e+00 -3.1185e+00 -1.6022e+00
26229 +3.637674869e+00 +3.637674869e+00 -1.775232513e+01 -1.775232513e+01 +2.1942e+00 +3.5271e+00 +1.1186e+00 -3.0826e+00 -1.6007e+00
34930 +2.362687785e+00 +2.362687785e+00 -1.902731221e+01 -1.902731221e+01 +2.2014e+00 +3.6086e+00 +1.1197e+00 -3.1019e+00 -1.6244e+00
43761 +1.331850454e+00 +1.331850454e+00 -2.005814955e+01 -2.005814955e+01 +3.2209e+00 +3.6283e+00 +1.1278e+00 -3.0770e+00 -1.6132e+00
% function evaluation | noise-free fitness - Fopt (5.176600000000e+02) | best noise-free fitness - Fopt | measured fitness | best measured fitness | x1 | x2...
1 +1.388333304e+02 +1.388333304e+02 +6.564933304e+02 +6.564933304e+02 -4.4643e+00 +3.8551e-01 -7.3269e-01 +4.8776e+00 -2.8052e-01
114 +8.914656726e+01 +8.914656726e+01 +6.068065673e+02 +6.068065673e+02 -4.1390e-01 +4.2373e+00 +4.3025e-01 +4.0346e+00 +1.2845e+00
508 +5.199428889e+01 +5.199428889e+01 +5.696542889e+02 +5.696542889e+02 -6.1154e-01 +2.3569e+00 -9.8763e-01 +4.6498e+00 +1.1044e+00
1043 +2.461088631e+01 +2.461088631e+01 +5.422708863e+02 +5.422708863e+02 -5.0000e+00 +2.3637e+00 +1.2297e-01 +4.1340e+00 +2.2000e+00
4813 +1.577790151e+01 +1.577790151e+01 +5.334379015e+02 +5.334379015e+02 -4.9832e+00 +1.7454e+00 +0.0000e+00 +3.8059e+00 +2.2649e+00
5195 +9.659539653e+00 +9.659539653e+00 +5.273195397e+02 +5.273195397e+02 -4.8356e+00 +3.8702e+00 +6.5817e-01 +4.1742e+00 +2.2719e+00
9553 +6.047704992e+00 +6.047704992e+00 +5.237077050e+02 +5.237077050e+02 -4.8707e+00 +3.1944e+00 +6.4730e-01 +3.7799e+00 +2.2895e+00
26261 +3.067591885e+00 +3.067591885e+00 +5.207275919e+02 +5.207275919e+02 -4.8939e+00 +3.1325e+00 +5.9711e-01 +3.7570e+00 +2.2655e+00
31088 +2.380793154e+00 +2.380793154e+00 +5.200407932e+02 +5.200407932e+02 -4.8912e+00 +3.1424e+00 +5.9802e-01 +3.7375e+00 +2.2657e+00
47692 +1.343292641e+00 +1.343292641e+00 +5.190032926e+02 +5.190032926e+02 -4.8973e+00 +3.1652e+00 +5.9993e-01 +3.7292e+00 +1.8975e+00
