% function evaluation | noise-free fitness - Fopt (1.491500000000e+02) | best noise-free fitness - Fopt | measured fitness | best measured fitness | x1 | x2...
1 +2.078199690e+04 +2.078199690e+04 +2.093114690e+04 +2.093114690e+04 +9.8445e-01 -7.8336e-01 -4.9718e+00 +3.7804e+00 +2.2010e+00
4 +5.643907576e+03 +5.643907576e+03 +5.793057576e+03 +5.793057576e+03 -2.1906e+00 +1.1887e-01 -1.7636e+00 +1.2780e+00 +3.3221e+00
29 +3.122384016e+03 +3.122384016e+03 +3.271534016e+03 +3.271534016e+03 +2.7900e-01 -7.5036e-01 -1.6348e+00 -1.9550e+00 -1.2843e-01
85 +1.349329844e+03 +1.349329844e+03 +1.498479844e+03 +1.498479844e+03 +3.0010e-01 +1.2999e-01 -8.4157e-01 -1.1023e+00 -2.1427e+00
109 +7.999930301e+02 +7.999930301e+02 +9.491430301e+02 +9.491430301e+02 +0.0000e+00 -1.5425e+00 -7.7665e-01 -7.4445e-01 +6.9223e-01
151 +6.095568915e+02 +6.095568915e+02 +7.587068915e+02 +7.587068915e+02 -4.8098e-01 -1.9198e-01 -1.4799e+00 +2.2837e+00 -1.0664e+00
185 +1.469527331e+02 +1.469527331e+02 +2.961027331e+02 +2.961027331e+02 -1.4287e+00 -7.0673e-01 -6.8378e-01 +0.0000e+00 -2.5297e+00
322 +9.475354647e+01 +9.475354647e+01 +2.439035465e+02 +2.439035465e+02 -1.1037e+00 -2.1570e+00 -4.1012e-01 +1.1119e+00 -3.1489e+00
505 +2.095620631e+01 +2.095620631e+01 +1.701062063e+02 +1.701062063e+02 -5.5106e-01 -9.0962e-01 -5.5388e-01 +1.2798e+00 -3.7703e+00
664 +1.081274115e+01 +1.081274115e+01 +1.599627411e+02 +1.599627411e+02 -8.6000e-01 -1.1198e+00 -8.0282e-01 +9.2681e-01 -3.5881e+00
705 +7.448559073e+00 +7.448559073e+00 +1.565985591e+02 +1.565985591e+02 -1.5657e-01 -7.4299e-01 -6.8120e-01 +1.0846e+00 -3.6919e+00
1105 +5.412436504e+00 +5.412436504e+00 +1.545624365e+02 +1.545624365e+02 -3.3923e-01 -7.5197e-01 -5.3106e-01 +1.2163e+00 -3.6500e+00
1194 +3.425833713e+00 +3.425833713e+00 +1.525758337e+02 +1.525758337e+02 -1.6249e-01 -6.2410e-01 -4.2708e-01 +1.1322e+00 -3.5043e+00
1309 +2.062046861e+00 +2.062046861e+00 +1.512120469e+02 +1.512120469e+02 -1.9699e-01 -5.7640e-01 -4.2124e-01 +1.1763e+00 -3.6997e+00
1454 +1.550131288e+00 +1.550131288e+00 +1.507001313e+02 +1.507001313e+02 -2.1784e-01 -6.1298e-01 -3.4162e-01 +1.2781e+00 -3.6009e+00
1864 +9.755610792e-01 +9.755610792e-01 +1.501255611e+02 +1.501255611e+02 -1.8890e-01 -5.9128e-01 -3.8835e-01 +1.2301e+00 -3.6329e+00
2066 +6.267158832e-01 +6.267158832e-01 +1.497767159e+02 +1.497767159e+02 -1.6157e-01 -5.7837e-01 -3.5983e-01 +1.2212e+00 -3.6032e+00
3718 +3.957972475e-01 +3.957972475e-01 +1.495457972e+02 +1.495457972e+02 -1.4071e-01 -5.3824e-01 -2.8543e-01 +1.3429e+00 -3.4921e+00
4363 +2.473386392e-01 +2.473386392e-01 +1.493973386e+02 +1.493973386e+02 -1.1964e-01 -4.9756e-01 -2.1240e-01 +1.4475e+00 -3.3848e+00
6734 +1.568275531e-01 +1.568275531e-01 +1.493068276e+02 +1.493068276e+02 -1.0498e-01 -4.6803e-01 -1.6436e-01 +1.5182e+00 -3.2878e+00
11284 +9.745082214e-02 +9.745082214e-02 +1.492474508e+02 +1.492474508e+02 -9.5937e-02 -4.4356e-01 -1.1879e-01 +1.5940e+00 -3.1845e+00
15689 +6.093283742e-02 +6.093283742e-02 +1.492109328e+02 +1.492109328e+02 -8.4244e-02 -4.2695e-01 -9.1745e-02 +1.6407e+00 -3.1100e+00
18857 +3.973146397e-02 +3.973146397e-02 +1.491897315e+02 +1.491897315e+02 -7.9479e-02 -4.1703e-01 -6.9289e-02 +1.6832e+00 -3.0411e+00
30523 +2.511115249e-02 +2.511115249e-02 +1.491751112e+02 +1.491751112e+02 -7.3316e-02 -4.0695e-01 -5.1535e-02 +1.7149e+00 -2.9889e+00
42707 +1.584848300e-02 +1.584848300e-02 +1.491658485e+02 +1.491658485e+02 -6.9635e-02 -3.9965e-01 -3.6278e-02 +1.7433e+00 -2.9388e+00
45415 +9.994696121e-03 +9.994696121e-03 +1.491599947e+02 +1.491599947e+02 -6.6767e-02 -3.9357e-01 -2.4521e-02 +1.7655e+00 -2.8982e+00
47638 +6.135986827e-03 +6.135986827e-03 +1.491561360e+02 +1.491561360e+02 -6.3630e-02 -3.8829e-01 -1.5089e-02 +1.7833e+00 -2.8660e+00
% function evaluation | noise-free fitness - Fopt (-1.000000000000e+03) | best noise-free fitness - Fopt | measured fitness | best measured fitness | x1 | x2...
1 +1.222059112e+05 +1.222059112e+05 +1.212059112e+05 +1.212059112e+05 +1.6648e+00 -2.5075e+00 -1.7312e+00 -3.2211e+00 -4.8007e+00
2 +4.957119616e+04 +4.957119616e+04 +4.857119616e+04 +4.857119616e+04 -1.6397e+00 -6.3911e-01 +4.9549e+00 -3.9934e+00 +1.2138e+00
26 +1.048064989e+04 +1.048064989e+04 +9.480649894e+03 +9.480649894e+03 -1.7472e+00 +3.2953e+00 +1.3487e-01 -2.0188e+00 -1.9982e+00
76 +8.340883581e+03 +8.340883581e+03 +7.340883581e+03 +7.340883581e+03 -4.8692e+00 +1.4012e-02 +3.2643e+00 -3.5053e+00 -3.8220e+00
113 +5.764079440e+03 +5.764079440e+03 +4.764079440e+03 +4.764079440e+03 -3.0244e+00 +2.9400e+00 +2.5995e+00 +0.0000e+00 -9.1691e-01
134 +1.446888836e+03 +1.446888836e+03 +4.468888362e+02 +4.468888362e+02 -2.4641e+00 -1.0748e-01 +2.2297e+00 -7.7350e-01 -2.2652e+00
162 +7.833569936e+02 +7.833569936e+02 -2.166430064e+02 -2.166430064e+02 -4.8145e+00 +1.7371e+00 +6.9815e-01 -3.4543e+00 -3.4005e+00
197 +2.404885883e+02 +2.404885883e+02 -7.595114117e+02 -7.595114117e+02 -3.8167e+00 +3.5022e-01 +9.5856e-01 -1.9613e+00 -1.2707e+00
261 +1.151040177e+02 +1.151040177e+02 -8.848959823e+02 -8.848959823e+02 -3.4254e+00 +2.6463e-01 +1.5525e+00 -1.4315e+00 -2.0808e+00
320 +8.059661466e+01 +8.059661466e+01 -9.194033853e+02 -9.194033853e+02 -4.1451e+00 +6.3919e-01 +7.8039e-01 -2.0976e+00 -2.1411e+00
606 +5.745367875e+01 +5.745367875e+01 -9.425463212e+02 -9.425463212e+02 -3.6112e+00 +6.6928e-01 +1.2703e+00 -2.2975e+00 -3.1343e+00
696 +2.333049482e+01 +2.333049482e+01 -9.766695052e+02 -9.766695052e+02 -4.2544e+00 +1.2320e-01 +5.9016e-01 -2.8961e+00 -2.9722e+00
957 +1.097176419e+01 +1.097176419e+01 -9.890282358e+02 -9.890282358e+02 -3.9755e+00 +9.1835e-02 +5.3620e-01 -2.4204e+00 -2.8250e+00
1189 +9.481065260e+00 +9.481065260e+00 -9.905189347e+02 -9.905189347e+02 -4.1238e+00 +6.4741e-02 +6.0703e-01 -2.4819e+00 -3.1090e+00
1294 +5.049368262e+00 +5.049368262e+00 -9.949506317e+02 -9.949506317e+02 -3.9527e+00 +1.8969e-01 +6.1175e-01 -2.5210e+00 -2.9913e+00
1739 +3.817013287e+00 +3.817013287e+00 -9.961829867e+02 -9.961829867e+02 -3.5680e+00 +3.1044e-01 +5.2074e-01 -2.5023e+00 -3.0622e+00
2773 +2.498334645e+00 +2.498334645e+00 -9.975016654e+02 -9.975016654e+02 -3.2533e+00 +5.0117e-01 +6.2231e-01 -2.5312e+00 -3.0379e+00
4106 +1.580284423e+00 +1.580284423e+00 -9.984197156e+02 -9.984197156e+02 -3.0864e+00 +7.4094e-01 +8.5192e-01 -2.4370e+00 -3.0547e+00
4510 +9.695794241e-01 +9.695794241e-01 -9.990304206e+02 -9.990304206e+02 -2.9942e+00 +9.0046e-01 +1.0352e+00 -2.2740e+00 -2.9921e+00
5231 +5.730551283e-01 +5.730551283e-01 -9.994269449e+02 -9.994269449e+02 -2.9536e+00 +9.7343e-01 +1.1556e+00 -2.1323e+00 -2.8614e+00
5581 +3.958013395e-01 +3.958013395e-01 -9.996041987e+02 -9.996041987e+02 -2.9331e+00 +1.0107e+00 +1.2193e+00 -2.0662e+00 -2.8123e+00
12664 +2.505708536e-01 +2.505708536e-01 -9.997494291e+02 -9.997494291e+02 -2.9167e+00 +1.0515e+00 +1.2976e+00 -1.9530e+00 -2.6930e+00
14619 +1.567349897e-01 +1.567349897e-01 -9.998432650e+02 -9.998432650e+02 -2.8976e+00 +1.0795e+00 +1.3406e+00 -1.8846e+00 -2.5998e+00
17753 +9.994662424e-02 +9.994662424e-02 -9.999000534e+02 -9.999000534e+02 -2.8880e+00 +1.1009e+00 +1.3798e+00 -1.8173e+00 -2.5030e+00
23069 +6.233291567e-02 +6.233291567e-02 -9.999376671e+02 -9.999376671e+02 -2.8780e+00 +1.1180e+00 +1.4120e+00 -1.7596e+00 -2.4189e+00
26055 +3.973286207e-02 +3.973286207e-02 -9.999602671e+02 -9.999602671e+02 -2.8720e+00 +1.1303e+00 +1.4352e+00 -1.7212e+00 -2.3533e+00
28368 +2.497454570e-02 +2.497454570e-02 -9.999750255e+02 -9.999750255e+02 -2.8670e+00 +1.1420e+00 +1.4552e+00 -1.6852e+00 -2.2927e+00
35363 +1.584568528e-02 +1.584568528e-02 -9.999841543e+02 -9.999841543e+02 -2.8628e+00 +1.1478e+00 +1.4685e+00 -1.6587e+00 -2.2464e+00
39208 +9.998163990e-03 +9.998163990e-03 -9.999900018e+02 -9.999900018e+02 -2.8596e+00 +1.1544e+00 +1.4803e+00 -1.6375e+00 -2.2086e+00
41468 +6.296166855e-03 +6.296166855e-03 -9.999937038e+02 -9.999937038e+02 -2.8574e+00 +1.1590e+00 +1.4900e+00 -1.6190e+00 -2.1745e+00
47508 +3.975941429e-03 +3.975941429e-03 -9.999960241e+02 -9.999960241e+02 -2.8553e+00 +1.1626e+00 +1.4965e+00 -1.6059e+00 -2.1495e+00
% function evaluation | noise-free fitness - Fopt (9.862000000000e+01) | best noise-free fitness - Fopt | measured fitness | best measured fitness | x1 | x2...
1 +8.473507900e+03 +8.473507900e+03 +8.572127900e+03 +8.572127900e+03 +3.9149e-01 -4.6243e+00 +2.1540e+00 -1.4827e+00 +2.3426e+00
11 +8.814767222e+02 +8.814767222e+02 +9.800967222e+02 +9.800967222e+02 -3.3765e+00 -1.0019e+00 +7.1322e-01 -3.0818e+00 -1.6853e+00
234 +5.051771643e+02 +5.051771643e+02 +6.037971643e+02 +6.037971643e+02 -1.1354e+00 -2.8141e+00 +1.5814e+00 -2.7519e+00 +1.9972e+00
306 +3.970004724e+02 +3.970004724e+02 +4.956204724e+02 +4.956204724e+02 -1.4958e+00 -2.6258e+00 +2.1874e+00 -2.7888e+00 +1.9250e+00
358 +2.354607919e+02 +2.354607919e+02 +3.340807919e+02 +3.340807919e+02 -2.8354e+00 -1.9732e+00 +7.6180e-01 -2.0805e+00 +1.9395e+00
362 +1.508844025e+02 +1.508844025e+02 +2.495044025e+02 +2.495044025e+02 -1.3885e+00 -2.8155e+00 +1.3741e+00 -3.2436e+00 -7.7691e-01
395 +6.524067350e+01 +6.524067350e+01 +1.638606735e+02 +1.638606735e+02 -2.8991e+00 -1.4585e+00 +1.8428e+00 -2.7349e+00 +6.3166e-01
396 +3.231688124e+01 +3.231688124e+01 +1.309368812e+02 +1.309368812e+02 -2.3272e+00 -1.8310e+00 +1.1672e+00 -3.2650e+00 -4.1124e-01
716 +2.247336060e+01 +2.247336060e+01 +1.210933606e+02 +1.210933606e+02 -1.4842e+00 -2.1044e+00 +1.4426e+00 -3.4391e+00 -4.0123e-01
970 +1.356171364e+01 +1.356171364e+01 +1.121817136e+02 +1.121817136e+02 -1.5335e+00 -2.0459e+00 +1.2206e+00 -3.2045e+00 -2.8565e-01
1154 +6.462373467e+00 +6.462373467e+00 +1.050823735e+02 +1.050823735e+02 -1.7565e+00 -2.2707e+00 +1.3841e+00 -3.2213e+00 -9.9843e-02
1172 +4.581984671e+00 +4.581984671e+00 +1.032019847e+02 +1.032019847e+02 -1.6254e+00 -2.1638e+00 +1.5001e+00 -3.2665e+00 -1.1063e-01
1657 +3.970418420e+00 +3.970418420e+00 +1.025904184e+02 +1.025904184e+02 -1.6409e+00 -2.1506e+00 +1.4219e+00 -3.2175e+00 -5.5652e-02
3120 +2.437282954e+00 +2.437282954e+00 +1.010572830e+02 +1.010572830e+02 -1.2286e+00 -1.8029e+00 +1.5855e+00 -3.1682e+00 -1.0020e-01
4135 +1.567915614e+00 +1.567915614e+00 +1.001879156e+02 +1.001879156e+02 -1.0316e+00 -1.5580e+00 +1.7812e+00 -3.1228e+00 -9.4875e-02
5651 +9.990604803e-01 +9.990604803e-01 +9.961906048e+01 +9.961906048e+01 -9.5152e-01 -1.4212e+00 +1.9677e+00 -2.9347e+00 -4.2785e-02
6656 +6.230987182e-01 +6.230987182e-01 +9.924309872e+01 +9.924309872e+01 -9.2206e-01 -1.3723e+00 +2.0565e+00 -2.8449e+00 +5.0302e-02
7251 +3.963695029e-01 +3.963695029e-01 +9.901636950e+01 +9.901636950e+01 -8.8675e-01 -1.3128e+00 +2.1485e+00 -2.7236e+00 +1.5177e-01
9835 +2.507548932e-01 +2.507548932e-01 +9.887075489e+01 +9.887075489e+01 -8.7044e-01 -1.2756e+00 +2.2074e+00 -2.6310e+00 +2.5894e-01
13770 +1.568360559e-01 +1.568360559e-01 +9.877683606e+01 +9.877683606e+01 -8.5333e-01 -1.2429e+00 +2.2633e+00 -2.5513e+00 +3.5891e-01
17374 +9.993156955e-02 +9.993156955e-02 +9.871993157e+01 +9.871993157e+01 -8.4577e-01 -1.2241e+00 +2.3027e+00 -2.4794e+00 +4.6041e-01
20560 +6.289705172e-02 +6.289705172e-02 +9.868289705e+01 +9.868289705e+01 -8.3633e-01 -1.2062e+00 +2.3319e+00 -2.4300e+00 +5.3753e-01
24657 +3.977977025e-02 +3.977977025e-02 +9.865977977e+01 +9.865977977e+01 -8.2850e-01 -1.1936e+00 +2.3554e+00 -2.3887e+00 +6.0452e-01
34851 +2.511533506e-02 +2.511533506e-02 +9.864511534e+01 +9.864511534e+01 -8.2332e-01 -1.1840e+00 +2.3738e+00 -2.3540e+00 +6.6266e-01
49412 +1.582446264e-02 +1.582446264e-02 +9.863582446e+01 +9.863582446e+01 -8.1987e-01 -1.1758e+00 +2.3893e+00 -2.3239e+00 +7.1362e-01
% function evaluation | noise-free fitness - Fopt (-4.715000000000e+01) | best noise-free fitness - Fopt | measured fitness | best measured fitness | x1 | x2...
1 +1.169546204e+05 +1.169546204e+05 +1.169074704e+05 +1.169074704e+05 -3.2639e+00 -2.5409e+00 +4.8584e-02 +2.7184e+00 +2.0733e+00
2 +5.724180450e+04 +5.724180450e+04 +5.719465450e+04 +5.719465450e+04 -2.0296e+00 +2.7791e+00 -4.0291e+00 -3.4417e+00 +4.3578e+00
3 +1.303003988e+04 +1.303003988e+04 +1.298288988e+04 +1.298288988e+04 -3.9299e+00 +9.2896e-01 -4.4323e+00 -5.5938e-01 +3.3619e+00
7 +4.283759286e+03 +4.283759286e+03 +4.236609286e+03 +4.236609286e+03 -3.8876e+00 -2.1173e-01 -2.9088e+00 -6.9672e-01 +4.6263e+00
26 +2.808736453e+03 +2.808736453e+03 +2.761586453e+03 +2.761586453e+03 -1.5361e+00 -2.0734e+00 -2.8475e-02 -2.8921e+00 +2.1562e+00
30 +5.635017821e+02 +5.635017821e+02 +5.163517821e+02 +5.163517821e+02 -3.0788e+00 -1.0796e+00 -1.4994e+00 -2.5559e+00 +1.6389e-01
181 +2.097191859e+02 +2.097191859e+02 +1.625691859e+02 +1.625691859e+02 +0.0000e+00 -7.1022e-01 -9.9118e-01 -1.4312e+00 +1.9419e+00
320 +1.225346153e+02 +1.225346153e+02 +7.538461530e+01 +7.538461530e+01 -5.3287e-01 -1.7846e+00 -2.3947e+00 -2.6309e+00 -5.3237e-01
365 +6.653314887e+01 +6.653314887e+01 +1.938314887e+01 +1.938314887e+01 -2.9761e-01 -1.2959e+00 -1.4324e+00 -2.4293e+00 +4.4129e-01
507 +5.847523183e+01 +5.847523183e+01 +1.132523183e+01 +1.132523183e+01 -6.7624e-01 -1.5047e+00 -1.4498e+00 -3.1257e+00 -3.2379e-01
609 +2.473898072e+01 +2.473898072e+01 -2.241101928e+01 -2.241101928e+01 -1.1788e+00 -1.9433e+00 -2.3797e+00 -3.2387e+00 -1.1398e-02
707 +9.051290806e+00 +9.051290806e+00 -3.809870919e+01 -3.809870919e+01 -9.5051e-01 -1.7211e+00 -2.1196e+00 -3.2645e+00 -1.4945e-01
763 +5.230866773e+00 +5.230866773e+00 -4.191913323e+01 -4.191913323e+01 -1.3012e+00 -1.8016e+00 -2.0916e+00 -3.2605e+00 -3.0308e-01
1291 +3.950797286e+00 +3.950797286e+00 -4.319920271e+01 -4.319920271e+01 -9.8890e-01 -1.6432e+00 -2.1436e+00 -3.3248e+00 -2.9879e-01
2297 +2.449081784e+00 +2.449081784e+00 -4.470091822e+01 -4.470091822e+01 -7.7152e-01 -1.4708e+00 -2.0672e+00 -3.2746e+00 -3.9089e-01
2767 +1.515903010e+00 +1.515903010e+00 -4.563409699e+01 -4.563409699e+01 -5.7054e-01 -1.1865e+00 -1.8010e+00 -3.1372e+00 -3.7326e-01
4544 +9.792305722e-01 +9.792305722e-01 -4.617076943e+01 -4.617076943e+01 -4.9878e-01 -1.0948e+00 -1.6817e+00 -3.0596e+00 -3.3046e-01
5513 +6.285862499e-01 +6.285862499e-01 -4.652141375e+01 -4.652141375e+01 -4.5123e-01 -1.0252e+00 -1.5811e+00 -2.9397e+00 -2.4972e-01
7310 +3.890995930e-01 +3.890995930e-01 -4.676090041e+01 -4.676090041e+01 -4.1495e-01 -9.5836e-01 -1.4822e+00 -2.8162e+00 -1.3770e-01
8908 +2.507882541e-01 +2.507882541e-01 -4.689921175e+01 -4.689921175e+01 -3.8440e-01 -9.1825e-01 -1.4096e+00 -2.7064e+00 -2.5502e-02
14967 +1.584198495e-01 +1.584198495e-01 -4.699158015e+01 -4.699158015e+01 -3.8169e-01 -8.9851e-01 -1.3710e+00 -2.6385e+00 +6.5303e-02
19166 +9.979156833e-02 +9.979156833e-02 -4.705020843e+01 -4.705020843e+01 -3.6897e-01 -8.7489e-01 -1.3299e+00 -2.5735e+00 +1.5856e-01
21084 +6.266922059e-02 +6.266922059e-02 -4.708733078e+01 -4.708733078e+01 -3.6002e-01 -8.5953e-01 -1.3002e+00 -2.5189e+00 +2.4226e-01
24564 +3.933742014e-02 +3.933742014e-02 -4.711066258e+01 -4.711066258e+01 -3.5430e-01 -8.4615e-01 -1.2756e+00 -2.4737e+00 +3.1462e-01
33107 +2.505485444e-02 +2.505485444e-02 -4.712494515e+01 -4.712494515e+01 -3.4971e-01 -8.3726e-01 -1.2568e+00 -2.4395e+00 +3.7353e-01
37484 +1.571566197e-02 +1.571566197e-02 -4.713428434e+01 -4.713428434e+01 -3.4589e-01 -8.2914e-01 -1.2396e+00 -2.4070e+00 +4.3208e-01
41393 +9.826128728e-03 +9.826128728e-03 -4.714017387e+01 -4.714017387e+01 -3.4205e-01 -8.2278e-01 -1.2297e+00 -2.3906e+00 +4.6017e-01
44231 +6.295435250e-03 +6.295435250e-03 -4.714370456e+01 -4.714370456e+01 -3.3900e-01 -8.1868e-01 -1.2215e+00 -2.3735e+00 +4.9182e-01
47478 +3.955070610e-03 +3.955070610e-03 -4.714604493e+01 -4.714604493e+01 -3.3765e-01 -8.1417e-01 -1.2129e+00 -2.3582e+00 +5.2207e-01
% function evaluation | noise-free fitness - Fopt (3.752000000000e+01) | best noise-free fitness - Fopt | measured fitness | best measured fitness | x1 | x2...
1 +2.742903376e+05 +2.742903376e+05 +2.743278576e+05 +2.743278576e+05 +3.5064e+00 +1.2309e+00 -3.6805e+00 +3.8227e+00 +1.7831e+00
3 +1.579133198e+05 +1.579133198e+05 +1.579508398e+05 +1.579508398e+05 +2.9187e+00 -2.6904e+00 -4.1683e+00 -4.7908e+00 +4.4501e+00
10 +1.028036575e+04 +1.028036575e+04 +1.031788575e+04 +1.031788575e+04 -1.2755e+00 -3.9814e+00 -1.6120e-01 -2.4652e+00 +2.3776e+00
11 +6.677522446e+03 +6.677522446e+03 +6.715042446e+03 +6.715042446e+03 -6.8818e-01 -2.6992e+00 -3.2258e-01 -3.9340e+00 +4.7907e+00
37 +4.775566648e+03 +4.775566648e+03 +4.813086648e+03 +4.813086648e+03 +3.9636e+00 -2.8031e+00 +2.7904e+00 -7.3310e-01 +1.7581e+00
39 +2.968929158e+03 +2.968929158e+03 +3.006449158e+03 +3.006449158e+03 +3.6314e+00 -3.0188e+00 +2.6769e-01 -2.0422e-01 +4.8432e+00
46 +2.293962641e+03 +2.293962641e+03 +2.331482641e+03 +2.331482641e+03 -3.8616e-01 -1.1214e+00 +2.5870e+00 -1.7133e+00 -9.6950e-01
124 +1.018815082e+03 +1.018815082e+03 +1.056335082e+03 +1.056335082e+03 +5.9843e-01 -2.5494e+00 +3.3144e+00 -3.1745e+00 +1.4492e+00
173 +6.956858230e+02 +6.956858230e+02 +7.332058230e+02 +7.332058230e+02 +6.0079e-02 -3.1898e+00 +9.1711e-01 -7.1256e-01 +5.0000e+00
187 +3.876835251e+02 +3.876835251e+02 +4.252035251e+02 +4.252035251e+02 +8.5552e-01 -1.8206e+00 +1.7025e+00 -3.1192e+00 +1.7135e+00
234 +1.224216373e+02 +1.224216373e+02 +1.599416373e+02 +1.599416373e+02 +5.7497e-01 -3.0863e+00 +2.3104e+00 -2.0217e+00 +2.3404e+00
361 +2.746807802e+01 +2.746807802e+01 +6.498807802e+01 +6.498807802e+01 +1.7109e+00 -2.7455e+00 +2.3786e+00 -2.4064e+00 +1.9201e+00
442 +1.752038343e+01 +1.752038343e+01 +5.504038343e+01 +5.504038343e+01 +2.0043e+00 -2.7609e+00 +1.8394e+00 -2.6019e+00 +1.6796e+00
520 +1.529072560e+01 +1.529072560e+01 +5.281072560e+01 +5.281072560e+01 +1.8222e+00 -2.6836e+00 +1.7904e+00 -2.6415e+00 +1.8883e+00
742 +6.467753852e+00 +6.467753852e+00 +4.398775385e+01 +4.398775385e+01 +1.6943e+00 -2.8333e+00 +1.8435e+00 -2.5571e+00 +1.9244e+00
761 +6.062508863e+00 +6.062508863e+00 +4.358250886e+01 +4.358250886e+01 +1.3009e+00 -2.8729e+00 +1.8482e+00 -2.3635e+00 +2.0406e+00
1445 +3.964162299e+00 +3.964162299e+00 +4.148416230e+01 +4.148416230e+01 +1.7302e+00 -2.9142e+00 +1.8858e+00 -2.4486e+00 +1.9311e+00
2090 +2.462928381e+00 +2.462928381e+00 +3.998292838e+01 +3.998292838e+01 +2.1009e+00 -2.5839e+00 +2.0955e+00 -2.4018e+00 +2.0272e+00
3411 +1.576824075e+00 +1.576824075e+00 +3.909682408e+01 +3.909682408e+01 +2.2373e+00 -2.3940e+00 +2.2438e+00 -2.3704e+00 +2.0181e+00
4149 +9.747925699e-01 +9.747925699e-01 +3.849479257e+01 +3.849479257e+01 +2.3335e+00 -2.2539e+00 +2.4047e+00 -2.2250e+00 +2.0366e+00
5502 +6.283749872e-01 +6.283749872e-01 +3.814837499e+01 +3.814837499e+01 +2.3640e+00 -2.1873e+00 +2.5121e+00 -2.0891e+00 +2.1436e+00
7208 +3.977274194e-01 +3.977274194e-01 +3.791772742e+01 +3.791772742e+01 +2.3986e+00 -2.1371e+00 +2.5932e+00 -1.9844e+00 +2.2360e+00
9754 +2.510629288e-01 +2.510629288e-01 +3.777106293e+01 +3.777106293e+01 +2.4246e+00 -2.0954e+00 +2.6605e+00 -1.8852e+00 +2.3473e+00
11100 +1.564642856e-01 +1.564642856e-01 +3.767646429e+01 +3.767646429e+01 +2.4429e+00 -2.0605e+00 +2.7167e+00 -1.8019e+00 +2.4432e+00
18952 +9.991165868e-02 +9.991165868e-02 +3.761991166e+01 +3.761991166e+01 +2.4504e+00 -2.0454e+00 +2.7527e+00 -1.7377e+00 +2.5357e+00
23292 +6.308017501e-02 +6.308017501e-02 +3.758308018e+01 +3.758308018e+01 +2.4595e+00 -2.0285e+00 +2.7834e+00 -1.6852e+00 +2.6164e+00
27854 +3.972555318e-02 +3.972555318e-02 +3.755972555e+01 +3.755972555e+01 +2.4669e+00 -2.0158e+00 +2.8090e+00 -1.6402e+00 +2.6895e+00
30072 +2.494075105e-02 +2.494075105e-02 +3.754494075e+01 +3.754494075e+01 +2.4725e+00 -2.0053e+00 +2.8267e+00 -1.6067e+00 +2.7462e+00
34852 +1.578326460e-02 +1.578326460e-02 +3.753578326e+01 +3.753578326e+01 +2.4751e+00 -1.9977e+00 +2.8415e+00 -1.5786e+00 +2.7952e+00
40604 +9.979305885e-03 +9.979305885e-03 +3.752997931e+01 +3.752997931e+01 +2.4793e+00 -1.9918e+00 +2.8540e+00 -1.5556e+00 +2.8378e+00
41391 +6.270613181e-03 +6.270613181e-03 +3.752627061e+01 +3.752627061e+01 +2.4818e+00 -1.9860e+00 +2.8622e+00 -1.5396e+00 +2.8671e+00
45040 +3.940679883e-03 +3.940679883e-03 +3.752394068e+01 +3.752394068e+01 +2.4828e+00 -1.9834e+00 +2.8695e+00 -1.5258e+00 +2.8933e+00
47542 +2.480882118e-03 +2.480882118e-03 +3.752248088e+01 +3.752248088e+01 +2.4843e+00 -1.9798e+00 +2.8756e+00 -1.5144e+00 +2.9157e+00
% function evaluation | noise-free fitness - Fopt (-4.257500000000e+02) | best noise-free fitness - Fopt | measured fitness | best measured fitness | x1 | x2...
1 +5.139545439e+04 +5.139545439e+04 +5.096970439e+04 +5.096970439e+04 -3.7415e-01 -2.7964e+00 -1.4125e+00 -4.5198e+00 +3.2523e+00
4 +5.535887966e+02 +5.535887966e+02 +1.278387966e+02 +1.278387966e+02 -2.7179e+00 +2.2244e+00 -1.5798e+00 -1.9835e+00 +3.5250e+00
221 +2.415078682e+02 +2.415078682e+02 -1.842421318e+02 -1.842421318e+02 -2.4100e+00 +1.5134e+00 -3.2454e+00 -1.8596e+00 +2.9500e+00
375 +1.318699201e+02 +1.318699201e+02 -2.938800799e+02 -2.938800799e+02 -1.8741e+00 +1.7373e+00 -1.5896e+00 -1.2121e+00 +3.0356e+00
475 +9.443229577e+01 +9.443229577e+01 -3.313177042e+02 -3.313177042e+02 -3.1991e+00 +3.2190e+00 -1.6119e+00 -1.1657e+00 +3.2089e+00
787 +5.172064847e+01 +5.172064847e+01 -3.740293515e+02 -3.740293515e+02 -3.0091e+00 +2.6887e+00 -1.4955e+00 -1.0535e+00 +3.0647e+00
875 +3.243250651e+01 +3.243250651e+01 -3.933174935e+02 -3.933174935e+02 -3.1369e+00 +3.0247e+00 -1.5744e+00 -1.1401e+00 +3.1349e+00
937 +2.211088666e+01 +2.211088666e+01 -4.036391133e+02 -4.036391133e+02 -3.2922e+00 +2.7215e+00 -1.6624e+00 -1.2116e+00 +3.0507e+00
1025 +1.065892072e+01 +1.065892072e+01 -4.150910793e+02 -4.150910793e+02 -3.3553e+00 +3.0180e+00 -1.5834e+00 -1.1565e+00 +3.1430e+00
1139 +9.345374435e+00 +9.345374435e+00 -4.164046256e+02 -4.164046256e+02 -3.2806e+00 +2.9878e+00 -1.5578e+00 -1.1480e+00 +3.1136e+00
1607 +5.896833517e+00 +5.896833517e+00 -4.198531665e+02 -4.198531665e+02 -3.3810e+00 +2.9549e+00 -1.5164e+00 -1.1521e+00 +3.1860e+00
2426 +2.139767134e+00 +2.139767134e+00 -4.236102329e+02 -4.236102329e+02 -1.3267e+00 +2.9177e+00 -1.5057e+00 -1.1723e+00 +3.0665e+00
2515 +1.102962222e+00 +1.102962222e+00 -4.246470378e+02 -4.246470378e+02 -1.2545e+00 +2.9449e+00 -1.5425e+00 -1.1535e+00 +3.1151e+00
2711 +5.876297092e-01 +5.876297092e-01 -4.251623703e+02 -4.251623703e+02 -1.3165e+00 +2.9344e+00 -1.5233e+00 -1.1545e+00 +3.0765e+00
3376 +3.769859870e-01 +3.769859870e-01 -4.253730140e+02 -4.253730140e+02 -1.2891e+00 +2.9419e+00 -1.5196e+00 -1.1547e+00 +3.0768e+00
3748 +2.227446762e-01 +2.227446762e-01 -4.255272553e+02 -4.255272553e+02 -1.2896e+00 +2.9506e+00 -1.5317e+00 -1.1390e+00 +3.0993e+00
4276 +1.581682163e-01 +1.581682163e-01 -4.255918318e+02 -4.255918318e+02 -1.2894e+00 +2.9542e+00 -1.5270e+00 -1.1487e+00 +3.0817e+00
9976 +9.786229220e-02 +9.786229220e-02 -4.256521377e+02 -4.256521377e+02 -1.2914e+00 +2.9424e+00 -1.5621e+00 -1.2295e+00 +2.8749e+00
12476 +6.281162659e-02 +6.281162659e-02 -4.256871884e+02 -4.256871884e+02 -1.2976e+00 +2.9313e+00 -1.5850e+00 -1.2818e+00 +2.7416e+00
19476 +3.978364867e-02 +3.978364867e-02 -4.257102164e+02 -4.257102164e+02 -1.3044e+00 +2.9206e+00 -1.6035e+00 -1.3229e+00 +2.6437e+00
27530 +2.501738178e-02 +2.501738178e-02 -4.257249826e+02 -4.257249826e+02 -1.3071e+00 +2.9127e+00 -1.6218e+00 -1.3619e+00 +2.5534e+00
33940 +1.584745444e-02 +1.584745444e-02 -4.257341525e+02 -4.257341525e+02 -1.3111e+00 +2.9060e+00 -1.6346e+00 -1.3876e+00 +2.4961e+00
42230 +9.997455909e-03 +9.997455909e-03 -4.257400025e+02 -4.257400025e+02 -1.3146e+00 +2.9001e+00 -1.6455e+00 -1.4098e+00 +2.4469e+00
% function evaluation | noise-free fitness - Fopt (-2.209000000000e+02) | best noise-free fitness - Fopt | measured fitness | best measured fitness | x1 | x2...
1 +1.572789948e+05 +1.572789948e+05 +1.570580948e+05 +1.570580948e+05 +4.6015e+00 -2.8788e+00 +1.9982e+00 +1.2748e+00 -1.5183e+00
4 +6.558432350e+04 +6.558432350e+04 +6.536342350e+04 +6.536342350e+04 +2.4839e+00 -4.9103e+00 +1.6734e+00 +1.5184e+00 +2.2175e+00
6 +1.189230101e+04 +1.189230101e+04 +1.167140101e+04 +1.167140101e+04 -3.1149e+00 +9.1335e-01 -5.7698e-01 -1.7928e+00 -2.8200e-01
17 +1.289215340e+03 +1.289215340e+03 +1.068315340e+03 +1.068315340e+03 -1.1905e+00 -1.1207e+00 -9.3219e-01 +3.1370e+00 +2.5400e+00
154 +8.060259088e+02 +8.060259088e+02 +5.851259088e+02 +5.851259088e+02 -1.0822e+00 -1.2493e+00 -9.9644e-01 +1.6338e+00 +2.4518e+00
160 +1.904568511e+02 +1.904568511e+02 -3.044314894e+01 -3.044314894e+01 -7.9871e-01 -8.9179e-01 -3.6361e+00 +2.3876e+00 +2.4722e+00
383 +1.153580151e+02 +1.153580151e+02 -1.055419849e+02 -1.055419849e+02 -7.7758e-01 -5.3966e-01 -1.5809e+00 +2.6062e+00 +3.6240e+00
449 +2.322708594e+01 +2.322708594e+01 -1.976729141e+02 -1.976729141e+02 -3.4411e-01 -3.4526e-01 -1.7157e+00 +1.5096e+00 +8.0518e-01
705 +1.113742065e+01 +1.113742065e+01 -2.097625793e+02 -2.097625793e+02 -2.1875e-01 -4.7529e-01 -1.7848e+00 +1.5809e+00 +7.2524e-01
926 +7.822731099e+00 +7.822731099e+00 -2.130772689e+02 -2.130772689e+02 -1.0554e-01 -4.4646e-01 -1.8569e+00 +1.5686e+00 +1.1954e+00
1069 +2.815577890e+00 +2.815577890e+00 -2.180844221e+02 -2.180844221e+02 -1.7087e-01 -3.5483e-01 -1.7822e+00 +1.5579e+00 +9.6439e-01
1369 +1.864344835e+00 +1.864344835e+00 -2.190356552e+02 -2.190356552e+02 -8.2881e-02 -3.9999e-01 -1.8075e+00 +1.5596e+00 +8.3733e-01
1420 +7.643812588e-01 +7.643812588e-01 -2.201356187e+02 -2.201356187e+02 -1.2886e-01 -3.8674e-01 -1.7579e+00 +1.5636e+00 +9.3660e-01
1720 +2.970209989e-01 +2.970209989e-01 -2.206029790e+02 -2.206029790e+02 -1.0247e-01 -3.9797e-01 -1.7912e+00 +1.5597e+00 +9.6354e-01
2334 +2.116786482e-01 +2.116786482e-01 -2.206883214e+02 -2.206883214e+02 -1.0950e-01 -3.8144e-01 -1.7904e+00 +1.5554e+00 +9.6032e-01
2557 +1.534617215e-01 +1.534617215e-01 -2.207465383e+02 -2.207465383e+02 -9.8377e-02 -3.7934e-01 -1.7711e+00 +1.5741e+00 +9.7293e-01
4295 +9.964958260e-02 +9.964958260e-02 -2.208003504e+02 -2.208003504e+02 -9.0871e-02 -3.6509e-01 -1.7656e+00 +1.5874e+00 +9.8846e-01
6302 +6.170478208e-02 +6.170478208e-02 -2.208382952e+02 -2.208382952e+02 -8.1049e-02 -3.4866e-01 -1.7315e+00 +1.6493e+00 +1.0876e+00
8676 +3.947546015e-02 +3.947546015e-02 -2.208605245e+02 -2.208605245e+02 -7.6797e-02 -3.3544e-01 -1.7075e+00 +1.6917e+00 +1.1505e+00
12884 +2.506975747e-02 +2.506975747e-02 -2.208749302e+02 -2.208749302e+02 -7.1987e-02 -3.2587e-01 -1.6893e+00 +1.7243e+00 +1.2095e+00
14876 +1.560376719e-02 +1.560376719e-02 -2.208843962e+02 -2.208843962e+02 -6.5981e-02 -3.1762e-01 -1.6755e+00 +1.7480e+00 +1.2493e+00
25602 +9.991874535e-03 +9.991874535e-03 -2.208900081e+02 -2.208900081e+02 -6.3442e-02 -3.1197e-01 -1.6647e+00 +1.7689e+00 +1.2884e+00
29960 +6.272031611e-03 +6.272031611e-03 -2.208937280e+02 -2.208937280e+02 -6.1254e-02 -3.0810e-01 -1.6557e+00 +1.7866e+00 +1.3208e+00
33714 +3.977709699e-03 +3.977709699e-03 -2.208960223e+02 -2.208960223e+02 -5.9243e-02 -3.0440e-01 -1.6488e+00 +1.8001e+00 +1.3466e+00
46902 +2.509932140e-03 +2.509932140e-03 -2.208974901e+02 -2.208974901e+02 -5.7734e-02 -3.0150e-01 -1.6432e+00 +1.8115e+00 +1.3681e+00
% function evaluation | noise-free fitness - Fopt (-3.594800000000e+02) | best noise-free fitness - Fopt | measured fitness | best measured fitness | x1 | x2...
1 +1.098473283e+05 +1.098473283e+05 +1.094878483e+05 +1.094878483e+05 +1.9022e+00 -2.5621e+00 +2.9782e+00 -2.2058e+00 +3.2219e+00
7 +6.467554027e+04 +6.467554027e+04 +6.431606027e+04 +6.431606027e+04 -1.3242e+00 +3.9185e-01 -2.9364e+00 +2.2760e+00 +4.2664e+00
19 +3.625693167e+04 +3.625693167e+04 +3.589745167e+04 +3.589745167e+04 -1.9174e+00 -2.3015e+00 +3.6344e+00 +2.9289e+00 -2.5444e+00
21 +1.227370630e+04 +1.227370630e+04 +1.191422630e+04 +1.191422630e+04 -2.8457e+00 -4.9434e+00 +4.7718e+00 -1.0457e-01 -3.8143e-01
30 +2.444354105e+03 +2.444354105e+03 +2.084874105e+03 +2.084874105e+03 -4.6706e+00 -4.7007e+00 +3.3661e+00 -1.4037e+00 +6.6302e-01
76 +1.060741411e+03 +1.060741411e+03 +7.012614105e+02 +7.012614105e+02 -2.6446e+00 -3.1076e+00 +9.6152e-01 -2.6685e+00 -1.2616e+00
107 +6.467373932e+02 +6.467373932e+02 +2.872573932e+02 +2.872573932e+02 -3.9967e+00 -2.4970e+00 +0.0000e+00 +1.9155e-01 +1.0656e+00
130 +2.500039623e+02 +2.500039623e+02 -1.094760377e+02 -1.094760377e+02 -4.1729e+00 -4.0963e+00 +4.2466e-01 -2.9094e-01 -5.4795e-01
184 +9.925354619e+01 +9.925354619e+01 -2.602264538e+02 -2.602264538e+02 -4.1069e+00 -4.3280e+00 +2.2158e+00 -7.0580e-01 -4.0974e-01
369 +4.785682546e+01 +4.785682546e+01 -3.116231745e+02 -3.116231745e+02 -4.2397e+00 -3.0873e+00 +1.9528e+00 -7.3486e-01 -2.7530e-01
567 +2.798375749e+01 +2.798375749e+01 -3.314962425e+02 -3.314962425e+02 -4.7263e+00 -3.0307e+00 +1.9057e+00 -7.0946e-01 -5.0716e-01
617 +9.394752912e+00 +9.394752912e+00 -3.500852471e+02 -3.500852471e+02 -4.6426e+00 -2.7065e+00 +2.0099e+00 -8.1521e-01 -7.5718e-01
1291 +4.901766628e+00 +4.901766628e+00 -3.545782334e+02 -3.545782334e+02 -4.7849e+00 -2.7172e+00 +2.0107e+00 -7.5517e-01 -6.8095e-01
8959 +3.980458781e+00 +3.980458781e+00 -3.554995412e+02 -3.554995412e+02 -4.8255e+00 -2.6122e+00 +2.0964e+00 -6.3565e-01 -5.6386e-01
% function evaluation | noise-free fitness - Fopt (2.748000000000e+01) | best noise-free fitness - Fopt | measured fitness | best measured fitness | x1 | x2...
1 +3.385211475e+05 +3.385211475e+05 +3.385486275e+05 +3.385486275e+05 -4.7544e+00 -4.9857e+00 +3.5736e+00 -3.4772e-01 -1.1880e+00
2 +1.056719942e+05 +1.056719942e+05 +1.056994742e+05 +1.056994742e+05 +1.8999e+00 -2.1922e+00 -4.7994e+00 -1.5062e+00 +4.0273e+00
3 +8.573751453e+03 +8.573751453e+03 +8.601231453e+03 +8.601231453e+03 +6.0125e-02 -1.6470e+00 +5.0162e-01 -1.3343e+00 +5.2115e-01
29 +4.483615995e+03 +4.483615995e+03 +4.511095995e+03 +4.511095995e+03 +2.1881e+00 +2.4752e+00 +5.4914e-01 +3.6403e-01 +3.9997e+00
44 +7.207289838e+02 +7.207289838e+02 +7.482089838e+02 +7.482089838e+02 +1.5685e+00 +2.7299e-01 +1.6848e-01 -2.6137e+00 -7.8604e-01
174 +3.651840047e+02 +3.651840047e+02 +3.926640047e+02 +3.926640047e+02 +1.2204e+00 +2.2045e+00 +8.3003e-01 -2.6513e+00 +4.5946e-01
237 +1.912546058e+02 +1.912546058e+02 +2.187346058e+02 +2.187346058e+02 +2.0844e+00 +1.5661e+00 +1.6879e+00 -2.2989e+00 +1.9066e+00
282 +9.016430748e+01 +9.016430748e+01 +1.176443075e+02 +1.176443075e+02 +5.0883e-01 +1.6863e+00 +9.6932e-01 -2.6839e+00 +9.7437e-01
314 +4.336065003e+01 +4.336065003e+01 +7.084065003e+01 +7.084065003e+01 +1.9352e+00 +1.4423e+00 +5.6628e-01 -1.9659e+00 +1.6544e+00
517 +2.105785612e+01 +2.105785612e+01 +4.853785612e+01 +4.853785612e+01 +2.1582e+00 +1.3267e+00 +9.6836e-01 -2.6525e+00 +1.6293e+00
634 +6.102902518e+00 +6.102902518e+00 +3.358290252e+01 +3.358290252e+01 +2.2684e+00 +1.4338e+00 +8.8772e-01 -2.2247e+00 +1.5260e+00
1008 +2.544433915e+00 +2.544433915e+00 +3.002443391e+01 +3.002443391e+01 +2.3381e+00 +1.5012e+00 +7.8864e-01 -2.3643e+00 +1.5233e+00
1231 +2.233298680e+00 +2.233298680e+00 +2.971329868e+01 +2.971329868e+01 +2.3195e+00 +1.4934e+00 +7.8071e-01 -2.4527e+00 +1.5501e+00
2608 +1.576925640e+00 +1.576925640e+00 +2.905692564e+01 +2.905692564e+01 +2.3742e+00 +1.5773e+00 +9.0374e-01 -2.3710e+00 +1.5338e+00
4192 +9.937483051e-01 +9.937483051e-01 +2.847374831e+01 +2.847374831e+01 +2.4678e+00 +1.7330e+00 +1.0807e+00 -2.2349e+00 +1.5748e+00
4765 +6.155970206e-01 +6.155970206e-01 +2.809559702e+01 +2.809559702e+01 +2.5103e+00 +1.8162e+00 +1.2238e+00 -2.0892e+00 +1.6594e+00
6636 +3.751602657e-01 +3.751602657e-01 +2.785516027e+01 +2.785516027e+01 +2.5470e+00 +1.8681e+00 +1.3070e+00 -1.9712e+00 +1.7725e+00
10506 +2.503731352e-01 +2.503731352e-01 +2.773037314e+01 +2.773037314e+01 +2.5623e+00 +1.9064e+00 +1.3666e+00 -1.8844e+00 +1.8650e+00
11442 +1.557955620e-01 +1.557955620e-01 +2.763579556e+01 +2.763579556e+01 +2.5787e+00 +1.9353e+00 +1.4197e+00 -1.7973e+00 +1.9722e+00
15256 +9.694937221e-02 +9.694937221e-02 +2.757694937e+01 +2.757694937e+01 +2.5891e+00 +1.9531e+00 +1.4577e+00 -1.7300e+00 +2.0741e+00
25457 +6.308552214e-02 +6.308552214e-02 +2.754308552e+01 +2.754308552e+01 +2.5961e+00 +1.9697e+00 +1.4864e+00 -1.6818e+00 +2.1476e+00
29459 +3.969784822e-02 +3.969784822e-02 +2.751969785e+01 +2.751969785e+01 +2.6033e+00 +1.9823e+00 +1.5105e+00 -1.6359e+00 +2.2228e+00
43857 +2.511824138e-02 +2.511824138e-02 +2.750511824e+01 +2.750511824e+01 +2.6092e+00 +1.9926e+00 +1.5282e+00 -1.6056e+00 +2.2737e+00
% function evaluation | noise-free fitness - Fopt (3.609000000000e+01) | best noise-free fitness - Fopt | measured fitness | best measured fitness | x1 | x2...
1 +1.991234236e+05 +1.991234236e+05 +1.991595136e+05 +1.991595136e+05 +3.7600e+00 +2.5261e+00 -2.1738e+00 -4.8198e+00 -1.5392e+00
3 +3.684504106e+04 +3.684504106e+04 +3.688113106e+04 +3.688113106e+04 +1.7677e+00 -3.0110e+00 +1.2371e+00 +1.1285e+00 +4.6666e+00
11 +1.316875653e+03 +1.316875653e+03 +1.352965653e+03 +1.352965653e+03 -4.7702e-01 +2.2839e+00 -7.4600e-01 +3.3493e+00 +1.6955e+00
160 +5.858636036e+02 +5.858636036e+02 +6.219536036e+02 +6.219536036e+02 -1.4508e+00 +1.0810e+00 -2.1902e+00 -7.0474e-01 +4.3988e+00
180 +1.521980306e+02 +1.521980306e+02 +1.882880306e+02 +1.882880306e+02 +5.8735e-01 +7.7250e-01 -1.7121e+00 +2.0332e+00 +1.5728e+00
424 +8.070289027e+01 +8.070289027e+01 +1.167928903e+02 +1.167928903e+02 +4.3810e-01 +1.2498e+00 -1.7478e+00 +2.5971e+00 +2.6582e+00
448 +5.299358603e+01 +5.299358603e+01 +8.908358603e+01 +8.908358603e+01 +2.9318e-01 +9.8928e-01 -2.2076e+00 +1.6887e+00 +1.7489e-01
498 +1.125719497e+01 +1.125719497e+01 +4.734719497e+01 +4.734719497e+01 +2.4692e-01 +9.8647e-01 -2.4073e+00 +1.6725e+00 +8.9822e-01
748 +8.945414342e+00 +8.945414342e+00 +4.503541434e+01 +4.503541434e+01 -9.0950e-01 +9.5530e-01 -2.3310e+00 +1.5835e+00 +7.5836e-01
983 +4.765968153e+00 +4.765968153e+00 +4.085596815e+01 +4.085596815e+01 -9.6636e-01 +8.7813e-01 -2.3704e+00 +1.4219e+00 +7.8725e-01
1286 +3.503563475e+00 +3.503563475e+00 +3.959356348e+01 +3.959356348e+01 +1.3457e-02 +8.8760e-01 -2.3229e+00 +1.4236e+00 +7.1392e-01
1661 +2.245123924e+00 +2.245123924e+00 +3.833512392e+01 +3.833512392e+01 +2.2772e-01 +1.0606e+00 -2.2729e+00 +1.4181e+00 +7.3594e-01
3824 +1.559456306e+00 +1.559456306e+00 +3.764945631e+01 +3.764945631e+01 +2.8636e-01 +1.1455e+00 -2.1441e+00 +1.5195e+00 +7.7532e-01
4702 +9.843810659e-01 +9.843810659e-01 +3.707438107e+01 +3.707438107e+01 +3.7800e-01 +1.2865e+00 -1.9768e+00 +1.6421e+00 +8.0240e-01
5640 +6.235470117e-01 +6.235470117e-01 +3.671354701e+01 +3.671354701e+01 +4.3592e-01 +1.3745e+00 -1.8498e+00 +1.7764e+00 +8.8677e-01
6859 +3.938582883e-01 +3.938582883e-01 +3.648385829e+01 +3.648385829e+01 +4.6002e-01 +1.4260e+00 -1.7637e+00 +1.8968e+00 +9.9000e-01
7973 +2.484703151e-01 +2.484703151e-01 +3.633847032e+01 +3.633847032e+01 +4.8140e-01 +1.4657e+00 -1.6947e+00 +1.9948e+00 +1.0995e+00
11152 +1.583726564e-01 +1.583726564e-01 +3.624837266e+01 +3.624837266e+01 +4.9451e-01 +1.4964e+00 -1.6409e+00 +2.0779e+00 +1.2001e+00
17575 +9.989800057e-02 +9.989800057e-02 +3.618989800e+01 +3.618989800e+01 +5.0467e-01 +1.5196e+00 -1.5939e+00 +2.1573e+00 +1.3151e+00
26251 +6.309368543e-02 +6.309368543e-02 +3.615309369e+01 +3.615309369e+01 +5.1665e-01 +1.5336e+00 -1.5720e+00 +2.1950e+00 +1.3730e+00
29502 +3.975854554e-02 +3.975854554e-02 +3.612975855e+01 +3.612975855e+01 +5.2403e-01 +1.5468e+00 -1.5482e+00 +2.2399e+00 +1.4460e+00
32290 +2.502572474e-02 +2.502572474e-02 +3.611502572e+01 +3.611502572e+01 +5.2709e-01 +1.5565e+00 -1.5268e+00 +2.2772e+00 +1.5095e+00
38852 +1.584699181e-02 +1.584699181e-02 +3.610584699e+01 +3.610584699e+01 +5.3204e-01 +1.5638e+00 -1.5143e+00 +2.3010e+00 +1.5507e+00
% function evaluation | noise-free fitness - Fopt (-5.791000000000e+01) | best noise-free fitness - Fopt | measured fitness | best measured fitness | x1 | x2...
1 +6.860193343e+03 +6.860193343e+03 +6.802283343e+03 +6.802283343e+03 +3.1859e+00 +3.4110e+00 -1.9979e+00 -4.3740e-01 +2.6271e+00
13 +1.407195197e+03 +1.407195197e+03 +1.349285197e+03 +1.349285197e+03 +2.2358e+00 +3.8051e-01 +1.5262e-01 +3.2581e+00 +4.0345e+00
14 +3.878860718e+02 +3.878860718e+02 +3.299760718e+02 +3.299760718e+02 +3.8431e-01 +1.5024e+00 -4.5028e-01 +6.3653e-01 +3.1718e-01
114 +4.622579132e+01 +4.622579132e+01 -1.168420868e+01 -1.168420868e+01 +7.7678e-01 +1.5095e+00 +1.6479e-01 +1.2812e+00 +8.1601e-01
320 +3.821471726e+01 +3.821471726e+01 -1.969528274e+01 -1.969528274e+01 +8.8670e-01 +1.9830e+00 -2.1131e-01 +1.0210e+00 +8.6180e-01
386 +1.703275200e+01 +1.703275200e+01 -4.087724800e+01 -4.087724800e+01 +9.1726e-01 +1.9385e+00 +4.5413e-01 +1.1404e+00 +7.7346e-01
682 +1.541953472e+01 +1.541953472e+01 -4.249046528e+01 -4.249046528e+01 +1.1705e+00 +1.9760e+00 +6.4211e-02 +1.4030e+00 +1.0428e+00
801 +9.137411474e+00 +9.137411474e+00 -4.877258853e+01 -4.877258853e+01 +1.0540e+00 +1.7030e+00 +2.4938e-01 +1.1493e+00 +8.7591e-01
885 +6.095564104e+00 +6.095564104e+00 -5.181443590e+01 -5.181443590e+01 +1.0506e+00 +1.8536e+00 +1.8908e-01 +1.1980e+00 +8.9004e-01
1420 +2.946667009e+00 +2.946667009e+00 -5.496333299e+01 -5.496333299e+01 +1.9508e+00 +2.0286e+00 +2.6883e-01 +1.2417e+00 +1.0387e+00
1999 +2.449546781e+00 +2.449546781e+00 -5.546045322e+01 -5.546045322e+01 +2.0029e+00 +2.1271e+00 +3.2285e-01 +1.1729e+00 +9.7347e-01
3282 +1.569828844e+00 +1.569828844e+00 -5.634017116e+01 -5.634017116e+01 +2.1164e+00 +2.2853e+00 +4.9412e-01 +1.2787e+00 +1.0223e+00
3952 +9.784403295e-01 +9.784403295e-01 -5.693155967e+01 -5.693155967e+01 +2.2127e+00 +2.4365e+00 +6.6143e-01 +1.4136e+00 +1.0597e+00
6010 +6.280199598e-01 +6.280199598e-01 -5.728198004e+01 -5.728198004e+01 +2.2526e+00 +2.5108e+00 +7.8055e-01 +1.5469e+00 +1.1563e+00
6602 +3.394452889e-01 +3.394452889e-01 -5.757055471e+01 -5.757055471e+01 +2.2967e+00 +2.5955e+00 +9.0638e-01 +1.7103e+00 +1.2932e+00
9731 +2.511444702e-01 +2.511444702e-01 -5.765885553e+01 -5.765885553e+01 +2.3094e+00 +2.6084e+00 +9.4057e-01 +1.7589e+00 +1.3572e+00
10578 +1.540423236e-01 +1.540423236e-01 -5.775595768e+01 -5.775595768e+01 +2.3269e+00 +2.6411e+00 +9.9620e-01 +1.8427e+00 +1.4641e+00
12452 +9.904372825e-02 +9.904372825e-02 -5.781095627e+01 -5.781095627e+01 +2.3393e+00 +2.6632e+00 +1.0337e+00 +1.9061e+00 +1.5541e+00
19961 +6.298714279e-02 +6.298714279e-02 -5.784701286e+01 -5.784701286e+01 +2.3437e+00 +2.6782e+00 +1.0645e+00 +1.9623e+00 +1.6382e+00
30204 +3.974928312e-02 +3.974928312e-02 -5.787025072e+01 -5.787025072e+01 +2.3502e+00 +2.6915e+00 +1.0899e+00 +2.0095e+00 +1.7157e+00
46152 +2.511099619e-02 +2.511099619e-02 -5.788488900e+01 -5.788488900e+01 +2.3571e+00 +2.7009e+00 +1.1053e+00 +2.0368e+00 +1.7616e+00
% function evaluation | noise-free fitness - Fopt (-3.349100000000e+02) | best noise-free fitness - Fopt | measured fitness | best measured fitness | x1 | x2...
1 +2.760959810e+04 +2.760959810e+04 +2.727468810e+04 +2.727468810e+04 -6.6718e-01 -4.2483e+00 -1.9492e+00 -1.2615e+00 +6.4212e-01
4 +5.207229862e+03 +5.207229862e+03 +4.872319862e+03 +4.872319862e+03 -6.9887e-01 -3.2978e+00 +1.1770e+00 +4.2254e+00 +3.9333e+00
23 +3.939359287e+03 +3.939359287e+03 +3.604449287e+03 +3.604449287e+03 -2.0750e+00 +6.9219e-01 +1.8670e+00 +1.2639e+00 -4.3775e+00
50 +1.745978906e+03 +1.745978906e+03 +1.411068906e+03 +1.411068906e+03 -1.6297e+00 -2.2042e+00 -1.1334e+00 +3.9778e+00 +2.2616e+00
93 +1.288080725e+03 +1.288080725e+03 +9.531707250e+02 +9.531707250e+02 -4.4760e+00 +8.1644e-01 +1.7082e+00 +2.3615e+00 +5.4766e-01
113 +9.724929367e+02 +9.724929367e+02 +6.375829367e+02 +6.375829367e+02 -2.6300e+00 -2.0263e+00 -6.5583e-01 -5.8064e-01 +4.6598e+00
158 +5.548518814e+02 +5.548518814e+02 +2.199418814e+02 +2.199418814e+02 -4.0870e+00 -1.2087e+00 +4.7025e-01 +7.8412e-01 +3.7071e-03
271 +3.413779597e+02 +3.413779597e+02 +6.467959747e+00 +6.467959747e+00 -2.4818e+00 -1.0253e+00 -3.9749e-01 +1.6315e-01 +2.5399e+00
304 +1.467961059e+02 +1.467961059e+02 -1.881138941e+02 -1.881138941e+02 -2.3745e+00 -1.0489e+00 -4.1258e-01 +7.9899e-01 +2.5863e-01
560 +6.804756070e+01 +6.804756070e+01 -2.668624393e+02 -2.668624393e+02 -2.6394e+00 -7.4246e-01 +2.5007e-01 +2.3665e+00 +1.8152e-01
600 +2.874161278e+01 +2.874161278e+01 -3.061683872e+02 -3.061683872e+02 -2.0208e+00 -9.9528e-01 +2.2408e-01 +2.0737e+00 +2.0654e-01
610 +1.780100429e+01 +1.780100429e+01 -3.171089957e+02 -3.171089957e+02 -2.7430e+00 -1.2644e+00 +2.2745e-01 +1.5608e+00 +1.9982e-02
809 +7.460417566e+00 +7.460417566e+00 -3.274495824e+02 -3.274495824e+02 -2.1551e+00 -1.0273e+00 +4.1255e-02 +1.5202e+00 -3.5487e-01
959 +3.925515045e+00 +3.925515045e+00 -3.309844850e+02 -3.309844850e+02 -2.2207e+00 -1.0471e+00 +3.9317e-03 +1.5983e+00 -2.6035e-01
2857 +2.468172054e+00 +2.468172054e+00 -3.324418279e+02 -3.324418279e+02 -2.1058e+00 -9.2074e-01 +1.1099e-01 +1.6881e+00 -2.2949e-01
3929 +1.584272624e+00 +1.584272624e+00 -3.333257274e+02 -3.333257274e+02 -1.9180e+00 -6.7494e-01 +3.3336e-01 +1.7602e+00 -2.5266e-01
5024 +9.922208898e-01 +9.922208898e-01 -3.339177791e+02 -3.339177791e+02 -1.8572e+00 -5.5336e-01 +5.0433e-01 +1.9115e+00 -1.9732e-01
6840 +6.237932616e-01 +6.237932616e-01 -3.342862067e+02 -3.342862067e+02 -1.7946e+00 -4.6044e-01 +6.3370e-01 +2.0594e+00 -1.2163e-01
8608 +3.851736521e-01 +3.851736521e-01 -3.345248263e+02 -3.345248263e+02 -1.7642e+00 -4.0575e-01 +7.1689e-01 +2.1623e+00 -1.1175e-02
10197 +2.450057769e-01 +2.450057769e-01 -3.346649942e+02 -3.346649942e+02 -1.7432e+00 -3.7097e-01 +7.8135e-01 +2.2621e+00 +9.5586e-02
13715 +1.539682767e-01 +1.539682767e-01 -3.347560317e+02 -3.347560317e+02 -1.7297e+00 -3.4372e-01 +8.3540e-01 +2.3498e+00 +2.0639e-01
17965 +9.937204598e-02 +9.937204598e-02 -3.348106280e+02 -3.348106280e+02 -1.7217e+00 -3.2353e-01 +8.6913e-01 +2.4081e+00 +2.9080e-01
20624 +6.103665176e-02 +6.103665176e-02 -3.348489633e+02 -3.348489633e+02 -1.7125e+00 -3.0553e-01 +9.0170e-01 +2.4662e+00 +3.7788e-01
24661 +3.962296039e-02 +3.962296039e-02 -3.348703770e+02 -3.348703770e+02 -1.7043e+00 -2.9300e-01 +9.2362e-01 +2.5057e+00 +4.4457e-01
29358 +2.509219492e-02 +2.509219492e-02 -3.348849078e+02 -3.348849078e+02 -1.7014e+00 -2.8340e-01 +9.4218e-01 +2.5375e+00 +4.9810e-01
34458 +1.571496454e-02 +1.571496454e-02 -3.348942850e+02 -3.348942850e+02 -1.6967e+00 -2.7525e-01 +9.5669e-01 +2.5646e+00 +5.4604e-01
37951 +9.973325101e-03 +9.973325101e-03 -3.349000267e+02 -3.349000267e+02 -1.6937e+00 -2.6956e-01 +9.6819e-01 +2.5865e+00 +5.8517e-01
39796 +6.059451454e-03 +6.059451454e-03 -3.349039405e+02 -3.349039405e+02 -1.6915e+00 -2.6480e-01 +9.7873e-01 +2.6070e+00 +6.2393e-01
45522 +3.948776083e-03 +3.948776083e-03 -3.349060512e+02 -3.349060512e+02 -1.6898e+00 -2.6115e-01 +9.8487e-01 +2.6191e+00 +6.4602e-01
% function evaluation | noise-free fitness - Fopt (-4.670000000000e+01) | best noise-free fitness - Fopt | measured fitness | best measured fitness | x1 | x2...
1 +3.518749790e+04 +3.518749790e+04 +3.514079790e+04 +3.514079790e+04 -4.0022e-01 -1.5900e+00 +9.0477e-01 -3.4314e+00 +1.7843e+00
3 +7.431087618e+03 +7.431087618e+03 +7.384387618e+03 +7.384387618e+03 -2.2647e+00 +1.7655e+00 -8.2971e-01 -4.7772e+00 -3.6039e+00
39 +4.948245029e+03 +4.948245029e+03 +4.901545029e+03 +4.901545029e+03 +1.9847e+00 +1.7349e-01 -3.5539e+00 -2.5355e+00 -3.4568e-01
98 +4.202698420e+02 +4.202698420e+02 +3.735698420e+02 +3.735698420e+02 -1.0928e+00 -4.2557e-01 -2.6412e+00 -4.4259e+00 +4.2529e-01
126 +3.044710020e+02 +3.044710020e+02 +2.577710020e+02 +2.577710020e+02 -7.1336e-01 -7.3887e-01 -3.5877e+00 -2.3396e+00 -6.0213e-01
189 +2.362937588e+02 +2.362937588e+02 +1.895937588e+02 +1.895937588e+02 -4.9199e-01 -8.8010e-01 -2.9643e+00 -2.3202e+00 +2.8644e-01
449 +1.447115211e+02 +1.447115211e+02 +9.801152112e+01 +9.801152112e+01 -1.1163e+00 -1.8771e-01 -2.3605e+00 -2.0533e+00 +1.0191e+00
670 +7.205937230e+01 +7.205937230e+01 +2.535937230e+01 +2.535937230e+01 -2.1357e-01 +6.7786e-01 -2.3921e+00 -2.3563e+00 +2.8701e-01
733 +5.125688678e+01 +5.125688678e+01 +4.556886783e+00 +4.556886783e+00 +2.1208e-01 +8.6097e-01 -2.7700e+00 -2.4570e+00 -3.7681e-01
959 +3.159430897e+01 +3.159430897e+01 -1.510569103e+01 -1.510569103e+01 +1.6999e-01 +7.0130e-01 -2.4192e+00 -2.5358e+00 -4.1560e-01
966 +1.603510240e+01 +1.603510240e+01 -3.066489760e+01 -3.066489760e+01 +1.5235e-01 +1.0547e+00 -2.4611e+00 -2.5513e+00 -3.2995e-01
1068 +1.135466934e+01 +1.135466934e+01 -3.534533066e+01 -3.534533066e+01 +1.8250e-01 +9.7716e-01 -2.3853e+00 -2.5583e+00 -2.9224e-01
1137 +5.624037958e+00 +5.624037958e+00 -4.107596204e+01 -4.107596204e+01 +2.1314e-01 +9.9128e-01 -2.4562e+00 -2.5179e+00 -5.1571e-01
1503 +3.891266983e+00 +3.891266983e+00 -4.280873302e+01 -4.280873302e+01 +3.4694e-01 +1.1011e+00 -2.4324e+00 -2.5214e+00 -5.2271e-01
1674 +6.265697997e-01 +6.265697997e-01 -4.607343020e+01 -4.607343020e+01 +2.8459e-01 +9.8773e-01 -2.4464e+00 -2.6965e+00 -7.6751e-01
1921 +2.744413728e-01 +2.744413728e-01 -4.642555863e+01 -4.642555863e+01 +3.0272e-01 +1.0240e+00 -2.4562e+00 -2.6884e+00 -8.1576e-01
2071 +2.273991771e-01 +2.273991771e-01 -4.647260082e+01 -4.647260082e+01 +3.0485e-01 +1.0120e+00 -2.4554e+00 -2.6807e+00 -7.1316e-01
2331 +1.390927994e-01 +1.390927994e-01 -4.656090720e+01 -4.656090720e+01 +2.9323e-01 +1.0045e+00 -2.4509e+00 -2.6648e+00 -7.2094e-01
2609 +7.828562611e-02 +7.828562611e-02 -4.662171437e+01 -4.662171437e+01 +3.1056e-01 +1.0160e+00 -2.4570e+00 -2.6601e+00 -7.1876e-01
2671 +6.104313499e-02 +6.104313499e-02 -4.663895687e+01 -4.663895687e+01 +3.0826e-01 +1.0139e+00 -2.4533e+00 -2.6628e+00 -7.3630e-01
2892 +3.388323409e-02 +3.388323409e-02 -4.666611677e+01 -4.666611677e+01 +3.0551e-01 +1.0198e+00 -2.4545e+00 -2.6674e+00 -7.3205e-01
3042 +1.844104411e-02 +1.844104411e-02 -4.668155896e+01 -4.668155896e+01 +3.0883e-01 +1.0212e+00 -2.4489e+00 -2.6661e+00 -7.3177e-01
5346 +1.584608649e-02 +1.584608649e-02 -4.668415391e+01 -4.668415391e+01 +3.0980e-01 +1.0232e+00 -2.4443e+00 -2.6586e+00 -7.1747e-01
8205 +9.960322382e-03 +9.960322382e-03 -4.669003968e+01 -4.669003968e+01 +3.1240e-01 +1.0298e+00 -2.4323e+00 -2.6351e+00 -6.7623e-01
11698 +6.306333051e-03 +6.306333051e-03 -4.669369367e+01 -4.669369367e+01 +3.1487e-01 +1.0342e+00 -2.4235e+00 -2.6189e+00 -6.4535e-01
13341 +3.953940301e-03 +3.953940301e-03 -4.669604606e+01 -4.669604606e+01 +3.1701e-01 +1.0378e+00 -2.4156e+00 -2.6036e+00 -6.1763e-01
17244 +2.385217276e-03 +2.385217276e-03 -4.669761478e+01 -4.669761478e+01 +3.1855e-01 +1.0413e+00 -2.4097e+00 -2.5921e+00 -5.9423e-01
17688 +1.398587039e-03 +1.398587039e-03 -4.669860141e+01 -4.669860141e+01 +3.1964e-01 +1.0443e+00 -2.4037e+00 -2.5804e+00 -5.7177e-01
24855 +9.995322871e-04 +9.995322871e-04 -4.669900047e+01 -4.669900047e+01 +3.2055e-01 +1.0448e+00 -2.4024e+00 -2.5778e+00 -5.6731e-01
37099 +6.294518678e-04 +6.294518678e-04 -4.669937055e+01 -4.669937055e+01 +3.2102e-01 +1.0463e+00 -2.3992e+00 -2.5715e+00 -5.5503e-01
44642 +3.967211510e-04 +3.967211510e-04 -4.669960328e+01 -4.669960328e+01 +3.2179e-01 +1.0474e+00 -2.3973e+00 -2.5677e+00 -5.4758e-01
48989 +2.475488060e-04 +2.475488060e-04 -4.669975245e+01 -4.669975245e+01 +3.2230e-01 +1.0484e+00 -2.3954e+00 -2.5642e+00 -5.4066e-01
% function evaluation | noise-free fitness - Fopt (-9.308000000000e+01) | best noise-free fitness - Fopt | measured fitness | best measured fitness | x1 | x2...
1 +2.978095538e+05 +2.978095538e+05 +2.977164738e+05 +2.977164738e+05 -3.7224e+00 +4.1608e+00 +4.4333e+00 +4.5722e+00 +5.0724e-01
3 +4.842456143e+04 +4.842456143e+04 +4.833148143e+04 +4.833148143e+04 -1.3055e+00 -5.3218e-01 -3.6010e+00 -3.1211e+00 -4.3926e+00
4 +2.726398284e+04 +2.726398284e+04 +2.717090284e+04 +2.717090284e+04 +1.3997e+00 -4.9510e+00 -1.9441e+00 +1.0726e-01 +1.8315e+00
7 +5.507705781e+03 +5.507705781e+03 +5.414625781e+03 +5.414625781e+03 -2.4853e+00 -6.1780e-01 -3.3358e+00 +2.7104e+00 -7.4146e-01
9 +3.374999175e+03 +3.374999175e+03 +3.281919175e+03 +3.281919175e+03 +1.1643e-01 -3.5767e-01 +5.9124e-02 +1.5440e+00 -4.4301e-01
78 +1.781889306e+03 +1.781889306e+03 +1.688809306e+03 +1.688809306e+03 -2.8436e+00 -2.0247e+00 -2.5628e-02 -6.1938e-01 +2.1137e+00
107 +4.739458522e+02 +4.739458522e+02 +3.808658522e+02 +3.808658522e+02 -2.8775e+00 -3.3255e+00 -1.0119e+00 +1.7522e+00 +7.8167e-01
244 +3.940638111e+02 +3.940638111e+02 +3.009838111e+02 +3.009838111e+02 -2.2225e+00 -1.9144e+00 -1.9418e+00 +1.0917e-01 -2.9638e-01
288 +1.740308875e+02 +1.740308875e+02 +8.095088746e+01 +8.095088746e+01 -2.5598e+00 -3.1316e+00 -1.8513e+00 +2.1313e+00 -6.2729e-01
309 +9.114531577e+01 +9.114531577e+01 -1.934684233e+00 -1.934684233e+00 -1.6399e+00 -2.6410e+00 -2.0041e+00 +1.7317e+00 -1.6110e+00
339 +4.505865595e+01 +4.505865595e+01 -4.802134405e+01 -4.802134405e+01 -1.8736e+00 -2.1118e+00 -9.4350e-01 +1.4969e+00 -1.6965e+00
384 +1.191100467e+01 +1.191100467e+01 -8.116899533e+01 -8.116899533e+01 -2.3131e+00 -2.8085e+00 -1.4826e+00 +8.7571e-01 -2.0358e+00
520 +8.254522233e+00 +8.254522233e+00 -8.482547777e+01 -8.482547777e+01 -1.8048e+00 -2.5473e+00 -1.5786e+00 +1.0208e+00 -1.5920e+00
1006 +5.457790463e+00 +5.457790463e+00 -8.762220954e+01 -8.762220954e+01 -1.7295e+00 -2.5847e+00 -1.5234e+00 +1.0295e+00 -1.6412e+00
1458 +3.866905972e+00 +3.866905972e+00 -8.921309403e+01 -8.921309403e+01 -1.8802e+00 -2.7053e+00 -1.5181e+00 +1.0091e+00 -1.7539e+00
2579 +2.470447036e+00 +2.470447036e+00 -9.060955296e+01 -9.060955296e+01 -1.6763e+00 -2.4767e+00 -1.4181e+00 +9.1885e-01 -1.7603e+00
3073 +1.466176001e+00 +1.466176001e+00 -9.161382400e+01 -9.161382400e+01 -1.4330e+00 -2.1816e+00 -1.1571e+00 +1.0529e+00 -1.7519e+00
4622 +9.854623791e-01 +9.854623791e-01 -9.209453762e+01 -9.209453762e+01 -1.4065e+00 -2.1065e+00 -1.0366e+00 +1.1551e+00 -1.7244e+00
6323 +6.291648959e-01 +6.291648959e-01 -9.245083510e+01 -9.245083510e+01 -1.3577e+00 -2.0285e+00 -9.2694e-01 +1.2945e+00 -1.6229e+00
9507 +3.959958500e-01 +3.959958500e-01 -9.268400415e+01 -9.268400415e+01 -1.3342e+00 -1.9753e+00 -8.3319e-01 +1.4171e+00 -1.5255e+00
11304 +2.490743169e-01 +2.490743169e-01 -9.283092568e+01 -9.283092568e+01 -1.3114e+00 -1.9333e+00 -7.6571e-01 +1.5118e+00 -1.4223e+00
14156 +1.577417430e-01 +1.577417430e-01 -9.292225826e+01 -9.292225826e+01 -1.2907e+00 -1.8967e+00 -7.0576e-01 +1.5982e+00 -1.3026e+00
18195 +9.991729556e-02 +9.991729556e-02 -9.298008270e+01 -9.298008270e+01 -1.2849e+00 -1.8828e+00 -6.6989e-01 +1.6656e+00 -1.2174e+00
23706 +6.292943719e-02 +6.292943719e-02 -9.301707056e+01 -9.301707056e+01 -1.2739e+00 -1.8659e+00 -6.4393e-01 +1.7090e+00 -1.1490e+00
26022 +3.955683179e-02 +3.955683179e-02 -9.304044317e+01 -9.304044317e+01 -1.2688e+00 -1.8518e+00 -6.1663e-01 +1.7583e+00 -1.0686e+00
27015 +2.490723848e-02 +2.490723848e-02 -9.305509276e+01 -9.305509276e+01 -1.2616e+00 -1.8425e+00 -5.9935e-01 +1.7876e+00 -1.0183e+00
42896 +1.579996228e-02 +1.579996228e-02 -9.306420004e+01 -9.306420004e+01 -1.2586e+00 -1.8356e+00 -5.8547e-01 +1.8150e+00 -9.7068e-01
% function evaluation | noise-free fitness - Fopt (4.168000000000e+01) | best noise-free fitness - Fopt | measured fitness | best measured fitness | x1 | x2...
1 +2.599657808e+05 +2.599657808e+05 +2.600074608e+05 +2.600074608e+05 +7.8675e-01 +4.7620e+00 +2.8788e+00 +2.8216e+00 -4.7683e+00
3 +6.676067339e+04 +6.676067339e+04 +6.680235339e+04 +6.680235339e+04 +3.3285e+00 +8.1827e-01 -3.9844e+00 +2.6098e+00 +4.1453e+00
4 +1.725448842e+04 +1.725448842e+04 +1.729616842e+04 +1.729616842e+04 -7.3325e-01 -3.2114e+00 -7.1711e-01 -2.9210e+00 -4.2245e+00
13 +1.344371407e+04 +1.344371407e+04 +1.348539407e+04 +1.348539407e+04 +1.5821e+00 -7.1944e-01 -2.1439e+00 +2.5545e+00 -2.9636e+00
14 +4.031241136e+03 +4.031241136e+03 +4.072921136e+03 +4.072921136e+03 +7.3270e-01 -3.2714e+00 +1.7778e+00 +2.8283e+00 +2.8566e-01
86 +3.821588361e+03 +3.821588361e+03 +3.863268361e+03 +3.863268361e+03 +9.4729e-01 -9.0947e-01 +1.9751e-01 +3.0007e+00 +2.6415e+00
114 +3.609248333e+02 +3.609248333e+02 +4.026048333e+02 +4.026048333e+02 -5.2280e-01 -1.6923e+00 +0.0000e+00 +1.3789e+00 -6.3408e-01
132 +2.425507443e+01 +2.425507443e+01 +6.593507443e+01 +6.593507443e+01 +3.1313e-01 -2.1276e+00 +5.1382e-01 -1.1843e-02 -1.5488e+00
460 +9.734842278e+00 +9.734842278e+00 +5.141484228e+01 +5.141484228e+01 -8.0763e-02 -1.8335e+00 +1.1610e+00 +3.1085e-01 -1.6089e+00
910 +5.059933153e+00 +5.059933153e+00 +4.673993315e+01 +4.673993315e+01 +9.6930e-03 -1.9945e+00 +9.5942e-01 +2.7386e-02 -1.4928e+00
1557 +3.425380962e+00 +3.425380962e+00 +4.510538096e+01 +4.510538096e+01 +1.1730e+00 -2.0755e+00 +9.1212e-01 +7.2942e-02 -1.5793e+00
2004 +2.429233001e+00 +2.429233001e+00 +4.410923300e+01 +4.410923300e+01 +1.2927e+00 -2.0177e+00 +9.7623e-01 +1.1071e-01 -1.5303e+00
3780 +1.581807419e+00 +1.581807419e+00 +4.326180742e+01 +4.326180742e+01 +1.4318e+00 -1.8106e+00 +1.1605e+00 +1.3174e-01 -1.5244e+00
5275 +9.988821196e-01 +9.988821196e-01 +4.267888212e+01 +4.267888212e+01 +1.4895e+00 -1.7129e+00 +1.3016e+00 +2.8510e-01 -1.4449e+00
6357 +5.896423578e-01 +5.896423578e-01 +4.226964236e+01 +4.226964236e+01 +1.5627e+00 -1.5910e+00 +1.4586e+00 +4.5396e-01 -1.3543e+00
8360 +3.976085447e-01 +3.976085447e-01 +4.207760854e+01 +4.207760854e+01 +1.5724e+00 -1.5682e+00 +1.5160e+00 +5.2373e-01 -1.2795e+00
11160 +2.510282294e-01 +2.510282294e-01 +4.193102823e+01 +4.193102823e+01 +1.5961e+00 -1.5245e+00 +1.5843e+00 +6.2051e-01 -1.1712e+00
13304 +1.567132617e-01 +1.567132617e-01 +4.183671326e+01 +4.183671326e+01 +1.6109e+00 -1.4965e+00 +1.6401e+00 +7.0562e-01 -1.0611e+00
13954 +9.946542040e-02 +9.946542040e-02 +4.177946542e+01 +4.177946542e+01 +1.6211e+00 -1.4763e+00 +1.6779e+00 +7.7274e-01 -9.7139e-01
15620 +6.302550465e-02 +6.302550465e-02 +4.174302550e+01 +4.174302550e+01 +1.6293e+00 -1.4597e+00 +1.7093e+00 +8.2745e-01 -8.8568e-01
21464 +3.969589300e-02 +3.969589300e-02 +4.171969589e+01 +4.171969589e+01 +1.6377e+00 -1.4442e+00 +1.7333e+00 +8.6909e-01 -8.2102e-01
26206 +2.511393856e-02 +2.511393856e-02 +4.170511394e+01 +4.170511394e+01 +1.6423e+00 -1.4363e+00 +1.7505e+00 +9.0158e-01 -7.6414e-01
30170 +1.578982792e-02 +1.578982792e-02 +4.169578983e+01 +4.169578983e+01 +1.6467e+00 -1.4287e+00 +1.7659e+00 +9.2968e-01 -7.1516e-01
36003 +9.979051260e-03 +9.979051260e-03 +4.168997905e+01 +4.168997905e+01 +1.6496e+00 -1.4225e+00 +1.7770e+00 +9.5136e-01 -6.7550e-01
43637 +6.293130457e-03 +6.293130457e-03 +4.168629313e+01 +4.168629313e+01 +1.6520e+00 -1.4183e+00 +1.7863e+00 +9.6979e-01 -6.4120e-01
48061 +3.945446357e-03 +3.945446357e-03 +4.168394545e+01 +4.168394545e+01 +1.6532e+00 -1.4144e+00 +1.7944e+00 +9.8552e-01 -6.1161e-01
