% function evaluation | noise-free fitness - Fopt (-1.694000000000e+01) | best noise-free fitness - Fopt | measured fitness | best measured fitness | x1 | x2...
1 +1.125979339e+02 +1.125979339e+02 +9.565793386e+01 +9.565793386e+01 -3.8523e-01 +3.9431e-01
6 +4.831618939e+00 +4.831618939e+00 -1.210838106e+01 -1.210838106e+01 +4.9651e+00 -8.7128e-01
28 +3.941032409e+00 +3.941032409e+00 -1.299896759e+01 -1.299896759e+01 +2.8495e+00 +1.2414e+00
85 +1.706091415e+00 +1.706091415e+00 -1.523390859e+01 -1.523390859e+01 +3.4685e+00 +2.9612e+00
162 +1.926615322e-01 +1.926615322e-01 -1.674733847e+01 -1.674733847e+01 +3.6534e+00 +2.6886e+00
1098 +8.660807584e-02 +8.660807584e-02 -1.685339192e+01 -1.685339192e+01 +3.6458e+00 +2.5125e+00
1805 +3.322895234e-02 +3.322895234e-02 -1.690677105e+01 -1.690677105e+01 +3.6517e+00 +2.5301e+00
3286 +8.269816762e-03 +8.269816762e-03 -1.693173018e+01 -1.693173018e+01 +3.6526e+00 +2.5555e+00
5467 +3.412612559e-03 +3.412612559e-03 -1.693658739e+01 -1.693658739e+01 +3.6559e+00 +2.5470e+00
% function evaluation | noise-free fitness - Fopt (1.881000000000e+01) | best noise-free fitness - Fopt | measured fitness | best measured fitness | x1 | x2...
1 +2.420545921e+01 +2.420545921e+01 +4.301545921e+01 +4.301545921e+01 -3.0632e-01 -3.6493e+00
2 +1.056913694e+01 +1.056913694e+01 +2.937913694e+01 +2.937913694e+01 -3.6978e+00 +3.1852e+00
3 +9.377757599e+00 +9.377757599e+00 +2.818775760e+01 +2.818775760e+01 +1.1721e+00 +8.0352e-01
5 +6.125649467e+00 +6.125649467e+00 +2.493564947e+01 +2.493564947e+01 -1.7120e+00 +1.7081e+00
35 +3.202479787e+00 +3.202479787e+00 +2.201247979e+01 +2.201247979e+01 +1.6836e+00 +2.0454e+00
57 +9.402137416e-01 +9.402137416e-01 +1.975021374e+01 +1.975021374e+01 +4.5016e-01 +1.8800e+00
126 +5.258602417e-01 +5.258602417e-01 +1.933586024e+01 +1.933586024e+01 -1.7942e-01 +1.6023e+00
377 +3.040602450e-01 +3.040602450e-01 +1.911406025e+01 +1.911406025e+01 -1.2731e-01 +1.7492e+00
574 +2.123654060e-01 +2.123654060e-01 +1.902236541e+01 +1.902236541e+01 -1.1879e-01 +1.7219e+00
1142 +4.553468807e-02 +4.553468807e-02 +1.885553469e+01 +1.885553469e+01 -1.5473e-01 +1.7681e+00
2251 +3.265817053e-02 +3.265817053e-02 +1.884265817e+01 +1.884265817e+01 -1.5387e-01 +1.7798e+00
4151 +1.643165111e-02 +1.643165111e-02 +1.882643165e+01 +1.882643165e+01 -1.9625e-01 +1.7761e+00
6598 +7.294768879e-03 +7.294768879e-03 +1.881729477e+01 +1.881729477e+01 -1.9010e-01 +1.7819e+00
% function evaluation | noise-free fitness - Fopt (2.731500000000e+02) | best noise-free fitness - Fopt | measured fitness | best measured fitness | x1 | x2...
1 +4.686097400e+01 +4.686097400e+01 +3.200109740e+02 +3.200109740e+02 +3.2806e-01 +2.3797e+00
2 +2.921359122e+01 +2.921359122e+01 +3.023635912e+02 +3.023635912e+02 +1.1118e+00 +3.9104e+00
3 +1.744563619e+01 +1.744563619e+01 +2.905956362e+02 +2.905956362e+02 -1.8185e+00 +1.4654e+00
17 +3.309506512e+00 +3.309506512e+00 +2.764595065e+02 +2.764595065e+02 -2.9049e+00 +2.9118e+00
18 +1.854894802e+00 +1.854894802e+00 +2.750048948e+02 +2.750048948e+02 -3.7950e+00 +4.6239e+00
45 +9.496519226e-01 +9.496519226e-01 +2.740996519e+02 +2.740996519e+02 -3.6056e+00 +4.0505e+00
362 +5.336977487e-01 +5.336977487e-01 +2.736836977e+02 +2.736836977e+02 -3.7360e+00 +3.8138e+00
438 +2.248444860e-01 +2.248444860e-01 +2.733748445e+02 +2.733748445e+02 -3.5619e+00 +3.9012e+00
644 +7.079075546e-02 +7.079075546e-02 +2.732207908e+02 +2.732207908e+02 -3.5886e+00 +3.7787e+00
2511 +5.822950254e-02 +5.822950254e-02 +2.732082295e+02 +2.732082295e+02 -3.5436e+00 +3.8100e+00
2881 +2.130843614e-02 +2.130843614e-02 +2.731713084e+02 +2.731713084e+02 -3.5687e+00 +3.7692e+00
11656 +6.235112188e-03 +6.235112188e-03 +2.731562351e+02 +2.731562351e+02 -3.5795e+00 +3.7509e+00
19115 +3.095099215e-03 +3.095099215e-03 +2.731530951e+02 +2.731530951e+02 -3.5786e+00 +3.7562e+00
% function evaluation | noise-free fitness - Fopt (3.718000000000e+01) | best noise-free fitness - Fopt | measured fitness | best measured fitness | x1 | x2...
1 +1.935967023e+01 +1.935967023e+01 +5.653967023e+01 +5.653967023e+01 +2.3074e+00 +7.6098e-01
6 +1.176128056e+01 +1.176128056e+01 +4.894128056e+01 +4.894128056e+01 -3.5299e+00 +8.6569e-01
10 +9.750418986e+00 +9.750418986e+00 +4.693041899e+01 +4.693041899e+01 -4.3165e+00 +3.6591e+00
15 +4.354451896e+00 +4.354451896e+00 +4.153445190e+01 +4.153445190e+01 -3.6361e+00 +1.0821e+00
19 +1.762483602e+00 +1.762483602e+00 +3.894248360e+01 +3.894248360e+01 -4.2189e+00 +1.9913e+00
55 +6.955239979e-01 +6.955239979e-01 +3.787552400e+01 +3.787552400e+01 -4.0500e+00 +2.0273e+00
204 +1.960740248e-01 +1.960740248e-01 +3.737607402e+01 +3.737607402e+01 -4.0134e+00 +2.0323e+00
866 +1.101169472e-01 +1.101169472e-01 +3.729011695e+01 +3.729011695e+01 -3.8353e+00 +2.0619e+00
4928 +7.848141771e-02 +7.848141771e-02 +3.725848142e+01 +3.725848142e+01 -3.8926e+00 +2.0857e+00
5183 +3.820164525e-02 +3.820164525e-02 +3.721820165e+01 +3.721820165e+01 -3.8708e+00 +2.0625e+00
10161 +1.570722646e-02 +1.570722646e-02 +3.719570723e+01 +3.719570723e+01 -3.8963e+00 +2.0630e+00
12142 +8.613721328e-03 +8.613721328e-03 +3.718861372e+01 +3.718861372e+01 -3.9023e+00 +2.0629e+00
12512 +5.705076726e-03 +5.705076726e-03 +3.718570508e+01 +3.718570508e+01 -3.9003e+00 +2.0597e+00
13342 +3.802577631e-03 +3.802577631e-03 +3.718380258e+01 +3.718380258e+01 -3.8966e+00 +2.0598e+00
16080 +1.991848418e-03 +1.991848418e-03 +3.718199185e+01 +3.718199185e+01 -3.8991e+00 +2.0602e+00
% function evaluation | noise-free fitness - Fopt (-1.479000000000e+02) | best noise-free fitness - Fopt | measured fitness | best measured fitness | x1 | x2...
1 +1.255727635e+01 +1.255727635e+01 -1.353427236e+02 -1.353427236e+02 -3.6993e+00 +3.9504e-01
2 +8.709313188e+00 +8.709313188e+00 -1.391906868e+02 -1.391906868e+02 -8.8391e-01 -3.7771e+00
19 +5.163449523e+00 +5.163449523e+00 -1.427365505e+02 -1.427365505e+02 -2.7479e+00 -6.1924e-01
35 +3.788319045e+00 +3.788319045e+00 -1.441116810e+02 -1.441116810e+02 -3.8972e+00 +2.1473e+00
82 +1.860257979e+00 +1.860257979e+00 -1.460397420e+02 -1.460397420e+02 -2.3480e+00 +2.2165e-01
89 +8.467127111e-01 +8.467127111e-01 -1.470532873e+02 -1.470532873e+02 -2.1654e+00 +6.5756e-01
165 +4.469042324e-01 +4.469042324e-01 -1.474530958e+02 -1.474530958e+02 -1.7275e+00 +2.5165e-01
488 +3.750479168e-01 +3.750479168e-01 -1.475249521e+02 -1.475249521e+02 -1.3473e+00 -3.4109e-02
646 +1.720094779e-01 +1.720094779e-01 -1.477279905e+02 -1.477279905e+02 -1.7180e+00 +2.3843e-01
1170 +1.321868954e-01 +1.321868954e-01 -1.477678131e+02 -1.477678131e+02 -1.6641e+00 +8.5590e-02
1308 +6.653273390e-02 +6.653273390e-02 -1.478334673e+02 -1.478334673e+02 -1.6272e+00 +9.2589e-02
2621 +8.951336659e-03 +8.951336659e-03 -1.478910487e+02 -1.478910487e+02 -1.6722e+00 +1.3800e-01
7564 +4.980587922e-03 +4.980587922e-03 -1.478950194e+02 -1.478950194e+02 -1.6717e+00 +1.3561e-01
12014 +3.175313930e-03 +3.175313930e-03 -1.478968247e+02 -1.478968247e+02 -1.6683e+00 +1.3291e-01
% function evaluation | noise-free fitness - Fopt (-2.218900000000e+02) | best noise-free fitness - Fopt | measured fitness | best measured fitness | x1 | x2...
1 +5.613715739e+02 +5.613715739e+02 +3.394815739e+02 +3.394815739e+02 +3.8294e+00 -1.6751e+00
2 +2.214405897e+01 +2.214405897e+01 -1.997459410e+02 -1.997459410e+02 -2.0059e+00 +9.9255e-01
5 +9.116233322e+00 +9.116233322e+00 -2.127737667e+02 -2.127737667e+02 -4.0674e+00 -1.3631e+00
21 +2.242380892e+00 +2.242380892e+00 -2.196476191e+02 -2.196476191e+02 -3.5730e+00 +7.4769e-01
44 +1.195745092e+00 +1.195745092e+00 -2.206942549e+02 -2.206942549e+02 -3.1727e+00 -4.3542e-02
123 +7.553692177e-01 +7.553692177e-01 -2.211346308e+02 -2.211346308e+02 -3.8172e+00 +1.3498e-01
184 +6.291334748e-01 +6.291334748e-01 -2.212608665e+02 -2.212608665e+02 -3.6857e+00 -3.0295e-02
530 +1.203383996e-01 +1.203383996e-01 -2.217696616e+02 -2.217696616e+02 -3.8493e+00 +2.3580e-01
1737 +7.784667416e-02 +7.784667416e-02 -2.218121533e+02 -2.218121533e+02 -3.8987e+00 +2.4381e-01
3290 +3.354227122e-02 +3.354227122e-02 -2.218564577e+02 -2.218564577e+02 -3.9419e+00 +2.5096e-01
3390 +1.098089039e-02 +1.098089039e-02 -2.218790191e+02 -2.218790191e+02 -3.9419e+00 +2.5032e-01
3690 +9.726363792e-03 +9.726363792e-03 -2.218802736e+02 -2.218802736e+02 -3.9418e+00 +2.4610e-01
6790 +1.526533087e-03 +1.526533087e-03 -2.218884735e+02 -2.218884735e+02 -3.9425e+00 +2.4763e-01
9990 +9.993870769e-04 +9.993870769e-04 -2.218890006e+02 -2.218890006e+02 -3.9422e+00 +2.4753e-01
% function evaluation | noise-free fitness - Fopt (1.195400000000e+02) | best noise-free fitness - Fopt | measured fitness | best measured fitness | x1 | x2...
1 +1.926585098e+01 +1.926585098e+01 +1.388058510e+02 +1.388058510e+02 +2.0842e-01 +2.9949e+00
2 +2.143079034e+00 +2.143079034e+00 +1.216830790e+02 +1.216830790e+02 +6.5205e-01 +4.4780e-01
4 +2.750336126e-01 +2.750336126e-01 +1.198150336e+02 +1.198150336e+02 +1.1510e+00 +9.3503e-01
549 +6.958299431e-02 +6.958299431e-02 +1.196095830e+02 +1.196095830e+02 +1.3552e+00 +8.9032e-01
1425 +4.460389193e-02 +4.460389193e-02 +1.195846039e+02 +1.195846039e+02 +1.3147e+00 +9.1634e-01
3424 +3.492269689e-02 +3.492269689e-02 +1.195749227e+02 +1.195749227e+02 +1.3062e+00 +9.1145e-01
5723 +2.189240955e-02 +2.189240955e-02 +1.195618924e+02 +1.195618924e+02 +1.3189e+00 +9.0315e-01
6945 +1.034290241e-03 +1.034290241e-03 +1.195410343e+02 +1.195410343e+02 +1.3183e+00 +9.0882e-01
% function evaluation | noise-free fitness - Fopt (6.983000000000e+01) | best noise-free fitness - Fopt | measured fitness | best measured fitness | x1 | x2...
1 +6.397640894e+00 +6.397640894e+00 +7.622764089e+01 +7.622764089e+01 -1.1539e+00 +1.3895e-01
11 +5.151704588e+00 +5.151704588e+00 +7.498170459e+01 +7.498170459e+01 -1.3709e+00 -2.1700e-01
55 +3.599758238e+00 +3.599758238e+00 +7.342975824e+01 +7.342975824e+01 -9.6841e-01 -1.9372e+00
63 +1.665826064e+00 +1.665826064e+00 +7.149582606e+01 +7.149582606e+01 -2.2000e+00 -1.9814e+00
237 +1.447813779e+00 +1.447813779e+00 +7.127781378e+01 +7.127781378e+01 -1.5236e+00 -1.6657e+00
260 +8.989131999e-01 +8.989131999e-01 +7.072891320e+01 +7.072891320e+01 -2.4075e+00 -1.5146e+00
772 +4.343102368e-01 +4.343102368e-01 +7.026431024e+01 +7.026431024e+01 -2.5155e+00 -1.4985e+00
783 +2.878133840e-01 +2.878133840e-01 +7.011781338e+01 +7.011781338e+01 -2.6899e+00 -1.4474e+00
1002 +2.122588250e-01 +2.122588250e-01 +7.004225883e+01 +7.004225883e+01 -2.8498e+00 -1.4376e+00
1202 +1.131952830e-01 +1.131952830e-01 +6.994319528e+01 +6.994319528e+01 -2.9898e+00 -1.4349e+00
5138 +6.095220395e-02 +6.095220395e-02 +6.989095220e+01 +6.989095220e+01 -2.8333e+00 -1.4791e+00
5745 +1.998832240e-02 +1.998832240e-02 +6.984998832e+01 +6.984998832e+01 -2.8712e+00 -1.4559e+00
11819 +1.008092572e-02 +1.008092572e-02 +6.984008093e+01 +6.984008093e+01 -2.8664e+00 -1.4532e+00
11969 +7.590110572e-03 +7.590110572e-03 +6.983759011e+01 +6.983759011e+01 -2.8639e+00 -1.4540e+00
13769 +3.424161393e-03 +3.424161393e-03 +6.983342416e+01 +6.983342416e+01 -2.8691e+00 -1.4557e+00
% function evaluation | noise-free fitness - Fopt (7.000000000000e-02) | best noise-free fitness - Fopt | measured fitness | best measured fitness | x1 | x2...
1 +1.351134081e+01 +1.351134081e+01 +1.358134081e+01 +1.358134081e+01 +2.6340e+00 -2.1977e+00
4 +4.450845829e+00 +4.450845829e+00 +4.520845829e+00 +4.520845829e+00 +2.5327e+00 -2.3142e+00
17 +2.643284456e+00 +2.643284456e+00 +2.713284456e+00 +2.713284456e+00 +2.7586e+00 -1.4057e+00
58 +1.092262280e+00 +1.092262280e+00 +1.162262280e+00 +1.162262280e+00 +3.7629e+00 -2.5446e+00
117 +5.297931044e-01 +5.297931044e-01 +5.997931044e-01 +5.997931044e-01 +3.4676e+00 -1.5173e+00
175 +2.872450671e-01 +2.872450671e-01 +3.572450671e-01 +3.572450671e-01 +3.7637e+00 -2.1800e+00
298 +1.647381677e-01 +1.647381677e-01 +2.347381677e-01 +2.347381677e-01 +3.8110e+00 -2.0519e+00
851 +1.100623230e-01 +1.100623230e-01 +1.800623230e-01 +1.800623230e-01 +3.7546e+00 -1.9428e+00
1133 +6.395336232e-02 +6.395336232e-02 +1.339533623e-01 +1.339533623e-01 +3.7687e+00 -2.0278e+00
1805 +3.024776422e-03 +3.024776422e-03 +7.302477642e-02 +7.302477642e-02 +3.7416e+00 -1.9963e+00
15283 +1.467714639e-03 +1.467714639e-03 +7.146771464e-02 +7.146771464e-02 +3.7407e+00 -1.9961e+00
% function evaluation | noise-free fitness - Fopt (4.960000000000e+00) | best noise-free fitness - Fopt | measured fitness | best measured fitness | x1 | x2...
1 +2.102676246e+00 +2.102676246e+00 +7.062676246e+00 +7.062676246e+00 +2.3890e+00 +2.0245e+00
5 +8.950306757e-01 +8.950306757e-01 +5.855030676e+00 +5.855030676e+00 +3.4736e+00 +1.5493e+00
270 +4.212661638e-01 +4.212661638e-01 +5.381266164e+00 +5.381266164e+00 +3.3078e+00 +1.9413e+00
449 +2.197441832e-01 +2.197441832e-01 +5.179744183e+00 +5.179744183e+00 +3.3492e+00 +1.7555e+00
581 +1.573892417e-01 +1.573892417e-01 +5.117389242e+00 +5.117389242e+00 +3.2059e+00 +1.9287e+00
1556 +9.828922391e-02 +9.828922391e-02 +5.058289224e+00 +5.058289224e+00 +3.2313e+00 +1.8034e+00
1577 +1.635193272e-02 +1.635193272e-02 +4.976351933e+00 +4.976351933e+00 +3.2692e+00 +1.8047e+00
6369 +1.020357234e-02 +1.020357234e-02 +4.970203572e+00 +4.970203572e+00 +3.2645e+00 +1.8121e+00
7469 +9.277816392e-03 +9.277816392e-03 +4.969277816e+00 +4.969277816e+00 +3.2639e+00 +1.8121e+00
% function evaluation | noise-free fitness - Fopt (1.923000000000e+02) | best noise-free fitness - Fopt | measured fitness | best measured fitness | x1 | x2...
1 +4.491986462e+01 +4.491986462e+01 +2.372198646e+02 +2.372198646e+02 +1.1108e+00 +3.8652e+00
3 +1.898503301e+01 +1.898503301e+01 +2.112850330e+02 +2.112850330e+02 -2.1026e-01 -3.5139e+00
6 +4.668881816e+00 +4.668881816e+00 +1.969688818e+02 +1.969688818e+02 -4.4926e+00 +2.1815e-01
14 +3.394766396e+00 +3.394766396e+00 +1.956947664e+02 +1.956947664e+02 -3.2076e+00 +2.3253e+00
44 +1.502659156e+00 +1.502659156e+00 +1.938026592e+02 +1.938026592e+02 -2.6933e+00 +3.6025e+00
200 +4.111625399e-01 +4.111625399e-01 +1.927111625e+02 +1.927111625e+02 -3.0822e+00 +3.9425e+00
294 +2.660451979e-01 +2.660451979e-01 +1.925660452e+02 +1.925660452e+02 -2.9828e+00 +4.2124e+00
427 +2.446205667e-01 +2.446205667e-01 +1.925446206e+02 +1.925446206e+02 -3.1377e+00 +3.9173e+00
471 +1.079451457e-01 +1.079451457e-01 +1.924079451e+02 +1.924079451e+02 -3.0609e+00 +3.9450e+00
1444 +9.761600078e-02 +9.761600078e-02 +1.923976160e+02 +1.923976160e+02 -2.9993e+00 +3.9324e+00
2599 +5.969541850e-02 +5.969541850e-02 +1.923596954e+02 +1.923596954e+02 -3.0377e+00 +3.9325e+00
4565 +2.182586699e-02 +2.182586699e-02 +1.923218259e+02 +1.923218259e+02 -3.0059e+00 +3.9874e+00
6645 +7.617226730e-03 +7.617226730e-03 +1.923076172e+02 +1.923076172e+02 -3.0167e+00 +3.9773e+00
7883 +6.230909140e-03 +6.230909140e-03 +1.923062309e+02 +1.923062309e+02 -3.0122e+00 +3.9789e+00
10433 +3.068732858e-03 +3.068732858e-03 +1.923030687e+02 +1.923030687e+02 -3.0149e+00 +3.9773e+00
% function evaluation | noise-free fitness - Fopt (4.971000000000e+01) | best noise-free fitness - Fopt | measured fitness | best measured fitness | x1 | x2...
1 +9.056734079e+01 +9.056734079e+01 +1.402773408e+02 +1.402773408e+02 -3.0493e+00 -2.1773e+00
2 +1.119199853e+01 +1.119199853e+01 +6.090199853e+01 +6.090199853e+01 +4.3692e+00 -5.8034e-01
14 +1.921273742e+00 +1.921273742e+00 +5.163127374e+01 +5.163127374e+01 +2.8485e+00 -3.5716e+00
72 +1.240487911e+00 +1.240487911e+00 +5.095048791e+01 +5.095048791e+01 +4.5509e+00 -3.4682e+00
81 +3.817566519e-01 +3.817566519e-01 +5.009175665e+01 +5.009175665e+01 +3.5370e+00 -3.8305e+00
172 +2.478555501e-01 +2.478555501e-01 +4.995785555e+01 +4.995785555e+01 +3.6576e+00 -3.6619e+00
329 +4.418251694e-02 +4.418251694e-02 +4.975418252e+01 +4.975418252e+01 +3.7534e+00 -3.6992e+00
2407 +2.949634096e-02 +2.949634096e-02 +4.973949634e+01 +4.973949634e+01 +3.7302e+00 -3.7038e+00
6330 +1.748263815e-02 +1.748263815e-02 +4.972748264e+01 +4.972748264e+01 +3.7381e+00 -3.6991e+00
6810 +7.424405815e-03 +7.424405815e-03 +4.971742441e+01 +4.971742441e+01 +3.7444e+00 -3.7023e+00
11033 +5.438159420e-03 +5.438159420e-03 +4.971543816e+01 +4.971543816e+01 +3.7406e+00 -3.7028e+00
11283 +3.039744573e-03 +3.039744573e-03 +4.971303974e+01 +4.971303974e+01 +3.7405e+00 -3.7043e+00
14533 +2.973046515e-04 +2.973046515e-04 +4.971029730e+01 +4.971029730e+01 +3.7432e+00 -3.7025e+00
% function evaluation | noise-free fitness - Fopt (2.051200000000e+02) | best noise-free fitness - Fopt | measured fitness | best measured fitness | x1 | x2...
1 +8.109105304e+00 +8.109105304e+00 +2.132291053e+02 +2.132291053e+02 -3.6714e+00 +3.4356e+00
15 +1.054021235e+00 +1.054021235e+00 +2.061740212e+02 +2.061740212e+02 -9.5846e-01 +2.9616e+00
130 +6.079976055e-01 +6.079976055e-01 +2.057279976e+02 +2.057279976e+02 -1.2769e+00 +4.2125e+00
528 +1.345405737e-01 +1.345405737e-01 +2.052545406e+02 +2.052545406e+02 -1.1586e+00 +3.9196e+00
2741 +6.025585304e-02 +6.025585304e-02 +2.051802559e+02 +2.051802559e+02 -1.1849e+00 +3.8584e+00
4905 +3.219716380e-02 +3.219716380e-02 +2.051521972e+02 +2.051521972e+02 -1.1934e+00 +3.8934e+00
6180 +1.970367643e-02 +1.970367643e-02 +2.051397037e+02 +2.051397037e+02 -1.1950e+00 +3.8982e+00
6830 +7.553005317e-03 +7.553005317e-03 +2.051275530e+02 +2.051275530e+02 -1.1968e+00 +3.9125e+00
18179 +3.143831981e-03 +3.143831981e-03 +2.051231438e+02 +2.051231438e+02 -1.1949e+00 +3.9080e+00
% function evaluation | noise-free fitness - Fopt (-1.729000000000e+02) | best noise-free fitness - Fopt | measured fitness | best measured fitness | x1 | x2...
1 +2.114610133e+01 +2.114610133e+01 -1.517538987e+02 -1.517538987e+02 -2.8358e+00 -3.3188e+00
6 +1.451572862e+01 +1.451572862e+01 -1.583842714e+02 -1.583842714e+02 +1.2364e+00 +1.7237e+00
8 +3.350806662e+00 +3.350806662e+00 -1.695491933e+02 -1.695491933e+02 -9.0652e-01 +1.3098e-01
93 +2.267647459e+00 +2.267647459e+00 -1.706323525e+02 -1.706323525e+02 -2.8354e+00 -5.5725e-01
100 +6.848952360e-01 +6.848952360e-01 -1.722151048e+02 -1.722151048e+02 -2.6357e+00 -5.8497e-01
173 +4.492639174e-01 +4.492639174e-01 -1.724507361e+02 -1.724507361e+02 -2.7683e+00 -6.8818e-01
238 +3.052914030e-01 +3.052914030e-01 -1.725947086e+02 -1.725947086e+02 -2.7539e+00 -8.4984e-01
582 +1.720312182e-01 +1.720312182e-01 -1.727279688e+02 -1.727279688e+02 -2.9425e+00 -1.1009e+00
741 +1.417986710e-01 +1.417986710e-01 -1.727582013e+02 -1.727582013e+02 -2.9979e+00 -1.0810e+00
1129 +8.750893997e-02 +8.750893997e-02 -1.728124911e+02 -1.728124911e+02 -2.9393e+00 -9.9724e-01
2107 +5.761564488e-02 +5.761564488e-02 -1.728423844e+02 -1.728423844e+02 -2.9735e+00 -1.0639e+00
2757 +3.607513446e-02 +3.607513446e-02 -1.728639249e+02 -1.728639249e+02 -2.9535e+00 -1.0393e+00
3607 +1.645691455e-02 +1.645691455e-02 -1.728835431e+02 -1.728835431e+02 -2.9263e+00 -1.0149e+00
5007 +1.257051980e-02 +1.257051980e-02 -1.728874295e+02 -1.728874295e+02 -2.9268e+00 -1.0202e+00
10907 +7.551373071e-03 +7.551373071e-03 -1.728924486e+02 -1.728924486e+02 -2.9330e+00 -1.0317e+00
14962 +7.184294042e-04 +7.184294042e-04 -1.728992816e+02 -1.728992816e+02 -2.9314e+00 -1.0272e+00
% function evaluation | noise-free fitness - Fopt (-3.506200000000e+02) | best noise-free fitness - Fopt | measured fitness | best measured fitness | x1 | x2...
1 +2.331101979e+03 +2.331101979e+03 +1.980481979e+03 +1.980481979e+03 +3.6493e+00 +4.1085e+00
2 +1.918105784e+02 +1.918105784e+02 -1.588094216e+02 -1.588094216e+02 -1.2145e+00 +4.3633e+00
3 +5.227341311e+00 +5.227341311e+00 -3.453926587e+02 -3.453926587e+02 -3.3945e+00 +6.6728e-02
9 +1.070384132e+00 +1.070384132e+00 -3.495496159e+02 -3.495496159e+02 -3.8970e+00 -4.2431e+00
32 +4.453915065e-01 +4.453915065e-01 -3.501746085e+02 -3.501746085e+02 -3.8151e+00 -3.8210e+00
168 +3.718014128e-01 +3.718014128e-01 -3.502481986e+02 -3.502481986e+02 -3.8043e+00 -3.6140e+00
708 +2.220341460e-01 +2.220341460e-01 -3.503979659e+02 -3.503979659e+02 -3.8669e+00 -3.7123e+00
1079 +1.407903191e-01 +1.407903191e-01 -3.504792097e+02 -3.504792097e+02 -3.8417e+00 -3.6673e+00
1091 +9.776953316e-02 +9.776953316e-02 -3.505222305e+02 -3.505222305e+02 -3.8685e+00 -3.6435e+00
1629 +3.195091154e-02 +3.195091154e-02 -3.505880491e+02 -3.505880491e+02 -3.8901e+00 -3.7254e+00
2173 +1.806490823e-02 +1.806490823e-02 -3.506019351e+02 -3.506019351e+02 -3.9152e+00 -3.7412e+00
7411 +1.548387437e-02 +1.548387437e-02 -3.506045161e+02 -3.506045161e+02 -3.9096e+00 -3.7460e+00
8611 +7.976101792e-03 +7.976101792e-03 -3.506120239e+02 -3.506120239e+02 -3.9100e+00 -3.7360e+00
8811 +2.072880603e-03 +2.072880603e-03 -3.506179271e+02 -3.506179271e+02 -3.9101e+00 -3.7411e+00
13908 +1.033684611e-03 +1.033684611e-03 -3.506189663e+02 -3.506189663e+02 -3.9096e+00 -3.7394e+00
