% function evaluation | noise-free fitness - Fopt (1.238300000000e+02) | best noise-free fitness - Fopt | measured fitness | best measured fitness | x1 | x2...
1 +1.676683387e+04 +1.676683387e+04 +1.689066387e+04 +1.689066387e+04 +1.9158e+00 -3.5370e+00 -1.4759e+00
2 +2.779702143e+02 +2.779702143e+02 +4.018002143e+02 +4.018002143e+02 +3.6024e+00 +1.9076e+00 -8.8677e-01
31 +8.733605378e+01 +8.733605378e+01 +2.111660538e+02 +2.111660538e+02 +8.5471e-01 -2.9884e-01 +1.3672e-01
65 +7.507091413e+00 +7.507091413e+00 +1.313370914e+02 +1.313370914e+02 +3.5504e-01 +5.2317e-01 +6.9193e-02
458 +3.182867782e+00 +3.182867782e+00 +1.270128678e+02 +1.270128678e+02 -3.2410e-01 -6.4631e-01 -8.5040e-02
658 +1.481997822e+00 +1.481997822e+00 +1.253119978e+02 +1.253119978e+02 -4.5687e-01 -2.8055e-01 +5.3516e-02
1160 +6.896513002e-01 +6.896513002e-01 +1.245196513e+02 +1.245196513e+02 -3.0951e-01 +7.5478e-02 +1.6204e-01
1282 +3.398067653e-01 +3.398067653e-01 +1.241698068e+02 +1.241698068e+02 -2.7986e-01 +9.3549e-02 +1.2964e-01
2360 +2.494689694e-01 +2.494689694e-01 +1.240794690e+02 +1.240794690e+02 -2.0353e-01 +1.9215e-01 +1.4341e-01
3073 +1.505553637e-01 +1.505553637e-01 +1.239805554e+02 +1.239805554e+02 -1.0314e-01 +3.1375e-01 +1.6620e-01
3678 +9.621036324e-02 +9.621036324e-02 +1.239262104e+02 +1.239262104e+02 +1.5866e-02 +4.1346e-01 +1.7343e-01
3728 +5.391350568e-02 +5.391350568e-02 +1.238839135e+02 +1.238839135e+02 +1.0722e-01 +5.1679e-01 +1.7579e-01
3978 +3.921789687e-02 +3.921789687e-02 +1.238692179e+02 +1.238692179e+02 +1.6315e-01 +5.5725e-01 +1.7633e-01
4681 +7.799885943e-03 +7.799885943e-03 +1.238377999e+02 +1.238377999e+02 +2.7539e-01 +6.5261e-01 +1.6177e-01
4938 +5.258477047e-03 +5.258477047e-03 +1.238352585e+02 +1.238352585e+02 +3.1736e-01 +6.8884e-01 +1.5811e-01
6242 +3.610882692e-03 +3.610882692e-03 +1.238336109e+02 +1.238336109e+02 +3.4021e-01 +7.0253e-01 +1.5752e-01
6752 +2.107500483e-03 +2.107500483e-03 +1.238321075e+02 +1.238321075e+02 +3.3243e-01 +6.9955e-01 +1.5743e-01
9846 +1.570780980e-03 +1.570780980e-03 +1.238315708e+02 +1.238315708e+02 +3.3824e-01 +7.0338e-01 +1.5691e-01
10838 +9.763096976e-04 +9.763096976e-04 +1.238309763e+02 +1.238309763e+02 +3.5732e-01 +7.1874e-01 +1.5543e-01
11588 +5.467426483e-04 +5.467426483e-04 +1.238305467e+02 +1.238305467e+02 +3.6400e-01 +7.2425e-01 +1.5396e-01
12328 +3.613314105e-04 +3.613314105e-04 +1.238303613e+02 +1.238303613e+02 +3.7088e-01 +7.2954e-01 +1.5336e-01
13646 +2.438343157e-04 +2.438343157e-04 +1.238302438e+02 +1.238302438e+02 +3.7651e-01 +7.3410e-01 +1.5272e-01
15662 +1.405255360e-04 +1.405255360e-04 +1.238301405e+02 +1.238301405e+02 +3.8190e-01 +7.3826e-01 +1.5196e-01
17954 +9.950903419e-05 +9.950903419e-05 +1.238300995e+02 +1.238300995e+02 +3.8573e-01 +7.4140e-01 +1.5160e-01
20513 +5.770098544e-05 +5.770098544e-05 +1.238300577e+02 +1.238300577e+02 +3.8867e-01 +7.4362e-01 +1.5105e-01
24140 +3.774482444e-05 +3.774482444e-05 +1.238300377e+02 +1.238300377e+02 +3.9147e-01 +7.4608e-01 +1.5081e-01
25918 +2.463553551e-05 +2.463553551e-05 +1.238300246e+02 +1.238300246e+02 +3.9398e-01 +7.4775e-01 +1.5037e-01
25964 +1.172411926e-05 +1.172411926e-05 +1.238300117e+02 +1.238300117e+02 +3.9513e-01 +7.4886e-01 +1.5026e-01
29414 +9.967916242e-06 +9.967916242e-06 +1.238300100e+02 +1.238300100e+02 +3.9552e-01 +7.4913e-01 +1.5023e-01
% function evaluation | noise-free fitness - Fopt (4.751000000000e+01) | best noise-free fitness - Fopt | measured fitness | best measured fitness | x1 | x2...
1 +4.244616830e+02 +4.244616830e+02 +4.719716830e+02 +4.719716830e+02 +4.2638e-01 -3.1985e-01 -1.8893e+00
14 +9.855097522e+01 +9.855097522e+01 +1.460609752e+02 +1.460609752e+02 -4.5157e-01 -1.2169e+00 -1.1784e+00
56 +2.882613479e+01 +2.882613479e+01 +7.633613479e+01 +7.633613479e+01 -1.6079e-01 -8.4083e-01 -1.0130e+00
108 +6.921747760e+00 +6.921747760e+00 +5.443174776e+01 +5.443174776e+01 -2.1655e+00 +1.6568e+00 -1.3723e-01
113 +1.437085290e+00 +1.437085290e+00 +4.894708529e+01 +4.894708529e+01 +9.9023e-02 -5.5651e-01 -3.8950e-01
1338 +7.236934107e-01 +7.236934107e-01 +4.823369341e+01 +4.823369341e+01 +2.2457e-01 -1.6458e-01 +1.7048e-01
1417 +4.902558487e-01 +4.902558487e-01 +4.800025585e+01 +4.800025585e+01 +1.6383e-01 -9.6578e-02 +2.1918e-01
1492 +3.547116911e-01 +3.547116911e-01 +4.786471169e+01 +4.786471169e+01 +1.7277e-01 -1.1882e-01 +2.2557e-01
2154 +2.503168137e-01 +2.503168137e-01 +4.776031681e+01 +4.776031681e+01 +2.0417e-01 -1.0346e-01 +2.4635e-01
2547 +1.288250091e-01 +1.288250091e-01 +4.763882501e+01 +4.763882501e+01 +1.9136e-01 +5.5482e-02 +3.6114e-01
3090 +3.925148835e-02 +3.925148835e-02 +4.754925149e+01 +4.754925149e+01 +1.4307e-01 +4.7358e-01 +5.9192e-01
3473 +1.886184023e-02 +1.886184023e-02 +4.752886184e+01 +4.752886184e+01 +1.4453e-01 +4.5309e-01 +5.9127e-01
3823 +7.269762842e-03 +7.269762842e-03 +4.751726976e+01 +4.751726976e+01 +1.4407e-01 +4.8208e-01 +6.0459e-01
4173 +3.340796516e-03 +3.340796516e-03 +4.751334080e+01 +4.751334080e+01 +1.4900e-01 +4.7765e-01 +6.0655e-01
5573 +2.291860238e-03 +2.291860238e-03 +4.751229186e+01 +4.751229186e+01 +1.4798e-01 +4.8169e-01 +6.0709e-01
6697 +1.563533693e-03 +1.563533693e-03 +4.751156353e+01 +4.751156353e+01 +1.4613e-01 +4.9018e-01 +6.1087e-01
9190 +9.934993286e-04 +9.934993286e-04 +4.751099350e+01 +4.751099350e+01 +1.4496e-01 +5.0514e-01 +6.1807e-01
10460 +6.251896522e-04 +6.251896522e-04 +4.751062519e+01 +4.751062519e+01 +1.4378e-01 +5.1569e-01 +6.2326e-01
11345 +3.878891088e-04 +3.878891088e-04 +4.751038789e+01 +4.751038789e+01 +1.4286e-01 +5.2558e-01 +6.2802e-01
12999 +8.654802571e-05 +8.654802571e-05 +4.751008655e+01 +4.751008655e+01 +1.4006e-01 +5.5054e-01 +6.3929e-01
14244 +6.260626962e-05 +6.260626962e-05 +4.751006261e+01 +4.751006261e+01 +1.4044e-01 +5.4976e-01 +6.3956e-01
15194 +3.390660618e-05 +3.390660618e-05 +4.751003391e+01 +4.751003391e+01 +1.4000e-01 +5.5136e-01 +6.4002e-01
17919 +2.509550443e-05 +2.509550443e-05 +4.751002510e+01 +4.751002510e+01 +1.4002e-01 +5.5203e-01 +6.4039e-01
18696 +1.437145101e-05 +1.437145101e-05 +4.751001437e+01 +4.751001437e+01 +1.3980e-01 +5.5438e-01 +6.4153e-01
20789 +9.447883890e-06 +9.447883890e-06 +4.751000945e+01 +4.751000945e+01 +1.3966e-01 +5.5573e-01 +6.4216e-01
21349 +6.160987091e-06 +6.160987091e-06 +4.751000616e+01 +4.751000616e+01 +1.3944e-01 +5.5851e-01 +6.4343e-01
22049 +3.200762585e-06 +3.200762585e-06 +4.751000320e+01 +4.751000320e+01 +1.3927e-01 +5.5947e-01 +6.4393e-01
22149 +2.251379435e-06 +2.251379435e-06 +4.751000225e+01 +4.751000225e+01 +1.3931e-01 +5.5923e-01 +6.4379e-01
23703 +1.366524785e-06 +1.366524785e-06 +4.751000137e+01 +4.751000137e+01 +1.3926e-01 +5.5924e-01 +6.4373e-01
24649 +9.959954923e-07 +9.959954923e-07 +4.751000100e+01 +4.751000100e+01 +1.3925e-01 +5.5945e-01 +6.4383e-01
25477 +4.906377811e-07 +4.906377811e-07 +4.751000049e+01 +4.751000049e+01 +1.3920e-01 +5.6008e-01 +6.4412e-01
26049 +3.513333198e-07 +3.513333198e-07 +4.751000035e+01 +4.751000035e+01 +1.3917e-01 +5.6023e-01 +6.4420e-01
29199 +2.354381436e-07 +2.354381436e-07 +4.751000024e+01 +4.751000024e+01 +1.3916e-01 +5.6039e-01 +6.4428e-01
29999 +1.545530495e-07 +1.545530495e-07 +4.751000015e+01 +4.751000015e+01 +1.3914e-01 +5.6062e-01 +6.4439e-01
% function evaluation | noise-free fitness - Fopt (5.534000000000e+01) | best noise-free fitness - Fopt | measured fitness | best measured fitness | x1 | x2...
1 +9.097313031e+03 +9.097313031e+03 +9.152653031e+03 +9.152653031e+03 -1.8881e+00 +4.0614e+00 +3.0377e-01
5 +9.161594511e+02 +9.161594511e+02 +9.714994511e+02 +9.714994511e+02 +4.5144e+00 -1.6754e-01 -4.1329e+00
10 +5.891713193e+02 +5.891713193e+02 +6.445113193e+02 +6.445113193e+02 +2.8956e+00 -2.5345e+00 -2.8114e-01
18 +7.175963002e+01 +7.175963002e+01 +1.270996300e+02 +1.270996300e+02 +1.5173e-01 +9.3314e-01 -1.5585e+00
28 +5.318566558e+01 +5.318566558e+01 +1.085256656e+02 +1.085256656e+02 +8.1367e-01 -5.5857e-01 -2.8151e-01
47 +3.436269489e+01 +3.436269489e+01 +8.970269489e+01 +8.970269489e+01 +2.3298e+00 -1.8978e+00 -4.8164e-01
352 +1.668497881e+01 +1.668497881e+01 +7.202497881e+01 +7.202497881e+01 +1.6605e+00 -1.4749e+00 -5.9026e-01
596 +1.475255790e+01 +1.475255790e+01 +7.009255790e+01 +7.009255790e+01 -3.9168e-01 +3.6682e-01 +4.9076e-01
609 +8.691532427e+00 +8.691532427e+00 +6.403153243e+01 +6.403153243e+01 -1.9938e-01 +8.4879e-01 +2.3291e-01
784 +3.970233783e+00 +3.970233783e+00 +5.931023378e+01 +5.931023378e+01 -5.3755e-01 +6.4742e-01 +1.0156e-01
1043 +1.930504216e+00 +1.930504216e+00 +5.727050422e+01 +5.727050422e+01 -3.5060e-01 +6.6943e-01 +1.2973e-01
1337 +1.471928430e+00 +1.471928430e+00 +5.681192843e+01 +5.681192843e+01 -4.0917e-01 +4.8456e-01 +2.4470e-01
1478 +9.674896829e-01 +9.674896829e-01 +5.630748968e+01 +5.630748968e+01 -4.0628e-01 +2.9752e-01 +2.3226e-01
1801 +4.761058140e-01 +4.761058140e-01 +5.581610581e+01 +5.581610581e+01 -3.0748e-01 +7.7555e-03 +2.1826e-01
1876 +2.790315078e-01 +2.790315078e-01 +5.561903151e+01 +5.561903151e+01 -1.7994e-01 -1.8151e-01 +1.7392e-01
2769 +1.936300537e-01 +1.936300537e-01 +5.553363005e+01 +5.553363005e+01 -2.3070e-02 -4.0031e-01 +1.2445e-01
2877 +1.097916560e-01 +1.097916560e-01 +5.544979166e+01 +5.544979166e+01 -2.1162e-02 -4.0545e-01 +1.1268e-01
3485 +8.892865248e-02 +8.892865248e-02 +5.542892865e+01 +5.542892865e+01 +2.6657e-03 -4.2160e-01 +1.0154e-01
5350 +4.979085981e-02 +4.979085981e-02 +5.538979086e+01 +5.538979086e+01 +1.1756e-01 -5.4722e-01 +5.6780e-02
6905 +3.791241091e-02 +3.791241091e-02 +5.537791241e+01 +5.537791241e+01 +1.5066e-01 -5.6270e-01 +4.2908e-02
7979 +2.306763377e-02 +2.306763377e-02 +5.536306763e+01 +5.536306763e+01 +1.8646e-01 -5.9674e-01 +3.3001e-02
9942 +1.399307530e-02 +1.399307530e-02 +5.535399308e+01 +5.535399308e+01 +2.1986e-01 -6.2954e-01 +2.0426e-02
11504 +7.390329521e-03 +7.390329521e-03 +5.534739033e+01 +5.534739033e+01 +3.2170e-01 -7.1401e-01 -1.2896e-02
12104 +3.499074665e-03 +3.499074665e-03 +5.534349907e+01 +5.534349907e+01 +3.1909e-01 -7.1419e-01 -1.4753e-02
13154 +2.476129070e-03 +2.476129070e-03 +5.534247613e+01 +5.534247613e+01 +3.1988e-01 -7.1313e-01 -1.5551e-02
18179 +1.547655528e-03 +1.547655528e-03 +5.534154766e+01 +5.534154766e+01 +3.3356e-01 -7.2354e-01 -2.0081e-02
21023 +9.894027656e-04 +9.894027656e-04 +5.534098940e+01 +5.534098940e+01 +3.4540e-01 -7.3262e-01 -2.4207e-02
25863 +5.971137154e-04 +5.971137154e-04 +5.534059711e+01 +5.534059711e+01 +3.5633e-01 -7.4099e-01 -2.8162e-02
27721 +3.949178038e-04 +3.949178038e-04 +5.534039492e+01 +5.534039492e+01 +3.6309e-01 -7.4642e-01 -3.0472e-02
% function evaluation | noise-free fitness - Fopt (-9.033000000000e+01) | best noise-free fitness - Fopt | measured fitness | best measured fitness | x1 | x2...
1 +2.928791001e+04 +2.928791001e+04 +2.919758001e+04 +2.919758001e+04 +2.7861e+00 +1.2371e+00 +2.9698e+00
4 +1.613881023e+04 +1.613881023e+04 +1.604848023e+04 +1.604848023e+04 -3.5469e+00 -1.5222e+00 +2.5363e+00
6 +1.269385545e+03 +1.269385545e+03 +1.179055545e+03 +1.179055545e+03 +1.6165e+00 +2.0564e+00 -1.9511e+00
10 +5.047278067e+02 +5.047278067e+02 +4.143978067e+02 +4.143978067e+02 -2.3175e+00 -4.7616e+00 +3.8281e+00
32 +3.044946505e+02 +3.044946505e+02 +2.141646505e+02 +2.141646505e+02 -2.0090e+00 -4.1541e+00 +4.8839e+00
49 +1.943364200e+02 +1.943364200e+02 +1.040064200e+02 +1.040064200e+02 -1.4717e+00 -3.4514e+00 +9.6654e-01
129 +1.218121971e+02 +1.218121971e+02 +3.148219708e+01 +3.148219708e+01 +1.1653e+00 +0.0000e+00 -1.1360e+00
152 +8.154288182e+01 +8.154288182e+01 -8.787118177e+00 -8.787118177e+00 +1.0344e+00 +0.0000e+00 +0.0000e+00
195 +3.423430647e+01 +3.423430647e+01 -5.609569353e+01 -5.609569353e+01 +0.0000e+00 +1.2761e-01 -8.1592e-01
323 +2.085372601e+01 +2.085372601e+01 -6.947627399e+01 -6.947627399e+01 -2.5554e-01 -3.5907e-01 -1.2255e+00
377 +1.359450519e+01 +1.359450519e+01 -7.673549481e+01 -7.673549481e+01 -1.1316e+00 -1.9486e+00 -4.4776e-01
406 +9.971620312e+00 +9.971620312e+00 -8.035837969e+01 -8.035837969e+01 -1.1109e-01 -7.0355e-01 -1.1525e+00
644 +4.598867195e+00 +4.598867195e+00 -8.573113281e+01 -8.573113281e+01 -1.3928e-01 -6.3242e-01 -1.0167e+00
972 +7.552804694e-01 +7.552804694e-01 -8.957471953e+01 -8.957471953e+01 +1.4908e-01 +3.4519e-01 -1.6678e-01
2162 +6.301133346e-01 +6.301133346e-01 -8.969988667e+01 -8.969988667e+01 -1.9523e-01 +2.6730e-01 +2.9488e-01
2276 +1.838773516e-01 +1.838773516e-01 -9.014612265e+01 -9.014612265e+01 -1.0561e-01 +2.7245e-01 +1.8023e-01
4276 +1.236172665e-01 +1.236172665e-01 -9.020638273e+01 -9.020638273e+01 -2.0913e-01 +2.0446e-01 +3.3340e-01
4687 +9.964229590e-02 +9.964229590e-02 -9.023035770e+01 -9.023035770e+01 -2.1298e-01 +2.0299e-01 +3.3154e-01
8478 +6.291141248e-02 +6.291141248e-02 -9.026708859e+01 -9.026708859e+01 -2.5110e-01 +1.6763e-01 +3.8096e-01
10146 +3.435021887e-02 +3.435021887e-02 -9.029564978e+01 -9.029564978e+01 -3.1108e-01 +1.1374e-01 +4.6462e-01
13624 +2.478287739e-02 +2.478287739e-02 -9.030521712e+01 -9.030521712e+01 -3.3859e-01 +9.2440e-02 +5.0450e-01
15782 +9.690932281e-03 +9.690932281e-03 -9.032030907e+01 -9.032030907e+01 -5.6647e-01 -1.6691e-01 +8.5568e-01
% function evaluation | noise-free fitness - Fopt (6.561000000000e+01) | best noise-free fitness - Fopt | measured fitness | best measured fitness | x1 | x2...
1 +3.662306083e+04 +3.662306083e+04 +3.668867083e+04 +3.668867083e+04 -4.6812e+00 -3.9617e+00 -1.5998e-01
5 +2.140376412e+04 +2.140376412e+04 +2.146937412e+04 +2.146937412e+04 +3.6518e+00 -1.8632e+00 +1.8833e+00
9 +1.140312446e+02 +1.140312446e+02 +1.796412446e+02 +1.796412446e+02 -6.5794e-01 -2.3313e+00 +2.2083e-02
134 +2.536326701e+01 +2.536326701e+01 +9.097326701e+01 +9.097326701e+01 -1.2870e+00 -2.8191e+00 -8.2623e-02
168 +1.915120441e+01 +1.915120441e+01 +8.476120441e+01 +8.476120441e+01 -1.2931e+00 -1.7891e+00 -1.6641e-01
299 +4.946166028e+00 +4.946166028e+00 +7.055616603e+01 +7.055616603e+01 -9.6164e-01 +2.5907e-01 -7.1810e-01
399 +1.200344995e+00 +1.200344995e+00 +6.681034500e+01 +6.681034500e+01 -7.8327e-02 +4.3540e-01 -1.7653e-01
1161 +6.934271121e-01 +6.934271121e-01 +6.630342711e+01 +6.630342711e+01 -1.0483e-02 +4.3938e-01 -1.1064e-01
1228 +5.638012209e-01 +5.638012209e-01 +6.617380122e+01 +6.617380122e+01 +6.0876e-02 +3.6528e-01 +8.0705e-02
1643 +3.961474471e-01 +3.961474471e-01 +6.600614745e+01 +6.600614745e+01 +5.4321e-02 +3.3024e-01 +9.3395e-02
2833 +2.351869395e-01 +2.351869395e-01 +6.584518694e+01 +6.584518694e+01 +1.1709e-01 +1.7947e-01 +2.2948e-01
4049 +1.463475813e-01 +1.463475813e-01 +6.575634758e+01 +6.575634758e+01 +1.5473e-01 +9.9483e-02 +3.1982e-01
5967 +8.948577685e-02 +8.948577685e-02 +6.569948578e+01 +6.569948578e+01 +1.8997e-01 +3.8923e-04 +3.9410e-01
6701 +3.872563304e-02 +3.872563304e-02 +6.564872563e+01 +6.564872563e+01 +2.7471e-01 -2.3459e-01 +5.3381e-01
6819 +7.894474843e-03 +7.894474843e-03 +6.561789447e+01 +6.561789447e+01 +2.9679e-01 -3.0539e-01 +5.7950e-01
11137 +5.923122381e-03 +5.923122381e-03 +6.561592312e+01 +6.561592312e+01 +3.0252e-01 -3.2126e-01 +5.8891e-01
19668 +3.950488315e-03 +3.950488315e-03 +6.561395049e+01 +6.561395049e+01 +3.0903e-01 -3.4115e-01 +6.0034e-01
23862 +2.507546300e-03 +2.507546300e-03 +6.561250755e+01 +6.561250755e+01 +3.1640e-01 -3.6241e-01 +6.1170e-01
28102 +1.584833653e-03 +1.584833653e-03 +6.561158483e+01 +6.561158483e+01 +3.2218e-01 -3.7966e-01 +6.2064e-01
% function evaluation | noise-free fitness - Fopt (-2.900800000000e+02) | best noise-free fitness - Fopt | measured fitness | best measured fitness | x1 | x2...
1 +4.600528718e+03 +4.600528718e+03 +4.310448718e+03 +4.310448718e+03 -2.1826e+00 +6.8926e-01 +2.2432e+00
2 +1.237205351e+03 +1.237205351e+03 +9.471253515e+02 +9.471253515e+02 +8.6125e-01 -8.4752e-01 +1.4391e+00
6 +4.986796716e+02 +4.986796716e+02 +2.085996716e+02 +2.085996716e+02 -3.9815e-01 -2.1834e+00 -5.0272e-01
16 +3.451489355e+02 +3.451489355e+02 +5.506893554e+01 +5.506893554e+01 -3.5331e+00 +8.1842e-01 +3.2035e-01
67 +4.711417602e+00 +4.711417602e+00 -2.853685824e+02 -2.853685824e+02 -1.4853e-01 -4.4305e-01 -9.6327e-01
323 +3.372277015e+00 +3.372277015e+00 -2.867077230e+02 -2.867077230e+02 -1.0922e-01 -5.2824e-01 +0.0000e+00
510 +2.196904354e+00 +2.196904354e+00 -2.878830956e+02 -2.878830956e+02 +2.0739e-01 +4.4144e-01 +2.3410e-01
694 +1.104073852e+00 +1.104073852e+00 -2.889759261e+02 -2.889759261e+02 +2.0852e-01 +3.8566e-02 +1.8929e-01
1124 +3.112542283e-01 +3.112542283e-01 -2.897687458e+02 -2.897687458e+02 +1.8731e-01 +4.9342e-01 +3.2037e-01
1301 +1.669224091e-01 +1.669224091e-01 -2.899130776e+02 -2.899130776e+02 +2.0111e-01 +7.2962e-01 +3.5618e-01
1601 +1.429486224e-01 +1.429486224e-01 -2.899370514e+02 -2.899370514e+02 +2.0001e-01 +5.2468e-01 +3.0221e-01
1822 +2.020418412e-02 +2.020418412e-02 -2.900597958e+02 -2.900597958e+02 +2.0235e-01 +6.2035e-01 +3.3631e-01
1860 +1.301220052e-02 +1.301220052e-02 -2.900669878e+02 -2.900669878e+02 +1.8528e-01 +7.4425e-01 +3.4710e-01
2208 +7.631766083e-03 +7.631766083e-03 -2.900723682e+02 -2.900723682e+02 +1.7295e-01 +7.6589e-01 +3.4516e-01
3372 +3.932097579e-03 +3.932097579e-03 -2.900760679e+02 -2.900760679e+02 +1.7235e-01 +7.8864e-01 +3.4388e-01
3508 +8.031622567e-04 +8.031622567e-04 -2.900791968e+02 -2.900791968e+02 +1.7260e-01 +7.8304e-01 +3.4565e-01
3974 +6.161552257e-04 +6.161552257e-04 -2.900793838e+02 -2.900793838e+02 +1.7230e-01 +7.9421e-01 +3.4639e-01
4726 +1.848598709e-04 +1.848598709e-04 -2.900798151e+02 -2.900798151e+02 +1.7105e-01 +8.0014e-01 +3.4803e-01
5451 +6.930818540e-05 +6.930818540e-05 -2.900799307e+02 -2.900799307e+02 +1.7378e-01 +7.8391e-01 +3.4608e-01
6571 +5.681985368e-05 +5.681985368e-05 -2.900799432e+02 -2.900799432e+02 +1.7421e-01 +7.7987e-01 +3.4577e-01
6811 +3.312261799e-05 +3.312261799e-05 -2.900799669e+02 -2.900799669e+02 +1.7392e-01 +7.8222e-01 +3.4621e-01
7061 +1.936971705e-05 +1.936971705e-05 -2.900799806e+02 -2.900799806e+02 +1.7397e-01 +7.8319e-01 +3.4630e-01
8285 +1.375804828e-05 +1.375804828e-05 -2.900799862e+02 -2.900799862e+02 +1.7418e-01 +7.8190e-01 +3.4620e-01
9587 +8.664368409e-06 +8.664368409e-06 -2.900799913e+02 -2.900799913e+02 +1.7445e-01 +7.8036e-01 +3.4610e-01
10384 +5.847195496e-06 +5.847195496e-06 -2.900799942e+02 -2.900799942e+02 +1.7463e-01 +7.7891e-01 +3.4596e-01
10484 +3.626172770e-06 +3.626172770e-06 -2.900799964e+02 -2.900799964e+02 +1.7486e-01 +7.7803e-01 +3.4588e-01
11134 +2.407851412e-06 +2.407851412e-06 -2.900799976e+02 -2.900799976e+02 +1.7497e-01 +7.7727e-01 +3.4584e-01
12357 +1.453487869e-06 +1.453487869e-06 -2.900799985e+02 -2.900799985e+02 +1.7507e-01 +7.7665e-01 +3.4574e-01
12621 +9.568095152e-07 +9.568095152e-07 -2.900799990e+02 -2.900799990e+02 +1.7509e-01 +7.7636e-01 +3.4571e-01
12958 +5.332375963e-07 +5.332375963e-07 -2.900799995e+02 -2.900799995e+02 +1.7519e-01 +7.7585e-01 +3.4569e-01
13235 +3.839236911e-07 +3.839236911e-07 -2.900799996e+02 -2.900799996e+02 +1.7521e-01 +7.7571e-01 +3.4566e-01
13824 +2.421328986e-07 +2.421328986e-07 -2.900799998e+02 -2.900799998e+02 +1.7526e-01 +7.7539e-01 +3.4563e-01
15917 +1.533043132e-07 +1.533043132e-07 -2.900799998e+02 -2.900799998e+02 +1.7528e-01 +7.7526e-01 +3.4562e-01
16225 +9.138841506e-08 +9.138841506e-08 -2.900799999e+02 -2.900799999e+02 +1.7533e-01 +7.7498e-01 +3.4561e-01
16275 +5.559724059e-08 +5.559724059e-08 -2.900799999e+02 -2.900799999e+02 +1.7535e-01 +7.7488e-01 +3.4560e-01
16325 +3.515947355e-08 +3.515947355e-08 -2.900800000e+02 -2.900800000e+02 +1.7536e-01 +7.7481e-01 +3.4559e-01
16393 +1.682565198e-08 +1.682565198e-08 -2.900800000e+02 -2.900800000e+02 +1.7537e-01 +7.7471e-01 +3.4557e-01
16485 +1.251953563e-08 +1.251953563e-08 -2.900800000e+02 -2.900800000e+02 +1.7538e-01 +7.7468e-01 +3.4557e-01
17425 +9.935547496e-09 +9.935547496e-09 -2.900800000e+02 -2.900800000e+02 +1.7538e-01 +7.7468e-01 +3.4557e-01
% function evaluation | noise-free fitness - Fopt (2.510000000000e+01) | best noise-free fitness - Fopt | measured fitness | best measured fitness | x1 | x2...
1 +1.195510947e+05 +1.195510947e+05 +1.195761947e+05 +1.195761947e+05 +1.8616e+00 +2.7973e+00 -4.2440e+00
2 +6.749736544e+03 +6.749736544e+03 +6.774836544e+03 +6.774836544e+03 +4.5375e+00 -1.0111e+00 -4.3305e-01
5 +5.602263447e+03 +5.602263447e+03 +5.627363447e+03 +5.627363447e+03 -1.8743e+00 +3.1926e+00 -2.4752e+00
10 +6.982191866e+02 +6.982191866e+02 +7.233191866e+02 +7.233191866e+02 -1.9932e+00 -1.2174e+00 +4.2510e-01
38 +3.676612277e+02 +3.676612277e+02 +3.927612277e+02 +3.927612277e+02 +3.7991e-01 +1.9870e+00 +9.0975e-01
53 +7.999129150e-01 +7.999129150e-01 +2.589991292e+01 +2.589991292e+01 -4.4982e-01 -6.2133e-02 -1.0528e+00
1079 +4.851297880e-01 +4.851297880e-01 +2.558512979e+01 +2.558512979e+01 -5.3776e-01 -3.9638e-02 -1.1817e+00
1578 +9.143297122e-02 +9.143297122e-02 +2.519143297e+01 +2.519143297e+01 -6.6634e-01 +1.8803e-02 -1.3273e+00
7046 +5.246340356e-02 +5.246340356e-02 +2.515246340e+01 +2.515246340e+01 -5.1019e-01 -2.6902e-02 -1.1612e+00
7512 +1.400206505e-02 +1.400206505e-02 +2.511400207e+01 +2.511400207e+01 -3.3367e-01 -7.1099e-02 -9.5508e-01
8013 +5.667592375e-03 +5.667592375e-03 +2.510566759e+01 +2.510566759e+01 -2.8204e-01 -8.6008e-02 -8.9853e-01
10826 +1.554130872e-03 +1.554130872e-03 +2.510155413e+01 +2.510155413e+01 -2.7280e-01 -8.5372e-02 -8.8748e-01
19751 +9.859378130e-04 +9.859378130e-04 +2.510098594e+01 +2.510098594e+01 -2.6616e-01 -8.7688e-02 -8.8003e-01
25653 +6.232121890e-04 +6.232121890e-04 +2.510062321e+01 +2.510062321e+01 -2.5767e-01 -9.0102e-02 -8.6974e-01
27475 +3.191433464e-04 +3.191433464e-04 +2.510031914e+01 +2.510031914e+01 -2.4321e-01 -9.4330e-02 -8.5229e-01
27523 +2.052958204e-04 +2.052958204e-04 +2.510020530e+01 +2.510020530e+01 -2.4065e-01 -9.4253e-02 -8.4836e-01
27573 +1.561258420e-04 +1.561258420e-04 +2.510015613e+01 +2.510015613e+01 -2.3004e-01 -9.7024e-02 -8.3456e-01
29023 +2.937898947e-05 +2.937898947e-05 +2.510002938e+01 +2.510002938e+01 -2.3030e-01 -9.7521e-02 -8.3535e-01
% function evaluation | noise-free fitness - Fopt (-8.756000000000e+01) | best noise-free fitness - Fopt | measured fitness | best measured fitness | x1 | x2...
1 +1.544318826e+02 +1.544318826e+02 +6.687188261e+01 +6.687188261e+01 +7.3790e-01 +1.0400e+00 -5.9405e-01
22 +7.418201299e+01 +7.418201299e+01 -1.337798701e+01 -1.337798701e+01 +1.1124e+00 +1.5452e+00 -1.8885e-01
132 +5.853509734e+01 +5.853509734e+01 -2.902490266e+01 -2.902490266e+01 +4.5980e-01 -4.5945e-01 -7.1237e-02
133 +1.965460782e+01 +1.965460782e+01 -6.790539218e+01 -6.790539218e+01 +5.3497e-01 +9.5165e-01 +9.7188e-01
190 +7.431064102e+00 +7.431064102e+00 -8.012893590e+01 -8.012893590e+01 +0.0000e+00 -1.3894e-01 +2.6732e-01
463 +8.597772053e-01 +8.597772053e-01 -8.670022279e+01 -8.670022279e+01 -1.5598e-01 -3.1715e-01 +3.0632e-01
1766 +4.871280978e-01 +4.871280978e-01 -8.707287190e+01 -8.707287190e+01 -2.3332e-01 -2.3282e-01 +1.0497e-01
2326 +3.776891975e-01 +3.776891975e-01 -8.718231080e+01 -8.718231080e+01 -2.5473e-01 -1.8292e-01 +4.8975e-02
3170 +2.010296842e-01 +2.010296842e-01 -8.735897032e+01 -8.735897032e+01 -2.9786e-01 -7.0579e-02 -1.2944e-01
3575 +9.366868734e-02 +9.366868734e-02 -8.746633131e+01 -8.746633131e+01 -2.9855e-01 +8.1359e-02 -3.3861e-01
5616 +5.224996071e-02 +5.224996071e-02 -8.750775004e+01 -8.750775004e+01 -3.0247e-01 +1.3110e-01 -4.0526e-01
6117 +3.122308311e-02 +3.122308311e-02 -8.752877692e+01 -8.752877692e+01 -2.9200e-01 +2.0477e-01 -5.0796e-01
6615 +1.613450225e-02 +1.613450225e-02 -8.754386550e+01 -8.754386550e+01 -2.9103e-01 +2.4138e-01 -5.6823e-01
6966 +1.460497988e-02 +1.460497988e-02 -8.754539502e+01 -8.754539502e+01 -2.8765e-01 +2.6059e-01 -5.9432e-01
8425 +8.777712657e-03 +8.777712657e-03 -8.755122229e+01 -8.755122229e+01 -2.8291e-01 +2.5963e-01 -5.9391e-01
9210 +5.720135709e-03 +5.720135709e-03 -8.755427986e+01 -8.755427986e+01 -2.7931e-01 +2.7978e-01 -6.2168e-01
12066 +3.976847278e-03 +3.976847278e-03 -8.755602315e+01 -8.755602315e+01 -2.7548e-01 +2.9274e-01 -6.4053e-01
14432 +2.343116185e-03 +2.343116185e-03 -8.755765688e+01 -8.755765688e+01 -2.7184e-01 +3.1021e-01 -6.6564e-01
18257 +1.529322804e-03 +1.529322804e-03 -8.755847068e+01 -8.755847068e+01 -2.6868e-01 +3.2001e-01 -6.8001e-01
19239 +8.673173476e-04 +8.673173476e-04 -8.755913268e+01 -8.755913268e+01 -2.6599e-01 +3.3087e-01 -6.9536e-01
20231 +6.234995799e-04 +6.234995799e-04 -8.755937650e+01 -8.755937650e+01 -2.6426e-01 +3.3596e-01 -7.0209e-01
23907 +3.041581515e-04 +3.041581515e-04 -8.755969584e+01 -8.755969584e+01 -2.6129e-01 +3.4775e-01 -7.1991e-01
24747 +2.457450192e-04 +2.457450192e-04 -8.755975425e+01 -8.755975425e+01 -2.6105e-01 +3.4708e-01 -7.1850e-01
26305 +1.062688180e-04 +1.062688180e-04 -8.755989373e+01 -8.755989373e+01 -2.5914e-01 +3.5370e-01 -7.2754e-01
28247 +9.804350417e-05 +9.804350417e-05 -8.755990196e+01 -8.755990196e+01 -2.5938e-01 +3.5373e-01 -7.2808e-01
% function evaluation | noise-free fitness - Fopt (6.007000000000e+01) | best noise-free fitness - Fopt | measured fitness | best measured fitness | x1 | x2...
1 +1.005883303e+05 +1.005883303e+05 +1.006484003e+05 +1.006484003e+05 +2.8500e+00 +4.5733e+00 -2.2615e+00
2 +4.805692208e+04 +4.805692208e+04 +4.811699208e+04 +4.811699208e+04 +2.7865e+00 -4.5731e+00 +1.7901e-01
4 +6.164885754e+03 +6.164885754e+03 +6.224955754e+03 +6.224955754e+03 +4.7507e-01 +2.6769e+00 +4.3837e+00
6 +1.065304708e+03 +1.065304708e+03 +1.125374708e+03 +1.125374708e+03 -2.4196e-02 -6.9743e-01 +2.7494e+00
47 +1.538109644e+02 +1.538109644e+02 +2.138809644e+02 +2.138809644e+02 +8.8517e-01 -1.1068e+00 +7.6746e-01
56 +8.819180493e+01 +8.819180493e+01 +1.482618049e+02 +1.482618049e+02 +1.3410e+00 -1.2506e+00 +1.9326e-02
72 +1.351652134e+01 +1.351652134e+01 +7.358652134e+01 +7.358652134e+01 +7.0836e-01 +7.8891e-01 +2.6052e+00
93 +2.887729727e+00 +2.887729727e+00 +6.295772973e+01 +6.295772973e+01 -1.7539e-01 -3.6365e-01 -4.4624e-01
249 +1.698071149e+00 +1.698071149e+00 +6.176807115e+01 +6.176807115e+01 -2.5690e-01 -3.7138e-01 -5.5758e-01
488 +5.292174678e-01 +5.292174678e-01 +6.059921747e+01 +6.059921747e+01 -1.7547e-01 +1.5333e-01 -2.3867e-01
1487 +1.661828079e-01 +1.661828079e-01 +6.023618281e+01 +6.023618281e+01 -6.0798e-02 +3.7722e-01 +8.3531e-02
1853 +8.142426068e-02 +8.142426068e-02 +6.015142426e+01 +6.015142426e+01 -1.5633e-02 +4.3066e-01 +1.9755e-01
2893 +5.138574827e-02 +5.138574827e-02 +6.012138575e+01 +6.012138575e+01 +1.8005e-02 +4.8694e-01 +3.2591e-01
3412 +2.703137834e-02 +2.703137834e-02 +6.009703138e+01 +6.009703138e+01 +3.4775e-02 +5.1114e-01 +3.7313e-01
3560 +2.074793392e-02 +2.074793392e-02 +6.009074793e+01 +6.009074793e+01 +3.6879e-02 +5.0911e-01 +3.7302e-01
4466 +1.501452065e-02 +1.501452065e-02 +6.008501452e+01 +6.008501452e+01 +6.5122e-02 +5.4518e-01 +4.7756e-01
4884 +7.804851080e-03 +7.804851080e-03 +6.007780485e+01 +6.007780485e+01 +6.7624e-02 +5.4386e-01 +4.7869e-01
7043 +6.291956724e-03 +6.291956724e-03 +6.007629196e+01 +6.007629196e+01 +7.0742e-02 +5.4715e-01 +4.8528e-01
8142 +3.289518383e-03 +3.289518383e-03 +6.007328952e+01 +6.007328952e+01 +8.4737e-02 +5.5869e-01 +5.3191e-01
8292 +2.375582471e-03 +2.375582471e-03 +6.007237558e+01 +6.007237558e+01 +9.1445e-02 +5.6628e-01 +5.5746e-01
8792 +1.576817589e-03 +1.576817589e-03 +6.007157682e+01 +6.007157682e+01 +9.6127e-02 +5.7257e-01 +5.7548e-01
10142 +8.054337483e-04 +8.054337483e-04 +6.007080543e+01 +6.007080543e+01 +9.6486e-02 +5.7255e-01 +5.7364e-01
11721 +5.593834758e-04 +5.593834758e-04 +6.007055938e+01 +6.007055938e+01 +1.0000e-01 +5.7646e-01 +5.8691e-01
12865 +3.096140878e-04 +3.096140878e-04 +6.007030961e+01 +6.007030961e+01 +1.0492e-01 +5.8047e-01 +6.0097e-01
13178 +1.882484601e-04 +1.882484601e-04 +6.007018825e+01 +6.007018825e+01 +1.0465e-01 +5.8113e-01 +6.0191e-01
15456 +1.583030712e-04 +1.583030712e-04 +6.007015830e+01 +6.007015830e+01 +1.0494e-01 +5.8117e-01 +6.0308e-01
18892 +9.880737482e-05 +9.880737482e-05 +6.007009881e+01 +6.007009881e+01 +1.0642e-01 +5.8248e-01 +6.0761e-01
19139 +4.584658668e-05 +4.584658668e-05 +6.007004585e+01 +6.007004585e+01 +1.1235e-01 +5.8817e-01 +6.2778e-01
20589 +3.886821627e-05 +3.886821627e-05 +6.007003887e+01 +6.007003887e+01 +1.1243e-01 +5.8812e-01 +6.2905e-01
20789 +1.992867428e-05 +1.992867428e-05 +6.007001993e+01 +6.007001993e+01 +1.1238e-01 +5.8812e-01 +6.2866e-01
21589 +1.582887801e-05 +1.582887801e-05 +6.007001583e+01 +6.007001583e+01 +1.1237e-01 +5.8812e-01 +6.2846e-01
24239 +6.266197325e-06 +6.266197325e-06 +6.007000627e+01 +6.007000627e+01 +1.1208e-01 +5.8797e-01 +6.2773e-01
24289 +2.552927484e-06 +2.552927484e-06 +6.007000255e+01 +6.007000255e+01 +1.1203e-01 +5.8798e-01 +6.2757e-01
24339 +9.565981571e-07 +9.565981571e-07 +6.007000096e+01 +6.007000096e+01 +1.1198e-01 +5.8799e-01 +6.2745e-01
24389 +5.357784829e-07 +5.357784829e-07 +6.007000054e+01 +6.007000054e+01 +1.1195e-01 +5.8800e-01 +6.2735e-01
24489 +3.508827646e-07 +3.508827646e-07 +6.007000035e+01 +6.007000035e+01 +1.1196e-01 +5.8800e-01 +6.2733e-01
% function evaluation | noise-free fitness - Fopt (-1.366300000000e+02) | best noise-free fitness - Fopt | measured fitness | best measured fitness | x1 | x2...
1 +3.281083547e+04 +3.281083547e+04 +3.267420547e+04 +3.267420547e+04 -2.1612e+00 +4.4019e+00 -3.5663e+00
2 +1.479326093e+04 +1.479326093e+04 +1.465663093e+04 +1.465663093e+04 +2.0917e+00 -4.6263e-01 +3.3258e+00
3 +5.818448829e+03 +5.818448829e+03 +5.681818829e+03 +5.681818829e+03 +1.8011e+00 +1.3456e+00 -2.0126e+00
10 +1.708931184e+03 +1.708931184e+03 +1.572301184e+03 +1.572301184e+03 -7.4498e-01 -3.2601e+00 -1.0970e+00
12 +4.752175713e+02 +4.752175713e+02 +3.385875713e+02 +3.385875713e+02 +1.4785e-01 +1.7551e+00 +5.8654e-01
49 +1.247513443e+02 +1.247513443e+02 -1.187865575e+01 -1.187865575e+01 -3.4463e-01 -6.6486e-01 -1.3922e+00
116 +8.230331973e+01 +8.230331973e+01 -5.432668027e+01 -5.432668027e+01 +4.2994e-01 +8.8162e-02 +7.9489e-01
215 +4.776320544e+01 +4.776320544e+01 -8.886679456e+01 -8.886679456e+01 +3.6188e-01 +1.6381e-01 -1.7936e-01
227 +3.167483009e+01 +3.167483009e+01 -1.049551699e+02 -1.049551699e+02 +1.0625e+00 -9.0650e-01 +9.2700e-01
284 +1.280089482e+01 +1.280089482e+01 -1.238291052e+02 -1.238291052e+02 +7.5447e-01 -3.0501e-01 +6.3688e-01
378 +9.997450737e+00 +9.997450737e+00 -1.266325493e+02 -1.266325493e+02 -3.4923e-01 +2.9879e-01 -7.1366e-01
423 +4.260644432e+00 +4.260644432e+00 -1.323693556e+02 -1.323693556e+02 -1.1493e+00 -7.3278e-02 -2.6203e-01
474 +3.977122001e+00 +3.977122001e+00 -1.326528780e+02 -1.326528780e+02 -1.0877e+00 -2.4675e-01 -2.3980e-01
893 +1.294808840e+00 +1.294808840e+00 -1.353351912e+02 -1.353351912e+02 -1.2350e-01 +3.5268e-01 -1.1595e-01
1402 +7.899797613e-01 +7.899797613e-01 -1.358400202e+02 -1.358400202e+02 -1.2809e-01 +4.4150e-01 -1.4186e-01
1669 +4.968621487e-01 +4.968621487e-01 -1.361331379e+02 -1.361331379e+02 -8.9452e-03 +3.6448e-01 -2.0167e-03
3928 +3.925163830e-01 +3.925163830e-01 -1.362374836e+02 -1.362374836e+02 +2.9728e-02 +3.3726e-01 +5.3985e-02
4278 +2.509242088e-01 +2.509242088e-01 -1.363790758e+02 -1.363790758e+02 +1.3602e-01 +2.4679e-01 +1.5469e-01
4739 +1.574044284e-01 +1.574044284e-01 -1.364725956e+02 -1.364725956e+02 +2.8606e-01 +9.0956e-02 +2.9775e-01
5985 +6.693634661e-02 +6.693634661e-02 -1.365630637e+02 -1.365630637e+02 +3.4291e-01 -1.9792e-03 +3.3669e-01
8202 +5.960405732e-02 +5.960405732e-02 -1.365703959e+02 -1.365703959e+02 +3.6035e-01 -2.3381e-02 +3.5285e-01
11536 +3.953958768e-02 +3.953958768e-02 -1.365904604e+02 -1.365904604e+02 +4.0019e-01 -6.8377e-02 +3.7875e-01
16686 +2.499270615e-02 +2.499270615e-02 -1.366050073e+02 -1.366050073e+02 +4.3699e-01 -1.2099e-01 +4.0506e-01
17797 +1.569602922e-02 +1.569602922e-02 -1.366143040e+02 -1.366143040e+02 +4.7155e-01 -1.7047e-01 +4.3014e-01
23497 +9.873334011e-03 +9.873334011e-03 -1.366201267e+02 -1.366201267e+02 +4.9696e-01 -2.0319e-01 +4.4634e-01
29582 +6.197608947e-03 +6.197608947e-03 -1.366238024e+02 -1.366238024e+02 +5.1813e-01 -2.3284e-01 +4.6054e-01
% function evaluation | noise-free fitness - Fopt (1.639300000000e+02) | best noise-free fitness - Fopt | measured fitness | best measured fitness | x1 | x2...
1 +3.811508169e+04 +3.811508169e+04 +3.827901169e+04 +3.827901169e+04 +1.4441e+00 +2.7100e+00 -2.7176e+00
3 +1.778549668e+04 +1.778549668e+04 +1.794942668e+04 +1.794942668e+04 -1.7128e+00 +3.4496e+00 -1.1093e+00
4 +2.995626450e+02 +2.995626450e+02 +4.634926450e+02 +4.634926450e+02 -3.1442e+00 -4.1038e+00 -4.1268e+00
10 +3.645905442e+01 +3.645905442e+01 +2.003890544e+02 +2.003890544e+02 -4.8057e-01 +8.8714e-02 -1.1042e+00
84 +1.091487133e+01 +1.091487133e+01 +1.748448713e+02 +1.748448713e+02 -7.4615e-01 -1.3206e+00 +1.6192e-01
325 +8.327516755e+00 +8.327516755e+00 +1.722575168e+02 +1.722575168e+02 +3.5652e-01 +8.3197e-02 +1.7029e-01
948 +5.400557084e+00 +5.400557084e+00 +1.693305571e+02 +1.693305571e+02 +5.3021e-01 -8.2286e-02 +7.1737e-01
974 +1.512743529e+00 +1.512743529e+00 +1.654427435e+02 +1.654427435e+02 +3.6829e-01 +1.0882e-01 +4.8876e-01
1705 +5.289847785e-01 +5.289847785e-01 +1.644589848e+02 +1.644589848e+02 +9.3515e-02 +3.1657e-01 +1.3752e-01
2858 +2.973462413e-01 +2.973462413e-01 +1.642273462e+02 +1.642273462e+02 -5.5605e-03 +3.2843e-01 -4.9367e-03
3322 +2.330571619e-01 +2.330571619e-01 +1.641630572e+02 +1.641630572e+02 -5.7759e-03 +3.1995e-01 +7.5725e-03
3707 +1.499466097e-01 +1.499466097e-01 +1.640799466e+02 +1.640799466e+02 -4.5496e-01 +3.5609e-01 -6.5478e-01
3826 +8.694059050e-02 +8.694059050e-02 +1.640169406e+02 +1.640169406e+02 -4.7847e-01 +3.5862e-01 -7.4195e-01
4614 +4.310128407e-02 +4.310128407e-02 +1.639731013e+02 +1.639731013e+02 -5.0563e-01 +3.5039e-01 -7.8621e-01
5198 +4.200081980e-03 +4.200081980e-03 +1.639342001e+02 +1.639342001e+02 -4.2940e-01 +3.5767e-01 -6.3481e-01
6798 +1.687708251e-03 +1.687708251e-03 +1.639316877e+02 +1.639316877e+02 -4.2991e-01 +3.5393e-01 -6.4071e-01
7076 +4.507256934e-04 +4.507256934e-04 +1.639304507e+02 +1.639304507e+02 -4.4451e-01 +3.5355e-01 -6.6751e-01
7826 +1.084476557e-04 +1.084476557e-04 +1.639301084e+02 +1.639301084e+02 -4.4701e-01 +3.5363e-01 -6.7062e-01
10176 +9.775066363e-05 +9.775066363e-05 +1.639300978e+02 +1.639300978e+02 -4.4741e-01 +3.5368e-01 -6.7120e-01
11979 +4.110469797e-05 +4.110469797e-05 +1.639300411e+02 +1.639300411e+02 -4.4547e-01 +3.5419e-01 -6.6793e-01
13676 +3.841940989e-05 +3.841940989e-05 +1.639300384e+02 +1.639300384e+02 -4.4535e-01 +3.5426e-01 -6.6766e-01
14590 +8.749396301e-06 +8.749396301e-06 +1.639300087e+02 +1.639300087e+02 -4.4093e-01 +3.5496e-01 -6.5976e-01
15490 +5.510453065e-06 +5.510453065e-06 +1.639300055e+02 +1.639300055e+02 -4.4106e-01 +3.5480e-01 -6.6002e-01
18290 +3.948067189e-06 +3.948067189e-06 +1.639300039e+02 +1.639300039e+02 -4.4103e-01 +3.5482e-01 -6.6002e-01
18416 +2.136651432e-06 +2.136651432e-06 +1.639300021e+02 +1.639300021e+02 -4.4037e-01 +3.5490e-01 -6.5895e-01
18949 +1.579281303e-06 +1.579281303e-06 +1.639300016e+02 +1.639300016e+02 -4.4034e-01 +3.5492e-01 -6.5884e-01
21280 +7.283203729e-07 +7.283203729e-07 +1.639300007e+02 +1.639300007e+02 -4.3974e-01 +3.5497e-01 -6.5779e-01
21488 +5.878178513e-07 +5.878178513e-07 +1.639300006e+02 +1.639300006e+02 -4.3979e-01 +3.5499e-01 -6.5787e-01
22780 +3.844614014e-07 +3.844614014e-07 +1.639300004e+02 +1.639300004e+02 -4.3965e-01 +3.5502e-01 -6.5764e-01
25540 +2.166246702e-07 +2.166246702e-07 +1.639300002e+02 +1.639300002e+02 -4.3954e-01 +3.5503e-01 -6.5744e-01
27388 +1.533399256e-07 +1.533399256e-07 +1.639300002e+02 +1.639300002e+02 -4.3945e-01 +3.5503e-01 -6.5729e-01
29714 +9.440219628e-08 +9.440219628e-08 +1.639300001e+02 +1.639300001e+02 -4.3936e-01 +3.5505e-01 -6.5712e-01
% function evaluation | noise-free fitness - Fopt (-5.002000000000e+01) | best noise-free fitness - Fopt | measured fitness | best measured fitness | x1 | x2...
1 +1.138123188e+04 +1.138123188e+04 +1.133121188e+04 +1.133121188e+04 +2.7521e+00 -3.0592e+00 -2.7343e+00
7 +5.645323232e+03 +5.645323232e+03 +5.595303232e+03 +5.595303232e+03 -5.8624e-01 -1.3897e+00 -1.9324e+00
20 +1.904548293e+02 +1.904548293e+02 +1.404348293e+02 +1.404348293e+02 -5.4538e-01 +1.1890e+00 +1.2461e+00
62 +9.732801176e+01 +9.732801176e+01 +4.730801176e+01 +4.730801176e+01 -1.9133e-01 +6.3048e-01 +6.5182e-01
109 +5.279316841e+01 +5.279316841e+01 +2.773168407e+00 +2.773168407e+00 +7.6374e-03 +4.4502e-01 +2.8161e-01
124 +1.090964320e+01 +1.090964320e+01 -3.911035680e+01 -3.911035680e+01 +8.2259e-01 +9.2726e-01 +8.0916e-01
219 +2.435099467e+00 +2.435099467e+00 -4.758490053e+01 -4.758490053e+01 -2.3156e-01 -2.2589e-01 +1.0179e-01
460 +1.248892922e+00 +1.248892922e+00 -4.877110708e+01 -4.877110708e+01 -3.1623e-01 -3.1105e-01 +3.2705e-02
634 +7.261406708e-01 +7.261406708e-01 -4.929385933e+01 -4.929385933e+01 -2.6217e-01 -2.5115e-01 +5.6507e-02
1142 +2.861875410e-01 +2.861875410e-01 -4.973381246e+01 -4.973381246e+01 -1.9368e-01 -3.1765e-01 +2.3590e-02
1242 +2.231304831e-01 +2.231304831e-01 -4.979686952e+01 -4.979686952e+01 -2.4014e-01 -3.2132e-01 +4.4421e-02
1908 +1.461072240e-01 +1.461072240e-01 -4.987389278e+01 -4.987389278e+01 -2.1400e-01 -3.0780e-01 +5.4991e-02
2988 +9.742389291e-02 +9.742389291e-02 -4.992257611e+01 -4.992257611e+01 -2.7831e-01 -3.0476e-01 +7.0446e-02
3388 +3.970289071e-02 +3.970289071e-02 -4.998029711e+01 -4.998029711e+01 -6.0425e-01 -2.5822e-01 +1.7149e-01
3638 +2.077879053e-02 +2.077879053e-02 -4.999922121e+01 -4.999922121e+01 -5.9624e-01 -2.4950e-01 +1.6943e-01
4038 +1.508676176e-02 +1.508676176e-02 -5.000491324e+01 -5.000491324e+01 -5.9176e-01 -2.5111e-01 +1.6571e-01
6493 +9.898910848e-03 +9.898910848e-03 -5.001010109e+01 -5.001010109e+01 -6.3351e-01 -2.4356e-01 +1.7618e-01
8792 +6.295328809e-03 +6.295328809e-03 -5.001370467e+01 -5.001370467e+01 -6.6648e-01 -2.3451e-01 +1.8521e-01
10405 +3.789447345e-03 +3.789447345e-03 -5.001621055e+01 -5.001621055e+01 -7.0336e-01 -2.2632e-01 +1.9598e-01
11740 +2.479122396e-03 +2.479122396e-03 -5.001752088e+01 -5.001752088e+01 -7.1945e-01 -2.2103e-01 +2.0020e-01
11797 +1.128522214e-03 +1.128522214e-03 -5.001887148e+01 -5.001887148e+01 -7.4940e-01 -2.1332e-01 +2.0806e-01
13925 +9.592877772e-04 +9.592877772e-04 -5.001904071e+01 -5.001904071e+01 -7.5565e-01 -2.1184e-01 +2.0952e-01
17204 +5.923225122e-04 +5.923225122e-04 -5.001940768e+01 -5.001940768e+01 -7.6753e-01 -2.0840e-01 +2.1273e-01
21386 +3.659400713e-04 +3.659400713e-04 -5.001963406e+01 -5.001963406e+01 -7.8479e-01 -2.0402e-01 +2.1790e-01
21434 +2.244002343e-04 +2.244002343e-04 -5.001977560e+01 -5.001977560e+01 -7.8780e-01 -2.0322e-01 +2.1800e-01
22934 +1.584481140e-04 +1.584481140e-04 -5.001984155e+01 -5.001984155e+01 -7.9939e-01 -2.0042e-01 +2.2128e-01
23033 +7.032950909e-05 +7.032950909e-05 -5.001992967e+01 -5.001992967e+01 -7.9888e-01 -1.9971e-01 +2.2115e-01
24236 +6.253625565e-05 +6.253625565e-05 -5.001993746e+01 -5.001993746e+01 -8.0322e-01 -1.9910e-01 +2.2226e-01
24484 +3.161592160e-05 +3.161592160e-05 -5.001996838e+01 -5.001996838e+01 -8.0292e-01 -1.9893e-01 +2.2216e-01
28310 +1.706185204e-05 +1.706185204e-05 -5.001998294e+01 -5.001998294e+01 -8.0559e-01 -1.9803e-01 +2.2293e-01
28759 +1.545509797e-05 +1.545509797e-05 -5.001998454e+01 -5.001998454e+01 -8.0627e-01 -1.9782e-01 +2.2310e-01
% function evaluation | noise-free fitness - Fopt (5.888600000000e+02) | best noise-free fitness - Fopt | measured fitness | best measured fitness | x1 | x2...
1 +6.443179868e+04 +6.443179868e+04 +6.502065868e+04 +6.502065868e+04 +1.7635e+00 -3.1930e+00 +4.2887e+00
4 +2.563637554e+04 +2.563637554e+04 +2.622523554e+04 +2.622523554e+04 +6.7553e-01 +4.9820e+00 -3.8513e+00
5 +2.358427768e+04 +2.358427768e+04 +2.417313768e+04 +2.417313768e+04 -4.1894e+00 +2.0219e+00 -1.7945e-01
8 +1.815363254e+03 +1.815363254e+03 +2.404223254e+03 +2.404223254e+03 -2.8710e+00 -3.0963e+00 -6.5365e-01
37 +1.231888867e+03 +1.231888867e+03 +1.820748867e+03 +1.820748867e+03 -2.3449e+00 -2.1413e+00 +4.4304e-01
43 +2.784645627e+02 +2.784645627e+02 +8.673245627e+02 +8.673245627e+02 -8.3742e-01 -9.0747e-01 -9.2994e-01
53 +1.598122890e+02 +1.598122890e+02 +7.486722890e+02 +7.486722890e+02 +1.3989e-01 -5.3111e-01 -4.8392e-01
64 +1.515931185e+02 +1.515931185e+02 +7.404531185e+02 +7.404531185e+02 +9.1608e-01 -1.5336e-01 -2.2667e-01
110 +8.192381262e+00 +8.192381262e+00 +5.970523813e+02 +5.970523813e+02 -1.5323e+00 +4.1130e-01 +1.0074e+00
435 +5.999476549e+00 +5.999476549e+00 +5.948594765e+02 +5.948594765e+02 -1.5124e+00 +3.3634e-01 +1.0346e+00
438 +2.223682001e+00 +2.223682001e+00 +5.910836820e+02 +5.910836820e+02 +1.8866e-01 -6.7622e-01 +4.7257e-01
962 +4.957612286e-01 +4.957612286e-01 +5.893557612e+02 +5.893557612e+02 +1.6369e-01 -7.9487e-01 +4.5654e-01
1162 +2.146688684e-01 +2.146688684e-01 +5.890746689e+02 +5.890746689e+02 +1.5803e-01 -7.9239e-01 +4.8581e-01
1512 +5.462583865e-02 +5.462583865e-02 +5.889146258e+02 +5.889146258e+02 +1.4802e-01 -7.9088e-01 +4.7887e-01
1593 +2.990933945e-02 +2.990933945e-02 +5.888899093e+02 +5.888899093e+02 +1.3539e-01 -7.6333e-01 +4.5971e-01
2650 +3.327421320e-03 +3.327421320e-03 +5.888633274e+02 +5.888633274e+02 +1.8612e-01 -6.4655e-01 +3.9161e-01
3536 +1.994374199e-03 +1.994374199e-03 +5.888619944e+02 +5.888619944e+02 +1.7457e-01 -6.8312e-01 +4.1465e-01
4120 +7.102518745e-04 +7.102518745e-04 +5.888607103e+02 +5.888607103e+02 +1.7425e-01 -6.8534e-01 +4.1464e-01
7977 +2.455259880e-05 +2.455259880e-05 +5.888600246e+02 +5.888600246e+02 +1.6061e-01 -7.2326e-01 +4.3711e-01
10784 +1.159653766e-05 +1.159653766e-05 +5.888600116e+02 +5.888600116e+02 +1.6038e-01 -7.2319e-01 +4.3702e-01
17602 +9.992335663e-06 +9.992335663e-06 +5.888600100e+02 +5.888600100e+02 +1.6033e-01 -7.2342e-01 +4.3718e-01
20693 +6.182926882e-06 +6.182926882e-06 +5.888600062e+02 +5.888600062e+02 +1.5988e-01 -7.2459e-01 +4.3787e-01
23472 +3.928477213e-06 +3.928477213e-06 +5.888600039e+02 +5.888600039e+02 +1.5961e-01 -7.2540e-01 +4.3837e-01
27931 +2.326395816e-06 +2.326395816e-06 +5.888600023e+02 +5.888600023e+02 +1.5930e-01 -7.2625e-01 +4.3887e-01
29441 +5.500396583e-07 +5.500396583e-07 +5.888600006e+02 +5.888600006e+02 +1.5877e-01 -7.2770e-01 +4.3974e-01
% function evaluation | noise-free fitness - Fopt (-3.294000000000e+01) | best noise-free fitness - Fopt | measured fitness | best measured fitness | x1 | x2...
1 +1.948430505e+03 +1.948430505e+03 +1.915490505e+03 +1.915490505e+03 -6.2673e-01 +4.3529e+00 -7.2136e-01
7 +7.995535175e+02 +7.995535175e+02 +7.666135175e+02 +7.666135175e+02 +2.5629e+00 -8.4627e-04 -8.0422e-01
17 +2.483072767e+02 +2.483072767e+02 +2.153672767e+02 +2.153672767e+02 -8.2373e-01 +4.3929e+00 -3.3354e+00
36 +2.580777339e+01 +2.580777339e+01 -7.132226609e+00 -7.132226609e+00 -7.0797e-01 +2.5877e+00 -1.9897e+00
83 +8.346808275e+00 +8.346808275e+00 -2.459319173e+01 -2.459319173e+01 +3.3680e-01 +1.0068e+00 +9.9533e-01
348 +5.365537749e+00 +5.365537749e+00 -2.757446225e+01 -2.757446225e+01 +5.9279e-01 -2.4061e-02 +9.1398e-01
618 +2.967086703e+00 +2.967086703e+00 -2.997291330e+01 -2.997291330e+01 -1.2416e-01 -1.4176e-01 -2.9399e-02
832 +1.495205052e+00 +1.495205052e+00 -3.144479495e+01 -3.144479495e+01 -4.9976e-02 -4.7408e-01 +4.6841e-02
968 +9.549557090e-01 +9.549557090e-01 -3.198504429e+01 -3.198504429e+01 -1.0753e-01 -3.6579e-01 +5.5906e-02
1814 +5.889510905e-01 +5.889510905e-01 -3.235104891e+01 -3.235104891e+01 -6.2214e-02 -4.0275e-01 +5.6253e-02
2663 +3.842719958e-01 +3.842719958e-01 -3.255572800e+01 -3.255572800e+01 -1.3151e-01 -3.1718e-01 -1.9482e-02
3490 +2.505221324e-01 +2.505221324e-01 -3.268947787e+01 -3.268947787e+01 -2.1796e-01 -1.9984e-01 -1.0635e-01
5694 +1.581004368e-01 +1.581004368e-01 -3.278189956e+01 -3.278189956e+01 -2.7956e-01 -1.0697e-01 -1.8316e-01
6363 +9.803389234e-02 +9.803389234e-02 -3.284196611e+01 -3.284196611e+01 -3.5038e-01 +6.9556e-03 -2.7131e-01
6664 +6.014726968e-02 +6.014726968e-02 -3.287985273e+01 -3.287985273e+01 -3.7431e-01 +7.3382e-02 -3.1102e-01
12005 +3.629485746e-02 +3.629485746e-02 -3.290370514e+01 -3.290370514e+01 -4.1422e-01 +1.7254e-01 -3.7225e-01
12840 +2.504400567e-02 +2.504400567e-02 -3.291495599e+01 -3.291495599e+01 -4.2273e-01 +1.9719e-01 -3.9254e-01
16731 +1.532787543e-02 +1.532787543e-02 -3.292467212e+01 -3.292467212e+01 -4.4111e-01 +2.4736e-01 -4.2527e-01
18917 +9.932691422e-03 +9.932691422e-03 -3.293006731e+01 -3.293006731e+01 -4.5689e-01 +2.8781e-01 -4.5063e-01
23406 +5.931062303e-03 +5.931062303e-03 -3.293406894e+01 -3.293406894e+01 -4.6616e-01 +3.1766e-01 -4.7105e-01
24756 +3.184341989e-03 +3.184341989e-03 -3.293681566e+01 -3.293681566e+01 -4.7607e-01 +3.5050e-01 -4.9114e-01
27256 +2.279093163e-03 +2.279093163e-03 -3.293772091e+01 -3.293772091e+01 -4.7978e-01 +3.6576e-01 -5.0075e-01
% function evaluation | noise-free fitness - Fopt (-1.116200000000e+02) | best noise-free fitness - Fopt | measured fitness | best measured fitness | x1 | x2...
1 +4.758738840e+03 +4.758738840e+03 +4.647118840e+03 +4.647118840e+03 -4.3185e+00 +1.0295e+00 -1.2908e+00
4 +7.915316291e+02 +7.915316291e+02 +6.799116291e+02 +6.799116291e+02 -2.2723e+00 -1.0396e-01 +1.0541e+00
25 +1.659355990e+02 +1.659355990e+02 +5.431559897e+01 +5.431559897e+01 +2.4817e-01 -2.6306e-01 +1.9781e+00
85 +1.510009566e+01 +1.510009566e+01 -9.651990434e+01 -9.651990434e+01 -8.3073e-01 -8.9093e-01 -2.8946e-01
215 +5.953299848e+00 +5.953299848e+00 -1.056667002e+02 -1.056667002e+02 -5.8413e-01 -7.7743e-01 -2.7605e-01
654 +3.772410733e+00 +3.772410733e+00 -1.078475893e+02 -1.078475893e+02 -7.7892e-01 -7.1835e-01 -1.8742e-01
733 +2.062144193e+00 +2.062144193e+00 -1.095578558e+02 -1.095578558e+02 -2.8412e-01 -2.9252e-01 -5.2975e-01
987 +1.583944907e+00 +1.583944907e+00 -1.100360551e+02 -1.100360551e+02 -3.4052e-01 -2.6735e-01 -4.1010e-01
1089 +9.202260058e-01 +9.202260058e-01 -1.106997740e+02 -1.106997740e+02 -2.3475e-01 -1.1102e-01 -4.7056e-01
1610 +5.009576161e-01 +5.009576161e-01 -1.111190424e+02 -1.111190424e+02 -8.6997e-02 +9.0743e-02 -3.3566e-01
2413 +3.324082450e-01 +3.324082450e-01 -1.112875918e+02 -1.112875918e+02 -1.6968e-03 +1.7487e-01 -2.6075e-01
3645 +2.443834749e-01 +2.443834749e-01 -1.113756165e+02 -1.113756165e+02 +5.1965e-02 +2.2938e-01 -2.1850e-01
4549 +1.490944707e-01 +1.490944707e-01 -1.114709055e+02 -1.114709055e+02 +1.5271e-01 +3.1252e-01 -1.1480e-01
5346 +9.896702121e-02 +9.896702121e-02 -1.115210330e+02 -1.115210330e+02 +2.0894e-01 +3.5710e-01 -4.4823e-02
7260 +5.035646706e-02 +5.035646706e-02 -1.115696435e+02 -1.115696435e+02 +2.9832e-01 +4.1895e-01 +5.9639e-02
9620 +3.958819513e-02 +3.958819513e-02 -1.115804118e+02 -1.115804118e+02 +3.2537e-01 +4.3575e-01 +8.9458e-02
13884 +2.469375687e-02 +2.469375687e-02 -1.115953062e+02 -1.115953062e+02 +3.6973e-01 +4.6278e-01 +1.4345e-01
16301 +1.405901931e-02 +1.405901931e-02 -1.116059410e+02 -1.116059410e+02 +4.1715e-01 +4.8720e-01 +2.0067e-01
17042 +9.185749208e-03 +9.185749208e-03 -1.116108143e+02 -1.116108143e+02 +4.4291e-01 +5.0365e-01 +2.2957e-01
21298 +5.237192791e-03 +5.237192791e-03 -1.116147628e+02 -1.116147628e+02 +4.8065e-01 +5.2435e-01 +2.7659e-01
22330 +3.928607213e-03 +3.928607213e-03 -1.116160714e+02 -1.116160714e+02 +4.7795e-01 +5.2065e-01 +2.7291e-01
