% function evaluation | noise-free fitness - Fopt (7.948000000000e+01) | best noise-free fitness - Fopt | measured fitness | best measured fitness | x1 | x2...
1 +1.630370933e+02 +1.630370933e+02 +2.425170933e+02 +2.425170933e+02 +4.5013e+00 -3.0657e+00 +8.2792e-01 -4.8575e-01 -6.0209e-01 -1.2411e+00 -1.3969e+00 +4.0899e+00 -2.1406e+00 -4.5095e+00 -4.8514e+00 +3.2803e+00 +3.9520e+00 +2.7209e+00 +1.0153e-01 +4.4251e+00 -3.0100e+00 -4.3172e+00 -4.7281e+00 -2.3679e+00
2 +1.489551484e+02 +1.489551484e+02 +2.284351484e+02 +2.284351484e+02 -2.6886e+00 +1.8222e+00 -7.6504e-01 -4.5610e+00 -1.5995e+00 -4.9012e+00 +4.8513e-01 +9.6247e-01 -1.0587e+00 +2.5534e+00 -2.1181e+00 +4.1756e+00 +4.4239e+00 -1.2018e+00 +2.1396e+00 +2.7015e+00 +1.7427e+00 -3.7477e+00 +2.9367e+00 +2.1379e+00
79 +8.064861680e+01 +8.064861680e+01 +1.601286168e+02 +1.601286168e+02 +1.2887e+00 -3.0543e+00 -1.5543e+00 -1.6630e+00 -2.4252e+00 +9.7659e-01 +1.2844e+00 +2.4733e+00 -9.2497e-02 -1.7661e+00 -1.9441e+00 +3.7333e+00 -1.9321e+00 +1.5404e+00 +4.5134e+00 +5.0000e+00 +2.9661e-01 -4.3822e-01 +9.6213e-03 +4.3815e+00
179 +6.136891030e+01 +6.136891030e+01 +1.408489103e+02 +1.408489103e+02 +1.7337e+00 +0.0000e+00 -1.8531e+00 +2.1328e+00 -3.2536e+00 +6.9768e-01 +1.2720e-01 +2.5066e+00 +1.3061e+00 -3.4050e-01 -1.6849e+00 +3.5503e+00 +0.0000e+00 +1.6116e+00 +4.1809e+00 +4.6821e+00 -8.0673e-01 -9.0126e-01 -4.9265e-01 +2.7826e+00
378 +3.701912066e+01 +3.701912066e+01 +1.164991207e+02 +1.164991207e+02 -3.3535e-01 -3.1567e+00 +2.0538e-01 +6.0260e-01 -2.0449e+00 +3.2506e-01 -7.4106e-01 +1.3222e-01 +1.0669e+00 -3.3461e+00 -3.6859e+00 -6.6706e-01 -2.4390e-01 +2.6446e-01 +4.2983e+00 +2.7290e+00 +5.5200e-02 -2.2162e+00 +1.9316e+00 -1.6623e+00
702 +2.186216377e+01 +2.186216377e+01 +1.013421638e+02 +1.013421638e+02 +4.7158e-01 -1.8725e+00 +1.1875e+00 +2.2034e+00 -2.7424e+00 +2.7406e-01 -1.4654e+00 -2.3690e-01 +5.2065e-02 -1.5227e+00 -3.4570e+00 +3.4358e+00 -7.0980e-01 -1.8795e-01 +2.0889e+00 +2.8377e+00 +9.0816e-01 -2.7569e+00 +2.4184e+00 +1.0145e+00
810 +1.395367567e+01 +1.395367567e+01 +9.343367567e+01 +9.343367567e+01 +7.2342e-01 -1.8739e+00 -5.1870e-01 +2.5470e+00 -2.3565e+00 -1.3959e-01 -3.8729e-01 -5.3687e-01 -4.7058e-02 -3.2750e+00 -4.4101e+00 +4.0941e+00 -1.7822e-01 -5.7385e-01 +3.2761e+00 +3.0307e+00 +1.1349e-01 -3.1802e+00 +2.2510e+00 -6.2837e-02
1291 +9.369478474e+00 +9.369478474e+00 +8.884947847e+01 +8.884947847e+01 +2.8261e-01 -1.7016e+00 -3.4512e-01 +2.7386e+00 -2.4010e+00 +1.4043e+00 -4.0865e-01 +3.6095e-01 -5.1601e-01 -3.4301e+00 -3.9320e+00 +3.8788e+00 +5.0002e-01 +1.6068e-01 +4.2270e+00 +2.7050e+00 +4.3571e-01 -3.3109e+00 +1.4970e+00 +1.2505e+00
1509 +5.595977656e+00 +5.595977656e+00 +8.507597766e+01 +8.507597766e+01 -2.4609e-01 -1.9863e+00 -6.7652e-01 +2.6539e+00 -2.3244e+00 -1.3081e-01 -7.7524e-01 +6.3365e-01 -5.6960e-01 -2.8210e+00 -3.6826e+00 +1.9648e+00 +1.1293e+00 -3.7244e-01 +3.1450e+00 +2.9473e+00 +5.7582e-01 -3.5596e+00 +2.9215e+00 +6.6837e-01
1992 +3.414971296e+00 +3.414971296e+00 +8.289497130e+01 +8.289497130e+01 -1.5152e-01 -1.9880e+00 -6.3495e-01 +1.8709e+00 -2.2122e+00 +8.4057e-01 -2.7722e-01 +6.1047e-01 -1.6714e+00 -2.5727e+00 -3.9035e+00 +2.0955e+00 +8.7243e-01 +2.7688e-02 +3.5162e+00 +3.0790e+00 +7.9477e-01 -3.7512e+00 +1.6043e+00 +1.0311e+00
2913 +2.359082045e+00 +2.359082045e+00 +8.183908205e+01 +8.183908205e+01 +7.3516e-02 -1.9376e+00 -5.5263e-01 +1.6339e+00 -2.5019e+00 +6.4407e-01 -1.8564e-01 +7.8323e-01 -1.3527e+00 -2.6067e+00 -3.8266e+00 +1.7167e+00 +7.0105e-01 +3.3153e-01 +3.7639e+00 +2.6861e+00 +4.3504e-01 -3.9814e+00 +2.2549e+00 +1.3790e+00
3336 +1.472366381e+00 +1.472366381e+00 +8.095236638e+01 +8.095236638e+01 +2.9870e-01 -1.9257e+00 -6.9079e-01 +1.7756e+00 -2.4300e+00 +5.4017e-01 -5.2560e-01 -3.0037e-02 -1.5249e+00 -2.8328e+00 -3.8439e+00 +2.0665e+00 +9.3958e-01 +4.5236e-01 +3.7066e+00 +2.6339e+00 -3.8640e-02 -4.0122e+00 +2.6894e+00 +1.2275e+00
3747 +8.512104334e-01 +8.512104334e-01 +8.033121043e+01 +8.033121043e+01 +3.5794e-01 -1.6567e+00 -4.4760e-01 +2.0037e+00 -2.4540e+00 +4.7593e-01 -4.5503e-01 +4.7662e-02 -1.4477e+00 -3.0150e+00 -3.8747e+00 +2.0968e+00 +9.7934e-01 -5.4289e-01 +3.6867e+00 +2.9172e+00 -1.5514e-03 -4.0005e+00 +2.5756e+00 +1.4198e+00
4230 +6.132151025e-01 +6.132151025e-01 +8.009321510e+01 +8.009321510e+01 +4.0997e-01 -1.4735e+00 -5.5666e-01 +1.6414e+00 -2.6906e+00 +3.6277e-01 -2.0292e-01 +6.2804e-02 -1.4076e+00 -2.7222e+00 -3.9013e+00 +2.0670e+00 +9.2838e-01 -3.8893e-01 +3.6596e+00 +2.7674e+00 +6.6193e-02 -3.9412e+00 +2.4460e+00 +1.2319e+00
4621 +3.727494229e-01 +3.727494229e-01 +7.985274942e+01 +7.985274942e+01 +3.6574e-01 -1.0180e+00 -6.8402e-01 +1.7693e+00 -2.6870e+00 +4.2156e-01 -7.5565e-02 +1.0040e-01 -1.4328e+00 -2.7350e+00 -3.9996e+00 +2.1138e+00 +1.0674e+00 -1.3265e-02 +3.6863e+00 +2.7218e+00 +1.3840e-01 -3.9716e+00 +2.4902e+00 +1.2608e+00
% function evaluation | noise-free fitness - Fopt (3.944800000000e+02) | best noise-free fitness - Fopt | measured fitness | best measured fitness | x1 | x2...
1 +2.830858392e+02 +2.830858392e+02 +6.775658392e+02 +6.775658392e+02 +4.5013e+00 -3.0657e+00 +8.2792e-01 -4.8575e-01 -6.0209e-01 -1.2411e+00 -1.3969e+00 +4.0899e+00 -2.1406e+00 -4.5095e+00 -4.8514e+00 +3.2803e+00 +3.9520e+00 +2.7209e+00 +1.0153e-01 +4.4251e+00 -3.0100e+00 -4.3172e+00 -4.7281e+00 -2.3679e+00
4 +2.208021955e+02 +2.208021955e+02 +6.152821955e+02 +6.152821955e+02 -1.4018e-01 +4.1674e-01 -1.6605e+00 -1.8731e+00 -1.3492e+00 +2.5367e+00 +9.7345e-01 -2.1806e-01 +2.2198e+00 -2.1385e+00 +4.8548e+00 +3.1213e+00 -6.2636e-01 -1.6940e-01 +1.0587e+00 +3.6626e+00 -1.5618e+00 +4.1142e+00 -3.8976e+00 +1.3712e+00
74 +1.339825393e+02 +1.339825393e+02 +5.284625393e+02 +5.284625393e+02 -5.0000e+00 +3.0067e+00 -3.7664e+00 +2.0969e+00 -6.8994e-01 -2.9725e+00 -2.1668e+00 +7.0343e-01 -1.6362e+00 -5.0000e+00 +5.0000e+00 +4.1175e+00 -1.7493e+00 -4.9154e-01 -1.1969e+00 +3.1674e+00 -1.7072e+00 -9.0098e-01 +1.0139e+00 +4.3593e-01
105 +8.671319578e+01 +8.671319578e+01 +4.811931958e+02 +4.811931958e+02 -5.0000e+00 +2.0435e+00 -1.8397e+00 +5.0000e+00 +2.5032e+00 -5.0000e+00 +1.5816e+00 +1.4960e-01 -2.2213e+00 -5.0000e+00 +0.0000e+00 -2.0478e+00 -3.2501e+00 +2.7296e+00 -4.4078e+00 +3.4603e+00 -3.7115e+00 -1.2881e+00 +6.9041e-01 +2.9073e-01
280 +5.524531712e+01 +5.524531712e+01 +4.497253171e+02 +4.497253171e+02 -5.0000e+00 -7.6924e-01 -2.4280e+00 +4.1745e+00 -1.1271e+00 -4.3458e+00 +1.6773e+00 -2.3705e+00 +0.0000e+00 -4.9389e+00 +4.9324e+00 +1.4740e+00 -1.0998e-01 +1.3770e+00 -4.7524e+00 +3.6811e+00 -3.0246e+00 +1.5922e+00 -1.3364e+00 -4.2876e-01
352 +2.921168337e+01 +2.921168337e+01 +4.236916834e+02 +4.236916834e+02 -4.9313e+00 -1.3191e+00 -5.0000e+00 +5.0000e+00 +6.7738e-01 -2.1802e+00 +3.6739e+00 -2.3343e+00 -2.0976e-01 -4.8336e+00 +4.1133e+00 +7.0682e-01 +2.5702e+00 +2.8138e+00 -4.6146e+00 +2.7580e+00 -3.1236e+00 -4.4519e+00 +5.6747e-01 +1.8953e+00
411 +2.036227852e+01 +2.036227852e+01 +4.148422785e+02 +4.148422785e+02 -4.8386e+00 -2.0526e+00 -4.2013e+00 +5.0000e+00 -3.1126e-01 -2.5359e+00 +4.6696e+00 -3.1298e-01 -4.3522e-01 -4.8510e+00 +3.9693e+00 +1.8125e+00 +2.2785e+00 +3.5695e+00 -4.7945e+00 +2.8715e+00 -3.6604e+00 -3.6695e+00 +5.1265e-01 +2.2369e+00
714 +1.375983814e+01 +1.375983814e+01 +4.082398381e+02 +4.082398381e+02 -4.8806e+00 -2.7497e+00 -4.5962e+00 +4.3555e+00 -6.1062e-01 -2.3677e+00 +3.8251e+00 -8.1334e-01 -7.9270e-01 -4.8492e+00 +3.7857e+00 +1.3170e+00 +1.4051e+00 +2.3524e+00 -3.5058e+00 +2.3702e+00 -3.8222e+00 -8.4865e-01 -1.8813e-01 +3.8139e-01
965 +5.752978985e+00 +5.752978985e+00 +4.002329790e+02 +4.002329790e+02 -4.2888e+00 -2.1269e+00 -4.5048e+00 +4.2845e+00 +3.4093e-01 -2.3167e+00 +3.6602e+00 -1.2335e+00 -9.4323e-01 -4.9368e+00 +2.8151e+00 +4.7169e-01 +1.2669e+00 +3.9586e+00 -3.7465e+00 +2.7678e+00 -2.6375e+00 -1.0448e+00 +3.1422e-01 +1.3866e+00
1272 +3.764381888e+00 +3.764381888e+00 +3.982443819e+02 +3.982443819e+02 -4.1287e+00 -3.9356e+00 -4.2075e+00 +3.9376e+00 +5.5815e-01 -2.6390e+00 +3.4964e+00 -6.2887e-01 -5.1633e-01 -4.8236e+00 +1.5902e+00 +9.0780e-01 +1.1172e+00 +3.1655e+00 -3.9019e+00 +2.6426e+00 -2.9628e+00 -1.2064e+00 +6.5678e-02 +1.1581e+00
1633 +2.458867088e+00 +2.458867088e+00 +3.969388671e+02 +3.969388671e+02 -4.1768e+00 -2.8298e+00 -3.7646e+00 +4.0527e+00 +8.0378e-01 -2.6207e+00 +3.3191e+00 -6.6275e-01 -4.4359e-01 -4.9118e+00 +1.9812e+00 +1.6409e+00 +1.5593e+00 +3.7955e+00 -3.9985e+00 +2.3342e+00 -2.9597e+00 -1.3307e+00 -1.6988e-01 +1.1294e+00
2343 +1.574832210e+00 +1.574832210e+00 +3.960548322e+02 +3.960548322e+02 -4.3769e+00 -3.4187e+00 -3.5579e+00 +4.1198e+00 +7.3658e-01 -2.5610e+00 +3.2244e+00 -6.8125e-01 -4.1930e-01 -4.2552e+00 +1.9841e+00 +1.3186e+00 +1.2629e+00 +3.9424e+00 -3.9513e+00 +3.1719e+00 -3.1089e+00 -1.2549e+00 -6.4597e-02 +1.2619e+00
2693 +9.295401855e-01 +9.295401855e-01 +3.954095402e+02 +3.954095402e+02 -4.3523e+00 -3.0551e+00 -3.7040e+00 +4.2069e+00 +9.0911e-01 -2.6793e+00 +3.1644e+00 -7.1227e-01 -6.0949e-01 -4.1135e+00 +1.9948e+00 +1.1832e+00 +1.3315e+00 +4.0667e+00 -3.8840e+00 +2.8977e+00 -3.0745e+00 -1.2737e+00 -1.5519e-02 +1.3588e+00
3058 +6.298003526e-01 +6.298003526e-01 +3.951098004e+02 +3.951098004e+02 -4.3489e+00 -2.7511e+00 -3.6730e+00 +4.1092e+00 +9.0143e-01 -2.6989e+00 +3.2241e+00 -5.6455e-01 -7.8908e-01 -3.8734e+00 +1.9981e+00 +1.3055e+00 +1.5299e+00 +4.0356e+00 -3.8078e+00 +3.2398e+00 -3.1061e+00 -1.2900e+00 +7.0582e-02 +1.1680e+00
4044 +3.749548230e-01 +3.749548230e-01 +3.948549548e+02 +3.948549548e+02 -4.3390e+00 -2.9689e+00 -3.7042e+00 +3.9023e+00 +8.4811e-01 -2.6620e+00 +3.2432e+00 -5.7555e-01 -7.3939e-01 -3.7647e+00 +1.9809e+00 +1.2469e+00 +1.4980e+00 +3.6829e+00 -3.7133e+00 +2.9451e+00 -2.9657e+00 -1.4003e+00 +8.4035e-02 +1.1889e+00
4394 +2.465330199e-01 +2.465330199e-01 +3.947265330e+02 +3.947265330e+02 -4.0454e+00 -3.0839e+00 -3.8363e+00 +3.8872e+00 +8.1259e-01 -2.6322e+00 +3.2634e+00 -6.4059e-01 -8.1812e-01 -3.7810e+00 +1.9854e+00 +1.1607e+00 +1.5036e+00 +3.9089e+00 -3.7047e+00 +2.9608e+00 -2.9370e+00 -1.3627e+00 +7.2095e-03 +1.3392e+00
% function evaluation | noise-free fitness - Fopt (-2.471100000000e+02) | best noise-free fitness - Fopt | measured fitness | best measured fitness | x1 | x2...
1 +4.523510769e+02 +4.523510769e+02 +2.052410769e+02 +2.052410769e+02 +4.5013e+00 -3.0657e+00 +8.2792e-01 -4.8575e-01 -6.0209e-01 -1.2411e+00 -1.3969e+00 +4.0899e+00 -2.1406e+00 -4.5095e+00 -4.8514e+00 +3.2803e+00 +3.9520e+00 +2.7209e+00 +1.0153e-01 +4.4251e+00 -3.0100e+00 -4.3172e+00 -4.7281e+00 -2.3679e+00
2 +1.519205171e+02 +1.519205171e+02 -9.518948295e+01 -9.518948295e+01 -2.6886e+00 +1.8222e+00 -7.6504e-01 -4.5610e+00 -1.5995e+00 -4.9012e+00 +4.8513e-01 +9.6247e-01 -1.0587e+00 +2.5534e+00 -2.1181e+00 +4.1756e+00 +4.4239e+00 -1.2018e+00 +2.1396e+00 +2.7015e+00 +1.7427e+00 -3.7477e+00 +2.9367e+00 +2.1379e+00
86 +9.799337349e+01 +9.799337349e+01 -1.491166265e+02 -1.491166265e+02 -1.2990e+00 +1.1772e-01 -1.5211e+00 -1.9350e+00 -4.3295e+00 +5.0000e+00 +1.1334e+00 -5.0000e+00 +1.1323e+00 +6.5315e-01 +2.8761e+00 -4.2670e-01 +2.5425e+00 -1.7536e+00 -9.2965e-01 -3.1403e+00 +3.0994e+00 +2.1537e+00 -9.9851e-01 -1.5554e+00
214 +4.436528880e+01 +4.436528880e+01 -2.027447112e+02 -2.027447112e+02 -2.5320e+00 +9.6135e-02 -7.0805e-01 -5.0000e+00 -5.0000e+00 +2.1723e-01 +2.9680e+00 -5.0000e+00 -5.9130e-01 +4.6231e+00 +0.0000e+00 +3.7244e+00 +3.3712e+00 -1.6337e+00 +2.6910e+00 +9.5435e-01 +2.3229e+00 -7.2459e-01 +2.5713e+00 -2.5677e+00
271 +3.925363766e+01 +3.925363766e+01 -2.078563623e+02 -2.078563623e+02 -4.0816e+00 +1.0006e+00 -1.5786e+00 -4.6075e+00 -4.0023e+00 +3.7286e-01 +3.4137e+00 -3.3277e+00 -5.5681e-01 +4.3229e+00 +1.8821e+00 +4.4938e+00 +1.6307e+00 -2.2523e+00 +2.1226e+00 +4.0091e-01 +1.4616e+00 -6.5289e-01 +3.7694e+00 +0.0000e+00
507 +2.349546099e+01 +2.349546099e+01 -2.236145390e+02 -2.236145390e+02 -3.6395e+00 +2.4336e+00 -3.4154e+00 -3.7025e+00 -3.4943e+00 +2.4679e+00 +3.9637e+00 -3.7494e+00 -1.0263e+00 +4.4500e+00 +1.6883e+00 +3.2075e+00 +3.9838e+00 +6.5620e-01 +3.8236e+00 +7.1314e-01 +4.1673e+00 -4.2714e-01 +2.1147e+00 +2.6736e-01
911 +1.467484379e+01 +1.467484379e+01 -2.324351562e+02 -2.324351562e+02 -3.6543e+00 +8.0337e-02 -4.4027e-01 -2.0971e+00 -3.2777e+00 +1.2451e+00 +3.8244e+00 -3.2536e+00 +8.2880e-01 +3.8683e+00 +2.0994e+00 +1.3299e+00 +2.5451e+00 +3.3334e-01 +2.7930e+00 +2.5239e+00 +1.5646e+00 -3.3810e-01 +2.9610e+00 +4.6974e-01
1239 +9.046788992e+00 +9.046788992e+00 -2.380632110e+02 -2.380632110e+02 -3.5826e+00 -3.3664e-01 -4.1097e-01 -2.5497e+00 -3.1876e+00 +1.7079e+00 +3.8744e+00 -4.5325e+00 +6.5093e-01 +3.7417e+00 +1.4908e+00 +2.3892e+00 +2.3502e+00 +9.0071e-01 +2.8705e+00 +1.3467e+00 +2.2775e+00 -5.4535e-01 +2.8560e+00 +1.1486e-01
1565 +4.556757443e+00 +4.556757443e+00 -2.425532426e+02 -2.425532426e+02 -4.2478e+00 +8.4169e-01 -2.5204e-01 -3.0772e+00 -2.5250e+00 +1.5759e+00 +2.9247e+00 -4.1848e+00 -1.1122e-01 +3.6198e+00 +2.3326e+00 +2.1281e+00 +2.1851e+00 +1.3354e+00 +4.2244e+00 +1.5750e-01 +3.1845e+00 -2.2912e-01 +2.1488e+00 -1.9618e-01
1969 +3.775984661e+00 +3.775984661e+00 -2.433340153e+02 -2.433340153e+02 -3.9164e+00 +4.5858e-01 -6.1841e-02 -3.1469e+00 -2.6165e+00 +1.6713e+00 +3.4940e+00 -3.7523e+00 -4.1746e-01 +3.3261e+00 +2.7165e+00 +1.6568e+00 +2.7317e+00 +1.2828e+00 +4.2114e+00 +4.8310e-01 +3.1436e+00 +8.4845e-01 +2.4762e+00 +8.3495e-01
2172 +2.494368381e+00 +2.494368381e+00 -2.446156316e+02 -2.446156316e+02 -3.6266e+00 +4.7818e-01 -4.1120e-01 -3.2360e+00 -2.5425e+00 +1.8054e+00 +3.5042e+00 -3.5428e+00 -4.6816e-02 +3.3815e+00 +2.7096e+00 +1.6323e+00 +2.5992e+00 +1.4046e+00 +4.0969e+00 +3.9093e-01 +2.8071e+00 -6.7745e-01 +2.4627e+00 +7.3473e-03
2652 +1.509891582e+00 +1.509891582e+00 -2.456001084e+02 -2.456001084e+02 -3.8162e+00 +5.7186e-01 -9.0393e-01 -3.2002e+00 -3.1508e+00 +1.8202e+00 +3.5152e+00 -3.8801e+00 -1.7942e-02 +3.1703e+00 +2.6579e+00 +1.2438e+00 +2.6878e+00 +1.4457e+00 +4.0961e+00 +4.7125e-01 +2.8517e+00 -2.4905e-01 +2.5439e+00 +1.5408e-01
3290 +7.942247797e-01 +7.942247797e-01 -2.463157752e+02 -2.463157752e+02 -3.8425e+00 +4.2999e-01 -7.8569e-01 -3.5195e+00 -2.7598e+00 +2.2197e+00 +3.5505e+00 -3.7448e+00 -1.2505e-01 +2.7136e+00 +2.6452e+00 +1.3219e+00 +2.9462e+00 +9.2390e-01 +3.9004e+00 +7.3669e-01 +3.1305e+00 +1.6311e-01 +2.5462e+00 +4.6272e-01
3742 +6.245426174e-01 +6.245426174e-01 -2.464854574e+02 -2.464854574e+02 -3.7866e+00 +1.5554e-01 -6.5951e-01 -3.5556e+00 -2.9980e+00 +2.2516e+00 +3.5278e+00 -3.7385e+00 -1.2570e-01 +2.9808e+00 +1.9607e+00 +1.0846e+00 +2.8046e+00 +8.7778e-01 +3.9528e+00 +7.7873e-01 +3.2033e+00 +6.7617e-02 +2.4399e+00 +2.7204e-01
4251 +3.496636636e-01 +3.496636636e-01 -2.467603363e+02 -2.467603363e+02 -3.7193e+00 +1.3708e-01 -7.3799e-01 -3.5176e+00 -2.7421e+00 +2.2706e+00 +3.3193e+00 -3.9587e+00 -6.0065e-02 +2.5911e+00 +2.1938e+00 +1.3250e+00 +2.8360e+00 +8.6988e-01 +3.8718e+00 +6.0285e-01 +2.8588e+00 +1.0251e-01 +2.1835e+00 +2.8788e-01
4977 +2.390336872e-01 +2.390336872e-01 -2.468709663e+02 -2.468709663e+02 -3.7091e+00 +1.3250e-01 -7.1244e-01 -3.5458e+00 -3.0978e+00 +2.1782e+00 +3.2662e+00 -3.9993e+00 -2.3105e-01 +2.5498e+00 +2.3089e+00 +1.4483e+00 +2.8677e+00 +8.9737e-01 +3.8784e+00 +6.0838e-01 +3.0163e+00 +5.6988e-02 +2.1430e+00 +2.8856e-01
% function evaluation | noise-free fitness - Fopt (-1.520400000000e+02) | best noise-free fitness - Fopt | measured fitness | best measured fitness | x1 | x2...
1 +4.215643386e+02 +4.215643386e+02 +2.695243386e+02 +2.695243386e+02 +4.5013e+00 -3.0657e+00 +8.2792e-01 -4.8575e-01 -6.0209e-01 -1.2411e+00 -1.3969e+00 +4.0899e+00 -2.1406e+00 -4.5095e+00 -4.8514e+00 +3.2803e+00 +3.9520e+00 +2.7209e+00 +1.0153e-01 +4.4251e+00 -3.0100e+00 -4.3172e+00 -4.7281e+00 -2.3679e+00
2 +3.111910517e+02 +3.111910517e+02 +1.591510517e+02 +1.591510517e+02 -2.6886e+00 +1.8222e+00 -7.6504e-01 -4.5610e+00 -1.5995e+00 -4.9012e+00 +4.8513e-01 +9.6247e-01 -1.0587e+00 +2.5534e+00 -2.1181e+00 +4.1756e+00 +4.4239e+00 -1.2018e+00 +2.1396e+00 +2.7015e+00 +1.7427e+00 -3.7477e+00 +2.9367e+00 +2.1379e+00
3 +2.108222067e+02 +2.108222067e+02 +5.878220672e+01 +5.878220672e+01 +1.0684e+00 -1.9724e+00 +1.5512e-01 -4.7281e+00 -1.8578e+00 -8.0142e-01 -2.3823e+00 -1.7104e+00 +3.0145e-02 +3.9481e+00 +3.1673e+00 -3.8692e+00 -1.6492e+00 -5.8415e-01 +1.5208e-01 +2.3740e+00 +4.2710e+00 -3.3385e+00 +4.9923e+00 +4.7760e+00
32 +1.558929513e+02 +1.558929513e+02 +3.852951324e+00 +3.852951324e+00 +2.4679e+00 +4.5684e+00 +1.4349e+00 -4.9246e-01 +3.5598e+00 +1.1311e-01 -1.6954e-02 -9.3556e-02 -1.9747e+00 +4.4915e+00 -4.2568e+00 +1.9443e-02 -1.3154e+00 +3.0346e+00 +1.1856e+00 +6.2963e-01 +1.5155e+00 +1.7986e+00 -3.7672e+00 -2.2490e+00
81 +8.756550196e+01 +8.756550196e+01 -6.447449804e+01 -6.447449804e+01 +1.5274e-01 +1.7937e+00 -2.1867e+00 +1.2105e+00 +2.1738e-01 -2.8346e+00 -1.6657e-01 -1.1270e+00 -2.6441e+00 +7.3599e-01 -2.3128e+00 -4.9659e+00 -4.4659e+00 +2.6609e+00 -2.1286e+00 +3.4315e+00 +1.4432e+00 -4.1474e-01 +1.0853e+00 -2.5815e-01
251 +4.814615428e+01 +4.814615428e+01 -1.038938457e+02 -1.038938457e+02 +1.0409e-01 +2.7072e+00 -4.5383e+00 +4.2696e+00 +1.7133e+00 -1.8043e+00 +2.4399e+00 +0.0000e+00 +0.0000e+00 +4.6355e+00 -1.7051e+00 -1.9943e-01 -3.0058e+00 +1.8353e+00 +8.5482e-01 +2.5764e+00 +1.1100e+00 +1.6897e+00 +9.4161e-02 +9.9675e-01
364 +3.411405315e+01 +3.411405315e+01 -1.179259469e+02 -1.179259469e+02 -3.3137e-01 +2.2172e+00 -4.4867e+00 +4.6234e+00 +8.4837e-01 -1.4698e+00 +0.0000e+00 +1.1702e+00 -5.0828e-01 +4.9272e+00 -2.2926e+00 -1.5230e+00 -2.9761e+00 +2.9444e+00 -4.0638e-01 +2.5795e+00 +1.2309e+00 +1.2293e+00 +4.8782e-01 +1.4505e+00
473 +2.443966907e+01 +2.443966907e+01 -1.276003309e+02 -1.276003309e+02 -5.6208e-01 +1.5545e+00 -4.5126e+00 +4.2399e+00 +2.1793e+00 -7.5669e-01 -1.1011e+00 +1.2485e+00 +6.9481e-01 +4.9291e+00 -1.0472e+00 -1.7907e+00 -2.1927e+00 +5.0000e+00 +3.4092e-01 +1.9590e+00 +1.6532e+00 +1.3170e+00 +0.0000e+00 +9.7804e-01
633 +1.521237828e+01 +1.521237828e+01 -1.368276217e+02 -1.368276217e+02 -2.0712e+00 +9.0423e-01 -4.4060e+00 +4.2006e+00 +2.6591e+00 +6.4990e-01 -5.1589e-02 +4.3334e-01 +7.5005e-01 +4.8188e+00 -2.5515e+00 -2.1440e+00 -2.7533e+00 +3.2781e+00 -9.9353e-02 +1.3737e+00 +2.2944e+00 -4.6303e-01 -9.1370e-01 +3.7964e+00
1044 +9.090736987e+00 +9.090736987e+00 -1.429492630e+02 -1.429492630e+02 -3.0168e-01 +8.0959e-01 -4.3216e+00 +4.2452e+00 +1.3900e+00 -1.7437e-01 -5.7868e-01 -2.6724e-01 +2.3747e+00 +4.8283e+00 +0.0000e+00 -3.7054e+00 -2.8062e+00 +4.0690e+00 +1.6125e-01 +1.1521e+00 +1.8325e+00 +5.3221e-01 -9.3783e-01 +4.2477e+00
1324 +5.287096775e+00 +5.287096775e+00 -1.467529032e+02 -1.467529032e+02 +1.7352e-01 +1.4867e+00 -4.2523e+00 +3.5483e+00 +2.1760e+00 -4.6848e-02 -1.3847e+00 -4.9986e-02 +1.7580e+00 +4.8169e+00 -1.1650e+00 -2.4866e+00 -2.9710e+00 +3.7813e+00 +4.0291e-01 +1.0778e+00 +1.6826e+00 +5.4942e-01 -1.3680e+00 +4.1066e+00
1604 +3.903740693e+00 +3.903740693e+00 -1.481362593e+02 -1.481362593e+02 +9.7197e-02 +1.6461e+00 -4.2809e+00 +2.9994e+00 +1.7574e+00 +8.0692e-03 -9.4934e-01 -6.9661e-01 +6.1780e-01 +4.8220e+00 -1.2123e+00 -2.3319e+00 -3.7763e+00 +3.8125e+00 +4.2896e-01 +1.0225e+00 +1.6965e+00 +3.9474e-01 -4.3405e-01 +4.0146e+00
2224 +2.278135028e+00 +2.278135028e+00 -1.497618650e+02 -1.497618650e+02 -3.9914e-01 +1.4063e+00 -4.3328e+00 +2.8927e+00 +2.5073e+00 +2.4070e-01 -1.3735e+00 -7.1168e-01 +1.2732e+00 +4.5507e+00 -1.0987e+00 -2.7697e+00 -3.9335e+00 +3.9025e+00 +3.8318e-01 +1.5579e+00 +1.9591e+00 +6.7737e-01 -5.5830e-01 +4.2502e+00
3174 +1.478185358e+00 +1.478185358e+00 -1.505618146e+02 -1.505618146e+02 -4.4617e-01 +1.5209e+00 -4.1611e+00 +2.9085e+00 +2.0955e+00 -2.4438e-01 -9.9956e-01 -1.0969e+00 +1.3916e+00 +3.9000e+00 -6.9481e-01 -2.7297e+00 -3.5883e+00 +3.8719e+00 +5.8891e-01 +1.6024e+00 +1.9435e+00 +3.7311e-01 +1.0891e-01 +4.0513e+00
3737 +9.435221093e-01 +9.435221093e-01 -1.510964779e+02 -1.510964779e+02 -7.0541e-01 +1.4056e+00 -3.9662e+00 +2.9668e+00 +2.5241e+00 +5.3629e-03 -1.0285e+00 -8.8801e-01 +1.4849e+00 +3.8711e+00 -7.8217e-01 -3.0145e+00 -3.7879e+00 +3.7665e+00 +4.8199e-01 +1.0854e+00 +1.9775e+00 +3.4580e-01 -8.9693e-02 +3.6686e+00
3818 +6.073346735e-01 +6.073346735e-01 -1.514326653e+02 -1.514326653e+02 -4.1645e-01 +1.4094e+00 -4.2588e+00 +2.9661e+00 +2.6629e+00 +3.1811e-02 -9.9044e-01 -7.9214e-01 +1.3283e+00 +3.6186e+00 -9.7886e-01 -2.8693e+00 -3.6364e+00 +3.9609e+00 +4.1283e-01 +1.3503e+00 +1.9398e+00 +4.1023e-01 -2.7261e-01 +3.8514e+00
4232 +3.670866692e-01 +3.670866692e-01 -1.516729133e+02 -1.516729133e+02 -4.3425e-01 +1.3709e+00 -4.2671e+00 +3.3265e+00 +2.4635e+00 +1.7211e-02 -7.6400e-01 -6.0366e-01 +1.5036e+00 +3.5892e+00 -9.1933e-01 -2.9621e+00 -3.8350e+00 +3.9671e+00 +3.2646e-01 +1.3243e+00 +2.0320e+00 +4.2193e-01 -2.4422e-01 +4.0278e+00
4997 +2.281979602e-01 +2.281979602e-01 -1.518118020e+02 -1.518118020e+02 -3.2772e-01 +1.3830e+00 -4.0518e+00 +3.0997e+00 +2.4414e+00 -1.2076e-02 -8.3949e-01 -6.3342e-01 +1.3748e+00 +3.4698e+00 -8.4184e-01 -2.8807e+00 -3.8358e+00 +3.9648e+00 +2.6432e-01 +1.2646e+00 +2.0176e+00 +4.5048e-01 -2.6664e-01 +4.0814e+00
% function evaluation | noise-free fitness - Fopt (-2.525000000000e+01) | best noise-free fitness - Fopt | measured fitness | best measured fitness | x1 | x2...
1 +2.634346417e+02 +2.634346417e+02 +2.381846417e+02 +2.381846417e+02 +4.5013e+00 -3.0657e+00 +8.2792e-01 -4.8575e-01 -6.0209e-01 -1.2411e+00 -1.3969e+00 +4.0899e+00 -2.1406e+00 -4.5095e+00 -4.8514e+00 +3.2803e+00 +3.9520e+00 +2.7209e+00 +1.0153e-01 +4.4251e+00 -3.0100e+00 -4.3172e+00 -4.7281e+00 -2.3679e+00
3 +2.139641286e+02 +2.139641286e+02 +1.887141286e+02 +1.887141286e+02 +1.0684e+00 -1.9724e+00 +1.5512e-01 -4.7281e+00 -1.8578e+00 -8.0142e-01 -2.3823e+00 -1.7104e+00 +3.0145e-02 +3.9481e+00 +3.1673e+00 -3.8692e+00 -1.6492e+00 -5.8415e-01 +1.5208e-01 +2.3740e+00 +4.2710e+00 -3.3385e+00 +4.9923e+00 +4.7760e+00
4 +1.380602681e+02 +1.380602681e+02 +1.128102681e+02 +1.128102681e+02 -1.4018e-01 +4.1674e-01 -1.6605e+00 -1.8731e+00 -1.3492e+00 +2.5367e+00 +9.7345e-01 -2.1806e-01 +2.2198e+00 -2.1385e+00 +4.8548e+00 +3.1213e+00 -6.2636e-01 -1.6940e-01 +1.0587e+00 +3.6626e+00 -1.5618e+00 +4.1142e+00 -3.8976e+00 +1.3712e+00
95 +9.965177628e+01 +9.965177628e+01 +7.440177628e+01 +7.440177628e+01 -1.6820e+00 -1.7796e+00 -1.2182e+00 +1.2167e+00 +5.0000e+00 -2.6209e+00 +2.0588e-01 -4.5858e+00 +9.0225e-01 -3.2725e+00 +1.1454e+00 +1.9229e+00 -1.9976e+00 -1.6258e+00 +5.5166e-02 +1.7206e+00 -8.8205e-01 -3.1549e-01 +4.1652e+00 -2.6699e+00
226 +6.230049183e+01 +6.230049183e+01 +3.705049183e+01 +3.705049183e+01 +5.0000e+00 -2.3489e-02 -3.0837e+00 +7.3072e-01 +3.4776e+00 -1.7044e+00 -4.4093e+00 +1.3416e+00 +2.4875e+00 -1.3110e+00 +7.7558e-03 +6.8796e-01 -4.2357e+00 -3.2370e-01 +3.9127e+00 -1.8492e+00 -3.1510e+00 -1.2162e+00 +1.5236e+00 -2.9982e+00
293 +3.657855374e+01 +3.657855374e+01 +1.132855374e+01 +1.132855374e+01 +5.0000e+00 -1.1218e-01 -3.0494e+00 -2.1110e+00 +3.4352e+00 -9.1528e-01 -1.9638e+00 +1.4852e+00 +9.8543e-01 -1.3258e+00 +3.5330e+00 +1.9732e+00 -1.9170e+00 -1.1561e+00 +5.0000e+00 -1.9580e-01 -2.7042e+00 -6.7347e-01 +9.8240e-01 -7.0330e-01
617 +2.379741374e+01 +2.379741374e+01 -1.452586256e+00 -1.452586256e+00 +4.7920e+00 -7.6052e-01 -2.0400e+00 -1.6966e+00 +3.1978e+00 -2.9222e+00 -2.0096e+00 -8.4827e-01 +6.8705e-01 -2.3173e+00 +1.7314e+00 +9.8105e-01 -1.4260e+00 -1.1754e+00 -2.3737e-01 +4.2498e-01 -1.6551e-01 -2.9713e-01 +7.5002e-01 -1.1039e+00
713 +1.395094540e+01 +1.395094540e+01 -1.129905460e+01 -1.129905460e+01 +4.8337e+00 +4.9981e-01 -1.9931e+00 -1.5406e+00 +3.3862e+00 +0.0000e+00 -2.6204e+00 -3.6327e+00 +6.8710e-01 -2.3950e+00 +3.0002e+00 +1.4638e+00 -1.6535e+00 -1.2409e+00 +3.1846e+00 +4.5933e-01 +4.7252e-01 -7.8662e-01 +1.8503e+00 -7.5368e-01
1363 +9.650502042e+00 +9.650502042e+00 -1.559949796e+01 -1.559949796e+01 +4.0958e+00 -2.5337e-02 -2.2784e+00 -2.6943e+00 +3.8136e+00 +1.3399e+00 -2.1425e+00 -1.5805e+00 +9.5325e-01 -1.7969e+00 +1.4858e+00 +1.6573e+00 -2.3922e+00 -1.4005e+00 +2.2122e+00 +2.9578e-02 -6.6975e-01 -1.2270e+00 +5.4396e-01 -3.4529e-01
1908 +5.743712324e+00 +5.743712324e+00 -1.950628768e+01 -1.950628768e+01 +4.3341e+00 -1.6033e-01 -1.4457e+00 -2.4792e+00 +4.2006e+00 -3.0150e-02 -1.9917e+00 -9.1967e-01 +1.3357e+00 -2.7394e+00 +2.4317e+00 +2.4014e+00 -2.2575e+00 -1.5264e-01 +2.5047e+00 +2.8360e-01 -3.8575e-01 -7.5850e-01 +7.1138e-01 -8.3966e-01
2099 +3.786824104e+00 +3.786824104e+00 -2.146317590e+01 -2.146317590e+01 +4.3298e+00 +1.2649e-01 -6.9621e-01 -1.8760e+00 +3.4823e+00 +8.9559e-02 -2.3660e+00 -1.5838e+00 +1.1233e+00 -2.9447e+00 +3.0839e+00 +1.9684e+00 -2.2107e+00 -6.2535e-01 +2.1314e+00 +2.0331e-01 -1.0913e+00 -1.2285e+00 +5.2491e-01 -5.1353e-01
2356 +2.478547973e+00 +2.478547973e+00 -2.277145203e+01 -2.277145203e+01 +4.0434e+00 +1.1042e-01 -1.6712e+00 -1.8189e+00 +3.7209e+00 -2.3222e-01 -2.3490e+00 -1.3886e+00 +1.3388e+00 -3.1312e+00 +2.9354e+00 +3.4691e-01 -2.2512e+00 +5.1898e-01 +1.9103e+00 +2.8871e-01 -6.2988e-01 -8.8678e-01 +3.7164e-01 -9.7663e-01
3039 +1.456500283e+00 +1.456500283e+00 -2.379349972e+01 -2.379349972e+01 +3.9712e+00 +9.7378e-01 -1.3810e+00 -1.9250e+00 +3.7553e+00 -3.3571e-01 -2.7280e+00 -1.7301e+00 +1.6444e+00 -3.1724e+00 +2.7649e+00 +1.2433e+00 -2.4060e+00 +4.4674e-01 +1.9195e+00 +2.1668e-01 -4.5110e-01 -1.0052e+00 +6.6944e-01 -1.1247e+00
3326 +9.041679548e-01 +9.041679548e-01 -2.434583205e+01 -2.434583205e+01 +3.7322e+00 +1.2049e+00 -1.4133e+00 -1.9525e+00 +3.7140e+00 -2.0195e-01 -2.3446e+00 -1.7705e+00 +1.2493e+00 -2.6533e+00 +2.6794e+00 +1.1143e+00 -2.2882e+00 -2.5874e-02 +1.9218e+00 +1.7548e-01 -2.1721e-01 -1.4380e+00 +4.5233e-01 -1.1089e+00
3644 +5.958616480e-01 +5.958616480e-01 -2.465413835e+01 -2.465413835e+01 +3.7206e+00 +5.6333e-01 -1.2462e+00 -2.2252e+00 +3.6213e+00 -3.7630e-02 -2.4973e+00 -1.8232e+00 +1.0836e+00 -2.6688e+00 +2.4875e+00 +1.2324e+00 -2.4368e+00 +3.6774e-02 +1.9115e+00 +5.9485e-01 -9.6049e-01 -1.5010e+00 +6.5058e-01 -1.1920e+00
4193 +3.551244338e-01 +3.551244338e-01 -2.489487557e+01 -2.489487557e+01 +3.6541e+00 +5.7355e-01 -1.4938e+00 -2.2181e+00 +3.6066e+00 -6.5406e-02 -2.4590e+00 -1.6376e+00 +1.3539e+00 -2.5094e+00 +2.6173e+00 +1.1792e+00 -2.4162e+00 +1.6167e-01 +1.9910e+00 +5.0115e-01 -3.7765e-01 -1.3938e+00 +5.1214e-01 -1.2489e+00
4666 +2.494109172e-01 +2.494109172e-01 -2.500058908e+01 -2.500058908e+01 +3.6456e+00 +6.7199e-01 -1.5435e+00 -2.2882e+00 +3.5246e+00 -2.4113e-02 -2.5863e+00 -1.6377e+00 +1.3703e+00 -2.5236e+00 +2.6395e+00 +1.2190e+00 -2.4787e+00 +6.9380e-02 +2.0417e+00 +1.8188e-01 -4.6614e-01 -1.3544e+00 +5.0321e-01 -1.1753e+00
% function evaluation | noise-free fitness - Fopt (-2.017200000000e+02) | best noise-free fitness - Fopt | measured fitness | best measured fitness | x1 | x2...
1 +2.591210177e+02 +2.591210177e+02 +5.740101773e+01 +5.740101773e+01 +4.5013e+00 -3.0657e+00 +8.2792e-01 -4.8575e-01 -6.0209e-01 -1.2411e+00 -1.3969e+00 +4.0899e+00 -2.1406e+00 -4.5095e+00 -4.8514e+00 +3.2803e+00 +3.9520e+00 +2.7209e+00 +1.0153e-01 +4.4251e+00 -3.0100e+00 -4.3172e+00 -4.7281e+00 -2.3679e+00
4 +1.397823011e+02 +1.397823011e+02 -6.193769893e+01 -6.193769893e+01 -1.4018e-01 +4.1674e-01 -1.6605e+00 -1.8731e+00 -1.3492e+00 +2.5367e+00 +9.7345e-01 -2.1806e-01 +2.2198e+00 -2.1385e+00 +4.8548e+00 +3.1213e+00 -6.2636e-01 -1.6940e-01 +1.0587e+00 +3.6626e+00 -1.5618e+00 +4.1142e+00 -3.8976e+00 +1.3712e+00
53 +8.627548478e+01 +8.627548478e+01 -1.154445152e+02 -1.154445152e+02 -2.1550e+00 -9.0996e-01 -2.1983e+00 +2.7185e-01 -1.3128e+00 +5.3027e-01 +4.2701e-01 +1.5226e+00 -1.5390e+00 -1.0519e+00 +1.8341e+00 +1.1308e+00 -1.5057e+00 -4.9996e-01 -4.6554e+00 +5.0000e+00 +2.8204e-01 +1.6615e+00 -7.6925e-03 -2.2400e-01
202 +5.471212785e+01 +5.471212785e+01 -1.470078722e+02 -1.470078722e+02 -1.7500e+00 -2.3804e+00 +9.6308e-01 +2.9252e+00 +3.4785e+00 -1.4088e+00 +1.9318e+00 +2.0029e+00 +5.2563e-01 -2.0122e+00 +1.3906e+00 +1.1106e+00 -1.6754e+00 +8.7618e-01 -1.3729e+00 +2.4713e+00 -2.0860e+00 +0.0000e+00 -2.0878e+00 -1.9048e+00
399 +3.339641734e+01 +3.339641734e+01 -1.683235827e+02 -1.683235827e+02 -1.8075e+00 -3.6817e+00 +9.3155e-01 +2.0713e+00 +3.1198e+00 +1.5425e+00 -2.2372e+00 +1.3574e+00 +6.5704e-01 -2.9622e+00 +1.3578e+00 +7.8949e-01 -2.3908e+00 +3.1213e-01 -1.5073e+00 +2.2999e+00 -1.8686e+00 -1.4942e-01 -1.7981e+00 -3.5616e-01
618 +2.103257604e+01 +2.103257604e+01 -1.806874240e+02 -1.806874240e+02 -1.7174e+00 -1.0259e+00 -6.4182e-01 +2.1521e+00 -8.3659e-01 +7.8554e-01 -3.7379e+00 +2.1300e+00 +8.0929e-01 -2.8692e+00 +3.0433e+00 +1.5538e+00 -1.8688e+00 -1.0363e+00 -2.1496e+00 +1.0709e+00 +1.8867e-01 +6.2699e-01 -3.1186e+00 -1.4743e+00
983 +1.476257232e+01 +1.476257232e+01 -1.869574277e+02 -1.869574277e+02 -9.5450e-01 -1.9937e+00 -1.6268e+00 +2.3108e+00 +1.7239e+00 -3.7911e-01 -2.4561e+00 +3.4713e+00 -1.5607e+00 -2.7677e+00 +3.4068e+00 +8.7672e-01 -2.3427e+00 +6.6880e-01 -1.9142e+00 -1.0867e-01 +3.6434e-01 +2.7204e+00 -3.2468e+00 -3.2607e+00
1208 +7.847016388e+00 +7.847016388e+00 -1.938729836e+02 -1.938729836e+02 -2.5773e+00 -1.8874e+00 -1.0261e+00 +2.1123e+00 +2.3531e+00 +1.3340e+00 -2.0123e+00 +3.2652e+00 -9.2587e-01 -2.6958e+00 +3.2883e+00 +5.3655e-01 -3.2168e+00 +3.0852e-02 -1.8065e+00 +1.4815e+00 +4.0863e-01 +1.7194e+00 -3.8969e+00 -3.0409e+00
1470 +5.918398865e+00 +5.918398865e+00 -1.958016011e+02 -1.958016011e+02 -2.1207e+00 -2.2651e+00 -8.9952e-01 +1.9449e+00 +1.8578e+00 +8.5488e-01 -2.3006e+00 +2.9312e+00 -9.6427e-01 -3.1203e+00 +3.2359e+00 +2.8708e-01 -2.6290e+00 +4.8090e-01 -1.9741e+00 +1.2560e+00 -5.0301e-01 +1.1930e+00 -3.5102e+00 -1.7405e+00
1870 +3.732432048e+00 +3.732432048e+00 -1.979875680e+02 -1.979875680e+02 -8.8780e-01 -2.5581e+00 -3.0992e-01 +1.9306e+00 +1.6152e+00 +5.6221e-01 -2.3060e+00 +3.0376e+00 -3.4677e-01 -2.7926e+00 +3.6588e+00 -5.7363e-02 -2.7746e+00 +4.6854e-01 -2.0349e+00 +6.0683e-01 +3.7378e-01 +8.1374e-01 -3.8982e+00 -1.2540e+00
2312 +2.264354807e+00 +2.264354807e+00 -1.994556452e+02 -1.994556452e+02 -1.0676e+00 -2.8899e+00 -1.0669e+00 +1.9317e+00 +2.5567e+00 +3.3769e-01 -2.5033e+00 +3.2510e+00 -4.3947e-01 -2.9136e+00 +3.6398e+00 +6.7721e-01 -2.8480e+00 +5.7567e-01 -1.9888e+00 +1.1912e+00 +6.8153e-01 +3.8740e-01 -3.6832e+00 -2.1038e+00
3209 +1.480824548e+00 +1.480824548e+00 -2.002391755e+02 -2.002391755e+02 -8.5951e-01 -2.9791e+00 -1.2095e+00 +2.0801e+00 +1.7487e+00 +3.7011e-01 -2.6477e+00 +3.2438e+00 +3.5826e-01 -2.8982e+00 +3.5342e+00 +5.0349e-01 -3.6004e+00 +3.1093e-02 -1.9872e+00 +1.1635e+00 +5.7056e-01 +8.2372e-01 -3.5686e+00 -1.9384e+00
3617 +8.655732846e-01 +8.655732846e-01 -2.008544267e+02 -2.008544267e+02 -1.0568e+00 -2.9736e+00 -9.3375e-01 +2.1657e+00 +1.8423e+00 +1.7184e-01 -2.7176e+00 +3.5500e+00 +2.4475e-01 -2.8848e+00 +3.5631e+00 +4.9395e-01 -2.9989e+00 -2.9686e-01 -1.9775e+00 +8.8034e-01 +5.4103e-01 +8.7051e-01 -3.6700e+00 -2.4280e+00
4223 +6.134073624e-01 +6.134073624e-01 -2.011065926e+02 -2.011065926e+02 -1.3127e+00 -2.8797e+00 -9.3817e-01 +2.2216e+00 +1.7619e+00 +3.8737e-01 -2.6165e+00 +3.4959e+00 +3.0467e-01 -2.9353e+00 +3.6797e+00 +4.7093e-01 -3.1550e+00 -3.3087e-01 -1.9982e+00 +1.2129e+00 +4.9791e-01 +7.9379e-01 -3.8797e+00 -1.9981e+00
% function evaluation | noise-free fitness - Fopt (-1.000000000000e+03) | best noise-free fitness - Fopt | measured fitness | best measured fitness | x1 | x2...
1 +3.761069479e+02 +3.761069479e+02 -6.238930521e+02 -6.238930521e+02 +4.5013e+00 -3.0657e+00 +8.2792e-01 -4.8575e-01 -6.0209e-01 -1.2411e+00 -1.3969e+00 +4.0899e+00 -2.1406e+00 -4.5095e+00 -4.8514e+00 +3.2803e+00 +3.9520e+00 +2.7209e+00 +1.0153e-01 +4.4251e+00 -3.0100e+00 -4.3172e+00 -4.7281e+00 -2.3679e+00
2 +1.982981598e+02 +1.982981598e+02 -8.017018402e+02 -8.017018402e+02 -2.6886e+00 +1.8222e+00 -7.6504e-01 -4.5610e+00 -1.5995e+00 -4.9012e+00 +4.8513e-01 +9.6247e-01 -1.0587e+00 +2.5534e+00 -2.1181e+00 +4.1756e+00 +4.4239e+00 -1.2018e+00 +2.1396e+00 +2.7015e+00 +1.7427e+00 -3.7477e+00 +2.9367e+00 +2.1379e+00
3 +1.468137420e+02 +1.468137420e+02 -8.531862580e+02 -8.531862580e+02 +1.0684e+00 -1.9724e+00 +1.5512e-01 -4.7281e+00 -1.8578e+00 -8.0142e-01 -2.3823e+00 -1.7104e+00 +3.0145e-02 +3.9481e+00 +3.1673e+00 -3.8692e+00 -1.6492e+00 -5.8415e-01 +1.5208e-01 +2.3740e+00 +4.2710e+00 -3.3385e+00 +4.9923e+00 +4.7760e+00
91 +9.910184971e+01 +9.910184971e+01 -9.008981503e+02 -9.008981503e+02 +2.2881e+00 +1.3652e+00 +1.0300e+00 +2.3189e+00 +1.4404e-01 -1.9359e+00 -2.2204e-01 -3.4478e+00 -2.4354e+00 +2.4396e+00 -3.9106e+00 -6.3520e-01 -3.0382e-01 +4.5783e+00 +2.1210e+00 +4.3534e+00 -9.5776e-01 +1.7788e-01 -1.9047e+00 +4.3991e+00
164 +5.792257255e+01 +5.792257255e+01 -9.420774274e+02 -9.420774274e+02 +9.5765e-01 +1.4338e+00 +1.2617e+00 +0.0000e+00 +1.7144e+00 -2.1234e-01 +4.0654e-01 -1.5674e+00 -1.3073e+00 +4.6632e+00 +8.0692e-01 +7.3536e-01 +1.3788e+00 +1.0769e+00 -1.1356e-02 +5.0000e+00 +4.8410e-01 -1.0427e+00 -1.3446e+00 +3.9102e+00
367 +3.929414539e+01 +3.929414539e+01 -9.607058546e+02 -9.607058546e+02 -1.0174e+00 -5.0382e-01 +2.4553e-01 -1.4717e+00 +2.9567e-01 +1.5892e+00 +2.7860e-02 -2.4817e+00 -5.0000e+00 +4.1248e+00 -2.0976e+00 -1.4112e+00 -2.5069e-01 -4.8382e-01 -1.7922e-01 +4.6828e+00 +2.0451e+00 -1.1457e-01 +1.3765e+00 +2.1096e+00
798 +2.382656793e+01 +2.382656793e+01 -9.761734321e+02 -9.761734321e+02 -2.1739e+00 +1.1527e+00 +1.0718e+00 +1.4427e-01 +2.4464e+00 +5.8575e-01 +1.3010e+00 -3.8163e+00 -1.5907e+00 +3.7240e+00 +7.4681e-01 -1.8663e+00 -9.4717e-02 -2.1113e+00 +2.6052e+00 +2.7594e+00 +1.1711e+00 -2.0176e-01 +2.2403e+00 +3.8446e+00
1090 +1.516449660e+01 +1.516449660e+01 -9.848355034e+02 -9.848355034e+02 +4.2456e-01 +8.4622e-01 +8.8298e-01 +6.2461e-02 +2.7662e+00 -1.4109e-02 +3.8647e-01 -4.2379e+00 -2.2111e+00 +5.0000e+00 +4.3751e-01 -4.0397e+00 +3.7957e-01 -2.1442e+00 +1.6030e+00 +1.5234e+00 -1.1374e-01 -3.9600e-01 +1.5080e+00 +3.1679e+00
1251 +7.992320638e+00 +7.992320638e+00 -9.920076794e+02 -9.920076794e+02 -8.0832e-01 -9.8020e-01 +5.5313e-01 +8.0130e-01 +3.7316e+00 +4.2230e-01 +1.4726e+00 -4.8130e+00 -3.1020e+00 +3.4697e+00 -7.4948e-01 -4.0644e+00 +4.0588e-01 -6.0577e-01 +1.8107e+00 +3.5581e+00 +3.8401e-01 -8.0180e-01 +1.2848e+00 +3.4619e+00
1465 +6.305212479e+00 +6.305212479e+00 -9.936947875e+02 -9.936947875e+02 +4.0108e-02 +1.3302e-01 -5.4252e-01 +2.5243e-01 +3.8472e+00 -1.7841e-01 +5.2655e-01 -4.6583e+00 -3.0224e+00 +3.6215e+00 -1.4003e+00 -3.7665e+00 +3.2085e-01 -4.2227e-01 +4.9924e-01 +3.4562e+00 +3.1026e-01 +7.1048e-01 +1.3864e+00 +3.3641e+00
1947 +3.879881668e+00 +3.879881668e+00 -9.961201183e+02 -9.961201183e+02 +3.3028e-01 +5.1556e-01 +1.3538e-01 -1.0025e+00 +3.8100e+00 -1.9710e-01 +1.0069e+00 -3.8894e+00 -3.0828e+00 +4.1571e+00 -6.3428e-01 -3.4883e+00 +4.0165e-01 -5.8794e-01 +1.7649e+00 +3.4255e+00 +3.2249e-01 +1.8816e-01 +1.1951e+00 +3.4547e+00
2646 +2.084137365e+00 +2.084137365e+00 -9.979158626e+02 -9.979158626e+02 +1.4175e-01 +1.1058e-01 +2.7755e-01 +4.4785e-02 +3.2392e+00 -1.9384e-01 +8.8204e-01 -3.7152e+00 -3.1808e+00 +4.2645e+00 -6.4808e-01 -3.4860e+00 +7.2775e-01 -7.2969e-01 +1.3613e+00 +3.7080e+00 +7.7530e-01 -1.9088e-01 +1.4229e+00 +3.3184e+00
2980 +1.508929275e+00 +1.508929275e+00 -9.984910707e+02 -9.984910707e+02 +1.3092e-01 +1.5585e-01 +2.8223e-01 +2.4861e-01 +3.2170e+00 -1.7387e-01 +6.2114e-01 -3.6518e+00 -3.3061e+00 +4.2185e+00 -7.8400e-01 -3.4797e+00 +1.0497e+00 -7.4098e-01 +1.5801e+00 +2.9108e+00 +1.1699e+00 -1.8536e-01 +1.3100e+00 +3.2971e+00
3269 +9.986926429e-01 +9.986926429e-01 -9.990013074e+02 -9.990013074e+02 -2.8561e-01 +4.1827e-01 -1.2572e-01 +4.0321e-01 +3.3426e+00 -3.1827e-01 +6.3154e-01 -3.6302e+00 -3.3949e+00 +4.2103e+00 -7.6674e-01 -3.4914e+00 +1.0014e+00 -6.0730e-01 +1.6436e+00 +3.2394e+00 +1.0982e+00 -5.4567e-02 +1.2611e+00 +2.9521e+00
3846 +6.274085439e-01 +6.274085439e-01 -9.993725915e+02 -9.993725915e+02 -2.2450e-01 +3.8768e-01 -4.3489e-02 +4.2559e-01 +3.6464e+00 -3.8817e-01 +1.1853e+00 -3.7739e+00 -3.3431e+00 +4.0796e+00 -7.3566e-01 -3.5409e+00 +8.9023e-01 -7.1477e-01 +1.3594e+00 +3.1459e+00 +1.4413e+00 +1.5132e-01 +1.2847e+00 +2.8121e+00
4246 +3.961135260e-01 +3.961135260e-01 -9.996038865e+02 -9.996038865e+02 -2.2328e-01 +3.8597e-01 -1.3876e-02 +7.1156e-02 +3.6039e+00 -3.4678e-01 +1.1903e+00 -3.7617e+00 -3.3356e+00 +4.0180e+00 -6.7570e-01 -3.5469e+00 +8.8456e-01 -6.5033e-01 +1.6175e+00 +2.9949e+00 +1.2809e+00 +1.8767e-01 +1.3313e+00 +2.9361e+00
4927 +2.309597494e-01 +2.309597494e-01 -9.997690403e+02 -9.997690403e+02 -2.4752e-01 +3.5664e-01 -2.2367e-02 +2.0404e-01 +3.4274e+00 -4.0780e-01 +1.1366e+00 -3.8575e+00 -3.3926e+00 +3.9191e+00 -6.9439e-01 -3.5344e+00 +8.2061e-01 -5.3231e-01 +1.6437e+00 +3.1377e+00 +1.1484e+00 -2.6877e-01 +1.2993e+00 +2.7086e+00
% function evaluation | noise-free fitness - Fopt (-4.290000000000e+01) | best noise-free fitness - Fopt | measured fitness | best measured fitness | x1 | x2...
1 +3.870791793e+02 +3.870791793e+02 +3.441791793e+02 +3.441791793e+02 +4.5013e+00 -3.0657e+00 +8.2792e-01 -4.8575e-01 -6.0209e-01 -1.2411e+00 -1.3969e+00 +4.0899e+00 -2.1406e+00 -4.5095e+00 -4.8514e+00 +3.2803e+00 +3.9520e+00 +2.7209e+00 +1.0153e-01 +4.4251e+00 -3.0100e+00 -4.3172e+00 -4.7281e+00 -2.3679e+00
3 +1.941499994e+02 +1.941499994e+02 +1.512499994e+02 +1.512499994e+02 +1.0684e+00 -1.9724e+00 +1.5512e-01 -4.7281e+00 -1.8578e+00 -8.0142e-01 -2.3823e+00 -1.7104e+00 +3.0145e-02 +3.9481e+00 +3.1673e+00 -3.8692e+00 -1.6492e+00 -5.8415e-01 +1.5208e-01 +2.3740e+00 +4.2710e+00 -3.3385e+00 +4.9923e+00 +4.7760e+00
43 +1.238056039e+02 +1.238056039e+02 +8.090560385e+01 +8.090560385e+01 +1.8128e+00 +3.9390e+00 +3.3924e+00 -4.5025e+00 +1.9318e+00 -1.3463e+00 -2.2691e+00 +6.0535e-02 +2.2061e-01 -1.5902e-02 -1.2040e+00 -4.7312e+00 +6.7623e-01 -1.6690e+00 +2.7987e+00 -3.0699e+00 -4.4722e+00 -1.4746e+00 +1.4987e+00 +1.5635e+00
123 +6.819573711e+01 +6.819573711e+01 +2.529573711e+01 +2.529573711e+01 +5.6613e-01 +8.3140e-01 +3.4192e+00 -9.0326e-01 -4.2976e-01 +2.0494e+00 +5.6199e-01 -5.7032e-01 +5.7467e-01 -3.4572e+00 +1.3971e+00 +0.0000e+00 -9.4509e-01 -3.9137e+00 -1.3349e+00 -3.4195e+00 -1.8468e+00 +1.4642e+00 +3.2114e+00 +5.0000e+00
196 +4.922917585e+01 +4.922917585e+01 +6.329175854e+00 +6.329175854e+00 +1.1731e+00 +2.6364e+00 +2.0007e+00 -1.1750e+00 -7.7117e-01 +1.2633e+00 +2.0841e+00 -8.2729e-01 +2.2552e-01 -1.3152e+00 +2.4053e+00 +0.0000e+00 +5.2981e-01 -4.1643e+00 +3.2057e-01 -2.7791e+00 -2.4088e+00 -8.2060e-01 +1.3427e+00 +3.5663e+00
437 +3.882353256e+01 +3.882353256e+01 -4.076467440e+00 -4.076467440e+00 -8.0146e-02 +3.4168e+00 +2.1388e+00 +1.7209e-02 -2.4483e+00 -3.6847e-02 +1.5601e+00 +7.3931e-01 +6.6012e-01 -2.7991e+00 +3.3403e+00 +8.6655e-01 -1.4120e-01 -4.3920e+00 +2.0387e+00 -2.4470e+00 +5.8688e-01 -2.5566e-01 +2.4563e+00 +2.6803e+00
799 +2.249905843e+01 +2.249905843e+01 -2.040094157e+01 -2.040094157e+01 +2.3483e+00 +4.0951e+00 +2.3644e+00 -1.9173e+00 -8.3519e-01 +4.1855e-01 +1.3414e+00 -6.3379e-01 +2.6578e+00 -2.3973e+00 +3.7186e+00 -8.2703e-01 +1.0831e+00 -4.2522e+00 +1.5336e+00 -2.2834e+00 -7.0503e-02 -1.7762e+00 +2.1373e+00 +3.0809e+00
1082 +1.479565691e+01 +1.479565691e+01 -2.810434309e+01 -2.810434309e+01 +2.9723e+00 +3.3858e+00 +2.3774e+00 -1.7271e+00 -1.8036e+00 -7.9060e-01 +1.6183e+00 +4.3097e-01 +2.4561e+00 -2.8184e+00 +4.1340e+00 -2.2252e+00 +2.0980e+00 -4.3409e+00 +8.0381e-01 -1.9115e+00 -1.1889e+00 -2.4846e+00 +2.5257e+00 +3.6998e+00
1509 +9.923759022e+00 +9.923759022e+00 -3.297624098e+01 -3.297624098e+01 +2.7982e+00 +3.1135e+00 +2.9336e+00 -9.2864e-01 -1.9998e+00 -1.4415e-01 +3.3903e-01 -1.2700e-01 +2.9603e+00 -2.6377e+00 +4.5746e+00 -8.2373e-01 -6.7979e-01 -4.4572e+00 +1.0183e+00 -1.7864e+00 -2.8705e-01 -2.2866e+00 +2.9069e+00 +3.0007e+00
1868 +5.986044603e+00 +5.986044603e+00 -3.691395540e+01 -3.691395540e+01 +2.6581e+00 +3.3753e+00 +3.7111e+00 -1.2157e+00 -2.4466e+00 -2.4956e+00 +6.6907e-01 +1.1451e-01 +2.4110e+00 -2.9290e+00 +4.4352e+00 -3.2055e+00 -2.7337e-01 -4.4117e+00 +1.5231e+00 -2.1162e+00 -1.1945e+00 -1.8803e+00 +2.8842e+00 +3.2576e+00
2339 +3.898105579e+00 +3.898105579e+00 -3.900189442e+01 -3.900189442e+01 +2.5497e+00 +3.3926e+00 +3.8882e+00 -8.8958e-01 -2.1282e+00 -1.9117e+00 +4.3885e-01 -1.1437e-01 +2.3775e+00 -4.3673e+00 +4.7652e+00 -2.1343e+00 +1.9324e-01 -3.4667e+00 +1.2486e+00 -1.4597e+00 -5.5290e-01 -1.5007e+00 +2.3543e+00 +2.8914e+00
2868 +2.141499983e+00 +2.141499983e+00 -4.075850002e+01 -4.075850002e+01 +2.5478e+00 +3.3572e+00 +3.4487e+00 -7.8379e-01 -2.7382e+00 -1.3035e+00 +3.9874e-01 -6.1216e-02 +2.4178e+00 -4.0673e+00 +3.8124e+00 -2.3110e+00 +1.5355e-01 -3.0985e+00 +1.1209e+00 -1.5781e+00 -9.8571e-01 -1.8937e+00 +3.1382e+00 +2.4337e+00
3543 +1.228826609e+00 +1.228826609e+00 -4.167117339e+01 -4.167117339e+01 +2.6471e+00 +3.2270e+00 +3.5644e+00 -7.0719e-01 -2.9269e+00 -1.6150e+00 +5.9835e-01 +1.0815e-02 +2.7171e+00 -3.3204e+00 +4.2389e+00 -2.1474e+00 -5.2962e-02 -3.3599e+00 +8.1956e-01 -1.6493e+00 -5.0117e-01 -1.9101e+00 +2.7555e+00 +2.6322e+00
4287 +8.521911709e-01 +8.521911709e-01 -4.204780883e+01 -4.204780883e+01 +2.6530e+00 +2.9431e+00 +3.5476e+00 -6.4928e-01 -3.0847e+00 -1.7854e+00 +5.3068e-01 +4.5012e-02 +3.0153e+00 -3.5231e+00 +3.9691e+00 -2.2597e+00 -4.5555e-02 -3.2781e+00 +9.7333e-01 -1.7757e+00 -7.3596e-01 -1.7645e+00 +2.7727e+00 +2.6299e+00
4893 +5.596626109e-01 +5.596626109e-01 -4.234033739e+01 -4.234033739e+01 +2.6881e+00 +2.4373e+00 +3.8029e+00 -1.0730e+00 -3.1979e+00 -1.7033e+00 +5.8677e-01 -6.5283e-02 +2.8066e+00 -3.4427e+00 +4.1646e+00 -2.1170e+00 -7.6730e-02 -3.3670e+00 +9.3657e-01 -1.6275e+00 -8.0331e-01 -1.8166e+00 +3.0001e+00 +2.5727e+00
% function evaluation | noise-free fitness - Fopt (-1.013200000000e+02) | best noise-free fitness - Fopt | measured fitness | best measured fitness | x1 | x2...
1 +3.397971473e+02 +3.397971473e+02 +2.384771473e+02 +2.384771473e+02 +4.5013e+00 -3.0657e+00 +8.2792e-01 -4.8575e-01 -6.0209e-01 -1.2411e+00 -1.3969e+00 +4.0899e+00 -2.1406e+00 -4.5095e+00 -4.8514e+00 +3.2803e+00 +3.9520e+00 +2.7209e+00 +1.0153e-01 +4.4251e+00 -3.0100e+00 -4.3172e+00 -4.7281e+00 -2.3679e+00
3 +2.363571132e+02 +2.363571132e+02 +1.350371132e+02 +1.350371132e+02 +1.0684e+00 -1.9724e+00 +1.5512e-01 -4.7281e+00 -1.8578e+00 -8.0142e-01 -2.3823e+00 -1.7104e+00 +3.0145e-02 +3.9481e+00 +3.1673e+00 -3.8692e+00 -1.6492e+00 -5.8415e-01 +1.5208e-01 +2.3740e+00 +4.2710e+00 -3.3385e+00 +4.9923e+00 +4.7760e+00
23 +1.254707359e+02 +1.254707359e+02 +2.415073587e+01 +2.415073587e+01 +3.1317e+00 +3.3850e+00 +3.7437e+00 -5.8172e-01 -6.9834e-01 -1.0282e+00 +4.6137e+00 +3.6993e+00 -1.0609e+00 +6.6710e-01 +1.8589e+00 -2.7142e+00 -2.3780e+00 +2.3400e+00 +1.5232e+00 +4.2118e-01 -2.4157e+00 +2.7619e+00 +2.1203e+00 -2.7842e+00
123 +9.213088197e+01 +9.213088197e+01 -9.189118029e+00 -9.189118029e+00 +3.3150e+00 +1.3458e+00 +3.5088e+00 -2.8869e+00 -7.9994e-01 -1.7885e-01 +5.2153e-01 -1.5017e+00 -2.4105e+00 -2.9361e-01 -4.8544e-01 +0.0000e+00 -4.3925e+00 +1.6139e+00 +2.0252e+00 +1.4911e+00 -3.4275e+00 +2.0926e+00 -9.0568e-01 -2.2141e+00
183 +6.221930942e+01 +6.221930942e+01 -3.910069058e+01 -3.910069058e+01 +3.4910e+00 +9.3529e-01 +1.9022e+00 -5.6443e-01 -1.8114e+00 +1.3259e+00 +2.8424e-01 -3.1916e+00 -2.8745e+00 +1.4638e+00 -6.5305e-01 -4.2296e-01 -3.6875e+00 +3.9360e+00 +3.4949e+00 +0.0000e+00 -5.0000e+00 -6.8535e-01 -9.0048e-01 +2.8046e-01
262 +3.578132109e+01 +3.578132109e+01 -6.553867891e+01 -6.553867891e+01 +2.8571e+00 +2.9185e+00 +1.0411e+00 -3.3895e+00 -3.2111e+00 -4.1623e-01 +4.4143e-01 -5.0000e+00 -2.9676e+00 +2.6156e+00 +1.2010e+00 -1.5148e+00 -2.3913e+00 +3.8504e+00 +4.6730e-01 -2.8680e+00 -4.7053e+00 -4.2838e+00 +8.9077e-01 -1.2882e-01
602 +2.453301748e+01 +2.453301748e+01 -7.678698252e+01 -7.678698252e+01 +1.3924e+00 +4.1971e+00 +2.5822e+00 -3.8825e+00 -5.0000e+00 -2.0795e+00 +5.5024e-01 -4.3630e+00 -2.8239e+00 +3.5364e+00 -1.2198e-01 -1.4273e+00 -6.1404e-01 +3.0471e+00 +0.0000e+00 -7.0173e-01 -4.3900e+00 -1.9689e+00 -9.8564e-01 +2.5030e+00
918 +1.561366035e+01 +1.561366035e+01 -8.570633965e+01 -8.570633965e+01 +2.4662e-02 +2.8123e+00 +1.1720e+00 -4.3173e+00 -5.0000e+00 -2.5842e+00 +1.5308e+00 -2.6818e+00 -2.8908e+00 +3.2518e+00 -1.5337e-01 -3.0868e+00 -1.5984e+00 +3.8833e+00 +3.4554e-01 -2.1050e+00 -4.8677e+00 -1.1331e+00 -1.1234e+00 +1.5172e+00
1366 +9.942834795e+00 +9.942834795e+00 -9.137716521e+01 -9.137716521e+01 +1.0970e+00 +2.7247e+00 +1.6363e+00 -4.1757e+00 -4.9848e+00 -1.1229e+00 +1.6902e+00 -1.8162e+00 -3.1103e+00 +3.0145e+00 +5.2950e-02 -2.7665e+00 -8.5262e-01 +3.8130e+00 +5.4346e-01 -2.8122e+00 -4.7810e+00 -1.4846e+00 -1.2596e+00 +9.2938e-01
1947 +5.449595331e+00 +5.449595331e+00 -9.587040467e+01 -9.587040467e+01 +1.7857e+00 +2.4694e+00 +2.3619e+00 -3.3055e+00 -5.0000e+00 -1.0682e+00 +2.2516e+00 -3.0688e+00 -3.0129e+00 +2.5495e+00 +8.0013e-01 -3.2061e+00 -1.0867e+00 +4.0032e+00 +2.4771e-01 -2.4200e+00 -4.0925e+00 -6.6335e-01 -1.2793e+00 +1.2361e+00
2587 +3.647417847e+00 +3.647417847e+00 -9.767258215e+01 -9.767258215e+01 +1.5196e+00 +3.0622e+00 +2.4422e+00 -2.5852e+00 -3.7053e+00 -1.7804e+00 +2.3650e+00 -2.1979e+00 -2.6674e+00 +2.7010e+00 +8.7756e-01 -3.0498e+00 -1.9355e+00 +3.8937e+00 +5.4030e-01 -1.9586e+00 -3.7505e+00 -1.1554e+00 -9.1727e-01 +1.0532e+00
2782 +2.103482294e+00 +2.103482294e+00 -9.921651771e+01 -9.921651771e+01 +1.9175e+00 +2.8028e+00 +1.9283e+00 -3.7943e+00 -3.0099e+00 -1.5200e+00 +2.1322e+00 -2.9281e+00 -2.6076e+00 +2.5627e+00 +9.1127e-01 -2.9332e+00 -7.8657e-01 +4.0643e+00 +4.5570e-01 -2.0871e+00 -4.1186e+00 -9.5380e-01 -9.6679e-01 +1.1405e+00
3089 +1.531411429e+00 +1.531411429e+00 -9.978858857e+01 -9.978858857e+01 +1.7206e+00 +2.7177e+00 +1.7087e+00 -3.6924e+00 -3.2425e+00 -1.6507e+00 +2.8904e+00 -2.9266e+00 -2.6724e+00 +2.5066e+00 +1.0337e+00 -2.9945e+00 -6.6257e-01 +4.0756e+00 +3.1062e-01 -2.0618e+00 -3.6810e+00 -1.2044e+00 -9.5876e-01 +7.4833e-01
3932 +7.625140898e-01 +7.625140898e-01 -1.005574859e+02 -1.005574859e+02 +1.7406e+00 +2.6357e+00 +1.9498e+00 -3.0238e+00 -3.0832e+00 -1.2494e+00 +2.9503e+00 -2.7602e+00 -2.6929e+00 +2.2686e+00 +9.3855e-01 -3.0789e+00 -7.1917e-01 +3.5150e+00 +1.2308e-01 -2.0314e+00 -3.5776e+00 -1.1981e+00 -1.0100e+00 +8.2213e-01
4335 +5.314834796e-01 +5.314834796e-01 -1.007885165e+02 -1.007885165e+02 +1.8295e+00 +2.5747e+00 +2.0464e+00 -3.0788e+00 -3.1571e+00 -1.3870e+00 +2.8481e+00 -2.7149e+00 -2.7429e+00 +2.2510e+00 +6.0059e-01 -3.0298e+00 -8.0614e-01 +3.4761e+00 +8.4372e-01 -2.1608e+00 -4.0005e+00 -1.1705e+00 -1.0356e+00 +1.0567e+00
% function evaluation | noise-free fitness - Fopt (3.650000000000e+00) | best noise-free fitness - Fopt | measured fitness | best measured fitness | x1 | x2...
1 +2.089675958e+02 +2.089675958e+02 +2.126175958e+02 +2.126175958e+02 +4.5013e+00 -3.0657e+00 +8.2792e-01 -4.8575e-01 -6.0209e-01 -1.2411e+00 -1.3969e+00 +4.0899e+00 -2.1406e+00 -4.5095e+00 -4.8514e+00 +3.2803e+00 +3.9520e+00 +2.7209e+00 +1.0153e-01 +4.4251e+00 -3.0100e+00 -4.3172e+00 -4.7281e+00 -2.3679e+00
79 +1.427966198e+02 +1.427966198e+02 +1.464466198e+02 +1.464466198e+02 +9.7555e-01 -1.2376e+00 -1.1546e+00 +2.9258e+00 +1.5561e+00 +2.1987e-01 +5.0000e+00 +2.4733e+00 +8.7745e-01 -1.7661e+00 -1.4832e+00 +3.5262e+00 +4.8440e-01 +4.0829e-01 +3.2235e+00 +3.4666e+00 -5.3741e-01 +2.5678e+00 +2.5130e+00 +3.8773e+00
152 +8.689957150e+01 +8.689957150e+01 +9.054957150e+01 +9.054957150e+01 +1.0854e-01 -2.4093e+00 -4.8332e-01 +2.3170e+00 +0.0000e+00 +1.4263e+00 +0.0000e+00 +1.0058e+00 +1.0399e+00 -1.1934e+00 +2.1631e+00 +3.0173e+00 +5.9902e-01 -4.1111e-01 +1.1828e+00 -4.2499e-01 -9.9150e-01 -1.5089e+00 +2.8086e+00 +1.5740e+00
237 +5.531225885e+01 +5.531225885e+01 +5.896225885e+01 +5.896225885e+01 -5.4027e-01 -2.3809e+00 -3.4811e-01 +2.0780e+00 -3.0756e+00 -2.8039e+00 +0.0000e+00 -2.4662e-01 -7.3807e-01 -1.6289e+00 +2.7105e-01 +3.6800e+00 +1.7408e+00 -8.3686e-01 +1.8418e+00 +3.8867e+00 -1.3053e+00 -1.2846e+00 +2.3167e+00 +4.3113e+00
397 +2.720680113e+01 +2.720680113e+01 +3.085680113e+01 +3.085680113e+01 -5.6879e-01 -2.6269e+00 -6.5415e-01 +4.8777e+00 -1.7071e+00 -1.1834e+00 +6.6819e-01 +4.7055e-01 -5.0000e+00 -2.2799e+00 +1.0544e+00 +2.6987e+00 +2.2930e+00 -1.2675e-01 +6.4831e-01 +3.7592e+00 +1.1865e+00 -4.9116e+00 +2.0500e+00 +2.3563e+00
580 +2.456285326e+01 +2.456285326e+01 +2.821285326e+01 +2.821285326e+01 +4.7929e-01 -2.8965e+00 -1.2746e+00 +3.7121e+00 -1.2138e+00 -1.4991e+00 +1.4374e+00 -1.6067e-01 -3.6994e+00 -2.4326e+00 +5.9084e-01 +3.7221e+00 +2.0390e+00 +9.6076e-01 +1.4041e+00 +2.5002e+00 +2.1653e-01 -4.9379e+00 +1.4315e+00 +1.2409e+00
894 +1.176287868e+01 +1.176287868e+01 +1.541287868e+01 +1.541287868e+01 +1.7964e-01 -1.4448e+00 -1.1363e+00 +4.1124e+00 -2.0671e+00 -1.5707e+00 +2.0413e+00 +6.9960e-01 -3.5067e+00 -2.6476e+00 +1.5557e+00 +2.8994e+00 +8.2342e-01 +1.1083e+00 +2.4250e-01 +2.1051e+00 +1.3731e+00 -4.9364e+00 +1.3681e+00 +3.4072e+00
1022 +8.892621919e+00 +8.892621919e+00 +1.254262192e+01 +1.254262192e+01 -5.0878e-01 -1.4271e+00 +7.6785e-02 +3.6862e+00 -9.1193e-01 -1.8499e+00 +2.3709e+00 +2.8867e-01 -3.3310e+00 -1.7833e+00 +1.5733e+00 +2.7496e+00 +5.6419e-01 +1.0069e+00 -3.6580e-01 +2.1282e+00 -4.5561e-01 -3.8505e+00 +1.0201e-01 +3.2086e+00
1515 +4.397487150e+00 +4.397487150e+00 +8.047487150e+00 +8.047487150e+00 +7.8214e-01 -1.9932e+00 +4.4561e-01 +4.0189e+00 -3.1145e+00 -3.1252e+00 +2.1519e+00 +1.3752e-01 -3.6400e+00 -2.5507e+00 +7.1474e-01 +4.4141e+00 -6.8584e-01 +1.0826e+00 -1.2303e+00 +2.8424e+00 +8.3260e-01 -3.7887e+00 +1.0961e+00 +3.4749e+00
2290 +3.960502377e+00 +3.960502377e+00 +7.610502377e+00 +7.610502377e+00 +4.2335e-01 -2.7883e+00 +2.8031e-01 +3.8739e+00 -2.7837e+00 -3.0592e+00 +2.0830e+00 +1.9478e-01 -3.8828e+00 -2.7285e+00 +9.9360e-02 +3.7373e+00 +1.8618e-01 +9.6808e-01 -1.2612e+00 +2.8307e+00 +1.1141e+00 -3.7853e+00 +7.2767e-01 +2.4145e+00
2676 +2.434059284e+00 +2.434059284e+00 +6.084059284e+00 +6.084059284e+00 +4.0164e-01 -1.8244e+00 +3.2524e-01 +3.9335e+00 -2.4439e+00 -3.0608e+00 +2.0704e+00 +2.7697e-01 -3.8526e+00 -2.6490e+00 +4.7822e-01 +3.9353e+00 +2.8192e-01 +2.2142e-01 -1.4743e+00 +2.8299e+00 +9.2257e-01 -4.3670e+00 +4.6304e-01 +3.1297e+00
3560 +1.339588180e+00 +1.339588180e+00 +4.989588180e+00 +4.989588180e+00 +5.0112e-01 -1.6266e+00 +6.2203e-01 +4.2517e+00 -2.3803e+00 -3.0983e+00 +1.9102e+00 +5.0059e-01 -3.8780e+00 -2.4465e+00 +1.6029e+00 +3.1728e+00 +2.4579e-01 +1.0447e+00 -1.3712e+00 +1.8617e+00 +1.0679e+00 -3.6300e+00 +5.1005e-01 +2.7670e+00
4071 +9.942144085e-01 +9.942144085e-01 +4.644214409e+00 +4.644214409e+00 +2.5166e-01 -1.9786e+00 +6.1539e-01 +4.0540e+00 -2.2938e+00 -2.9407e+00 +2.1617e+00 +7.5649e-01 -4.4032e+00 -2.5264e+00 +1.4766e+00 +3.4030e+00 +1.8355e-01 +7.7429e-01 -1.5094e+00 +2.0477e+00 +8.7978e-01 -3.7217e+00 +4.6381e-01 +2.7231e+00
4284 +5.210970242e-01 +5.210970242e-01 +4.171097024e+00 +4.171097024e+00 +5.4196e-01 -1.9668e+00 +4.3142e-01 +3.8036e+00 -1.9351e+00 -2.9567e+00 +2.1189e+00 +6.8406e-01 -3.9043e+00 -2.3258e+00 +1.2613e+00 +3.4919e+00 +1.6269e-01 +7.7731e-01 -1.6594e+00 +2.1546e+00 +7.9412e-01 -4.2175e+00 +6.5298e-01 +2.8464e+00
4685 +3.948604883e-01 +3.948604883e-01 +4.044860488e+00 +4.044860488e+00 +7.3947e-01 -1.8225e+00 +5.5074e-01 +3.6746e+00 -2.1763e+00 -3.0047e+00 +2.1274e+00 +2.9165e-01 -3.8933e+00 -2.2093e+00 +1.2112e+00 +3.4925e+00 +8.6208e-02 +8.1840e-01 -1.5320e+00 +2.0060e+00 +6.1523e-01 -4.0410e+00 +3.3452e-01 +2.6658e+00
% function evaluation | noise-free fitness - Fopt (2.205300000000e+02) | best noise-free fitness - Fopt | measured fitness | best measured fitness | x1 | x2...
1 +3.390228186e+02 +3.390228186e+02 +5.595528186e+02 +5.595528186e+02 +4.5013e+00 -3.0657e+00 +8.2792e-01 -4.8575e-01 -6.0209e-01 -1.2411e+00 -1.3969e+00 +4.0899e+00 -2.1406e+00 -4.5095e+00 -4.8514e+00 +3.2803e+00 +3.9520e+00 +2.7209e+00 +1.0153e-01 +4.4251e+00 -3.0100e+00 -4.3172e+00 -4.7281e+00 -2.3679e+00
3 +2.462799294e+02 +2.462799294e+02 +4.668099294e+02 +4.668099294e+02 +1.0684e+00 -1.9724e+00 +1.5512e-01 -4.7281e+00 -1.8578e+00 -8.0142e-01 -2.3823e+00 -1.7104e+00 +3.0145e-02 +3.9481e+00 +3.1673e+00 -3.8692e+00 -1.6492e+00 -5.8415e-01 +1.5208e-01 +2.3740e+00 +4.2710e+00 -3.3385e+00 +4.9923e+00 +4.7760e+00
52 +1.567177655e+02 +1.567177655e+02 +3.772477655e+02 +3.772477655e+02 -2.6140e-01 +4.0191e-02 -5.0000e+00 +4.3895e-01 +2.2373e+00 -5.0000e+00 -2.6673e+00 +5.0000e+00 +1.2224e+00 +5.0000e+00 -3.5967e+00 +1.3252e-02 -5.7613e-01 -9.0206e-01 -2.2476e+00 -2.2985e+00 -3.2573e+00 -2.8414e+00 -2.0633e+00 +5.0000e+00
154 +8.850421795e+01 +8.850421795e+01 +3.090342180e+02 +3.090342180e+02 +2.8244e+00 -2.2646e+00 -4.2283e+00 -1.7255e+00 +3.5125e+00 -4.6291e+00 -1.0908e-02 +2.3841e+00 -3.4993e-01 +4.6985e+00 -3.7597e+00 +2.4977e+00 -2.8757e+00 +4.2041e+00 -9.2251e-01 -4.7452e+00 -3.0933e+00 -1.9303e+00 +3.8565e+00 +1.5502e+00
254 +3.325599776e+01 +3.325599776e+01 +2.537859978e+02 +2.537859978e+02 +2.0963e+00 -2.4306e+00 +1.9893e+00 -1.4732e+00 +4.2165e+00 -3.6979e+00 -1.7447e+00 +4.1670e-01 +1.6780e+00 +4.6237e+00 -2.5628e+00 +1.2266e+00 -2.9182e+00 +2.8329e+00 -2.9540e+00 -9.1933e-01 -1.5821e+00 +2.2722e+00 +4.5311e+00 +1.9391e+00
558 +2.017475011e+01 +2.017475011e+01 +2.407047501e+02 +2.407047501e+02 +6.6648e-01 -4.3355e+00 +7.4227e-01 -1.0644e+00 +4.0531e+00 -3.2709e+00 -3.6715e+00 +2.1370e+00 +1.9581e+00 +3.0426e+00 -2.0500e+00 +2.4196e+00 -3.0230e+00 +1.3396e+00 -1.7639e+00 -4.9394e+00 -9.7131e-01 +1.7798e+00 +2.7584e+00 +2.3613e+00
803 +1.349990853e+01 +1.349990853e+01 +2.340299085e+02 +2.340299085e+02 +1.0760e+00 -4.2569e+00 -1.5476e-01 -2.3948e-02 +3.9767e+00 -2.5410e+00 -2.2452e+00 +3.3227e+00 +2.2345e+00 +3.0302e+00 -1.4511e+00 +3.0598e-01 -2.4649e+00 +3.2844e+00 -7.0855e-01 -2.3788e+00 -2.9573e-01 +1.6945e+00 +1.8793e+00 +2.5600e+00
1346 +9.161131005e+00 +9.161131005e+00 +2.296911310e+02 +2.296911310e+02 +1.7406e+00 -3.8844e+00 -2.9172e-01 +3.0107e-01 +4.0864e+00 -2.7218e+00 -2.4167e+00 +3.7693e+00 +6.0877e-01 +3.5151e+00 -6.6479e-01 +2.0919e+00 -2.8977e+00 +2.9060e+00 -1.8304e+00 -2.6445e+00 -6.4329e-01 +4.2403e-01 +1.3122e+00 +2.1577e+00
1659 +5.487111479e+00 +5.487111479e+00 +2.260171115e+02 +2.260171115e+02 +2.8385e+00 -3.6467e+00 +4.5950e-01 +3.3863e-01 +4.4103e+00 -3.2792e+00 -2.3526e+00 +3.3890e+00 +1.2769e+00 +3.0753e+00 -8.1391e-01 +6.8159e-01 -2.5368e+00 +2.7644e+00 -1.8342e+00 -2.6413e+00 -9.9529e-01 +1.0042e+00 +1.7209e+00 +2.1178e+00
2414 +2.627557170e+00 +2.627557170e+00 +2.231575572e+02 +2.231575572e+02 +3.2043e+00 -3.6765e+00 +8.7149e-01 -2.6614e-01 +3.8768e+00 -3.0761e+00 -2.7514e+00 +3.3426e+00 +1.5341e+00 +3.2372e+00 -1.4544e+00 +1.5368e+00 -3.1025e+00 +3.1008e+00 -1.8728e+00 -2.7139e+00 -8.9109e-01 +1.6463e+00 +1.6319e+00 +2.3533e+00
2686 +2.170207660e+00 +2.170207660e+00 +2.227002077e+02 +2.227002077e+02 +3.1743e+00 -3.5692e+00 +6.4367e-01 -2.4634e-01 +3.6587e+00 -3.2042e+00 -3.8366e+00 +3.3767e+00 +1.3597e+00 +3.1397e+00 -1.3783e+00 +1.5411e+00 -3.1052e+00 +2.8834e+00 -1.8935e+00 -2.7103e+00 -8.7419e-01 +2.0328e+00 +2.3360e+00 +3.0040e+00
3188 +1.427549265e+00 +1.427549265e+00 +2.219575493e+02 +2.219575493e+02 +3.0154e+00 -3.9756e+00 +7.5901e-01 -4.4662e-01 +3.7364e+00 -3.1487e+00 -3.4559e+00 +3.3920e+00 +9.1080e-01 +3.3097e+00 -1.3073e+00 +1.3610e+00 -3.2081e+00 +3.4414e+00 -2.5329e+00 -2.8786e+00 -8.5273e-01 +1.6817e+00 +2.1872e+00 +3.0998e+00
3790 +9.871093745e-01 +9.871093745e-01 +2.215171094e+02 +2.215171094e+02 +2.9780e+00 -3.8750e+00 +6.2544e-01 -2.0350e-01 +3.6049e+00 -2.8511e+00 -3.3519e+00 +3.4835e+00 +9.3683e-01 +2.6446e+00 -1.4537e+00 +1.3991e+00 -3.2560e+00 +3.1052e+00 -2.2466e+00 -2.7499e+00 -8.6856e-01 +1.7475e+00 +2.2592e+00 +2.6624e+00
4097 +5.892440849e-01 +5.892440849e-01 +2.211192441e+02 +2.211192441e+02 +3.0012e+00 -3.8544e+00 +7.6973e-01 +2.0000e-01 +3.4882e+00 -2.9984e+00 -3.3254e+00 +3.3625e+00 +7.9665e-01 +3.3048e+00 -1.4686e+00 +1.3795e+00 -3.1595e+00 +2.8994e+00 -2.3744e+00 -3.1516e+00 -8.5657e-01 +1.7526e+00 +2.2598e+00 +2.8774e+00
4886 +3.759787032e-01 +3.759787032e-01 +2.209059787e+02 +2.209059787e+02 +2.9909e+00 -3.8250e+00 +7.8379e-01 +2.2844e-01 +3.5788e+00 -2.9376e+00 -3.2590e+00 +3.3339e+00 +9.8786e-01 +3.1749e+00 -1.4444e+00 +1.3839e+00 -3.2304e+00 +2.7827e+00 -2.3434e+00 -2.7190e+00 -7.6026e-01 +1.7121e+00 +2.2574e+00 +2.7859e+00
% function evaluation | noise-free fitness - Fopt (4.212900000000e+02) | best noise-free fitness - Fopt | measured fitness | best measured fitness | x1 | x2...
1 +3.365067767e+02 +3.365067767e+02 +7.577967767e+02 +7.577967767e+02 +4.5013e+00 -3.0657e+00 +8.2792e-01 -4.8575e-01 -6.0209e-01 -1.2411e+00 -1.3969e+00 +4.0899e+00 -2.1406e+00 -4.5095e+00 -4.8514e+00 +3.2803e+00 +3.9520e+00 +2.7209e+00 +1.0153e-01 +4.4251e+00 -3.0100e+00 -4.3172e+00 -4.7281e+00 -2.3679e+00
2 +2.108606293e+02 +2.108606293e+02 +6.321506293e+02 +6.321506293e+02 -2.6886e+00 +1.8222e+00 -7.6504e-01 -4.5610e+00 -1.5995e+00 -4.9012e+00 +4.8513e-01 +9.6247e-01 -1.0587e+00 +2.5534e+00 -2.1181e+00 +4.1756e+00 +4.4239e+00 -1.2018e+00 +2.1396e+00 +2.7015e+00 +1.7427e+00 -3.7477e+00 +2.9367e+00 +2.1379e+00
4 +1.377006613e+02 +1.377006613e+02 +5.589906613e+02 +5.589906613e+02 -1.4018e-01 +4.1674e-01 -1.6605e+00 -1.8731e+00 -1.3492e+00 +2.5367e+00 +9.7345e-01 -2.1806e-01 +2.2198e+00 -2.1385e+00 +4.8548e+00 +3.1213e+00 -6.2636e-01 -1.6940e-01 +1.0587e+00 +3.6626e+00 -1.5618e+00 +4.1142e+00 -3.8976e+00 +1.3712e+00
53 +8.044781179e+01 +8.044781179e+01 +5.017378118e+02 +5.017378118e+02 -2.4720e+00 -3.1424e-01 -2.6113e+00 +2.7185e-01 +7.7334e-01 +4.1986e+00 +1.9604e+00 +1.3517e+00 +7.3662e-01 -1.0519e+00 +1.8354e+00 +1.1308e+00 +2.7935e+00 -5.2551e-01 +4.1508e+00 +5.0000e+00 -7.2897e-01 +1.6615e+00 -7.6925e-03 +1.3677e+00
166 +3.652720484e+01 +3.652720484e+01 +4.578172048e+02 +4.578172048e+02 -2.8520e+00 +8.1603e-01 +0.0000e+00 +7.9387e-02 +5.0562e-01 +3.9150e+00 -1.9951e+00 +3.8980e+00 +1.2061e+00 -2.0085e+00 +1.2752e+00 -1.2020e+00 -7.6678e-01 +1.7774e-02 +9.5644e-01 +5.0000e+00 -2.1917e+00 +1.1756e+00 +3.1099e-01 +1.2822e-01
427 +2.308267934e+01 +2.308267934e+01 +4.443726793e+02 +4.443726793e+02 -2.9867e+00 +3.1918e+00 -5.0256e-01 -4.3252e+00 -5.8504e-01 +2.5884e+00 +1.6125e+00 +2.5132e+00 +1.0681e+00 -8.7886e-01 -1.5641e-01 -3.1104e+00 +8.1007e-01 -1.0259e+00 +5.0000e+00 +4.8240e+00 -3.7616e+00 +1.7342e-01 +2.3539e+00 +0.0000e+00
1039 +1.516908171e+01 +1.516908171e+01 +4.364590817e+02 +4.364590817e+02 -3.5926e+00 +2.4852e+00 +2.6250e+00 -2.8702e+00 +1.1115e-01 +5.0000e+00 +6.6578e-01 +5.0000e+00 +1.3036e+00 -2.3418e+00 +4.4212e-01 -1.0977e+00 -9.2537e-01 -7.4343e-01 +4.3657e+00 +3.4649e+00 -1.7966e+00 +1.7162e+00 +2.2378e+00 -8.4066e-02
1639 +9.614775582e+00 +9.614775582e+00 +4.309047756e+02 +4.309047756e+02 -3.9129e+00 +3.2477e+00 +2.5829e+00 -2.8803e+00 -3.1377e-01 +4.7280e+00 +8.0571e-02 +3.6672e+00 +1.4924e+00 -1.5459e+00 +2.5715e-01 -1.2461e+00 -1.2897e+00 -1.3728e-02 +4.3922e+00 +3.5750e+00 -1.8658e+00 +6.3628e-01 +2.6996e+00 -1.6780e-02
2129 +5.748301631e+00 +5.748301631e+00 +4.270383016e+02 +4.270383016e+02 -4.1611e+00 +3.2275e+00 +1.8551e+00 -2.6921e+00 +3.5032e-01 +4.5282e+00 +2.9573e-01 +3.0336e+00 +1.5322e+00 -1.3862e+00 +2.9313e-02 -9.2892e-01 -4.5977e-01 -8.7999e-01 +3.8887e+00 +3.7540e+00 -2.4546e+00 +6.3178e-01 +2.2788e+00 +1.4065e-01
2443 +3.301957845e+00 +3.301957845e+00 +4.245919578e+02 +4.245919578e+02 -4.2741e+00 +3.3956e+00 +1.4721e+00 -2.5654e+00 -8.2871e-01 +3.8500e+00 +5.2944e-01 +2.5432e+00 +1.4596e+00 -1.3093e+00 +4.4186e-02 -1.2227e+00 -5.6852e-01 -1.1152e+00 +3.2684e+00 +3.2442e+00 -2.1635e+00 +1.3306e+00 +2.5654e+00 +5.5022e-01
2779 +2.497944592e+00 +2.497944592e+00 +4.237879446e+02 +4.237879446e+02 -4.2547e+00 +3.2897e+00 +1.5670e+00 -2.6330e+00 -6.5627e-01 +3.4039e+00 -9.8680e-02 +3.1013e+00 +1.5940e+00 -1.3034e+00 +4.0034e-02 -1.1916e+00 -4.1443e-01 -1.3369e+00 +3.4058e+00 +2.9392e+00 -2.0856e+00 +1.4294e+00 +2.3385e+00 +6.9159e-01
3372 +1.509182022e+00 +1.509182022e+00 +4.227991820e+02 +4.227991820e+02 -4.3095e+00 +3.6688e+00 +1.5194e+00 -2.7517e+00 -5.9719e-01 +3.4176e+00 +1.3328e-01 +2.9680e+00 +1.5342e+00 -2.2995e+00 +2.2418e-01 -1.1614e+00 -3.2194e-01 -1.0189e+00 +3.7654e+00 +3.8648e+00 -2.1630e+00 +1.1036e+00 +1.5066e+00 +6.1054e-01
3771 +9.508899967e-01 +9.508899967e-01 +4.222408900e+02 +4.222408900e+02 -4.2982e+00 +3.6801e+00 +1.4224e+00 -2.9730e+00 -5.7478e-01 +3.4653e+00 -4.9702e-02 +3.1517e+00 +1.4133e+00 -1.7154e+00 +3.0047e-01 -1.2434e+00 -7.3450e-01 -1.0162e+00 +3.2486e+00 +3.7355e+00 -2.1249e+00 +1.0685e+00 +1.7419e+00 +4.1154e-01
4201 +5.163223557e-01 +5.163223557e-01 +4.218063224e+02 +4.218063224e+02 -4.2404e+00 +3.1205e+00 +1.0041e+00 -3.1159e+00 -6.2702e-01 +3.1694e+00 -3.4848e-02 +3.1109e+00 +1.3273e+00 -1.6692e+00 +3.3495e-01 -1.4273e+00 -5.2938e-01 -8.9776e-01 +3.6660e+00 +3.6757e+00 -2.2756e+00 +1.1344e+00 +1.7307e+00 +7.8443e-01
4729 +3.786781657e-01 +3.786781657e-01 +4.216686782e+02 +4.216686782e+02 -4.2497e+00 +3.1444e+00 +1.1371e+00 -2.8012e+00 -3.9678e-01 +2.9348e+00 +1.8496e-02 +3.1310e+00 +1.3446e+00 -1.7311e+00 +1.7661e-01 -1.3994e+00 -7.3968e-01 -8.9343e-01 +3.5945e+00 +3.6694e+00 -2.1473e+00 +1.1676e+00 +1.6924e+00 +7.6298e-01
% function evaluation | noise-free fitness - Fopt (-7.900000000000e+01) | best noise-free fitness - Fopt | measured fitness | best measured fitness | x1 | x2...
1 +2.907282207e+02 +2.907282207e+02 +2.117282207e+02 +2.117282207e+02 +4.5013e+00 -3.0657e+00 +8.2792e-01 -4.8575e-01 -6.0209e-01 -1.2411e+00 -1.3969e+00 +4.0899e+00 -2.1406e+00 -4.5095e+00 -4.8514e+00 +3.2803e+00 +3.9520e+00 +2.7209e+00 +1.0153e-01 +4.4251e+00 -3.0100e+00 -4.3172e+00 -4.7281e+00 -2.3679e+00
2 +1.359615946e+02 +1.359615946e+02 +5.696159460e+01 +5.696159460e+01 -2.6886e+00 +1.8222e+00 -7.6504e-01 -4.5610e+00 -1.5995e+00 -4.9012e+00 +4.8513e-01 +9.6247e-01 -1.0587e+00 +2.5534e+00 -2.1181e+00 +4.1756e+00 +4.4239e+00 -1.2018e+00 +2.1396e+00 +2.7015e+00 +1.7427e+00 -3.7477e+00 +2.9367e+00 +2.1379e+00
109 +9.122011080e+01 +9.122011080e+01 +1.222011080e+01 +1.222011080e+01 -8.7089e-01 +1.8636e+00 -1.2563e+00 -1.3634e+00 -2.5482e+00 +1.9775e-01 +0.0000e+00 -3.0232e+00 +3.0188e+00 +2.9343e+00 -5.9115e-01 +4.3684e+00 -1.3400e+00 -5.0000e+00 -3.2812e+00 -2.5149e+00 +0.0000e+00 +2.1867e+00 -3.4456e+00 +6.4573e-01
165 +6.249196874e+01 +6.249196874e+01 -1.650803126e+01 -1.650803126e+01 -4.0044e+00 +1.5006e+00 -8.4453e-01 +2.0235e+00 -4.4298e+00 -8.2214e-01 -1.8684e+00 -1.8425e+00 +3.2210e+00 +9.0044e-01 +0.0000e+00 +1.5733e+00 -9.6550e-01 -5.0000e+00 +0.0000e+00 -4.3501e+00 +1.2416e+00 -9.9351e-01 +0.0000e+00 +2.0849e+00
252 +3.700064941e+01 +3.700064941e+01 -4.199935059e+01 -4.199935059e+01 -4.6857e+00 +1.5213e+00 +0.0000e+00 +2.7681e+00 -1.6678e+00 -1.3775e+00 -2.5957e+00 -6.9259e-01 +4.7898e-01 +1.0674e+00 +0.0000e+00 +4.0119e-01 -1.8935e+00 -2.7219e+00 -2.7778e+00 +0.0000e+00 +6.1390e-01 -1.3042e+00 -6.5495e-02 +1.4282e+00
535 +2.338369339e+01 +2.338369339e+01 -5.561630661e+01 -5.561630661e+01 -3.8018e+00 +3.2491e-01 -7.0627e-01 +6.6610e-01 -2.5944e+00 -3.1153e+00 -1.8147e+00 -2.0168e-01 +7.1775e-01 +9.3958e-01 -1.1653e+00 +2.2812e+00 +1.4431e+00 -3.7424e+00 -9.3725e-01 +1.3696e+00 +1.9610e+00 -1.1125e+00 +6.6976e-01 +6.8002e-01
961 +1.555459455e+01 +1.555459455e+01 -6.344540545e+01 -6.344540545e+01 -3.6000e+00 +7.3219e-01 +0.0000e+00 +1.8326e-01 -3.8582e+00 -1.9620e+00 -1.2313e+00 +0.0000e+00 -5.8595e-02 +3.5691e-01 -2.9434e+00 +1.6588e+00 +2.8126e+00 -1.8769e+00 -2.2334e+00 -1.6657e-01 +2.2195e+00 -1.1373e+00 +1.1193e+00 +2.9134e+00
1732 +7.159270292e+00 +7.159270292e+00 -7.184072971e+01 -7.184072971e+01 -3.5935e+00 +1.2365e+00 +1.6374e-01 +3.6072e-01 -2.9846e+00 -2.5491e+00 -1.4825e+00 +1.5990e-01 +1.8863e-01 +3.1018e-01 -2.7129e+00 +2.2701e+00 +8.4141e-01 -3.9082e+00 -2.1583e+00 +5.9718e-01 +1.9856e+00 -4.5500e-01 +1.1985e-01 +2.5212e+00
1820 +4.898376080e+00 +4.898376080e+00 -7.410162392e+01 -7.410162392e+01 -4.2233e+00 +1.1373e+00 -5.5012e-02 +3.7168e-01 -3.1056e+00 -6.9387e-01 -1.8338e+00 +9.3901e-02 +7.4935e-01 +9.7229e-01 -2.7317e+00 +2.1569e+00 +1.0513e+00 -3.6423e+00 -2.0468e+00 +2.8774e-01 +1.4334e+00 -5.2154e-01 +1.4010e-01 +2.3450e+00
2109 +3.831959483e+00 +3.831959483e+00 -7.516804052e+01 -7.516804052e+01 -4.1308e+00 +9.2597e-01 +5.8542e-02 +5.2017e-01 -3.3497e+00 -9.8233e-01 -1.3504e+00 +1.4063e-01 +6.9201e-01 +7.9919e-01 -2.7855e+00 +2.7031e+00 +7.7069e-01 -3.4040e+00 -2.4172e+00 +2.3780e-01 +1.5448e+00 -2.9227e-02 -4.7804e-02 +1.6703e+00
2930 +2.505509444e+00 +2.505509444e+00 -7.649449056e+01 -7.649449056e+01 -4.0031e+00 +1.0377e+00 -2.3627e-01 +3.1526e-02 -3.6864e+00 -1.0700e+00 -1.5823e+00 +2.7388e-01 +9.7624e-01 +6.0774e-01 -2.7878e+00 +1.9324e+00 +5.2421e-01 -3.8594e+00 -3.1092e+00 -4.5560e-02 +1.4392e+00 -6.6437e-01 +5.4439e-02 +2.0897e+00
3378 +1.398001718e+00 +1.398001718e+00 -7.760199828e+01 -7.760199828e+01 -3.3266e+00 +1.2046e+00 -2.2355e-01 +3.1821e-01 -3.9449e+00 -9.8571e-01 -1.7401e+00 +5.3685e-01 +7.1378e-01 +2.8914e-01 -2.9106e+00 +2.4617e+00 +2.8458e-01 -3.8033e+00 -2.9817e+00 +3.7230e-02 +1.8752e+00 -4.4784e-01 -4.3419e-03 +1.8010e+00
3580 +8.794229118e-01 +8.794229118e-01 -7.812057709e+01 -7.812057709e+01 -3.0462e+00 +1.4351e+00 -1.4557e-01 +5.1176e-01 -3.9595e+00 -1.2383e+00 -1.4536e+00 +8.3945e-01 +8.6147e-01 +3.5964e-01 -2.8939e+00 +2.3304e+00 +4.7398e-01 -3.7484e+00 -3.2883e+00 +1.7170e-01 +1.3511e+00 -5.2887e-01 +1.1403e-01 +2.1478e+00
3666 +3.579220918e-01 +3.579220918e-01 -7.864207791e+01 -7.864207791e+01 -3.0067e+00 +1.1672e+00 +5.9786e-01 +4.8158e-01 -3.9726e+00 -9.9134e-01 -1.5146e+00 +1.1156e+00 +7.8036e-01 +3.7350e-01 -2.8735e+00 +2.4543e+00 +4.2810e-01 -3.4495e+00 -2.7834e+00 +1.3175e-01 +1.6903e+00 -4.9877e-01 +2.0644e-01 +2.0858e+00
4274 +1.572373727e-01 +1.572373727e-01 -7.884276263e+01 -7.884276263e+01 -3.1840e+00 +1.2686e+00 +4.4840e-01 +3.4667e-01 -3.9425e+00 -9.0426e-01 -1.6414e+00 +1.0366e+00 +8.3778e-01 +3.6749e-01 -3.0199e+00 +2.1369e+00 +4.1245e-01 -3.4766e+00 -2.9341e+00 +1.1123e-01 +1.3837e+00 -5.1881e-01 +2.2731e-01 +1.8686e+00
% function evaluation | noise-free fitness - Fopt (-4.133000000000e+01) | best noise-free fitness - Fopt | measured fitness | best measured fitness | x1 | x2...
1 +3.007176717e+02 +3.007176717e+02 +2.593876717e+02 +2.593876717e+02 +4.5013e+00 -3.0657e+00 +8.2792e-01 -4.8575e-01 -6.0209e-01 -1.2411e+00 -1.3969e+00 +4.0899e+00 -2.1406e+00 -4.5095e+00 -4.8514e+00 +3.2803e+00 +3.9520e+00 +2.7209e+00 +1.0153e-01 +4.4251e+00 -3.0100e+00 -4.3172e+00 -4.7281e+00 -2.3679e+00
2 +2.094010087e+02 +2.094010087e+02 +1.680710087e+02 +1.680710087e+02 -2.6886e+00 +1.8222e+00 -7.6504e-01 -4.5610e+00 -1.5995e+00 -4.9012e+00 +4.8513e-01 +9.6247e-01 -1.0587e+00 +2.5534e+00 -2.1181e+00 +4.1756e+00 +4.4239e+00 -1.2018e+00 +2.1396e+00 +2.7015e+00 +1.7427e+00 -3.7477e+00 +2.9367e+00 +2.1379e+00
52 +1.524063535e+02 +1.524063535e+02 +1.110763535e+02 +1.110763535e+02 -1.1960e+00 +6.9409e-03 -1.1732e+00 +4.3895e-01 +5.3575e-01 -4.6339e+00 -4.2516e+00 +1.4670e+00 -9.4919e-02 +5.0000e+00 +1.1599e+00 +1.4298e+00 -7.5176e-02 +2.5205e+00 -2.1535e+00 -7.5946e-01 -1.5629e+00 -3.2040e+00 +1.5356e+00 +2.5515e+00
107 +9.543384273e+01 +9.543384273e+01 +5.410384273e+01 +5.410384273e+01 +5.0020e-01 -1.6134e+00 +2.7340e-01 -3.5708e-01 +3.0177e-02 +1.5945e+00 -1.5138e+00 +3.0257e-01 +3.5247e-02 +2.0883e+00 -1.3085e+00 +1.9337e+00 +3.2972e+00 -2.5215e+00 -3.7710e+00 +0.0000e+00 -4.9805e+00 -4.6536e+00 +5.0000e+00 -2.6984e+00
254 +5.535322176e+01 +5.535322176e+01 +1.402322176e+01 +1.402322176e+01 +6.1309e-02 -2.3271e+00 -3.8226e-01 -6.7353e-01 +4.4738e+00 -2.3436e+00 -3.2113e+00 -2.6854e+00 -5.0335e-01 +2.9086e+00 +2.3238e+00 +2.6607e+00 +2.6110e+00 -1.6701e+00 +2.0574e+00 -2.3364e+00 -1.4283e+00 -2.0342e+00 +5.0000e+00 -4.1685e+00
435 +3.689855826e+01 +3.689855826e+01 -4.431441737e+00 -4.431441737e+00 -6.4897e-01 +0.0000e+00 -1.0652e+00 -1.7238e+00 +3.0138e+00 -1.5670e+00 -3.7872e+00 -3.9429e+00 -9.7299e-01 -7.8183e-02 -1.2701e+00 +2.4385e+00 +2.6780e+00 -1.1081e+00 -1.1657e+00 -2.0968e+00 -3.9903e-01 -3.1270e+00 +4.9408e+00 -3.5912e+00
574 +2.475485907e+01 +2.475485907e+01 -1.657514093e+01 -1.657514093e+01 +1.7936e+00 -2.1506e-01 -3.1760e+00 -1.8016e+00 +2.7975e+00 -3.6887e+00 -4.8541e+00 -4.3219e+00 -7.4285e-01 +2.0614e-01 +0.0000e+00 +2.1724e+00 +2.1103e+00 -3.1789e+00 -1.3581e+00 -4.0481e+00 -3.6194e+00 -3.8087e+00 +2.0224e+00 -3.3144e+00
602 +1.522549024e+01 +1.522549024e+01 -2.610450976e+01 -2.610450976e+01 +0.0000e+00 -1.3675e+00 -1.7342e+00 -7.2650e-01 +2.9724e+00 -2.9973e+00 -3.2465e+00 -4.2138e+00 -1.1860e+00 +1.4692e+00 -4.5500e-01 +2.3459e+00 +2.8189e+00 +0.0000e+00 -1.6151e+00 -3.5565e+00 -3.0991e+00 -3.7188e+00 +2.1500e+00 -4.7118e+00
742 +9.859626281e+00 +9.859626281e+00 -3.147037372e+01 -3.147037372e+01 +5.9514e-02 -6.3114e-01 -1.5276e+00 -9.0370e-01 +2.4698e+00 -3.4172e+00 -3.3228e+00 -4.5940e+00 -1.8374e+00 +2.1884e+00 -5.5299e-01 +1.9255e+00 +2.8916e+00 -1.0569e+00 -2.1267e+00 -4.0550e+00 -2.7928e+00 -3.6114e+00 +1.2657e+00 -3.9960e+00
1188 +5.620230123e+00 +5.620230123e+00 -3.570976988e+01 -3.570976988e+01 +4.0619e-01 -1.4551e+00 -1.3541e-01 -1.0151e+00 +3.0698e+00 -2.4493e+00 -3.2080e+00 -4.1790e+00 -2.1565e+00 +9.1824e-01 +3.7689e-01 +2.6871e+00 +4.8547e+00 -1.7352e+00 -1.9521e+00 -4.0802e+00 -2.0648e+00 -3.8567e+00 +1.2629e+00 -4.7761e+00
1469 +3.682493416e+00 +3.682493416e+00 -3.764750658e+01 -3.764750658e+01 -2.8882e-02 -1.7086e+00 -6.0584e-01 -1.1682e+00 +2.4428e+00 -2.5920e+00 -3.0305e+00 -3.6588e+00 -2.1295e+00 +1.0325e+00 +5.3219e-01 +2.6626e+00 +4.7113e+00 -1.9021e+00 -1.8079e+00 -4.1159e+00 -1.5199e+00 -3.8225e+00 +1.2366e+00 -3.4446e+00
1982 +2.472508620e+00 +2.472508620e+00 -3.885749138e+01 -3.885749138e+01 +4.2293e-01 -1.6717e+00 -8.4901e-01 -9.9069e-01 +2.5241e+00 -3.1363e+00 -3.8267e+00 -3.8819e+00 -2.1114e+00 +1.0869e+00 +1.1883e+00 +2.3140e+00 +4.0646e+00 -2.3411e+00 -1.9511e+00 -3.4431e+00 -1.7989e+00 -3.6604e+00 +1.3095e+00 -4.0019e+00
2630 +1.457128337e+00 +1.457128337e+00 -3.987287166e+01 -3.987287166e+01 +1.8340e-01 -1.4550e+00 -3.8091e-01 -1.0539e+00 +2.2725e+00 -2.8211e+00 -3.4539e+00 -3.9436e+00 -2.2823e+00 +1.2906e+00 +5.8291e-01 +2.6467e+00 +3.6034e+00 -2.4485e+00 -2.2937e+00 -3.1840e+00 -2.3369e+00 -3.5876e+00 +1.2646e+00 -4.2049e+00
2770 +9.567650242e-01 +9.567650242e-01 -4.037323498e+01 -4.037323498e+01 +3.1145e-01 -1.4823e+00 -9.1329e-01 -1.1097e+00 +2.3444e+00 -2.8390e+00 -3.3587e+00 -4.0279e+00 -2.1200e+00 +1.3555e+00 +3.8729e-01 +2.6741e+00 +4.0396e+00 -2.5199e+00 -2.3148e+00 -3.1481e+00 -1.8936e+00 -3.6396e+00 +1.2576e+00 -4.1038e+00
3428 +6.068237123e-01 +6.068237123e-01 -4.072317629e+01 -4.072317629e+01 +3.4787e-01 -1.3626e+00 -9.4558e-01 -1.3842e+00 +2.3523e+00 -2.8629e+00 -3.3482e+00 -4.0223e+00 -2.0712e+00 +1.3577e+00 +5.6979e-01 +3.0505e+00 +4.0327e+00 -2.3869e+00 -2.4599e+00 -3.4788e+00 -1.8689e+00 -3.6243e+00 +1.3071e+00 -3.9497e+00
4378 +3.823882849e-01 +3.823882849e-01 -4.094761172e+01 -4.094761172e+01 +1.4788e-01 -1.3603e+00 -7.7446e-01 -1.4968e+00 +2.7424e+00 -2.9438e+00 -3.2823e+00 -3.6808e+00 -2.0555e+00 +1.3623e+00 +5.8603e-01 +2.9612e+00 +3.9395e+00 -2.4245e+00 -2.6509e+00 -3.2795e+00 -2.3461e+00 -3.6871e+00 +1.2242e+00 -3.7734e+00
4803 +1.745713803e-01 +1.745713803e-01 -4.115542862e+01 -4.115542862e+01 +3.7791e-01 -1.3921e+00 -9.1424e-01 -1.6028e+00 +2.7489e+00 -3.0004e+00 -3.1252e+00 -3.7063e+00 -2.2282e+00 +1.4191e+00 +5.8037e-01 +2.9351e+00 +4.0052e+00 -2.4612e+00 -2.6723e+00 -3.4312e+00 -2.1785e+00 -3.6682e+00 +1.3222e+00 -3.7055e+00
% function evaluation | noise-free fitness - Fopt (2.127500000000e+02) | best noise-free fitness - Fopt | measured fitness | best measured fitness | x1 | x2...
1 +3.102847643e+02 +3.102847643e+02 +5.230347643e+02 +5.230347643e+02 +4.5013e+00 -3.0657e+00 +8.2792e-01 -4.8575e-01 -6.0209e-01 -1.2411e+00 -1.3969e+00 +4.0899e+00 -2.1406e+00 -4.5095e+00 -4.8514e+00 +3.2803e+00 +3.9520e+00 +2.7209e+00 +1.0153e-01 +4.4251e+00 -3.0100e+00 -4.3172e+00 -4.7281e+00 -2.3679e+00
2 +1.888950119e+02 +1.888950119e+02 +4.016450119e+02 +4.016450119e+02 -2.6886e+00 +1.8222e+00 -7.6504e-01 -4.5610e+00 -1.5995e+00 -4.9012e+00 +4.8513e-01 +9.6247e-01 -1.0587e+00 +2.5534e+00 -2.1181e+00 +4.1756e+00 +4.4239e+00 -1.2018e+00 +2.1396e+00 +2.7015e+00 +1.7427e+00 -3.7477e+00 +2.9367e+00 +2.1379e+00
4 +1.404742811e+02 +1.404742811e+02 +3.532242811e+02 +3.532242811e+02 -1.4018e-01 +4.1674e-01 -1.6605e+00 -1.8731e+00 -1.3492e+00 +2.5367e+00 +9.7345e-01 -2.1806e-01 +2.2198e+00 -2.1385e+00 +4.8548e+00 +3.1213e+00 -6.2636e-01 -1.6940e-01 +1.0587e+00 +3.6626e+00 -1.5618e+00 +4.1142e+00 -3.8976e+00 +1.3712e+00
104 +9.179842697e+01 +9.179842697e+01 +3.045484270e+02 +3.045484270e+02 -5.0000e+00 -3.6595e+00 -4.0457e-01 -3.1655e+00 +3.7609e-01 -6.3556e-01 -1.9701e+00 -3.3739e-01 -1.5862e+00 +5.2938e-01 +8.2285e-01 +4.9457e+00 +1.2150e+00 -2.7304e+00 +8.2003e-01 +2.8648e+00 -1.9849e+00 +1.5815e+00 -5.0000e+00 +5.8181e-01
262 +6.090636586e+01 +6.090636586e+01 +2.736563659e+02 +2.736563659e+02 -2.8367e+00 -4.7463e+00 -1.9953e+00 -4.6217e-01 +6.2406e-01 -3.0914e+00 +4.5301e-01 -1.5068e+00 -1.3971e-01 +5.7358e-01 +4.1903e+00 +5.0000e+00 +2.5127e+00 -7.8933e-01 +1.3011e+00 +1.5314e+00 -2.9475e+00 +3.6794e-01 -5.0000e+00 -1.3354e+00
513 +3.509203085e+01 +3.509203085e+01 +2.478420309e+02 +2.478420309e+02 -2.3640e+00 -3.7244e+00 -4.9019e+00 -9.7469e-01 -1.2873e+00 -3.9979e+00 -3.1113e-02 -2.3085e+00 -1.4341e+00 +2.4888e+00 +1.2268e+00 +3.6262e+00 -4.7702e-02 -4.2847e-01 +3.6166e+00 +7.0784e-01 -2.0636e+00 -8.5373e-01 -5.0000e+00 -2.4308e+00
799 +2.446885512e+01 +2.446885512e+01 +2.372188551e+02 +2.372188551e+02 -3.9239e+00 -2.2363e+00 -4.8655e+00 -2.7922e+00 -2.3143e+00 -4.7931e+00 +5.0485e-01 -2.8280e+00 -1.2652e+00 +1.3252e+00 +2.5316e+00 +2.9712e+00 -9.9691e-01 +5.4119e-02 +3.8939e+00 +3.8895e+00 -4.2037e+00 +3.5019e-01 -5.0000e+00 -2.8581e+00
1128 +1.577713539e+01 +1.577713539e+01 +2.285271354e+02 +2.285271354e+02 -3.5962e+00 -1.9141e+00 -4.5973e+00 -1.4270e+00 -6.1327e-01 -4.7573e+00 +1.8806e+00 -1.3823e+00 -7.6080e-01 +2.4786e+00 +2.2425e+00 +2.2515e+00 -1.6964e+00 +7.2641e-01 +2.3817e+00 +4.1667e+00 -3.3435e+00 +2.7426e-01 -5.0000e+00 -2.3156e+00
2026 +9.997624563e+00 +9.997624563e+00 +2.227476246e+02 +2.227476246e+02 -3.6035e+00 -2.4916e+00 -5.0000e+00 -1.3449e+00 -1.5217e+00 -4.2177e+00 +4.7075e-01 -1.2569e+00 -2.4421e-03 +1.9729e+00 +3.0786e+00 +1.4444e+00 -1.0921e+00 +2.1139e-01 +2.6586e+00 +3.9159e+00 -3.1548e+00 +2.5046e-01 -5.0000e+00 -1.8203e+00
2812 +6.165837588e+00 +6.165837588e+00 +2.189158376e+02 +2.189158376e+02 -3.6975e+00 -2.6540e+00 -3.8083e+00 -1.2995e+00 -1.4341e+00 -4.0308e+00 +5.4948e-01 -1.5119e+00 -4.3733e-01 +2.8021e+00 +2.8306e+00 +1.3675e+00 -3.5849e-01 -1.1920e-02 +3.6244e+00 +4.2760e+00 -3.1355e+00 -2.8308e-01 -5.0000e+00 -1.5376e+00
