% function evaluation | noise-free fitness - Fopt (7.948000000000e+01) | best noise-free fitness - Fopt | measured fitness | best measured fitness | x1 | x2...
1 +3.424149767e+01 +3.424149767e+01 +1.137214977e+02 +1.137214977e+02 +4.5013e+00 -3.0657e+00 +8.2792e-01 -4.8575e-01 -6.0209e-01
4 +1.971714981e+01 +1.971714981e+01 +9.919714981e+01 +9.919714981e+01 -1.4018e-01 +4.1674e-01 -1.6605e+00 -1.8731e+00 -1.3492e+00
7 +4.061101155e+00 +4.061101155e+00 +8.354110115e+01 +8.354110115e+01 -4.3532e-01 -1.2163e+00 +7.9807e-01 +1.8312e+00 -3.8025e+00
107 +1.437780689e+00 +1.437780689e+00 +8.091778069e+01 +8.091778069e+01 +5.4564e-01 -2.0656e+00 -4.5926e-01 +1.4600e+00 -3.1691e+00
138 +7.196944769e-01 +7.196944769e-01 +8.019969448e+01 +8.019969448e+01 +1.6614e-01 -1.4343e+00 +5.1529e-02 +2.0515e+00 -2.5463e+00
379 +5.033538946e-01 +5.033538946e-01 +7.998335389e+01 +7.998335389e+01 +3.0857e-01 -6.3351e-01 -3.8993e-01 +1.9972e+00 -2.3494e+00
407 +3.962365239e-01 +3.962365239e-01 +7.987623652e+01 +7.987623652e+01 +4.3710e-01 -1.5453e+00 -5.6796e-01 +2.0473e+00 -2.2656e+00
866 +2.203644462e-02 +2.203644462e-02 +7.950203644e+01 +7.950203644e+01 +3.6228e-01 -1.1712e+00 -6.6959e-01 +2.0093e+00 -2.6776e+00
1423 +1.334158427e-02 +1.334158427e-02 +7.949334158e+01 +7.949334158e+01 +3.0431e-01 -1.1478e+00 -6.7148e-01 +1.8521e+00 -2.6326e+00
1540 +8.624230263e-03 +8.624230263e-03 +7.948862423e+01 +7.948862423e+01 +3.0702e-01 -1.1638e+00 -6.9861e-01 +1.8680e+00 -2.6410e+00
1590 +5.228528519e-03 +5.228528519e-03 +7.948522853e+01 +7.948522853e+01 +3.1160e-01 -1.1604e+00 -7.4797e-01 +1.8982e+00 -2.7005e+00
1862 +2.204398537e-03 +2.204398537e-03 +7.948220440e+01 +7.948220440e+01 +2.4580e-01 -1.1797e+00 -7.1880e-01 +1.8868e+00 -2.6867e+00
2366 +1.051682540e-03 +1.051682540e-03 +7.948105168e+01 +7.948105168e+01 +2.5135e-01 -1.1781e+00 -7.3849e-01 +1.9073e+00 -2.6854e+00
2390 +6.675723674e-04 +6.675723674e-04 +7.948066757e+01 +7.948066757e+01 +2.5392e-01 -1.1815e+00 -7.1723e-01 +1.9297e+00 -2.6821e+00
2466 +5.723855092e-04 +5.723855092e-04 +7.948057239e+01 +7.948057239e+01 +2.5562e-01 -1.1760e+00 -7.1348e-01 +1.9355e+00 -2.6824e+00
2885 +1.624652001e-04 +1.624652001e-04 +7.948016247e+01 +7.948016247e+01 +2.4300e-01 -1.1576e+00 -7.3105e-01 +1.9302e+00 -2.6797e+00
3040 +1.481942007e-04 +1.481942007e-04 +7.948014819e+01 +7.948014819e+01 +2.4257e-01 -1.1585e+00 -7.2320e-01 +1.9259e+00 -2.6871e+00
3354 +7.237350481e-05 +7.237350481e-05 +7.948007237e+01 +7.948007237e+01 +2.5502e-01 -1.1525e+00 -7.1754e-01 +1.9240e+00 -2.6797e+00
3438 +5.161820566e-05 +5.161820566e-05 +7.948005162e+01 +7.948005162e+01 +2.5615e-01 -1.1571e+00 -7.2227e-01 +1.9325e+00 -2.6805e+00
3638 +6.188507299e-06 +6.188507299e-06 +7.948000619e+01 +7.948000619e+01 +2.5413e-01 -1.1569e+00 -7.2456e-01 +1.9283e+00 -2.6802e+00
4616 +3.829926953e-06 +3.829926953e-06 +7.948000383e+01 +7.948000383e+01 +2.5314e-01 -1.1557e+00 -7.2270e-01 +1.9271e+00 -2.6802e+00
4919 +1.801180730e-06 +1.801180730e-06 +7.948000180e+01 +7.948000180e+01 +2.5265e-01 -1.1563e+00 -7.2388e-01 +1.9253e+00 -2.6802e+00
% function evaluation | noise-free fitness - Fopt (3.944800000000e+02) | best noise-free fitness - Fopt | measured fitness | best measured fitness | x1 | x2...
1 +1.134447425e+02 +1.134447425e+02 +5.079247425e+02 +5.079247425e+02 +4.5013e+00 -3.0657e+00 +8.2792e-01 -4.8575e-01 -6.0209e-01
4 +6.792026494e+01 +6.792026494e+01 +4.624002649e+02 +4.624002649e+02 -1.4018e-01 +4.1674e-01 -1.6605e+00 -1.8731e+00 -1.3492e+00
7 +6.199498868e+01 +6.199498868e+01 +4.564749887e+02 +4.564749887e+02 -4.3532e-01 -1.2163e+00 +7.9807e-01 +1.8312e+00 -3.8025e+00
22 +3.473766187e+01 +3.473766187e+01 +4.292176619e+02 +4.292176619e+02 -1.4713e+00 -1.9071e+00 -1.9500e+00 -4.5645e-01 +3.1876e+00
102 +2.138514092e+01 +2.138514092e+01 +4.158651409e+02 +4.158651409e+02 -4.2303e+00 -2.6669e+00 +6.6433e-01 +5.0000e+00 +5.8410e-01
120 +1.398016021e+01 +1.398016021e+01 +4.084601602e+02 +4.084601602e+02 -5.0000e+00 +1.7898e-03 -2.9072e+00 +5.0000e+00 -6.9091e-01
133 +9.861984794e+00 +9.861984794e+00 +4.043419848e+02 +4.043419848e+02 -2.6616e+00 -2.0902e+00 -2.2113e+00 +4.3333e+00 -1.3718e+00
153 +5.229811039e+00 +5.229811039e+00 +3.997098110e+02 +3.997098110e+02 -3.9000e+00 -3.2630e+00 -1.8729e+00 +4.6992e+00 +0.0000e+00
198 +2.109679586e+00 +2.109679586e+00 +3.965896796e+02 +3.965896796e+02 -4.1735e+00 -2.9240e+00 -3.5389e+00 +5.0000e+00 -1.5850e-02
273 +1.518507453e+00 +1.518507453e+00 +3.959985075e+02 +3.959985075e+02 -3.5195e+00 -3.1586e+00 -3.7535e+00 +5.0000e+00 +5.3837e-01
322 +2.766085027e-01 +2.766085027e-01 +3.947566085e+02 +3.947566085e+02 -3.6357e+00 -3.0235e+00 -4.0120e+00 +4.2388e+00 +6.7231e-01
378 +8.841836001e-02 +8.841836001e-02 +3.945684184e+02 +3.945684184e+02 -4.1439e+00 -2.9850e+00 -3.7646e+00 +4.0022e+00 +7.6743e-01
757 +5.137682285e-02 +5.137682285e-02 +3.945313768e+02 +3.945313768e+02 -4.0972e+00 -2.8858e+00 -3.9069e+00 +3.9042e+00 +8.8908e-01
1209 +3.062288680e-02 +3.062288680e-02 +3.945106229e+02 +3.945106229e+02 -3.9676e+00 -2.9179e+00 -3.8047e+00 +3.8349e+00 +1.0009e+00
1331 +2.252354656e-02 +2.252354656e-02 +3.945025235e+02 +3.945025235e+02 -3.7684e+00 -2.8954e+00 -3.8026e+00 +3.8627e+00 +9.2057e-01
1476 +1.206933953e-02 +1.206933953e-02 +3.944920693e+02 +3.944920693e+02 -3.8863e+00 -2.8211e+00 -3.8847e+00 +3.8981e+00 +8.7616e-01
1633 +3.967734616e-03 +3.967734616e-03 +3.944839677e+02 +3.944839677e+02 -3.9103e+00 -2.8711e+00 -3.8063e+00 +3.8656e+00 +9.0205e-01
1931 +2.135122464e-03 +2.135122464e-03 +3.944821351e+02 +3.944821351e+02 -3.8838e+00 -2.8513e+00 -3.8095e+00 +3.9143e+00 +8.7567e-01
2023 +1.181350237e-03 +1.181350237e-03 +3.944811814e+02 +3.944811814e+02 -3.8861e+00 -2.8986e+00 -3.7858e+00 +3.8794e+00 +8.5971e-01
2231 +6.687551166e-04 +6.687551166e-04 +3.944806688e+02 +3.944806688e+02 -3.9044e+00 -2.8824e+00 -3.8176e+00 +3.8885e+00 +8.6617e-01
2535 +5.902642338e-04 +5.902642338e-04 +3.944805903e+02 +3.944805903e+02 -3.8975e+00 -2.8903e+00 -3.8247e+00 +3.8969e+00 +8.5541e-01
2685 +1.445015934e-04 +1.445015934e-04 +3.944801445e+02 +3.944801445e+02 -3.9036e+00 -2.8888e+00 -3.7999e+00 +3.8975e+00 +8.5263e-01
3034 +9.354762091e-05 +9.354762091e-05 +3.944800935e+02 +3.944800935e+02 -3.9021e+00 -2.8870e+00 -3.8050e+00 +3.8977e+00 +8.5866e-01
3816 +5.761241664e-05 +5.761241664e-05 +3.944800576e+02 +3.944800576e+02 -3.9018e+00 -2.8885e+00 -3.8087e+00 +3.9041e+00 +8.6012e-01
4066 +3.878053536e-05 +3.878053536e-05 +3.944800388e+02 +3.944800388e+02 -3.8991e+00 -2.8872e+00 -3.7998e+00 +3.9017e+00 +8.5676e-01
4075 +2.343599289e-05 +2.343599289e-05 +3.944800234e+02 +3.944800234e+02 -3.8999e+00 -2.8867e+00 -3.7999e+00 +3.9045e+00 +8.5889e-01
4516 +1.419805682e-05 +1.419805682e-05 +3.944800142e+02 +3.944800142e+02 -3.8996e+00 -2.8877e+00 -3.8023e+00 +3.9074e+00 +8.5767e-01
4799 +7.101202470e-06 +7.101202470e-06 +3.944800071e+02 +3.944800071e+02 -3.9000e+00 -2.8893e+00 -3.8024e+00 +3.9073e+00 +8.5982e-01
4934 +3.372513390e-06 +3.372513390e-06 +3.944800034e+02 +3.944800034e+02 -3.8985e+00 -2.8915e+00 -3.8038e+00 +3.9051e+00 +8.5938e-01
4991 +2.157227925e-06 +2.157227925e-06 +3.944800022e+02 +3.944800022e+02 -3.8984e+00 -2.8893e+00 -3.8027e+00 +3.9054e+00 +8.6016e-01
% function evaluation | noise-free fitness - Fopt (-2.471100000000e+02) | best noise-free fitness - Fopt | measured fitness | best measured fitness | x1 | x2...
1 +9.838869874e+01 +9.838869874e+01 -1.487213013e+02 -1.487213013e+02 +4.5013e+00 -3.0657e+00 +8.2792e-01 -4.8575e-01 -6.0209e-01
2 +6.864012326e+00 +6.864012326e+00 -2.402459877e+02 -2.402459877e+02 -2.6886e+00 +1.8222e+00 -7.6504e-01 -4.5610e+00 -1.5995e+00
21 +5.188799863e+00 +5.188799863e+00 -2.419212001e+02 -2.419212001e+02 -4.4211e+00 +2.2711e+00 -8.4625e-01 -4.1592e+00 -3.6299e+00
108 +2.055861979e+00 +2.055861979e+00 -2.450541380e+02 -2.450541380e+02 -4.6944e+00 +3.7576e-01 +0.0000e+00 -4.2355e+00 -2.4290e+00
285 +1.567028892e+00 +1.567028892e+00 -2.455429711e+02 -2.455429711e+02 -4.3790e+00 +8.0296e-01 -2.4173e-02 -3.1156e+00 -2.7927e+00
397 +2.032317046e-01 +2.032317046e-01 -2.469067683e+02 -2.469067683e+02 -4.1453e+00 +3.3506e-01 -8.0086e-01 -3.9048e+00 -3.1878e+00
1012 +1.336631835e-01 +1.336631835e-01 -2.469763368e+02 -2.469763368e+02 -3.8483e+00 +4.1757e-01 -6.0822e-01 -3.8030e+00 -2.8426e+00
1081 +4.820055205e-02 +4.820055205e-02 -2.470617994e+02 -2.470617994e+02 -3.7053e+00 +1.8186e-01 -6.4028e-01 -3.7565e+00 -3.2787e+00
1348 +2.783862890e-02 +2.783862890e-02 -2.470821614e+02 -2.470821614e+02 -3.8428e+00 +1.0456e-01 -7.3822e-01 -3.7000e+00 -3.2169e+00
1464 +1.796923542e-02 +1.796923542e-02 -2.470920308e+02 -2.470920308e+02 -3.8614e+00 +1.6109e-01 -7.4086e-01 -3.7402e+00 -3.1850e+00
1548 +1.300936529e-02 +1.300936529e-02 -2.470969906e+02 -2.470969906e+02 -3.8534e+00 +1.7248e-01 -7.3755e-01 -3.6775e+00 -3.1811e+00
1597 +9.685614748e-03 +9.685614748e-03 -2.471003144e+02 -2.471003144e+02 -3.8798e+00 +2.2957e-01 -6.8845e-01 -3.6717e+00 -3.0547e+00
1964 +3.217513751e-03 +3.217513751e-03 -2.471067825e+02 -2.471067825e+02 -3.8449e+00 +2.1784e-01 -6.7313e-01 -3.6826e+00 -3.1202e+00
2359 +2.454497085e-03 +2.454497085e-03 -2.471075455e+02 -2.471075455e+02 -3.8144e+00 +2.0326e-01 -6.5217e-01 -3.6875e+00 -3.1249e+00
2603 +1.096930883e-03 +1.096930883e-03 -2.471089031e+02 -2.471089031e+02 -3.8254e+00 +1.9738e-01 -7.0776e-01 -3.6841e+00 -3.0960e+00
2684 +6.943669899e-04 +6.943669899e-04 -2.471093056e+02 -2.471093056e+02 -3.8103e+00 +1.9938e-01 -7.0562e-01 -3.6837e+00 -3.1157e+00
3034 +4.192413556e-04 +4.192413556e-04 -2.471095808e+02 -2.471095808e+02 -3.8111e+00 +1.9906e-01 -6.7792e-01 -3.6836e+00 -3.0970e+00
3666 +3.041369467e-04 +3.041369467e-04 -2.471096959e+02 -2.471096959e+02 -3.8030e+00 +2.0971e-01 -6.8207e-01 -3.6973e+00 -3.1102e+00
3816 +9.366960612e-05 +9.366960612e-05 -2.471099063e+02 -2.471099063e+02 -3.7972e+00 +2.0526e-01 -6.8732e-01 -3.6827e+00 -3.0993e+00
3875 +3.666916146e-05 +3.666916146e-05 -2.471099633e+02 -2.471099633e+02 -3.7968e+00 +2.0560e-01 -6.8730e-01 -3.6929e+00 -3.0960e+00
4516 +2.502727727e-05 +2.502727727e-05 -2.471099750e+02 -2.471099750e+02 -3.7971e+00 +2.0524e-01 -6.9170e-01 -3.6923e+00 -3.1034e+00
4590 +7.862257718e-06 +7.862257718e-06 -2.471099921e+02 -2.471099921e+02 -3.7969e+00 +2.0469e-01 -6.9007e-01 -3.6903e+00 -3.0981e+00
% function evaluation | noise-free fitness - Fopt (-1.520400000000e+02) | best noise-free fitness - Fopt | measured fitness | best measured fitness | x1 | x2...
1 +8.892004297e+01 +8.892004297e+01 -6.311995703e+01 -6.311995703e+01 +4.5013e+00 -3.0657e+00 +8.2792e-01 -4.8575e-01 -6.0209e-01
4 +4.708717060e+01 +4.708717060e+01 -1.049528294e+02 -1.049528294e+02 -1.4018e-01 +4.1674e-01 -1.6605e+00 -1.8731e+00 -1.3492e+00
6 +3.217992941e+01 +3.217992941e+01 -1.198600706e+02 -1.198600706e+02 +2.6210e+00 +1.9790e+00 -2.7405e+00 -1.1603e+00 +9.1525e-01
11 +1.376794628e+01 +1.376794628e+01 -1.382720537e+02 -1.382720537e+02 +1.1543e+00 -3.4476e-02 -2.9093e+00 +1.0854e+00 +4.3424e+00
60 +3.422796649e+00 +3.422796649e+00 -1.486172034e+02 -1.486172034e+02 +1.2818e+00 +2.1016e+00 -3.5947e+00 +3.0365e+00 +1.7968e+00
139 +1.594494716e+00 +1.594494716e+00 -1.504455053e+02 -1.504455053e+02 +1.9045e-02 +9.1762e-01 -4.2615e+00 +3.8204e+00 +3.3512e+00
223 +1.509966737e+00 +1.509966737e+00 -1.505300333e+02 -1.505300333e+02 +4.8518e-01 +2.0369e+00 -4.3472e+00 +2.6986e+00 +2.2404e+00
387 +9.708084337e-01 +9.708084337e-01 -1.510691916e+02 -1.510691916e+02 +4.5758e-01 +1.5910e+00 -4.0755e+00 +2.7135e+00 +2.6530e+00
511 +5.406409195e-01 +5.406409195e-01 -1.514993591e+02 -1.514993591e+02 -3.7439e-01 +9.1125e-01 -3.8933e+00 +3.7084e+00 +2.1096e+00
555 +3.833376905e-01 +3.833376905e-01 -1.516566623e+02 -1.516566623e+02 -3.7811e-01 +1.2042e+00 -3.9044e+00 +3.4904e+00 +2.9529e+00
655 +1.371888150e-01 +1.371888150e-01 -1.519028112e+02 -1.519028112e+02 -2.9687e-01 +1.1780e+00 -3.9330e+00 +3.5712e+00 +2.3988e+00
1266 +9.585327978e-02 +9.585327978e-02 -1.519441467e+02 -1.519441467e+02 -1.7670e-01 +1.5002e+00 -3.9069e+00 +3.5806e+00 +2.3880e+00
1532 +2.221800762e-02 +2.221800762e-02 -1.520177820e+02 -1.520177820e+02 -1.9340e-01 +1.4978e+00 -3.9663e+00 +3.2026e+00 +2.3923e+00
1656 +8.071354641e-03 +8.071354641e-03 -1.520319286e+02 -1.520319286e+02 -2.3458e-01 +1.4028e+00 -3.9947e+00 +3.2716e+00 +2.3869e+00
2332 +3.736377120e-03 +3.736377120e-03 -1.520362636e+02 -1.520362636e+02 -2.1132e-01 +1.4267e+00 -3.9021e+00 +3.2996e+00 +2.4101e+00
2516 +1.741790215e-03 +1.741790215e-03 -1.520382582e+02 -1.520382582e+02 -2.8589e-01 +1.3969e+00 -3.9075e+00 +3.2800e+00 +2.4104e+00
2558 +1.340669380e-04 +1.340669380e-04 -1.520398659e+02 -1.520398659e+02 -2.6237e-01 +1.4149e+00 -3.9298e+00 +3.2980e+00 +2.4179e+00
3261 +9.982427767e-05 +9.982427767e-05 -1.520399002e+02 -1.520399002e+02 -2.6171e-01 +1.4234e+00 -3.9304e+00 +3.2921e+00 +2.4152e+00
3878 +5.039573415e-05 +5.039573415e-05 -1.520399496e+02 -1.520399496e+02 -2.6375e-01 +1.4223e+00 -3.9305e+00 +3.2966e+00 +2.4175e+00
3948 +3.376123627e-05 +3.376123627e-05 -1.520399662e+02 -1.520399662e+02 -2.6990e-01 +1.4242e+00 -3.9221e+00 +3.3012e+00 +2.4196e+00
4128 +2.268713561e-05 +2.268713561e-05 -1.520399773e+02 -1.520399773e+02 -2.6363e-01 +1.4258e+00 -3.9251e+00 +3.2960e+00 +2.4168e+00
4240 +1.121201555e-05 +1.121201555e-05 -1.520399888e+02 -1.520399888e+02 -2.6582e-01 +1.4232e+00 -3.9238e+00 +3.2952e+00 +2.4169e+00
4478 +8.956282272e-06 +8.956282272e-06 -1.520399910e+02 -1.520399910e+02 -2.6746e-01 +1.4228e+00 -3.9249e+00 +3.2956e+00 +2.4168e+00
4643 +3.418916435e-06 +3.418916435e-06 -1.520399966e+02 -1.520399966e+02 -2.6872e-01 +1.4233e+00 -3.9252e+00 +3.2961e+00 +2.4193e+00
4828 +1.433622487e-06 +1.433622487e-06 -1.520399986e+02 -1.520399986e+02 -2.6713e-01 +1.4233e+00 -3.9255e+00 +3.2962e+00 +2.4190e+00
% function evaluation | noise-free fitness - Fopt (-2.525000000000e+01) | best noise-free fitness - Fopt | measured fitness | best measured fitness | x1 | x2...
1 +3.752388436e+01 +3.752388436e+01 +1.227388436e+01 +1.227388436e+01 +4.5013e+00 -3.0657e+00 +8.2792e-01 -4.8575e-01 -6.0209e-01
6 +1.118893793e+01 +1.118893793e+01 -1.406106207e+01 -1.406106207e+01 +2.6210e+00 +1.9790e+00 -2.7405e+00 -1.1603e+00 +9.1525e-01
53 +9.270788728e+00 +9.270788728e+00 -1.597921127e+01 -1.597921127e+01 +2.1446e+00 +1.6153e+00 -1.9185e+00 +2.7185e-01 +3.1422e+00
67 +5.380036385e+00 +5.380036385e+00 -1.986996361e+01 -1.986996361e+01 +5.0000e+00 +7.7825e-01 -2.0579e+00 -1.5301e+00 +1.6698e+00
111 +3.890697629e+00 +3.890697629e+00 -2.135930237e+01 -2.135930237e+01 +3.9805e+00 +7.5049e-01 -1.3000e-01 -1.1420e+00 +2.2704e+00
232 +1.200273661e+00 +1.200273661e+00 -2.404972634e+01 -2.404972634e+01 +2.8368e+00 +6.3901e-01 -1.1753e+00 -1.4270e+00 +3.2067e+00
312 +4.141274902e-01 +4.141274902e-01 -2.483587251e+01 -2.483587251e+01 +2.9857e+00 +5.1580e-01 -1.4758e+00 -2.1128e+00 +3.2872e+00
655 +2.069937906e-01 +2.069937906e-01 -2.504300621e+01 -2.504300621e+01 +3.3537e+00 +7.8469e-01 -1.4779e+00 -1.8892e+00 +3.5067e+00
769 +8.449792941e-02 +8.449792941e-02 -2.516550207e+01 -2.516550207e+01 +3.5211e+00 +5.1864e-01 -1.6666e+00 -2.1950e+00 +3.2765e+00
792 +4.316763737e-02 +4.316763737e-02 -2.520683236e+01 -2.520683236e+01 +3.6216e+00 +6.6921e-01 -1.5824e+00 -2.2511e+00 +3.2165e+00
1438 +2.609020633e-02 +2.609020633e-02 -2.522390979e+01 -2.522390979e+01 +3.7067e+00 +6.3697e-01 -1.4847e+00 -2.2089e+00 +3.1946e+00
1473 +2.456002411e-02 +2.456002411e-02 -2.522543998e+01 -2.522543998e+01 +3.6279e+00 +5.8460e-01 -1.4167e+00 -2.3000e+00 +3.3082e+00
1594 +8.890418057e-03 +8.890418057e-03 -2.524110958e+01 -2.524110958e+01 +3.6507e+00 +6.6965e-01 -1.4231e+00 -2.1680e+00 +3.3752e+00
1945 +3.537418161e-03 +3.537418161e-03 -2.524646258e+01 -2.524646258e+01 +3.6129e+00 +6.7276e-01 -1.4348e+00 -2.1272e+00 +3.3328e+00
2388 +4.116986109e-04 +4.116986109e-04 -2.524958830e+01 -2.524958830e+01 +3.6222e+00 +6.4698e-01 -1.4158e+00 -2.1401e+00 +3.3010e+00
3038 +3.157613762e-04 +3.157613762e-04 -2.524968424e+01 -2.524968424e+01 +3.6122e+00 +6.4272e-01 -1.4141e+00 -2.1394e+00 +3.3011e+00
3233 +2.037520560e-04 +2.037520560e-04 -2.524979625e+01 -2.524979625e+01 +3.6178e+00 +6.4448e-01 -1.4173e+00 -2.1524e+00 +3.3061e+00
3333 +1.466468471e-04 +1.466468471e-04 -2.524985335e+01 -2.524985335e+01 +3.6174e+00 +6.4440e-01 -1.4170e+00 -2.1498e+00 +3.3016e+00
3798 +7.683916853e-05 +7.683916853e-05 -2.524992316e+01 -2.524992316e+01 +3.6157e+00 +6.4342e-01 -1.4226e+00 -2.1554e+00 +3.2966e+00
4063 +1.465194180e-05 +1.465194180e-05 -2.524998535e+01 -2.524998535e+01 +3.6173e+00 +6.3526e-01 -1.4235e+00 -2.1542e+00 +3.2959e+00
4363 +2.969717173e-06 +2.969717173e-06 -2.524999703e+01 -2.524999703e+01 +3.6138e+00 +6.3544e-01 -1.4227e+00 -2.1529e+00 +3.2956e+00
4588 +2.124445782e-06 +2.124445782e-06 -2.524999788e+01 -2.524999788e+01 +3.6143e+00 +6.3640e-01 -1.4220e+00 -2.1535e+00 +3.2970e+00
4788 +1.035920373e-06 +1.035920373e-06 -2.524999896e+01 -2.524999896e+01 +3.6149e+00 +6.3461e-01 -1.4222e+00 -2.1530e+00 +3.2966e+00
% function evaluation | noise-free fitness - Fopt (-2.017200000000e+02) | best noise-free fitness - Fopt | measured fitness | best measured fitness | x1 | x2...
1 +5.301988182e+01 +5.301988182e+01 -1.487001182e+02 -1.487001182e+02 +4.5013e+00 -3.0657e+00 +8.2792e-01 -4.8575e-01 -6.0209e-01
10 +2.534091682e+01 +2.534091682e+01 -1.763790832e+02 -1.763790832e+02 -5.5297e-01 +9.3563e-01 +1.4053e+00 +1.1240e+00 +3.6987e+00
19 +8.794479475e+00 +8.794479475e+00 -1.929255205e+02 -1.929255205e+02 -8.9730e-01 -1.5881e+00 +1.0287e+00 +2.1763e+00 +3.7038e+00
53 +5.800661133e+00 +5.800661133e+00 -1.959193389e+02 -1.959193389e+02 -1.7325e+00 -3.3267e+00 -9.8265e-01 +2.7185e-01 +3.1422e+00
107 +1.224490245e+00 +1.224490245e+00 -2.004955098e+02 -2.004955098e+02 -9.1814e-01 -3.8102e+00 -1.1206e+00 +2.1824e+00 +2.3287e+00
277 +6.569112622e-01 +6.569112622e-01 -2.010630887e+02 -2.010630887e+02 -1.4084e+00 -3.1435e+00 -3.5399e-01 +2.5769e+00 +2.4485e+00
375 +3.940874819e-01 +3.940874819e-01 -2.013259125e+02 -2.013259125e+02 -1.4275e+00 -2.9797e+00 -4.5490e-01 +2.5532e+00 +2.3269e+00
475 +2.202741133e-01 +2.202741133e-01 -2.014997259e+02 -2.014997259e+02 -1.5236e+00 -2.9771e+00 -6.0033e-01 +2.6003e+00 +2.1296e+00
700 +1.372995161e-01 +1.372995161e-01 -2.015827005e+02 -2.015827005e+02 -1.7111e+00 -2.9444e+00 -1.0353e+00 +2.4324e+00 +2.1952e+00
900 +4.628780591e-02 +4.628780591e-02 -2.016737122e+02 -2.016737122e+02 -1.4641e+00 -2.9322e+00 -1.0128e+00 +2.4315e+00 +1.8404e+00
1146 +3.090606965e-02 +3.090606965e-02 -2.016890939e+02 -2.016890939e+02 -1.4078e+00 -2.9887e+00 -9.8399e-01 +2.1875e+00 +2.0473e+00
1375 +2.270981536e-02 +2.270981536e-02 -2.016972902e+02 -2.016972902e+02 -1.3617e+00 -3.0114e+00 -9.7711e-01 +2.2622e+00 +2.0574e+00
1590 +1.404855004e-02 +1.404855004e-02 -2.017059514e+02 -2.017059514e+02 -1.4911e+00 -2.9011e+00 -1.0149e+00 +2.3914e+00 +2.0412e+00
1940 +7.913284811e-03 +7.913284811e-03 -2.017120867e+02 -2.017120867e+02 -1.3745e+00 -2.9435e+00 -1.0011e+00 +2.3467e+00 +2.0447e+00
2040 +5.235546749e-03 +5.235546749e-03 -2.017147645e+02 -2.017147645e+02 -1.4358e+00 -2.9427e+00 -9.8831e-01 +2.3028e+00 +2.0423e+00
2340 +3.286772801e-03 +3.286772801e-03 -2.017167132e+02 -2.017167132e+02 -1.4381e+00 -2.9423e+00 -9.7505e-01 +2.3227e+00 +2.0378e+00
2390 +2.451830790e-03 +2.451830790e-03 -2.017175482e+02 -2.017175482e+02 -1.4398e+00 -2.9383e+00 -9.6704e-01 +2.3360e+00 +2.0355e+00
2904 +8.929929164e-04 +8.929929164e-04 -2.017191070e+02 -2.017191070e+02 -1.4311e+00 -2.9012e+00 -9.4467e-01 +2.3262e+00 +2.0389e+00
3254 +3.263129226e-04 +3.263129226e-04 -2.017196737e+02 -2.017196737e+02 -1.4240e+00 -2.9200e+00 -9.5459e-01 +2.3346e+00 +2.0168e+00
3354 +2.394208974e-04 +2.394208974e-04 -2.017197606e+02 -2.017197606e+02 -1.4194e+00 -2.9179e+00 -9.5230e-01 +2.3277e+00 +2.0160e+00
3532 +7.949295340e-05 +7.949295340e-05 -2.017199205e+02 -2.017199205e+02 -1.4179e+00 -2.9069e+00 -9.4377e-01 +2.3404e+00 +2.0091e+00
3940 +5.686701618e-05 +5.686701618e-05 -2.017199431e+02 -2.017199431e+02 -1.4214e+00 -2.9069e+00 -9.4482e-01 +2.3400e+00 +2.0134e+00
4522 +3.155507488e-05 +3.155507488e-05 -2.017199684e+02 -2.017199684e+02 -1.4218e+00 -2.9074e+00 -9.4093e-01 +2.3324e+00 +2.0143e+00
4525 +1.484357452e-05 +1.484357452e-05 -2.017199852e+02 -2.017199852e+02 -1.4217e+00 -2.9065e+00 -9.4480e-01 +2.3310e+00 +2.0090e+00
4540 +2.442410931e-06 +2.442410931e-06 -2.017199976e+02 -2.017199976e+02 -1.4208e+00 -2.9061e+00 -9.4452e-01 +2.3330e+00 +2.0110e+00
% function evaluation | noise-free fitness - Fopt (-1.000000000000e+03) | best noise-free fitness - Fopt | measured fitness | best measured fitness | x1 | x2...
1 +5.066631595e+01 +5.066631595e+01 -9.493336841e+02 -9.493336841e+02 +4.5013e+00 -3.0657e+00 +8.2792e-01 -4.8575e-01 -6.0209e-01
4 +3.054695131e+01 +3.054695131e+01 -9.694530487e+02 -9.694530487e+02 -1.4018e-01 +4.1674e-01 -1.6605e+00 -1.8731e+00 -1.3492e+00
10 +4.281285575e+00 +4.281285575e+00 -9.957187144e+02 -9.957187144e+02 -5.5297e-01 +9.3563e-01 +1.4053e+00 +1.1240e+00 +3.6987e+00
53 +2.501950931e+00 +2.501950931e+00 -9.974980491e+02 -9.974980491e+02 -1.3530e+00 +1.6976e-01 -8.8915e-01 +2.7185e-01 +3.1422e+00
207 +1.174028200e+00 +1.174028200e+00 -9.988259718e+02 -9.988259718e+02 +8.9738e-01 +1.8452e-01 +2.7913e-01 +2.1429e-01 +3.4442e+00
319 +5.544217632e-01 +5.544217632e-01 -9.994455782e+02 -9.994455782e+02 +4.7225e-02 +2.5584e-01 -8.1639e-01 +6.2939e-02 +3.3787e+00
380 +3.403210583e-01 +3.403210583e-01 -9.996596789e+02 -9.996596789e+02 -1.0988e-01 -4.9882e-02 -5.0423e-01 -3.0472e-01 +3.7001e+00
613 +2.399194717e-01 +2.399194717e-01 -9.997600805e+02 -9.997600805e+02 -1.7125e-01 +2.7459e-01 -1.4602e-01 +4.1002e-01 +3.3299e+00
954 +1.335769787e-01 +1.335769787e-01 -9.998664230e+02 -9.998664230e+02 +1.6747e-02 +5.0859e-02 -1.0651e-01 +3.2481e-01 +3.6245e+00
1116 +2.500118909e-02 +2.500118909e-02 -9.999749988e+02 -9.999749988e+02 -4.6721e-02 +1.0048e-01 -8.2314e-02 +9.4889e-02 +3.6340e+00
1596 +1.366182734e-02 +1.366182734e-02 -9.999863382e+02 -9.999863382e+02 -9.0315e-03 +2.1361e-01 -8.8812e-02 +7.2362e-02 +3.6773e+00
1684 +5.271999608e-03 +5.271999608e-03 -9.999947280e+02 -9.999947280e+02 -1.2758e-01 +2.4807e-01 -1.6638e-01 +1.3412e-02 +3.6154e+00
1796 +2.474726061e-03 +2.474726061e-03 -9.999975253e+02 -9.999975253e+02 -8.1268e-02 +2.4095e-01 -1.3909e-01 -2.2989e-02 +3.5970e+00
2666 +1.467053905e-03 +1.467053905e-03 -9.999985329e+02 -9.999985329e+02 -8.1195e-02 +2.5609e-01 -1.3976e-01 +3.6490e-03 +3.6048e+00
3016 +9.986340602e-04 +9.986340602e-04 -9.999990014e+02 -9.999990014e+02 -1.0317e-01 +2.2397e-01 -1.3566e-01 +1.9957e-02 +3.6121e+00
3066 +4.785109660e-04 +4.785109660e-04 -9.999995215e+02 -9.999995215e+02 -8.5009e-02 +2.3346e-01 -1.3855e-01 +1.4127e-02 +3.6072e+00
3163 +3.385795784e-04 +3.385795784e-04 -9.999996614e+02 -9.999996614e+02 -7.5487e-02 +2.3207e-01 -1.3706e-01 +1.5570e-02 +3.6025e+00
3469 +2.257553809e-04 +2.257553809e-04 -9.999997742e+02 -9.999997742e+02 -9.1091e-02 +2.2882e-01 -1.1777e-01 +2.2255e-02 +3.6089e+00
3816 +1.300802824e-04 +1.300802824e-04 -9.999998699e+02 -9.999998699e+02 -8.6219e-02 +2.3067e-01 -1.2306e-01 +1.6971e-02 +3.6096e+00
3886 +4.629929867e-05 +4.629929867e-05 -9.999999537e+02 -9.999999537e+02 -8.1685e-02 +2.3030e-01 -1.1632e-01 +1.9901e-02 +3.6075e+00
4175 +2.559072811e-05 +2.559072811e-05 -9.999999744e+02 -9.999999744e+02 -7.9941e-02 +2.3150e-01 -1.2090e-01 +2.0871e-02 +3.6070e+00
4365 +2.173009591e-05 +2.173009591e-05 -9.999999783e+02 -9.999999783e+02 -7.8770e-02 +2.3198e-01 -1.2119e-01 +2.0595e-02 +3.6051e+00
4665 +1.510855793e-05 +1.510855793e-05 -9.999999849e+02 -9.999999849e+02 -7.8374e-02 +2.3127e-01 -1.2121e-01 +2.0375e-02 +3.6050e+00
4736 +7.677158123e-06 +7.677158123e-06 -9.999999923e+02 -9.999999923e+02 -7.8504e-02 +2.3001e-01 -1.2024e-01 +1.9868e-02 +3.6048e+00
% function evaluation | noise-free fitness - Fopt (-4.290000000000e+01) | best noise-free fitness - Fopt | measured fitness | best measured fitness | x1 | x2...
1 +4.720794536e+01 +4.720794536e+01 +4.307945363e+00 +4.307945363e+00 +4.5013e+00 -3.0657e+00 +8.2792e-01 -4.8575e-01 -6.0209e-01
9 +3.356482077e+01 +3.356482077e+01 -9.335179233e+00 -9.335179233e+00 +3.2141e+00 +3.5366e+00 +2.9823e-01 -4.6466e+00 -4.1402e-01
13 +2.056348676e+01 +2.056348676e+01 -2.233651324e+01 -2.233651324e+01 +4.2181e+00 +3.2163e+00 +2.8333e+00 -4.8365e+00 -3.3970e+00
23 +5.006234481e+00 +5.006234481e+00 -3.789376552e+01 -3.789376552e+01 +3.1317e+00 +3.3850e+00 +3.7437e+00 -5.8172e-01 -6.9834e-01
140 +2.736750109e+00 +2.736750109e+00 -4.016324989e+01 -4.016324989e+01 +3.0560e+00 +1.8649e+00 +4.3020e+00 +0.0000e+00 -1.4894e+00
166 +1.011622134e+00 +1.011622134e+00 -4.188837787e+01 -4.188837787e+01 +1.7712e+00 +2.5989e+00 +3.6353e+00 -6.6329e-01 -3.0094e+00
384 +5.578642258e-01 +5.578642258e-01 -4.234213577e+01 -4.234213577e+01 +3.1215e+00 +2.7247e+00 +4.1431e+00 -5.8261e-01 -2.9110e+00
677 +3.000293942e-01 +3.000293942e-01 -4.259997061e+01 -4.259997061e+01 +2.4148e+00 +2.1013e+00 +4.0319e+00 -5.4843e-01 -2.4909e+00
715 +2.106743292e-01 +2.106743292e-01 -4.268932567e+01 -4.268932567e+01 +2.8592e+00 +2.1767e+00 +4.1093e+00 -8.0019e-01 -2.8244e+00
877 +1.495586156e-01 +1.495586156e-01 -4.275044138e+01 -4.275044138e+01 +2.4633e+00 +2.1642e+00 +4.0838e+00 -8.2566e-01 -2.7089e+00
981 +9.941404326e-02 +9.941404326e-02 -4.280058596e+01 -4.280058596e+01 +2.6329e+00 +2.5607e+00 +4.0248e+00 -9.3980e-01 -2.4018e+00
1107 +3.495724996e-02 +3.495724996e-02 -4.286504275e+01 -4.286504275e+01 +2.6182e+00 +2.4812e+00 +3.7662e+00 -8.5596e-01 -2.4907e+00
1367 +2.404553511e-02 +2.404553511e-02 -4.287595446e+01 -4.287595446e+01 +2.6858e+00 +2.4990e+00 +3.9016e+00 -8.4544e-01 -2.7547e+00
1487 +1.429546590e-02 +1.429546590e-02 -4.288570453e+01 -4.288570453e+01 +2.5198e+00 +2.4008e+00 +3.8477e+00 -8.5438e-01 -2.6353e+00
1753 +8.540991091e-03 +8.540991091e-03 -4.289145901e+01 -4.289145901e+01 +2.6500e+00 +2.3467e+00 +3.8355e+00 -8.5553e-01 -2.6468e+00
2156 +3.659885776e-03 +3.659885776e-03 -4.289634011e+01 -4.289634011e+01 +2.5951e+00 +2.3891e+00 +3.8557e+00 -8.5337e-01 -2.6155e+00
2384 +9.249889657e-04 +9.249889657e-04 -4.289907501e+01 -4.289907501e+01 +2.6616e+00 +2.4275e+00 +3.8680e+00 -8.5960e-01 -2.6285e+00
2784 +4.877373365e-04 +4.877373365e-04 -4.289951226e+01 -4.289951226e+01 +2.6339e+00 +2.4327e+00 +3.8680e+00 -8.5957e-01 -2.6522e+00
3306 +9.729317702e-05 +9.729317702e-05 -4.289990271e+01 -4.289990271e+01 +2.6338e+00 +2.4216e+00 +3.8708e+00 -8.6440e-01 -2.6401e+00
4075 +5.032188758e-05 +5.032188758e-05 -4.289994968e+01 -4.289994968e+01 +2.6330e+00 +2.4211e+00 +3.8735e+00 -8.6281e-01 -2.6334e+00
4515 +1.518049370e-05 +1.518049370e-05 -4.289998482e+01 -4.289998482e+01 +2.6347e+00 +2.4239e+00 +3.8733e+00 -8.6550e-01 -2.6330e+00
4815 +7.224712817e-06 +7.224712817e-06 -4.289999278e+01 -4.289999278e+01 +2.6347e+00 +2.4260e+00 +3.8732e+00 -8.6739e-01 -2.6338e+00
% function evaluation | noise-free fitness - Fopt (-1.013200000000e+02) | best noise-free fitness - Fopt | measured fitness | best measured fitness | x1 | x2...
1 +5.635782106e+01 +5.635782106e+01 -4.496217894e+01 -4.496217894e+01 +4.5013e+00 -3.0657e+00 +8.2792e-01 -4.8575e-01 -6.0209e-01
2 +3.228020828e+01 +3.228020828e+01 -6.903979172e+01 -6.903979172e+01 -2.6886e+00 +1.8222e+00 -7.6504e-01 -4.5610e+00 -1.5995e+00
9 +1.578897758e+01 +1.578897758e+01 -8.553102242e+01 -8.553102242e+01 +3.2141e+00 +3.5366e+00 +2.9823e-01 -4.6466e+00 -4.1402e-01
52 +9.047944464e+00 +9.047944464e+00 -9.227205554e+01 -9.227205554e+01 +1.3786e+00 +3.6112e+00 +6.7063e-01 -5.0000e+00 -1.4946e+00
93 +4.388729522e+00 +4.388729522e+00 -9.693127048e+01 -9.693127048e+01 +1.4403e+00 +2.0848e+00 +3.1458e+00 -4.6521e+00 -3.0682e+00
257 +1.996982020e+00 +1.996982020e+00 -9.932301798e+01 -9.932301798e+01 +8.7488e-01 +2.5548e+00 +2.4590e+00 -2.2043e+00 -2.6331e+00
301 +1.534458311e+00 +1.534458311e+00 -9.978554169e+01 -9.978554169e+01 +1.6851e+00 +3.8574e+00 +1.5187e+00 -2.7467e+00 -3.0990e+00
455 +6.468799461e-01 +6.468799461e-01 -1.006731201e+02 -1.006731201e+02 +2.1745e+00 +2.5655e+00 +2.3006e+00 -2.5642e+00 -3.0459e+00
596 +5.066630698e-01 +5.066630698e-01 -1.008133369e+02 -1.008133369e+02 +1.5423e+00 +2.4624e+00 +1.9814e+00 -3.5616e+00 -3.5699e+00
601 +1.158305644e-01 +1.158305644e-01 -1.012041694e+02 -1.012041694e+02 +1.3999e+00 +2.6703e+00 +1.9430e+00 -3.0308e+00 -3.0376e+00
1107 +8.096718138e-02 +8.096718138e-02 -1.012390328e+02 -1.012390328e+02 +1.4522e+00 +2.6597e+00 +1.9800e+00 -3.1382e+00 -3.2593e+00
1207 +3.635475474e-02 +3.635475474e-02 -1.012836452e+02 -1.012836452e+02 +1.7689e+00 +2.6544e+00 +1.8722e+00 -3.0537e+00 -3.2717e+00
1276 +2.258970250e-02 +2.258970250e-02 -1.012974103e+02 -1.012974103e+02 +1.7538e+00 +2.7570e+00 +1.9000e+00 -3.1628e+00 -3.2485e+00
1686 +1.120006973e-02 +1.120006973e-02 -1.013087999e+02 -1.013087999e+02 +1.7024e+00 +2.7157e+00 +1.9286e+00 -3.1583e+00 -3.1472e+00
1782 +8.346205145e-03 +8.346205145e-03 -1.013116538e+02 -1.013116538e+02 +1.7537e+00 +2.7048e+00 +1.9517e+00 -3.0289e+00 -3.1732e+00
2133 +3.603038271e-03 +3.603038271e-03 -1.013163970e+02 -1.013163970e+02 +1.6831e+00 +2.7637e+00 +2.0041e+00 -3.1201e+00 -3.1524e+00
2293 +1.773378058e-04 +1.773378058e-04 -1.013198227e+02 -1.013198227e+02 +1.7003e+00 +2.7598e+00 +1.9738e+00 -3.0864e+00 -3.1697e+00
3108 +1.068732586e-04 +1.068732586e-04 -1.013198931e+02 -1.013198931e+02 +1.6916e+00 +2.7589e+00 +1.9795e+00 -3.0796e+00 -3.1682e+00
3132 +6.072140762e-05 +6.072140762e-05 -1.013199393e+02 -1.013199393e+02 +1.6966e+00 +2.7594e+00 +1.9740e+00 -3.0716e+00 -3.1763e+00
3966 +1.040513278e-05 +1.040513278e-05 -1.013199896e+02 -1.013199896e+02 +1.6969e+00 +2.7537e+00 +1.9729e+00 -3.0722e+00 -3.1721e+00
4101 +9.406810278e-06 +9.406810278e-06 -1.013199906e+02 -1.013199906e+02 +1.6954e+00 +2.7575e+00 +1.9744e+00 -3.0749e+00 -3.1714e+00
4651 +4.530483636e-06 +4.530483636e-06 -1.013199955e+02 -1.013199955e+02 +1.6954e+00 +2.7557e+00 +1.9745e+00 -3.0741e+00 -3.1716e+00
4701 +3.424207080e-06 +3.424207080e-06 -1.013199966e+02 -1.013199966e+02 +1.6955e+00 +2.7559e+00 +1.9739e+00 -3.0753e+00 -3.1712e+00
4863 +2.205437212e-06 +2.205437212e-06 -1.013199978e+02 -1.013199978e+02 +1.6966e+00 +2.7562e+00 +1.9742e+00 -3.0744e+00 -3.1713e+00
4967 +1.272851534e-06 +1.272851534e-06 -1.013199987e+02 -1.013199987e+02 +1.6966e+00 +2.7545e+00 +1.9743e+00 -3.0744e+00 -3.1708e+00
% function evaluation | noise-free fitness - Fopt (3.650000000000e+00) | best noise-free fitness - Fopt | measured fitness | best measured fitness | x1 | x2...
1 +3.712981707e+01 +3.712981707e+01 +4.077981707e+01 +4.077981707e+01 +4.5013e+00 -3.0657e+00 +8.2792e-01 -4.8575e-01 -6.0209e-01
7 +7.418599110e+00 +7.418599110e+00 +1.106859911e+01 +1.106859911e+01 -4.3532e-01 -1.2163e+00 +7.9807e-01 +1.8312e+00 -3.8025e+00
47 +4.396944447e+00 +4.396944447e+00 +8.046944447e+00 +8.046944447e+00 +2.0947e+00 -2.1559e+00 +1.0720e+00 +3.4387e+00 -9.9926e-01
74 +2.387688863e+00 +2.387688863e+00 +6.037688863e+00 +6.037688863e+00 +9.8613e-02 -2.8904e+00 +1.5009e-01 +3.5325e+00 -1.0968e+00
138 +1.522586444e+00 +1.522586444e+00 +5.172586444e+00 +5.172586444e+00 +0.0000e+00 -2.8754e+00 -8.8675e-02 +3.8219e+00 -2.4518e+00
243 +8.826643002e-01 +8.826643002e-01 +4.532664300e+00 +4.532664300e+00 -7.0009e-02 -2.1981e+00 +7.1212e-01 +3.0480e+00 -2.5241e+00
366 +5.663548043e-01 +5.663548043e-01 +4.216354804e+00 +4.216354804e+00 +9.5203e-01 -1.5809e+00 +1.0904e-01 +3.7814e+00 -2.0963e+00
428 +3.657870410e-01 +3.657870410e-01 +4.015787041e+00 +4.015787041e+00 +8.9761e-01 -2.0301e+00 +2.8880e-01 +3.9830e+00 -2.0046e+00
492 +8.408566877e-02 +8.408566877e-02 +3.734085669e+00 +3.734085669e+00 +2.4538e-01 -1.9631e+00 +5.5959e-01 +3.8088e+00 -2.2106e+00
1183 +6.147826936e-02 +6.147826936e-02 +3.711478269e+00 +3.711478269e+00 +5.8435e-01 -1.9214e+00 +5.3708e-01 +3.5994e+00 -2.4217e+00
1346 +2.984465350e-02 +2.984465350e-02 +3.679844653e+00 +3.679844653e+00 +4.9889e-01 -1.9972e+00 +5.0276e-01 +3.8240e+00 -2.1514e+00
1471 +2.132649407e-02 +2.132649407e-02 +3.671326494e+00 +3.671326494e+00 +3.9458e-01 -1.8855e+00 +4.7593e-01 +3.6438e+00 -2.1905e+00
1776 +1.067711926e-02 +1.067711926e-02 +3.660677119e+00 +3.660677119e+00 +4.0053e-01 -1.9953e+00 +5.2807e-01 +3.7014e+00 -2.2011e+00
1976 +8.449315714e-03 +8.449315714e-03 +3.658449316e+00 +3.658449316e+00 +4.3031e-01 -1.9957e+00 +4.7696e-01 +3.6975e+00 -2.1976e+00
2176 +2.515294793e-03 +2.515294793e-03 +3.652515295e+00 +3.652515295e+00 +4.6525e-01 -1.9977e+00 +5.2097e-01 +3.6870e+00 -2.1834e+00
2276 +1.940635129e-03 +1.940635129e-03 +3.651940635e+00 +3.651940635e+00 +4.7311e-01 -1.9988e+00 +5.3234e-01 +3.6797e+00 -2.1812e+00
2556 +3.341992840e-04 +3.341992840e-04 +3.650334199e+00 +3.650334199e+00 +4.8170e-01 -1.9754e+00 +5.3061e-01 +3.6635e+00 -2.2194e+00
3308 +2.153688436e-04 +2.153688436e-04 +3.650215369e+00 +3.650215369e+00 +4.8212e-01 -1.9750e+00 +5.2482e-01 +3.6672e+00 -2.2002e+00
3706 +1.052137103e-04 +1.052137103e-04 +3.650105214e+00 +3.650105214e+00 +4.8691e-01 -1.9733e+00 +5.3267e-01 +3.6689e+00 -2.2035e+00
3906 +7.030463394e-05 +7.030463394e-05 +3.650070305e+00 +3.650070305e+00 +4.8735e-01 -1.9746e+00 +5.2506e-01 +3.6620e+00 -2.2048e+00
4065 +6.167718340e-05 +6.167718340e-05 +3.650061677e+00 +3.650061677e+00 +4.9630e-01 -1.9728e+00 +5.2622e-01 +3.6700e+00 -2.2029e+00
4478 +2.081164831e-05 +2.081164831e-05 +3.650020812e+00 +3.650020812e+00 +4.9395e-01 -1.9739e+00 +5.3045e-01 +3.6680e+00 -2.2076e+00
4515 +9.040161042e-06 +9.040161042e-06 +3.650009040e+00 +3.650009040e+00 +4.9377e-01 -1.9737e+00 +5.2797e-01 +3.6614e+00 -2.2073e+00
% function evaluation | noise-free fitness - Fopt (2.205300000000e+02) | best noise-free fitness - Fopt | measured fitness | best measured fitness | x1 | x2...
1 +2.066449014e+01 +2.066449014e+01 +2.411944901e+02 +2.411944901e+02 +4.5013e+00 -3.0657e+00 +8.2792e-01 -4.8575e-01 -6.0209e-01
17 +1.448580879e+01 +1.448580879e+01 +2.350158088e+02 +2.350158088e+02 +4.3547e+00 -1.5803e+00 +2.9421e+00 -1.3243e+00 +4.6689e+00
53 +3.714798386e+00 +3.714798386e+00 +2.242447984e+02 +2.242447984e+02 +4.0551e+00 -3.3160e+00 -5.0755e-01 +2.7185e-01 +3.1422e+00
194 +1.085270707e+00 +1.085270707e+00 +2.216152707e+02 +2.216152707e+02 +3.7176e+00 -4.0684e+00 +2.9182e-01 +4.1499e-02 +3.7965e+00
260 +8.686975002e-01 +8.686975002e-01 +2.213986975e+02 +2.213986975e+02 +3.2286e+00 -3.1881e+00 +1.1526e+00 -3.6409e-01 +3.7220e+00
285 +5.089374766e-01 +5.089374766e-01 +2.210389375e+02 +2.210389375e+02 +2.3916e+00 -3.7163e+00 +6.2846e-01 +5.3662e-02 +3.5487e+00
380 +3.976164281e-01 +3.976164281e-01 +2.209276164e+02 +2.209276164e+02 +3.4684e+00 -3.9114e+00 +1.1350e+00 +9.5778e-02 +3.9163e+00
530 +1.459415050e-01 +1.459415050e-01 +2.206759415e+02 +2.206759415e+02 +3.2632e+00 -3.9944e+00 +1.0194e+00 -1.0215e-02 +3.6414e+00
715 +2.014471520e-02 +2.014471520e-02 +2.205501447e+02 +2.205501447e+02 +3.0534e+00 -3.9605e+00 +9.6365e-01 +2.4084e-01 +3.6042e+00
1511 +1.467934383e-02 +1.467934383e-02 +2.205446793e+02 +2.205446793e+02 +2.9227e+00 -3.9218e+00 +9.9928e-01 +1.9175e-01 +3.5980e+00
1944 +5.538632327e-03 +5.538632327e-03 +2.205355386e+02 +2.205355386e+02 +2.9993e+00 -3.9087e+00 +9.2742e-01 +2.2994e-01 +3.5587e+00
2171 +2.747890799e-03 +2.747890799e-03 +2.205327479e+02 +2.205327479e+02 +2.9921e+00 -3.8860e+00 +9.2149e-01 +2.1200e-01 +3.5627e+00
2743 +1.939013642e-03 +1.939013642e-03 +2.205319390e+02 +2.205319390e+02 +3.0183e+00 -3.8195e+00 +9.4893e-01 +2.1732e-01 +3.5711e+00
2915 +1.166598515e-03 +1.166598515e-03 +2.205311666e+02 +2.205311666e+02 +2.9987e+00 -3.8534e+00 +9.2332e-01 +2.0731e-01 +3.5693e+00
2957 +8.259401656e-04 +8.259401656e-04 +2.205308259e+02 +2.205308259e+02 +2.9881e+00 -3.8540e+00 +9.3493e-01 +2.0239e-01 +3.5399e+00
3015 +5.664260611e-04 +5.664260611e-04 +2.205305664e+02 +2.205305664e+02 +2.9920e+00 -3.8610e+00 +9.3821e-01 +1.9138e-01 +3.5463e+00
3192 +2.653626701e-04 +2.653626701e-04 +2.205302654e+02 +2.205302654e+02 +3.0063e+00 -3.8405e+00 +9.5361e-01 +2.0531e-01 +3.5543e+00
3215 +1.981569187e-04 +1.981569187e-04 +2.205301982e+02 +2.205301982e+02 +2.9980e+00 -3.8491e+00 +9.4734e-01 +1.9739e-01 +3.5457e+00
3719 +1.463367346e-04 +1.463367346e-04 +2.205301463e+02 +2.205301463e+02 +3.0042e+00 -3.8491e+00 +9.5879e-01 +2.0249e-01 +3.5571e+00
3731 +4.459487786e-05 +4.459487786e-05 +2.205300446e+02 +2.205300446e+02 +3.0000e+00 -3.8462e+00 +9.5356e-01 +2.0025e-01 +3.5606e+00
3932 +3.546740359e-05 +3.546740359e-05 +2.205300355e+02 +2.205300355e+02 +2.9978e+00 -3.8461e+00 +9.5159e-01 +2.0059e-01 +3.5591e+00
4131 +2.036841931e-05 +2.036841931e-05 +2.205300204e+02 +2.205300204e+02 +3.0004e+00 -3.8460e+00 +9.5432e-01 +1.9561e-01 +3.5573e+00
4419 +1.293671016e-05 +1.293671016e-05 +2.205300129e+02 +2.205300129e+02 +2.9962e+00 -3.8462e+00 +9.5437e-01 +1.9265e-01 +3.5578e+00
4681 +4.326053954e-06 +4.326053954e-06 +2.205300043e+02 +2.205300043e+02 +2.9968e+00 -3.8461e+00 +9.5231e-01 +1.9468e-01 +3.5579e+00
% function evaluation | noise-free fitness - Fopt (4.212900000000e+02) | best noise-free fitness - Fopt | measured fitness | best measured fitness | x1 | x2...
1 +1.180647313e+02 +1.180647313e+02 +5.393547313e+02 +5.393547313e+02 +4.5013e+00 -3.0657e+00 +8.2792e-01 -4.8575e-01 -6.0209e-01
2 +1.101393811e+01 +1.101393811e+01 +4.323039381e+02 +4.323039381e+02 -2.6886e+00 +1.8222e+00 -7.6504e-01 -4.5610e+00 -1.5995e+00
52 +8.660069338e+00 +8.660069338e+00 +4.299500693e+02 +4.299500693e+02 -5.0000e+00 +2.2065e+00 -2.7601e-03 -5.0000e+00 +4.2276e-01
121 +6.064296776e+00 +6.064296776e+00 +4.273542968e+02 +4.273542968e+02 -4.8462e+00 +2.4153e+00 +1.0795e+00 -5.0000e+00 -8.8745e-01
181 +3.758748168e+00 +3.758748168e+00 +4.250487482e+02 +4.250487482e+02 -5.0000e+00 +2.3873e+00 -1.9371e-01 -2.9358e+00 -2.6716e-02
215 +1.699452127e+00 +1.699452127e+00 +4.229894521e+02 +4.229894521e+02 -4.9106e+00 +3.3423e+00 +1.0330e+00 -2.7346e+00 +3.4720e-01
251 +1.188944110e+00 +1.188944110e+00 +4.224789441e+02 +4.224789441e+02 -4.7314e+00 +3.4913e+00 +8.2795e-01 -3.6202e+00 -5.5089e-01
406 +8.911463298e-01 +8.911463298e-01 +4.221811463e+02 +4.221811463e+02 -4.8071e+00 +3.5133e+00 +1.3297e+00 -2.9660e+00 -7.3246e-01
643 +6.003710669e-01 +6.003710669e-01 +4.218903711e+02 +4.218903711e+02 -4.7194e+00 +3.2355e+00 +1.0466e+00 -3.0041e+00 -5.5100e-01
1066 +3.813074213e-01 +3.813074213e-01 +4.216713074e+02 +4.216713074e+02 -4.5539e+00 +3.2325e+00 +9.7735e-01 -3.0010e+00 -5.5422e-01
1110 +1.746704096e-01 +1.746704096e-01 +4.214646704e+02 +4.214646704e+02 -4.0872e+00 +3.0147e+00 +8.3293e-01 -2.7804e+00 -5.0233e-01
1224 +9.137180247e-02 +9.137180247e-02 +4.213813718e+02 +4.213813718e+02 -3.8928e+00 +3.2085e+00 +1.3185e+00 -2.9908e+00 -6.0206e-01
1264 +6.069608444e-02 +6.069608444e-02 +4.213506961e+02 +4.213506961e+02 -3.7891e+00 +3.2050e+00 +1.0549e+00 -2.8953e+00 -3.6665e-01
1624 +2.586667814e-02 +2.586667814e-02 +4.213158667e+02 +4.213158667e+02 -3.8982e+00 +3.3186e+00 +1.1351e+00 -2.9397e+00 -3.8768e-01
1668 +2.506996332e-02 +2.506996332e-02 +4.213150700e+02 +4.213150700e+02 -3.8272e+00 +3.2314e+00 +1.0049e+00 -2.9072e+00 -5.1049e-01
1774 +1.165077316e-02 +1.165077316e-02 +4.213016508e+02 +4.213016508e+02 -3.9707e+00 +3.3161e+00 +1.1421e+00 -2.8577e+00 -5.5399e-01
1824 +9.414525364e-03 +9.414525364e-03 +4.212994145e+02 +4.212994145e+02 -3.9285e+00 +3.3175e+00 +1.1261e+00 -2.9301e+00 -5.8429e-01
2074 +6.239617137e-03 +6.239617137e-03 +4.212962396e+02 +4.212962396e+02 -3.9543e+00 +3.3169e+00 +1.1287e+00 -2.8987e+00 -5.5475e-01
2281 +1.042543102e-03 +1.042543102e-03 +4.212910425e+02 +4.212910425e+02 -3.9622e+00 +3.2934e+00 +1.0879e+00 -2.9252e+00 -5.0818e-01
2674 +2.841157805e-04 +2.841157805e-04 +4.212902841e+02 +4.212902841e+02 -3.9617e+00 +3.3044e+00 +1.0651e+00 -2.9033e+00 -5.1855e-01
2990 +2.377717978e-04 +2.377717978e-04 +4.212902378e+02 +4.212902378e+02 -3.9493e+00 +3.3129e+00 +1.0564e+00 -2.9058e+00 -5.1603e-01
3592 +1.268136522e-04 +1.268136522e-04 +4.212901268e+02 +4.212901268e+02 -3.9543e+00 +3.2994e+00 +1.0551e+00 -2.9133e+00 -5.1514e-01
3853 +7.223510534e-05 +7.223510534e-05 +4.212900722e+02 +4.212900722e+02 -3.9565e+00 +3.3092e+00 +1.0643e+00 -2.9111e+00 -5.2078e-01
3942 +3.107646575e-05 +3.107646575e-05 +4.212900311e+02 +4.212900311e+02 -3.9551e+00 +3.3035e+00 +1.0633e+00 -2.9170e+00 -5.2199e-01
4542 +1.320583510e-05 +1.320583510e-05 +4.212900132e+02 +4.212900132e+02 -3.9551e+00 +3.3044e+00 +1.0650e+00 -2.9181e+00 -5.1809e-01
4954 +3.926410898e-06 +3.926410898e-06 +4.212900039e+02 +4.212900039e+02 -3.9534e+00 +3.3068e+00 +1.0626e+00 -2.9180e+00 -5.1948e-01
% function evaluation | noise-free fitness - Fopt (-7.900000000000e+01) | best noise-free fitness - Fopt | measured fitness | best measured fitness | x1 | x2...
1 +8.680550428e+01 +8.680550428e+01 +7.805504281e+00 +7.805504281e+00 +4.5013e+00 -3.0657e+00 +8.2792e-01 -4.8575e-01 -6.0209e-01
2 +3.218278025e+01 +3.218278025e+01 -4.681721975e+01 -4.681721975e+01 -2.6886e+00 +1.8222e+00 -7.6504e-01 -4.5610e+00 -1.5995e+00
7 +1.464113348e+01 +1.464113348e+01 -6.435886652e+01 -6.435886652e+01 -4.3532e-01 -1.2163e+00 +7.9807e-01 +1.8312e+00 -3.8025e+00
15 +6.643102751e+00 +6.643102751e+00 -7.235689725e+01 -7.235689725e+01 -3.2373e+00 +3.1797e+00 -3.8905e-01 +8.6918e-01 -2.6212e+00
29 +2.965325346e+00 +2.965325346e+00 -7.603467465e+01 -7.603467465e+01 -2.2781e+00 +1.9457e+00 -6.1341e-01 -2.1616e-01 -3.4439e+00
30 +9.142992540e-01 +9.142992540e-01 -7.808570075e+01 -7.808570075e+01 -3.0119e+00 +1.2131e+00 -1.6887e-02 +5.4842e-01 -3.0888e+00
303 +6.152621886e-01 +6.152621886e-01 -7.838473781e+01 -7.838473781e+01 -3.2333e+00 +7.5243e-01 +8.3167e-01 -6.3790e-02 -3.7189e+00
473 +3.124165953e-01 +3.124165953e-01 -7.868758340e+01 -7.868758340e+01 -3.0686e+00 +1.4244e+00 +4.8738e-01 +1.5115e-01 -3.4865e+00
775 +2.257207184e-01 +2.257207184e-01 -7.877427928e+01 -7.877427928e+01 -3.2182e+00 +1.0083e+00 +1.4974e-01 +5.6025e-01 -3.6739e+00
907 +1.353847710e-01 +1.353847710e-01 -7.886461523e+01 -7.886461523e+01 -3.0694e+00 +9.7931e-01 +2.7555e-01 +5.6800e-01 -4.1087e+00
926 +6.412200371e-02 +6.412200371e-02 -7.893587800e+01 -7.893587800e+01 -3.2439e+00 +1.0903e+00 +5.0017e-01 +5.4186e-01 -3.8511e+00
1534 +4.574864963e-02 +4.574864963e-02 -7.895425135e+01 -7.895425135e+01 -3.0351e+00 +1.3623e+00 +5.3867e-01 +4.3603e-01 -3.8513e+00
1556 +2.906634270e-02 +2.906634270e-02 -7.897093366e+01 -7.897093366e+01 -3.0940e+00 +1.0967e+00 +4.2227e-01 +3.3306e-01 -4.0157e+00
1959 +2.069809528e-02 +2.069809528e-02 -7.897930190e+01 -7.897930190e+01 -3.1551e+00 +1.1425e+00 +4.3276e-01 +4.8627e-01 -3.9612e+00
2037 +8.068011257e-03 +8.068011257e-03 -7.899193199e+01 -7.899193199e+01 -3.1257e+00 +1.1504e+00 +4.9457e-01 +4.1442e-01 -3.8828e+00
2059 +1.626197303e-03 +1.626197303e-03 -7.899837380e+01 -7.899837380e+01 -3.0393e+00 +1.1833e+00 +4.9289e-01 +4.2492e-01 -3.9248e+00
2667 +1.199574770e-03 +1.199574770e-03 -7.899880043e+01 -7.899880043e+01 -3.0489e+00 +1.2026e+00 +4.7150e-01 +4.2540e-01 -3.9140e+00
3390 +5.317107924e-04 +5.317107924e-04 -7.899946829e+01 -7.899946829e+01 -3.0487e+00 +1.1832e+00 +4.6976e-01 +4.2705e-01 -3.9213e+00
3440 +2.463964728e-04 +2.463964728e-04 -7.899975360e+01 -7.899975360e+01 -3.0397e+00 +1.1820e+00 +4.6323e-01 +4.2748e-01 -3.9064e+00
3466 +1.475500196e-04 +1.475500196e-04 -7.899985245e+01 -7.899985245e+01 -3.0401e+00 +1.1700e+00 +4.6209e-01 +4.2896e-01 -3.9067e+00
3616 +7.753422705e-05 +7.753422705e-05 -7.899992247e+01 -7.899992247e+01 -3.0458e+00 +1.1679e+00 +4.6529e-01 +4.2694e-01 -3.9052e+00
3637 +2.840790566e-05 +2.840790566e-05 -7.899997159e+01 -7.899997159e+01 -3.0455e+00 +1.1725e+00 +4.5957e-01 +4.2388e-01 -3.9037e+00
3887 +2.145616389e-05 +2.145616389e-05 -7.899997854e+01 -7.899997854e+01 -3.0468e+00 +1.1738e+00 +4.6359e-01 +4.1761e-01 -3.9030e+00
4616 +1.051480933e-05 +1.051480933e-05 -7.899998949e+01 -7.899998949e+01 -3.0474e+00 +1.1732e+00 +4.6253e-01 +4.2137e-01 -3.9030e+00
4737 +4.531225628e-06 +4.531225628e-06 -7.899999547e+01 -7.899999547e+01 -3.0473e+00 +1.1706e+00 +4.6210e-01 +4.2056e-01 -3.9030e+00
4887 +3.558430279e-06 +3.558430279e-06 -7.899999644e+01 -7.899999644e+01 -3.0471e+00 +1.1699e+00 +4.6130e-01 +4.2092e-01 -3.9045e+00
4937 +2.220419475e-06 +2.220419475e-06 -7.899999778e+01 -7.899999778e+01 -3.0471e+00 +1.1707e+00 +4.6149e-01 +4.2080e-01 -3.9041e+00
% function evaluation | noise-free fitness - Fopt (-4.133000000000e+01) | best noise-free fitness - Fopt | measured fitness | best measured fitness | x1 | x2...
1 +3.349350767e+01 +3.349350767e+01 -7.836492326e+00 -7.836492326e+00 +4.5013e+00 -3.0657e+00 +8.2792e-01 -4.8575e-01 -6.0209e-01
4 +2.018219858e+01 +2.018219858e+01 -2.114780142e+01 -2.114780142e+01 -1.4018e-01 +4.1674e-01 -1.6605e+00 -1.8731e+00 -1.3492e+00
22 +6.452769607e+00 +6.452769607e+00 -3.487723039e+01 -3.487723039e+01 -1.4713e+00 -1.9071e+00 -1.9500e+00 -4.5645e-01 +3.1876e+00
67 +1.853547219e+00 +1.853547219e+00 -3.947645278e+01 -3.947645278e+01 +9.1104e-01 -9.1494e-01 -2.0579e+00 -1.5073e+00 +2.8855e+00
296 +1.491927600e+00 +1.491927600e+00 -3.983807240e+01 -3.983807240e+01 +8.8126e-01 -1.4897e+00 -1.2491e+00 -2.5906e+00 +2.3294e+00
363 +8.989216365e-01 +8.989216365e-01 -4.043107836e+01 -4.043107836e+01 +5.4221e-01 -2.0034e+00 -5.0004e-01 -1.2046e+00 +3.1564e+00
448 +4.550628346e-01 +4.550628346e-01 -4.087493717e+01 -4.087493717e+01 +7.3273e-01 -1.6334e+00 -8.7498e-01 -1.4393e+00 +3.1883e+00
548 +3.336586525e-01 +3.336586525e-01 -4.099634135e+01 -4.099634135e+01 +6.4332e-01 -1.3885e+00 -8.5427e-01 -1.5339e+00 +3.1496e+00
631 +2.299553877e-01 +2.299553877e-01 -4.110004461e+01 -4.110004461e+01 +3.4145e-01 -1.3356e+00 -1.1637e+00 -1.2598e+00 +2.8837e+00
923 +1.508867609e-01 +1.508867609e-01 -4.117911324e+01 -4.117911324e+01 +4.6754e-01 -1.5633e+00 -8.3919e-01 -1.6852e+00 +2.9384e+00
1081 +7.392448658e-02 +7.392448658e-02 -4.125607551e+01 -4.125607551e+01 +3.1728e-01 -1.5588e+00 -9.4676e-01 -1.5393e+00 +2.8186e+00
1281 +6.180879442e-02 +6.180879442e-02 -4.126819121e+01 -4.126819121e+01 +3.1741e-01 -1.5378e+00 -9.9879e-01 -1.4441e+00 +2.7613e+00
1354 +3.365301245e-02 +3.365301245e-02 -4.129634699e+01 -4.129634699e+01 +4.2964e-01 -1.5164e+00 -8.8641e-01 -1.5287e+00 +2.7764e+00
1846 +2.347048911e-02 +2.347048911e-02 -4.130652951e+01 -4.130652951e+01 +3.8835e-01 -1.5299e+00 -9.1320e-01 -1.6399e+00 +2.5859e+00
2137 +1.461661881e-02 +1.461661881e-02 -4.131538338e+01 -4.131538338e+01 +3.7029e-01 -1.4188e+00 -9.1733e-01 -1.5015e+00 +2.5356e+00
2337 +7.173286414e-03 +7.173286414e-03 -4.132282671e+01 -4.132282671e+01 +4.6353e-01 -1.4089e+00 -9.0286e-01 -1.4637e+00 +2.5908e+00
2553 +5.230056852e-03 +5.230056852e-03 -4.132476994e+01 -4.132476994e+01 +4.2717e-01 -1.4222e+00 -9.6763e-01 -1.4899e+00 +2.6288e+00
2565 +2.166999418e-03 +2.166999418e-03 -4.132783300e+01 -4.132783300e+01 +4.5679e-01 -1.4591e+00 -9.2252e-01 -1.5762e+00 +2.6162e+00
3116 +1.316076651e-03 +1.316076651e-03 -4.132868392e+01 -4.132868392e+01 +4.4766e-01 -1.4506e+00 -9.5863e-01 -1.5197e+00 +2.6120e+00
3517 +8.413120228e-04 +8.413120228e-04 -4.132915869e+01 -4.132915869e+01 +4.4163e-01 -1.4592e+00 -9.4771e-01 -1.5234e+00 +2.6136e+00
3638 +5.835951744e-04 +5.835951744e-04 -4.132941640e+01 -4.132941640e+01 +4.3198e-01 -1.4489e+00 -9.3468e-01 -1.5355e+00 +2.6124e+00
3766 +3.817273544e-04 +3.817273544e-04 -4.132961827e+01 -4.132961827e+01 +4.3691e-01 -1.4559e+00 -9.2575e-01 -1.5256e+00 +2.6075e+00
3767 +1.359303567e-04 +1.359303567e-04 -4.132986407e+01 -4.132986407e+01 +4.4857e-01 -1.4577e+00 -9.2749e-01 -1.5351e+00 +2.6149e+00
4145 +4.941879263e-05 +4.941879263e-05 -4.132995058e+01 -4.132995058e+01 +4.5688e-01 -1.4523e+00 -9.2679e-01 -1.5339e+00 +2.6159e+00
4199 +2.914273846e-05 +2.914273846e-05 -4.132997086e+01 -4.132997086e+01 +4.5639e-01 -1.4461e+00 -9.2476e-01 -1.5343e+00 +2.6099e+00
4519 +2.097462107e-05 +2.097462107e-05 -4.132997903e+01 -4.132997903e+01 +4.5284e-01 -1.4512e+00 -9.2815e-01 -1.5321e+00 +2.6104e+00
4690 +1.250771257e-05 +1.250771257e-05 -4.132998749e+01 -4.132998749e+01 +4.5129e-01 -1.4513e+00 -9.2561e-01 -1.5309e+00 +2.6118e+00
4888 +6.655972648e-06 +6.655972648e-06 -4.132999334e+01 -4.132999334e+01 +4.5326e-01 -1.4493e+00 -9.2575e-01 -1.5314e+00 +2.6143e+00
4940 +4.833914723e-06 +4.833914723e-06 -4.132999517e+01 -4.132999517e+01 +4.5313e-01 -1.4469e+00 -9.2568e-01 -1.5310e+00 +2.6125e+00
% function evaluation | noise-free fitness - Fopt (2.127500000000e+02) | best noise-free fitness - Fopt | measured fitness | best measured fitness | x1 | x2...
1 +8.938803761e+01 +8.938803761e+01 +3.021380376e+02 +3.021380376e+02 +4.5013e+00 -3.0657e+00 +8.2792e-01 -4.8575e-01 -6.0209e-01
2 +3.851417299e+01 +3.851417299e+01 +2.512641730e+02 +2.512641730e+02 -2.6886e+00 +1.8222e+00 -7.6504e-01 -4.5610e+00 -1.5995e+00
38 +2.030618713e+01 +2.030618713e+01 +2.330561871e+02 +2.330561871e+02 +2.5152e-01 -2.4767e+00 -2.3205e+00 -2.6765e+00 -8.7781e-01
42 +1.558249032e+01 +1.558249032e+01 +2.283324903e+02 +2.283324903e+02 -4.8036e+00 -4.8824e+00 -2.8744e+00 -2.6069e+00 -4.5084e+00
53 +8.295960994e+00 +8.295960994e+00 +2.210459610e+02 +2.210459610e+02 -3.9316e+00 -5.0000e+00 -1.9518e+00 -1.5367e+00 -2.6032e+00
60 +6.184166038e+00 +6.184166038e+00 +2.189341660e+02 +2.189341660e+02 -2.0520e+00 -3.1868e+00 -3.5947e+00 +2.1236e-01 -1.3013e+00
107 +3.657845168e+00 +3.657845168e+00 +2.164078452e+02 +2.164078452e+02 -5.0000e+00 -3.5849e+00 -3.0687e+00 -1.1239e+00 -2.8439e+00
238 +8.340943702e-01 +8.340943702e-01 +2.135840944e+02 +2.135840944e+02 -4.3384e+00 -2.4595e+00 -3.0209e+00 -1.9030e+00 -1.2960e+00
324 +3.112515777e-01 +3.112515777e-01 +2.130612516e+02 +2.130612516e+02 -3.6234e+00 -2.3289e+00 -3.7234e+00 -1.2636e+00 -1.6657e+00
378 +1.306366833e-01 +1.306366833e-01 +2.128806367e+02 +2.128806367e+02 -3.5952e+00 -2.4897e+00 -3.4739e+00 -1.2269e+00 -1.6645e+00
748 +7.455591690e-02 +7.455591690e-02 +2.128245559e+02 +2.128245559e+02 -3.5909e+00 -2.6200e+00 -3.3368e+00 -1.4252e+00 -1.6939e+00
757 +4.680933988e-02 +4.680933988e-02 +2.127968093e+02 +2.127968093e+02 -3.7255e+00 -2.5861e+00 -3.3320e+00 -1.3950e+00 -1.8257e+00
1122 +1.070052847e-02 +1.070052847e-02 +2.127607005e+02 +2.127607005e+02 -3.8340e+00 -2.6293e+00 -3.2748e+00 -1.3495e+00 -1.6504e+00
1450 +6.725651414e-03 +6.725651414e-03 +2.127567257e+02 +2.127567257e+02 -3.8352e+00 -2.7116e+00 -3.3101e+00 -1.3485e+00 -1.7229e+00
1550 +3.902235320e-03 +3.902235320e-03 +2.127539022e+02 +2.127539022e+02 -3.8365e+00 -2.6797e+00 -3.3163e+00 -1.3466e+00 -1.7130e+00
1648 +2.130569796e-03 +2.130569796e-03 +2.127521306e+02 +2.127521306e+02 -3.8597e+00 -2.6466e+00 -3.3391e+00 -1.3882e+00 -1.6962e+00
2094 +1.161207756e-03 +1.161207756e-03 +2.127511612e+02 +2.127511612e+02 -3.8395e+00 -2.6570e+00 -3.3336e+00 -1.3652e+00 -1.6805e+00
2208 +4.929394061e-04 +4.929394061e-04 +2.127504929e+02 +2.127504929e+02 -3.8415e+00 -2.6871e+00 -3.3541e+00 -1.3534e+00 -1.6759e+00
2521 +2.647245823e-04 +2.647245823e-04 +2.127502647e+02 +2.127502647e+02 -3.8418e+00 -2.6688e+00 -3.3738e+00 -1.3698e+00 -1.6805e+00
2671 +1.922739464e-04 +1.922739464e-04 +2.127501923e+02 +2.127501923e+02 -3.8411e+00 -2.6828e+00 -3.3619e+00 -1.3641e+00 -1.6795e+00
3021 +1.096454025e-04 +1.096454025e-04 +2.127501096e+02 +2.127501096e+02 -3.8416e+00 -2.6675e+00 -3.3612e+00 -1.3652e+00 -1.6797e+00
3221 +9.041825029e-05 +9.041825029e-05 +2.127500904e+02 +2.127500904e+02 -3.8414e+00 -2.6746e+00 -3.3605e+00 -1.3663e+00 -1.6796e+00
3694 +1.433754980e-05 +1.433754980e-05 +2.127500143e+02 +2.127500143e+02 -3.8524e+00 -2.6750e+00 -3.3601e+00 -1.3658e+00 -1.6794e+00
4490 +3.662866476e-06 +3.662866476e-06 +2.127500037e+02 +2.127500037e+02 -3.8493e+00 -2.6731e+00 -3.3610e+00 -1.3649e+00 -1.6764e+00
4838 +2.034725355e-06 +2.034725355e-06 +2.127500020e+02 +2.127500020e+02 -3.8510e+00 -2.6725e+00 -3.3621e+00 -1.3654e+00 -1.6765e+00
