% function evaluation | noise-free fitness - Fopt (7.948000000000e+01) | best noise-free fitness - Fopt | measured fitness | best measured fitness | x1 | x2...
1 +2.410199237e+01 +2.410199237e+01 +1.035819924e+02 +1.035819924e+02 +4.5013e+00 -3.0657e+00 +8.2792e-01
3 +2.103224696e+00 +2.103224696e+00 +8.158322470e+01 +8.158322470e+01 +1.0684e+00 -1.9724e+00 +1.5512e-01
58 +3.242001792e-01 +3.242001792e-01 +7.980420018e+01 +7.980420018e+01 +1.8504e-01 -1.3999e+00 -1.2344e+00
479 +1.749456491e-01 +1.749456491e-01 +7.965494565e+01 +7.965494565e+01 +6.3176e-01 -1.3199e+00 -7.9291e-01
538 +5.850072751e-03 +5.850072751e-03 +7.948585007e+01 +7.948585007e+01 +1.8754e-01 -1.1540e+00 -7.6379e-01
1017 +3.782112032e-03 +3.782112032e-03 +7.948378211e+01 +7.948378211e+01 +2.1302e-01 -1.1363e+00 -7.6616e-01
1093 +1.929930958e-03 +1.929930958e-03 +7.948192993e+01 +7.948192993e+01 +2.9183e-01 -1.1503e+00 -7.4308e-01
1148 +1.444736300e-03 +1.444736300e-03 +7.948144474e+01 +7.948144474e+01 +2.4780e-01 -1.1894e+00 -7.0516e-01
1188 +9.785914387e-04 +9.785914387e-04 +7.948097859e+01 +7.948097859e+01 +2.5521e-01 -1.1555e+00 -7.5516e-01
1898 +1.747188912e-04 +1.747188912e-04 +7.948017472e+01 +7.948017472e+01 +2.5606e-01 -1.1442e+00 -7.2646e-01
2188 +4.237935700e-05 +4.237935700e-05 +7.948004238e+01 +7.948004238e+01 +2.5531e-01 -1.1512e+00 -7.2191e-01
2676 +3.172953916e-05 +3.172953916e-05 +7.948003173e+01 +7.948003173e+01 +2.5681e-01 -1.1572e+00 -7.2007e-01
2857 +2.378858767e-05 +2.378858767e-05 +7.948002379e+01 +7.948002379e+01 +2.5436e-01 -1.1614e+00 -7.2420e-01
2938 +2.536804288e-06 +2.536804288e-06 +7.948000254e+01 +7.948000254e+01 +2.5126e-01 -1.1569e+00 -7.2360e-01
4009 +2.068240178e-06 +2.068240178e-06 +7.948000207e+01 +7.948000207e+01 +2.5195e-01 -1.1569e+00 -7.2515e-01
4015 +6.141169848e-07 +6.141169848e-07 +7.948000061e+01 +7.948000061e+01 +2.5331e-01 -1.1570e+00 -7.2455e-01
4109 +2.946766244e-07 +2.946766244e-07 +7.948000029e+01 +7.948000029e+01 +2.5324e-01 -1.1571e+00 -7.2394e-01
4738 +2.230164569e-07 +2.230164569e-07 +7.948000022e+01 +7.948000022e+01 +2.5326e-01 -1.1569e+00 -7.2397e-01
% function evaluation | noise-free fitness - Fopt (3.944800000000e+02) | best noise-free fitness - Fopt | measured fitness | best measured fitness | x1 | x2...
1 +9.202539985e+01 +9.202539985e+01 +4.865053998e+02 +4.865053998e+02 +4.5013e+00 -3.0657e+00 +8.2792e-01
2 +3.289805404e+01 +3.289805404e+01 +4.273780540e+02 +4.273780540e+02 -2.6886e+00 +1.8222e+00 -7.6504e-01
22 +1.028894252e+01 +1.028894252e+01 +4.047689425e+02 +4.047689425e+02 -1.4713e+00 -1.9071e+00 -1.9500e+00
42 +5.648773300e+00 +5.648773300e+00 +4.001287733e+02 +4.001287733e+02 -4.8036e+00 -4.8824e+00 -2.8744e+00
52 +2.959436640e+00 +2.959436640e+00 +3.974394366e+02 +3.974394366e+02 -5.0000e+00 -2.3321e+00 -5.0000e+00
65 +1.207819934e+00 +1.207819934e+00 +3.956878199e+02 +3.956878199e+02 -3.8645e+00 -1.8203e+00 -4.0503e+00
162 +3.950883817e-01 +3.950883817e-01 +3.948750884e+02 +3.948750884e+02 -3.9617e+00 -3.1936e+00 -3.2554e+00
317 +1.617707833e-01 +1.617707833e-01 +3.946417708e+02 +3.946417708e+02 -3.8921e+00 -3.2925e+00 -3.8078e+00
396 +6.207990481e-02 +6.207990481e-02 +3.945420799e+02 +3.945420799e+02 -3.9234e+00 -3.1337e+00 -3.8500e+00
700 +3.831816492e-02 +3.831816492e-02 +3.945183182e+02 +3.945183182e+02 -3.9859e+00 -2.7339e+00 -3.8810e+00
713 +2.080761256e-02 +2.080761256e-02 +3.945008076e+02 +3.945008076e+02 -3.9419e+00 -3.0199e+00 -3.8488e+00
818 +1.356557902e-02 +1.356557902e-02 +3.944935656e+02 +3.944935656e+02 -3.8774e+00 -2.8826e+00 -3.6881e+00
967 +9.883685541e-03 +9.883685541e-03 +3.944898837e+02 +3.944898837e+02 -3.9016e+00 -2.8066e+00 -3.8558e+00
1014 +1.706920385e-04 +1.706920385e-04 +3.944801707e+02 +3.944801707e+02 -3.9094e+00 -2.8926e+00 -3.7957e+00
1967 +1.487370491e-04 +1.487370491e-04 +3.944801487e+02 +3.944801487e+02 -3.9056e+00 -2.8910e+00 -3.7926e+00
2217 +5.248607880e-05 +5.248607880e-05 +3.944800525e+02 +3.944800525e+02 -3.9053e+00 -2.8899e+00 -3.8002e+00
2857 +3.774439011e-05 +3.774439011e-05 +3.944800377e+02 +3.944800377e+02 -3.9038e+00 -2.8934e+00 -3.8021e+00
3154 +7.911089426e-06 +7.911089426e-06 +3.944800079e+02 +3.944800079e+02 -3.9009e+00 -2.8914e+00 -3.8033e+00
3544 +5.665690367e-06 +5.665690367e-06 +3.944800057e+02 +3.944800057e+02 -3.8983e+00 -2.8921e+00 -3.8041e+00
3607 +2.004148996e-06 +2.004148996e-06 +3.944800020e+02 +3.944800020e+02 -3.8989e+00 -2.8893e+00 -3.8031e+00
3654 +1.164351318e-06 +1.164351318e-06 +3.944800012e+02 +3.944800012e+02 -3.8975e+00 -2.8903e+00 -3.8030e+00
3954 +2.496398679e-07 +2.496398679e-07 +3.944800002e+02 +3.944800002e+02 -3.8982e+00 -2.8900e+00 -3.8022e+00
4254 +4.698028988e-08 +4.698028988e-08 +3.944800000e+02 +3.944800000e+02 -3.8982e+00 -2.8904e+00 -3.8025e+00
% function evaluation | noise-free fitness - Fopt (-2.471100000000e+02) | best noise-free fitness - Fopt | measured fitness | best measured fitness | x1 | x2...
1 +8.187824893e+01 +8.187824893e+01 -1.652317511e+02 -1.652317511e+02 +4.5013e+00 -3.0657e+00 +8.2792e-01
2 +3.858340395e+00 +3.858340395e+00 -2.432516596e+02 -2.432516596e+02 -2.6886e+00 +1.8222e+00 -7.6504e-01
30 +2.093248104e+00 +2.093248104e+00 -2.450167519e+02 -2.450167519e+02 -3.0119e+00 +1.2131e+00 -1.6887e-02
53 +1.091169566e-01 +1.091169566e-01 -2.470008830e+02 -2.470008830e+02 -3.9316e+00 +4.4417e-01 -5.0868e-01
278 +3.675779278e-02 +3.675779278e-02 -2.470732422e+02 -2.470732422e+02 -3.9031e+00 +4.4722e-02 -6.6499e-01
598 +1.036599209e-02 +1.036599209e-02 -2.470996340e+02 -2.470996340e+02 -3.8510e+00 +1.4187e-01 -7.5317e-01
980 +8.840497690e-03 +8.840497690e-03 -2.471011595e+02 -2.471011595e+02 -3.8752e+00 +1.9031e-01 -7.4386e-01
1093 +4.473411278e-03 +4.473411278e-03 -2.471055266e+02 -2.471055266e+02 -3.8526e+00 +2.0383e-01 -7.3037e-01
1198 +3.353074471e-03 +3.353074471e-03 -2.471066469e+02 -2.471066469e+02 -3.7753e+00 +1.6304e-01 -7.2592e-01
1285 +1.605577823e-03 +1.605577823e-03 -2.471083944e+02 -2.471083944e+02 -3.7777e+00 +1.8134e-01 -7.1766e-01
1548 +9.517585740e-04 +9.517585740e-04 -2.471090482e+02 -2.471090482e+02 -3.8126e+00 +2.2105e-01 -7.1195e-01
1622 +4.205139771e-05 +4.205139771e-05 -2.471099579e+02 -2.471099579e+02 -3.7999e+00 +2.0303e-01 -6.9751e-01
2422 +1.778116388e-05 +1.778116388e-05 -2.471099822e+02 -2.471099822e+02 -3.7969e+00 +2.0295e-01 -6.9513e-01
3124 +1.427236776e-05 +1.427236776e-05 -2.471099857e+02 -2.471099857e+02 -3.7961e+00 +2.0282e-01 -6.9417e-01
3274 +9.212492557e-06 +9.212492557e-06 -2.471099908e+02 -2.471099908e+02 -3.7957e+00 +2.0279e-01 -6.8996e-01
3410 +1.017130614e-06 +1.017130614e-06 -2.471099990e+02 -2.471099990e+02 -3.7993e+00 +2.0321e-01 -6.9080e-01
4066 +4.935398294e-07 +4.935398294e-07 -2.471099995e+02 -2.471099995e+02 -3.7988e+00 +2.0310e-01 -6.9178e-01
4506 +2.988587937e-07 +2.988587937e-07 -2.471099997e+02 -2.471099997e+02 -3.7989e+00 +2.0300e-01 -6.9140e-01
4616 +3.274300298e-08 +3.274300298e-08 -2.471100000e+02 -2.471100000e+02 -3.7984e+00 +2.0302e-01 -6.9119e-01
% function evaluation | noise-free fitness - Fopt (-1.520400000000e+02) | best noise-free fitness - Fopt | measured fitness | best measured fitness | x1 | x2...
1 +6.548414346e+01 +6.548414346e+01 -8.655585654e+01 -8.655585654e+01 +4.5013e+00 -3.0657e+00 +8.2792e-01
2 +1.600593835e+01 +1.600593835e+01 -1.360340617e+02 -1.360340617e+02 -2.6886e+00 +1.8222e+00 -7.6504e-01
4 +6.157832434e+00 +6.157832434e+00 -1.458821676e+02 -1.458821676e+02 -1.4018e-01 +4.1674e-01 -1.6605e+00
46 +1.115750686e+00 +1.115750686e+00 -1.509242493e+02 -1.509242493e+02 +2.8129e-02 +1.6144e+00 -2.9287e+00
104 +4.179323424e-01 +4.179323424e-01 -1.516220677e+02 -1.516220677e+02 +2.9810e-01 +1.4189e+00 -3.6112e+00
267 +2.192986713e-01 +2.192986713e-01 -1.518207013e+02 -1.518207013e+02 +1.7321e-01 +1.2996e+00 -3.8255e+00
410 +1.125832319e-01 +1.125832319e-01 -1.519274168e+02 -1.519274168e+02 -5.0499e-02 +1.6430e+00 -3.7918e+00
543 +6.954517298e-02 +6.954517298e-02 -1.519704548e+02 -1.519704548e+02 -3.4585e-01 +1.5165e+00 -4.1589e+00
631 +5.459904466e-02 +5.459904466e-02 -1.519854010e+02 -1.519854010e+02 -1.4297e-01 +1.4939e+00 -3.7397e+00
693 +4.871770160e-03 +4.871770160e-03 -1.520351282e+02 -1.520351282e+02 -2.7714e-01 +1.4107e+00 -3.9926e+00
774 +1.596660869e-03 +1.596660869e-03 -1.520384033e+02 -1.520384033e+02 -2.3266e-01 +1.4340e+00 -3.9074e+00
1143 +8.034845055e-04 +8.034845055e-04 -1.520391965e+02 -1.520391965e+02 -2.4507e-01 +1.4080e+00 -3.9172e+00
1343 +2.002014115e-04 +2.002014115e-04 -1.520397998e+02 -1.520397998e+02 -2.5728e-01 +1.4307e+00 -3.9324e+00
1506 +1.265770295e-04 +1.265770295e-04 -1.520398734e+02 -1.520398734e+02 -2.7002e-01 +1.4294e+00 -3.9343e+00
2066 +4.485049104e-05 +4.485049104e-05 -1.520399551e+02 -1.520399551e+02 -2.6129e-01 +1.4249e+00 -3.9218e+00
2257 +3.398295388e-05 +3.398295388e-05 -1.520399660e+02 -1.520399660e+02 -2.7289e-01 +1.4248e+00 -3.9258e+00
2566 +2.173781240e-05 +2.173781240e-05 -1.520399783e+02 -1.520399783e+02 -2.6994e-01 +1.4203e+00 -3.9239e+00
2657 +8.257752427e-06 +8.257752427e-06 -1.520399917e+02 -1.520399917e+02 -2.6604e-01 +1.4214e+00 -3.9243e+00
2816 +5.500135899e-06 +5.500135899e-06 -1.520399945e+02 -1.520399945e+02 -2.6570e-01 +1.4236e+00 -3.9230e+00
2826 +3.480142794e-06 +3.480142794e-06 -1.520399965e+02 -1.520399965e+02 -2.6847e-01 +1.4232e+00 -3.9237e+00
3016 +1.965264630e-06 +1.965264630e-06 -1.520399980e+02 -1.520399980e+02 -2.6803e-01 +1.4236e+00 -3.9237e+00
3066 +1.402291048e-06 +1.402291048e-06 -1.520399986e+02 -1.520399986e+02 -2.6744e-01 +1.4241e+00 -3.9236e+00
3420 +8.959932245e-07 +8.959932245e-07 -1.520399991e+02 -1.520399991e+02 -2.6720e-01 +1.4231e+00 -3.9247e+00
3816 +4.404959384e-07 +4.404959384e-07 -1.520399996e+02 -1.520399996e+02 -2.6710e-01 +1.4234e+00 -3.9246e+00
3916 +2.769381808e-07 +2.769381808e-07 -1.520399997e+02 -1.520399997e+02 -2.6711e-01 +1.4236e+00 -3.9245e+00
4016 +7.662941925e-08 +7.662941925e-08 -1.520399999e+02 -1.520399999e+02 -2.6711e-01 +1.4238e+00 -3.9247e+00
4166 +6.154678545e-08 +6.154678545e-08 -1.520399999e+02 -1.520399999e+02 -2.6707e-01 +1.4238e+00 -3.9247e+00
% function evaluation | noise-free fitness - Fopt (-2.525000000000e+01) | best noise-free fitness - Fopt | measured fitness | best measured fitness | x1 | x2...
1 +1.954348005e+01 +1.954348005e+01 -5.706519951e+00 -5.706519951e+00 +4.5013e+00 -3.0657e+00 +8.2792e-01
3 +1.576737084e+01 +1.576737084e+01 -9.482629158e+00 -9.482629158e+00 +1.0684e+00 -1.9724e+00 +1.5512e-01
6 +4.532164809e+00 +4.532164809e+00 -2.071783519e+01 -2.071783519e+01 +2.6210e+00 +1.9790e+00 -2.7405e+00
78 +1.272821300e+00 +1.272821300e+00 -2.397717870e+01 -2.397717870e+01 +3.7271e+00 -2.5042e-01 -2.1114e+00
131 +9.133773665e-01 +9.133773665e-01 -2.433662263e+01 -2.433662263e+01 +3.8245e+00 -2.5943e-01 -1.1591e+00
269 +2.702865489e-01 +2.702865489e-01 -2.497971345e+01 -2.497971345e+01 +3.3787e+00 +6.3220e-01 -9.5820e-01
289 +1.306521855e-01 +1.306521855e-01 -2.511934781e+01 -2.511934781e+01 +3.8575e+00 +8.5320e-01 -1.2665e+00
401 +5.536093783e-02 +5.536093783e-02 -2.519463906e+01 -2.519463906e+01 +3.5961e+00 +7.1963e-01 -1.6405e+00
549 +1.088772942e-02 +1.088772942e-02 -2.523911227e+01 -2.523911227e+01 +3.6423e+00 +6.7221e-01 -1.5151e+00
651 +1.280447286e-03 +1.280447286e-03 -2.524871955e+01 -2.524871955e+01 +3.6276e+00 +6.3563e-01 -1.4548e+00
1357 +8.157360079e-04 +8.157360079e-04 -2.524918426e+01 -2.524918426e+01 +3.5930e+00 +6.4101e-01 -1.4036e+00
1797 +4.447253559e-04 +4.447253559e-04 -2.524955527e+01 -2.524955527e+01 +3.6343e+00 +6.4019e-01 -1.4167e+00
1819 +1.987405633e-04 +1.987405633e-04 -2.524980126e+01 -2.524980126e+01 +3.6271e+00 +6.4130e-01 -1.4227e+00
1907 +1.558936331e-04 +1.558936331e-04 -2.524984411e+01 -2.524984411e+01 +3.6245e+00 +6.3880e-01 -1.4152e+00
2269 +3.613810706e-05 +3.613810706e-05 -2.524996386e+01 -2.524996386e+01 +3.6195e+00 +6.3796e-01 -1.4233e+00
2356 +1.220155190e-05 +1.220155190e-05 -2.524998780e+01 -2.524998780e+01 +3.6122e+00 +6.3509e-01 -1.4243e+00
2797 +1.821407022e-06 +1.821407022e-06 -2.524999818e+01 -2.524999818e+01 +3.6133e+00 +6.3459e-01 -1.4212e+00
3197 +5.407092587e-07 +5.407092587e-07 -2.524999946e+01 -2.524999946e+01 +3.6140e+00 +6.3456e-01 -1.4215e+00
4196 +1.072411173e-07 +1.072411173e-07 -2.524999989e+01 -2.524999989e+01 +3.6146e+00 +6.3523e-01 -1.4214e+00
4226 +2.335976390e-08 +2.335976390e-08 -2.524999998e+01 -2.524999998e+01 +3.6144e+00 +6.3513e-01 -1.4217e+00
4647 +5.947690340e-09 +5.947690340e-09 -2.524999999e+01 -2.524999999e+01 +3.6145e+00 +6.3517e-01 -1.4216e+00
% function evaluation | noise-free fitness - Fopt (-2.017200000000e+02) | best noise-free fitness - Fopt | measured fitness | best measured fitness | x1 | x2...
1 +3.824217394e+01 +3.824217394e+01 -1.634778261e+02 -1.634778261e+02 +4.5013e+00 -3.0657e+00 +8.2792e-01
2 +2.399235502e+01 +2.399235502e+01 -1.777276450e+02 -1.777276450e+02 -2.6886e+00 +1.8222e+00 -7.6504e-01
3 +8.278768700e+00 +8.278768700e+00 -1.934412313e+02 -1.934412313e+02 +1.0684e+00 -1.9724e+00 +1.5512e-01
19 +5.907779109e+00 +5.907779109e+00 -1.958122209e+02 -1.958122209e+02 -8.9730e-01 -1.5881e+00 +1.0287e+00
22 +2.008403514e+00 +2.008403514e+00 -1.997115965e+02 -1.997115965e+02 -1.4713e+00 -1.9071e+00 -1.9500e+00
79 +2.399614447e-01 +2.399614447e-01 -2.014800386e+02 -2.014800386e+02 -1.4566e+00 -2.5512e+00 -6.0937e-01
514 +1.467265622e-01 +1.467265622e-01 -2.015732734e+02 -2.015732734e+02 -1.1312e+00 -2.7018e+00 -1.0917e+00
553 +2.743869092e-02 +2.743869092e-02 -2.016925613e+02 -2.016925613e+02 -1.4099e+00 -3.0329e+00 -1.0510e+00
604 +1.953366706e-02 +1.953366706e-02 -2.017004663e+02 -2.017004663e+02 -1.5146e+00 -2.9202e+00 -1.0482e+00
868 +8.685215299e-03 +8.685215299e-03 -2.017113148e+02 -2.017113148e+02 -1.3410e+00 -2.9520e+00 -9.5837e-01
1154 +1.601048238e-03 +1.601048238e-03 -2.017183990e+02 -2.017183990e+02 -1.4187e+00 -2.9161e+00 -9.8415e-01
1432 +5.852967451e-04 +5.852967451e-04 -2.017194147e+02 -2.017194147e+02 -1.4385e+00 -2.9156e+00 -9.5869e-01
1715 +7.589703000e-05 +7.589703000e-05 -2.017199241e+02 -2.017199241e+02 -1.4240e+00 -2.9034e+00 -9.3780e-01
2132 +5.161048986e-05 +5.161048986e-05 -2.017199484e+02 -2.017199484e+02 -1.4183e+00 -2.9106e+00 -9.5010e-01
2587 +2.432339488e-05 +2.432339488e-05 -2.017199757e+02 -2.017199757e+02 -1.4225e+00 -2.9100e+00 -9.4703e-01
3137 +7.716380168e-06 +7.716380168e-06 -2.017199923e+02 -2.017199923e+02 -1.4221e+00 -2.9048e+00 -9.4325e-01
3222 +5.346398467e-06 +5.346398467e-06 -2.017199947e+02 -2.017199947e+02 -1.4220e+00 -2.9076e+00 -9.4598e-01
3322 +1.550683123e-06 +1.550683123e-06 -2.017199984e+02 -2.017199984e+02 -1.4218e+00 -2.9064e+00 -9.4552e-01
3522 +5.501326825e-07 +5.501326825e-07 -2.017199994e+02 -2.017199994e+02 -1.4213e+00 -2.9051e+00 -9.4529e-01
3772 +2.590089707e-07 +2.590089707e-07 -2.017199997e+02 -2.017199997e+02 -1.4204e+00 -2.9055e+00 -9.4529e-01
4122 +8.942149066e-08 +8.942149066e-08 -2.017199999e+02 -2.017199999e+02 -1.4208e+00 -2.9056e+00 -9.4531e-01
% function evaluation | noise-free fitness - Fopt (-1.000000000000e+03) | best noise-free fitness - Fopt | measured fitness | best measured fitness | x1 | x2...
1 +3.270586396e+01 +3.270586396e+01 -9.672941360e+02 -9.672941360e+02 +4.5013e+00 -3.0657e+00 +8.2792e-01
2 +9.779226595e+00 +9.779226595e+00 -9.902207734e+02 -9.902207734e+02 -2.6886e+00 +1.8222e+00 -7.6504e-01
3 +6.228798357e+00 +6.228798357e+00 -9.937712016e+02 -9.937712016e+02 +1.0684e+00 -1.9724e+00 +1.5512e-01
4 +2.412733319e+00 +2.412733319e+00 -9.975872667e+02 -9.975872667e+02 -1.4018e-01 +4.1674e-01 -1.6605e+00
103 +1.250622666e+00 +1.250622666e+00 -9.987493773e+02 -9.987493773e+02 -1.1655e+00 +1.0258e-01 -3.4293e-01
110 +8.240470133e-01 +8.240470133e-01 -9.991759530e+02 -9.991759530e+02 +3.8503e-01 +7.5314e-01 +4.5878e-01
164 +2.716880926e-02 +2.716880926e-02 -9.999728312e+02 -9.999728312e+02 -1.6935e-01 +3.6432e-01 -1.2456e-01
610 +1.268668346e-02 +1.268668346e-02 -9.999873133e+02 -9.999873133e+02 -9.8860e-02 +1.1806e-01 -1.3061e-01
710 +6.147225553e-03 +6.147225553e-03 -9.999938528e+02 -9.999938528e+02 -2.7993e-03 +2.0687e-01 -1.3498e-01
1410 +3.680520935e-03 +3.680520935e-03 -9.999963195e+02 -9.999963195e+02 -2.0826e-02 +2.2593e-01 -1.4331e-01
1506 +1.464530581e-03 +1.464530581e-03 -9.999985355e+02 -9.999985355e+02 -4.4382e-02 +2.3193e-01 -1.3995e-01
2010 +9.054355446e-04 +9.054355446e-04 -9.999990946e+02 -9.999990946e+02 -5.1412e-02 +2.2823e-01 -1.3615e-01
2165 +4.828031783e-04 +4.828031783e-04 -9.999995172e+02 -9.999995172e+02 -9.4986e-02 +2.3005e-01 -1.3216e-01
2310 +2.537027324e-04 +2.537027324e-04 -9.999997463e+02 -9.999997463e+02 -7.4419e-02 +2.1225e-01 -1.1983e-01
2338 +1.547148366e-04 +1.547148366e-04 -9.999998453e+02 -9.999998453e+02 -8.0199e-02 +2.2204e-01 -1.3037e-01
2410 +8.561086781e-05 +8.561086781e-05 -9.999999144e+02 -9.999999144e+02 -7.6606e-02 +2.2039e-01 -1.2526e-01
3007 +5.758287432e-05 +5.758287432e-05 -9.999999424e+02 -9.999999424e+02 -7.4564e-02 +2.3287e-01 -1.1463e-01
3307 +1.710767992e-05 +1.710767992e-05 -9.999999829e+02 -9.999999829e+02 -7.6418e-02 +2.3135e-01 -1.1760e-01
3357 +6.212220569e-07 +6.212220569e-07 -9.999999994e+02 -9.999999994e+02 -7.7575e-02 +2.2788e-01 -1.1992e-01
4707 +3.604662879e-07 +3.604662879e-07 -9.999999996e+02 -9.999999996e+02 -7.6919e-02 +2.2851e-01 -1.1971e-01
% function evaluation | noise-free fitness - Fopt (-4.290000000000e+01) | best noise-free fitness - Fopt | measured fitness | best measured fitness | x1 | x2...
1 +4.293927497e+01 +4.293927497e+01 +3.927496543e-02 +3.927496543e-02 +4.5013e+00 -3.0657e+00 +8.2792e-01
3 +3.563047140e+01 +3.563047140e+01 -7.269528601e+00 -7.269528601e+00 +1.0684e+00 -1.9724e+00 +1.5512e-01
9 +1.435179934e+01 +1.435179934e+01 -2.854820066e+01 -2.854820066e+01 +3.2141e+00 +3.5366e+00 +2.9823e-01
13 +4.218188027e+00 +4.218188027e+00 -3.868181197e+01 -3.868181197e+01 +4.2181e+00 +3.2163e+00 +2.8333e+00
23 +1.183052699e+00 +1.183052699e+00 -4.171694730e+01 -4.171694730e+01 +3.1317e+00 +3.3850e+00 +3.7437e+00
109 +6.589908213e-01 +6.589908213e-01 -4.224100918e+01 -4.224100918e+01 +2.0287e+00 +2.2131e+00 +3.3754e+00
257 +3.119932242e-01 +3.119932242e-01 -4.258800678e+01 -4.258800678e+01 +2.2149e+00 +2.2722e+00 +4.2102e+00
300 +2.428997702e-02 +2.428997702e-02 -4.287571002e+01 -4.287571002e+01 +2.6205e+00 +2.4338e+00 +3.7184e+00
632 +9.366392408e-03 +9.366392408e-03 -4.289063361e+01 -4.289063361e+01 +2.7107e+00 +2.4751e+00 +3.9052e+00
837 +5.553381680e-03 +5.553381680e-03 -4.289444662e+01 -4.289444662e+01 +2.6130e+00 +2.4233e+00 +3.9453e+00
1127 +3.260364959e-03 +3.260364959e-03 -4.289673964e+01 -4.289673964e+01 +2.5899e+00 +2.4556e+00 +3.8488e+00
1619 +1.892927572e-03 +1.892927572e-03 -4.289810707e+01 -4.289810707e+01 +2.5957e+00 +2.4086e+00 +3.8606e+00
1692 +1.407746673e-03 +1.407746673e-03 -4.289859225e+01 -4.289859225e+01 +2.5983e+00 +2.4417e+00 +3.8762e+00
1761 +9.956978188e-04 +9.956978188e-04 -4.289900430e+01 -4.289900430e+01 +2.6149e+00 +2.4531e+00 +3.8718e+00
2059 +2.811489297e-04 +2.811489297e-04 -4.289971885e+01 -4.289971885e+01 +2.6180e+00 +2.4264e+00 +3.8814e+00
2369 +2.428178047e-04 +2.428178047e-04 -4.289975718e+01 -4.289975718e+01 +2.6226e+00 +2.4387e+00 +3.8711e+00
2566 +1.279040248e-04 +1.279040248e-04 -4.289987210e+01 -4.289987210e+01 +2.6216e+00 +2.4256e+00 +3.8734e+00
2616 +8.878840219e-05 +8.878840219e-05 -4.289991121e+01 -4.289991121e+01 +2.6255e+00 +2.4331e+00 +3.8723e+00
2716 +5.452864719e-05 +5.452864719e-05 -4.289994547e+01 -4.289994547e+01 +2.6255e+00 +2.4276e+00 +3.8726e+00
2966 +2.140690722e-05 +2.140690722e-05 -4.289997859e+01 -4.289997859e+01 +2.6298e+00 +2.4301e+00 +3.8716e+00
3016 +1.146026509e-05 +1.146026509e-05 -4.289998854e+01 -4.289998854e+01 +2.6306e+00 +2.4284e+00 +3.8713e+00
3066 +8.446501397e-06 +8.446501397e-06 -4.289999155e+01 -4.289999155e+01 +2.6313e+00 +2.4271e+00 +3.8711e+00
3207 +2.167990679e-06 +2.167990679e-06 -4.289999783e+01 -4.289999783e+01 +2.6332e+00 +2.4264e+00 +3.8724e+00
3766 +9.447576090e-07 +9.447576090e-07 -4.289999906e+01 -4.289999906e+01 +2.6331e+00 +2.4275e+00 +3.8727e+00
4346 +2.110916384e-07 +2.110916384e-07 -4.289999979e+01 -4.289999979e+01 +2.6331e+00 +2.4272e+00 +3.8732e+00
4666 +1.187588836e-07 +1.187588836e-07 -4.289999988e+01 -4.289999988e+01 +2.6329e+00 +2.4274e+00 +3.8733e+00
% function evaluation | noise-free fitness - Fopt (-1.013200000000e+02) | best noise-free fitness - Fopt | measured fitness | best measured fitness | x1 | x2...
1 +4.306051230e+01 +4.306051230e+01 -5.825948770e+01 -5.825948770e+01 +4.5013e+00 -3.0657e+00 +8.2792e-01
2 +2.760242736e+01 +2.760242736e+01 -7.371757264e+01 -7.371757264e+01 -2.6886e+00 +1.8222e+00 -7.6504e-01
4 +2.204945555e+01 +2.204945555e+01 -7.927054445e+01 -7.927054445e+01 -1.4018e-01 +4.1674e-01 -1.6605e+00
9 +5.719483829e+00 +5.719483829e+00 -9.560051617e+01 -9.560051617e+01 +3.2141e+00 +3.5366e+00 +2.9823e-01
14 +2.202757557e+00 +2.202757557e+00 -9.911724244e+01 -9.911724244e+01 +2.3821e+00 +1.4491e+00 +1.8085e+00
56 +7.033259327e-01 +7.033259327e-01 -1.006166741e+02 -1.006166741e+02 +1.3690e+00 +2.0550e+00 +1.6486e+00
161 +6.039212492e-01 +6.039212492e-01 -1.007160788e+02 -1.007160788e+02 +2.0651e+00 +3.3201e+00 +1.5874e+00
189 +3.178035832e-01 +3.178035832e-01 -1.010021964e+02 -1.010021964e+02 +1.8310e+00 +3.3017e+00 +1.9408e+00
388 +2.208538689e-01 +2.208538689e-01 -1.010991461e+02 -1.010991461e+02 +2.0583e+00 +2.5062e+00 +2.1415e+00
411 +9.119783545e-02 +9.119783545e-02 -1.012288022e+02 -1.012288022e+02 +1.4203e+00 +2.6365e+00 +1.9992e+00
491 +3.969025513e-02 +3.969025513e-02 -1.012803097e+02 -1.012803097e+02 +1.6839e+00 +2.9370e+00 +2.0541e+00
549 +1.577615504e-02 +1.577615504e-02 -1.013042238e+02 -1.013042238e+02 +1.6698e+00 +2.6766e+00 +1.8794e+00
759 +3.794213954e-03 +3.794213954e-03 -1.013162058e+02 -1.013162058e+02 +1.6378e+00 +2.7702e+00 +1.9828e+00
1317 +2.299178041e-03 +2.299178041e-03 -1.013177008e+02 -1.013177008e+02 +1.6769e+00 +2.7527e+00 +2.0172e+00
1587 +1.303935035e-03 +1.303935035e-03 -1.013186961e+02 -1.013186961e+02 +1.7264e+00 +2.7386e+00 +1.9613e+00
1732 +3.465104462e-04 +3.465104462e-04 -1.013196535e+02 -1.013196535e+02 +1.6901e+00 +2.7517e+00 +1.9906e+00
1887 +6.505482663e-05 +6.505482663e-05 -1.013199349e+02 -1.013199349e+02 +1.6928e+00 +2.7518e+00 +1.9797e+00
2132 +5.626841863e-05 +5.626841863e-05 -1.013199437e+02 -1.013199437e+02 +1.6945e+00 +2.7534e+00 +1.9805e+00
2725 +3.617851753e-05 +3.617851753e-05 -1.013199638e+02 -1.013199638e+02 +1.6965e+00 +2.7573e+00 +1.9792e+00
2832 +1.674874311e-05 +1.674874311e-05 -1.013199833e+02 -1.013199833e+02 +1.6934e+00 +2.7574e+00 +1.9728e+00
2925 +1.211568048e-06 +1.211568048e-06 -1.013199988e+02 -1.013199988e+02 +1.6973e+00 +2.7556e+00 +1.9727e+00
4146 +2.091235274e-07 +2.091235274e-07 -1.013199998e+02 -1.013199998e+02 +1.6964e+00 +2.7551e+00 +1.9737e+00
4566 +4.776747176e-08 +4.776747176e-08 -1.013200000e+02 -1.013200000e+02 +1.6967e+00 +2.7551e+00 +1.9737e+00
% function evaluation | noise-free fitness - Fopt (3.650000000000e+00) | best noise-free fitness - Fopt | measured fitness | best measured fitness | x1 | x2...
1 +1.733557164e+01 +1.733557164e+01 +2.098557164e+01 +2.098557164e+01 +4.5013e+00 -3.0657e+00 +8.2792e-01
3 +4.691484325e-01 +4.691484325e-01 +4.119148433e+00 +4.119148433e+00 +1.0684e+00 -1.9724e+00 +1.5512e-01
137 +3.271854766e-01 +3.271854766e-01 +3.977185477e+00 +3.977185477e+00 +8.3829e-01 -2.3538e+00 +7.8378e-01
155 +1.722202025e-01 +1.722202025e-01 +3.822220202e+00 +3.822220202e+00 +2.2232e-01 -2.2682e+00 +6.3767e-01
397 +1.484405442e-01 +1.484405442e-01 +3.798440544e+00 +3.798440544e+00 +4.1097e-01 -2.1208e+00 +8.7529e-01
447 +3.386827026e-02 +3.386827026e-02 +3.683868270e+00 +3.683868270e+00 +5.3026e-01 -2.0332e+00 +6.9944e-01
497 +1.808179521e-02 +1.808179521e-02 +3.668081795e+00 +3.668081795e+00 +6.2474e-01 -1.9639e+00 +5.6018e-01
597 +5.155534287e-03 +5.155534287e-03 +3.655155534e+00 +3.655155534e+00 +5.4842e-01 -1.9354e+00 +5.5554e-01
697 +2.380096825e-03 +2.380096825e-03 +3.652380097e+00 +3.652380097e+00 +5.2848e-01 -1.9427e+00 +5.1418e-01
897 +1.429158079e-03 +1.429158079e-03 +3.651429158e+00 +3.651429158e+00 +4.7560e-01 -1.9477e+00 +5.0968e-01
1482 +6.020150400e-04 +6.020150400e-04 +3.650602015e+00 +3.650602015e+00 +4.7431e-01 -1.9604e+00 +5.2748e-01
1815 +2.693552926e-04 +2.693552926e-04 +3.650269355e+00 +3.650269355e+00 +5.0466e-01 -1.9745e+00 +5.1599e-01
1915 +1.662240854e-04 +1.662240854e-04 +3.650166224e+00 +3.650166224e+00 +4.9432e-01 -1.9654e+00 +5.1960e-01
1947 +1.120261163e-04 +1.120261163e-04 +3.650112026e+00 +3.650112026e+00 +4.8802e-01 -1.9722e+00 +5.3696e-01
2097 +7.586972536e-05 +7.586972536e-05 +3.650075870e+00 +3.650075870e+00 +4.9292e-01 -1.9728e+00 +5.3722e-01
2197 +2.111906925e-05 +2.111906925e-05 +3.650021119e+00 +3.650021119e+00 +4.9410e-01 -1.9715e+00 +5.2524e-01
2897 +1.329758287e-05 +1.329758287e-05 +3.650013298e+00 +3.650013298e+00 +4.9704e-01 -1.9720e+00 +5.2963e-01
3304 +3.965637990e-06 +3.965637990e-06 +3.650003966e+00 +3.650003966e+00 +4.9472e-01 -1.9728e+00 +5.2771e-01
3846 +1.899590669e-06 +1.899590669e-06 +3.650001900e+00 +3.650001900e+00 +4.9496e-01 -1.9734e+00 +5.2959e-01
3860 +1.578060861e-06 +1.578060861e-06 +3.650001578e+00 +3.650001578e+00 +4.9445e-01 -1.9733e+00 +5.2827e-01
4080 +5.397509786e-07 +5.397509786e-07 +3.650000540e+00 +3.650000540e+00 +4.9419e-01 -1.9737e+00 +5.2854e-01
4260 +2.219013773e-07 +2.219013773e-07 +3.650000222e+00 +3.650000222e+00 +4.9455e-01 -1.9743e+00 +5.2836e-01
4457 +2.990725578e-08 +2.990725578e-08 +3.650000030e+00 +3.650000030e+00 +4.9438e-01 -1.9742e+00 +5.2872e-01
4657 +1.082490186e-08 +1.082490186e-08 +3.650000011e+00 +3.650000011e+00 +4.9438e-01 -1.9743e+00 +5.2888e-01
4757 +6.816188503e-09 +6.816188503e-09 +3.650000007e+00 +3.650000007e+00 +4.9438e-01 -1.9744e+00 +5.2874e-01
% function evaluation | noise-free fitness - Fopt (2.205300000000e+02) | best noise-free fitness - Fopt | measured fitness | best measured fitness | x1 | x2...
1 +2.891105933e+00 +2.891105933e+00 +2.234211059e+02 +2.234211059e+02 +4.5013e+00 -3.0657e+00 +8.2792e-01
41 +9.685214651e-01 +9.685214651e-01 +2.214985215e+02 +2.214985215e+02 +3.3812e+00 -3.6348e+00 +1.8333e+00
88 +5.674507503e-01 +5.674507503e-01 +2.210974508e+02 +2.210974508e+02 +2.4958e+00 -4.3889e+00 +7.9842e-01
183 +3.428732964e-01 +3.428732964e-01 +2.208728733e+02 +2.208728733e+02 +3.2993e+00 -4.2464e+00 +1.2572e+00
242 +5.365554221e-02 +5.365554221e-02 +2.205836555e+02 +2.205836555e+02 +2.8083e+00 -3.9184e+00 +1.0675e+00
411 +2.896166467e-02 +2.896166467e-02 +2.205589617e+02 +2.205589617e+02 +3.0467e+00 -4.0072e+00 +9.1908e-01
615 +3.552523973e-03 +3.552523973e-03 +2.205335525e+02 +2.205335525e+02 +3.0561e+00 -3.8423e+00 +9.5322e-01
1118 +1.590706388e-03 +1.590706388e-03 +2.205315907e+02 +2.205315907e+02 +2.9579e+00 -3.8482e+00 +9.4394e-01
1444 +9.259219644e-04 +9.259219644e-04 +2.205309259e+02 +2.205309259e+02 +2.9743e+00 -3.8500e+00 +9.3241e-01
1644 +1.487066972e-04 +1.487066972e-04 +2.205301487e+02 +2.205301487e+02 +2.9866e+00 -3.8546e+00 +9.5370e-01
2088 +3.125644270e-05 +3.125644270e-05 +2.205300313e+02 +2.205300313e+02 +3.0022e+00 -3.8477e+00 +9.5124e-01
2267 +1.192449727e-05 +1.192449727e-05 +2.205300119e+02 +2.205300119e+02 +2.9952e+00 -3.8486e+00 +9.4979e-01
2918 +8.730308025e-06 +8.730308025e-06 +2.205300087e+02 +2.205300087e+02 +2.9947e+00 -3.8488e+00 +9.5478e-01
3344 +1.903597393e-06 +1.903597393e-06 +2.205300019e+02 +2.205300019e+02 +2.9958e+00 -3.8484e+00 +9.5367e-01
3617 +1.310853094e-06 +1.310853094e-06 +2.205300013e+02 +2.205300013e+02 +2.9977e+00 -3.8482e+00 +9.5209e-01
3817 +7.810118063e-08 +7.810118063e-08 +2.205300001e+02 +2.205300001e+02 +2.9970e+00 -3.8482e+00 +9.5297e-01
4167 +3.186215736e-08 +3.186215736e-08 +2.205300000e+02 +2.205300000e+02 +2.9968e+00 -3.8481e+00 +9.5292e-01
% function evaluation | noise-free fitness - Fopt (4.212900000000e+02) | best noise-free fitness - Fopt | measured fitness | best measured fitness | x1 | x2...
1 +1.121437065e+02 +1.121437065e+02 +5.334337065e+02 +5.334337065e+02 +4.5013e+00 -3.0657e+00 +8.2792e-01
2 +7.142468912e+00 +7.142468912e+00 +4.284324689e+02 +4.284324689e+02 -2.6886e+00 +1.8222e+00 -7.6504e-01
8 +3.203668178e+00 +3.203668178e+00 +4.244936682e+02 +4.244936682e+02 -4.8150e+00 +3.6001e+00 +2.6037e+00
54 +1.710917044e+00 +1.710917044e+00 +4.230009170e+02 +4.230009170e+02 -2.9481e+00 +3.4173e+00 +1.8916e+00
75 +1.280249283e+00 +1.280249283e+00 +4.225702493e+02 +4.225702493e+02 -5.0000e+00 +3.7041e+00 +8.9777e-01
164 +7.277194618e-01 +7.277194618e-01 +4.220177195e+02 +4.220177195e+02 -4.5250e+00 +3.9273e+00 +9.3704e-01
214 +2.649788892e-01 +2.649788892e-01 +4.215549789e+02 +4.215549789e+02 -4.1488e+00 +3.0777e+00 +6.4459e-01
233 +4.576062161e-02 +4.576062161e-02 +4.213357606e+02 +4.213357606e+02 -4.0067e+00 +3.4030e+00 +8.7910e-01
314 +2.186921030e-02 +2.186921030e-02 +4.213118692e+02 +4.213118692e+02 -3.9247e+00 +3.1720e+00 +1.0079e+00
614 +1.038439161e-02 +1.038439161e-02 +4.213003844e+02 +4.213003844e+02 -3.8586e+00 +3.3422e+00 +1.0538e+00
748 +6.464188629e-03 +6.464188629e-03 +4.212964642e+02 +4.212964642e+02 -3.9759e+00 +3.3106e+00 +9.8526e-01
948 +4.302602022e-03 +4.302602022e-03 +4.212943026e+02 +4.212943026e+02 -3.9390e+00 +3.2693e+00 +1.0103e+00
1117 +3.763377000e-03 +3.763377000e-03 +4.212937634e+02 +4.212937634e+02 -3.9221e+00 +3.3093e+00 +1.0099e+00
1435 +1.222813873e-03 +1.222813873e-03 +4.212912228e+02 +4.212912228e+02 -3.9714e+00 +3.3350e+00 +1.0717e+00
1494 +9.887111693e-04 +9.887111693e-04 +4.212909887e+02 +4.212909887e+02 -3.9461e+00 +3.3361e+00 +1.0554e+00
1866 +5.920240592e-04 +5.920240592e-04 +4.212905920e+02 +4.212905920e+02 -3.9553e+00 +3.3017e+00 +1.0386e+00
1937 +2.716311220e-04 +2.716311220e-04 +4.212902716e+02 +4.212902716e+02 -3.9377e+00 +3.3084e+00 +1.0585e+00
2018 +1.884703848e-04 +1.884703848e-04 +4.212901885e+02 +4.212901885e+02 -3.9414e+00 +3.3123e+00 +1.0606e+00
2516 +1.231841981e-04 +1.231841981e-04 +4.212901232e+02 +4.212901232e+02 -3.9622e+00 +3.3100e+00 +1.0564e+00
2738 +6.349547823e-05 +6.349547823e-05 +4.212900635e+02 +4.212900635e+02 -3.9583e+00 +3.3102e+00 +1.0676e+00
2749 +2.475645260e-05 +2.475645260e-05 +4.212900248e+02 +4.212900248e+02 -3.9505e+00 +3.3040e+00 +1.0654e+00
3260 +8.578063728e-06 +8.578063728e-06 +4.212900086e+02 +4.212900086e+02 -3.9513e+00 +3.3080e+00 +1.0631e+00
3310 +2.557372056e-06 +2.557372056e-06 +4.212900026e+02 +4.212900026e+02 -3.9525e+00 +3.3067e+00 +1.0613e+00
3901 +1.582571258e-06 +1.582571258e-06 +4.212900016e+02 +4.212900016e+02 -3.9526e+00 +3.3071e+00 +1.0626e+00
4010 +6.885347830e-07 +6.885347830e-07 +4.212900007e+02 +4.212900007e+02 -3.9533e+00 +3.3070e+00 +1.0628e+00
4075 +1.223609161e-07 +1.223609161e-07 +4.212900001e+02 +4.212900001e+02 -3.9538e+00 +3.3067e+00 +1.0624e+00
4360 +8.365913118e-08 +8.365913118e-08 +4.212900001e+02 +4.212900001e+02 -3.9534e+00 +3.3066e+00 +1.0624e+00
4757 +4.806355491e-08 +4.806355491e-08 +4.212900000e+02 +4.212900000e+02 -3.9536e+00 +3.3066e+00 +1.0623e+00
4860 +2.615496442e-08 +2.615496442e-08 +4.212900000e+02 +4.212900000e+02 -3.9537e+00 +3.3065e+00 +1.0623e+00
% function evaluation | noise-free fitness - Fopt (-7.900000000000e+01) | best noise-free fitness - Fopt | measured fitness | best measured fitness | x1 | x2...
1 +7.507723419e+01 +7.507723419e+01 -3.922765815e+00 -3.922765815e+00 +4.5013e+00 -3.0657e+00 +8.2792e-01
2 +2.057640036e+00 +2.057640036e+00 -7.694235996e+01 -7.694235996e+01 -2.6886e+00 +1.8222e+00 -7.6504e-01
30 +2.320117889e-01 +2.320117889e-01 -7.876798821e+01 -7.876798821e+01 -3.0119e+00 +1.2131e+00 -1.6887e-02
156 +8.023608703e-02 +8.023608703e-02 -7.891976391e+01 -7.891976391e+01 -3.0069e+00 +1.4356e+00 +5.5454e-01
450 +3.241771527e-02 +3.241771527e-02 -7.896758228e+01 -7.896758228e+01 -2.9783e+00 +1.0439e+00 +5.6816e-01
632 +1.660193406e-02 +1.660193406e-02 -7.898339807e+01 -7.898339807e+01 -2.9400e+00 +1.2399e+00 +4.4669e-01
710 +2.600475024e-03 +2.600475024e-03 -7.899739952e+01 -7.899739952e+01 -3.0106e+00 +1.1671e+00 +4.9607e-01
880 +1.762191051e-03 +1.762191051e-03 -7.899823781e+01 -7.899823781e+01 -3.0491e+00 +1.1302e+00 +4.7072e-01
1198 +1.023242427e-03 +1.023242427e-03 -7.899897676e+01 -7.899897676e+01 -3.0249e+00 +1.1900e+00 +4.7324e-01
1480 +2.321752224e-04 +2.321752224e-04 -7.899976782e+01 -7.899976782e+01 -3.0571e+00 +1.1821e+00 +4.5610e-01
1880 +1.373086745e-04 +1.373086745e-04 -7.899986269e+01 -7.899986269e+01 -3.0524e+00 +1.1796e+00 +4.6846e-01
2717 +5.363136387e-05 +5.363136387e-05 -7.899994637e+01 -7.899994637e+01 -3.0468e+00 +1.1695e+00 +4.6862e-01
2830 +1.935871451e-05 +1.935871451e-05 -7.899998064e+01 -7.899998064e+01 -3.0481e+00 +1.1672e+00 +4.6339e-01
3017 +8.932302734e-06 +8.932302734e-06 -7.899999107e+01 -7.899999107e+01 -3.0461e+00 +1.1701e+00 +4.6359e-01
3697 +5.534703561e-06 +5.534703561e-06 -7.899999447e+01 -7.899999447e+01 -3.0503e+00 +1.1707e+00 +4.6137e-01
3797 +2.423555884e-06 +2.423555884e-06 -7.899999758e+01 -7.899999758e+01 -3.0495e+00 +1.1713e+00 +4.6214e-01
4075 +1.485763619e-07 +1.485763619e-07 -7.899999985e+01 -7.899999985e+01 -3.0482e+00 +1.1712e+00 +4.6193e-01
4497 +4.733897185e-08 +4.733897185e-08 -7.899999995e+01 -7.899999995e+01 -3.0481e+00 +1.1712e+00 +4.6178e-01
4947 +3.789602943e-08 +3.789602943e-08 -7.899999996e+01 -7.899999996e+01 -3.0478e+00 +1.1711e+00 +4.6150e-01
4997 +1.485415169e-08 +1.485415169e-08 -7.899999999e+01 -7.899999999e+01 -3.0480e+00 +1.1711e+00 +4.6150e-01
% function evaluation | noise-free fitness - Fopt (-4.133000000000e+01) | best noise-free fitness - Fopt | measured fitness | best measured fitness | x1 | x2...
1 +2.207016187e+01 +2.207016187e+01 -1.925983813e+01 -1.925983813e+01 +4.5013e+00 -3.0657e+00 +8.2792e-01
3 +1.818343538e+00 +1.818343538e+00 -3.951165646e+01 -3.951165646e+01 +1.0684e+00 -1.9724e+00 +1.5512e-01
58 +1.703775840e-01 +1.703775840e-01 -4.115962242e+01 -4.115962242e+01 +1.8504e-01 -1.3999e+00 -1.2344e+00
479 +6.190415272e-02 +6.190415272e-02 -4.126809585e+01 -4.126809585e+01 +6.3911e-01 -1.2997e+00 -8.5220e-01
638 +3.730659014e-02 +3.730659014e-02 -4.129269341e+01 -4.129269341e+01 +6.2912e-01 -1.4730e+00 -8.4788e-01
1017 +1.050174937e-02 +1.050174937e-02 -4.131949825e+01 -4.131949825e+01 +4.9245e-01 -1.3572e+00 -9.0014e-01
1072 +6.314263440e-03 +6.314263440e-03 -4.132368574e+01 -4.132368574e+01 +4.0358e-01 -1.4062e+00 -9.6946e-01
1148 +3.820717863e-03 +3.820717863e-03 -4.132617928e+01 -4.132617928e+01 +4.3838e-01 -1.5028e+00 -9.5068e-01
1522 +1.917049541e-03 +1.917049541e-03 -4.132808295e+01 -4.132808295e+01 +4.3082e-01 -1.4839e+00 -9.1195e-01
2006 +1.535239359e-03 +1.535239359e-03 -4.132846476e+01 -4.132846476e+01 +4.5190e-01 -1.4141e+00 -9.4291e-01
2018 +7.192911331e-04 +7.192911331e-04 -4.132928071e+01 -4.132928071e+01 +4.7505e-01 -1.4648e+00 -9.2641e-01
2059 +4.661708497e-04 +4.661708497e-04 -4.132953383e+01 -4.132953383e+01 +4.6787e-01 -1.4449e+00 -9.4054e-01
2319 +3.669211543e-04 +3.669211543e-04 -4.132963308e+01 -4.132963308e+01 +4.6566e-01 -1.4369e+00 -9.3379e-01
2638 +2.219599499e-04 +2.219599499e-04 -4.132977804e+01 -4.132977804e+01 +4.4459e-01 -1.4422e+00 -9.1494e-01
2669 +5.669366445e-05 +5.669366445e-05 -4.132994331e+01 -4.132994331e+01 +4.5711e-01 -1.4496e+00 -9.1819e-01
3603 +2.707220857e-05 +2.707220857e-05 -4.132997293e+01 -4.132997293e+01 +4.5803e-01 -1.4471e+00 -9.2269e-01
3688 +1.637353392e-05 +1.637353392e-05 -4.132998363e+01 -4.132998363e+01 +4.5714e-01 -1.4472e+00 -9.2361e-01
3796 +1.347477466e-05 +1.347477466e-05 -4.132998653e+01 -4.132998653e+01 +4.5081e-01 -1.4470e+00 -9.2327e-01
3954 +2.099604835e-06 +2.099604835e-06 -4.132999790e+01 -4.132999790e+01 +4.5284e-01 -1.4493e+00 -9.2367e-01
4161 +1.329519954e-06 +1.329519954e-06 -4.132999867e+01 -4.132999867e+01 +4.5411e-01 -1.4478e+00 -9.2483e-01
4235 +1.060072066e-07 +1.060072066e-07 -4.132999989e+01 -4.132999989e+01 +4.5381e-01 -1.4486e+00 -9.2484e-01
% function evaluation | noise-free fitness - Fopt (2.127500000000e+02) | best noise-free fitness - Fopt | measured fitness | best measured fitness | x1 | x2...
1 +8.745718596e+01 +8.745718596e+01 +3.002071860e+02 +3.002071860e+02 +4.5013e+00 -3.0657e+00 +8.2792e-01
2 +2.829719668e+01 +2.829719668e+01 +2.410471967e+02 +2.410471967e+02 -2.6886e+00 +1.8222e+00 -7.6504e-01
22 +8.238904084e+00 +8.238904084e+00 +2.209889041e+02 +2.209889041e+02 -1.4713e+00 -1.9071e+00 -1.9500e+00
42 +6.028440579e+00 +6.028440579e+00 +2.187784406e+02 +2.187784406e+02 -4.8036e+00 -4.8824e+00 -2.8744e+00
58 +3.873603179e+00 +3.873603179e+00 +2.166236032e+02 +2.166236032e+02 -5.0000e+00 -1.3999e+00 -2.3963e+00
65 +1.201360999e+00 +1.201360999e+00 +2.139513610e+02 +2.139513610e+02 -3.8645e+00 -1.8203e+00 -4.0503e+00
162 +2.948721824e-01 +2.948721824e-01 +2.130448722e+02 +2.130448722e+02 -3.9617e+00 -3.1936e+00 -3.2554e+00
201 +1.240997881e-01 +1.240997881e-01 +2.128740998e+02 +2.128740998e+02 -3.8490e+00 -2.3577e+00 -3.2041e+00
363 +8.976199924e-02 +8.976199924e-02 +2.128397620e+02 +2.128397620e+02 -4.0622e+00 -2.5255e+00 -3.5139e+00
396 +3.705739779e-02 +3.705739779e-02 +2.127870574e+02 +2.127870574e+02 -3.7471e+00 -2.5652e+00 -3.2399e+00
680 +1.352092571e-02 +1.352092571e-02 +2.127635209e+02 +2.127635209e+02 -3.7488e+00 -2.6889e+00 -3.3074e+00
713 +9.123149072e-03 +9.123149072e-03 +2.127591231e+02 +2.127591231e+02 -3.7611e+00 -2.6989e+00 -3.3832e+00
963 +2.180825505e-03 +2.180825505e-03 +2.127521808e+02 +2.127521808e+02 -3.8050e+00 -2.6787e+00 -3.3524e+00
1130 +9.846284812e-04 +9.846284812e-04 +2.127509846e+02 +2.127509846e+02 -3.8525e+00 -2.6766e+00 -3.3305e+00
1329 +2.001662359e-04 +2.001662359e-04 +2.127502002e+02 +2.127502002e+02 -3.8634e+00 -2.6720e+00 -3.3672e+00
1907 +1.557843745e-04 +1.557843745e-04 +2.127501558e+02 +2.127501558e+02 -3.8612e+00 -2.6666e+00 -3.3609e+00
2325 +5.479153418e-05 +5.479153418e-05 +2.127500548e+02 +2.127500548e+02 -3.8442e+00 -2.6705e+00 -3.3648e+00
2704 +1.882811233e-06 +1.882811233e-06 +2.127500019e+02 +2.127500019e+02 -3.8492e+00 -2.6729e+00 -3.3610e+00
3407 +1.404931993e-06 +1.404931993e-06 +2.127500014e+02 +2.127500014e+02 -3.8505e+00 -2.6737e+00 -3.3608e+00
3716 +7.682286594e-07 +7.682286594e-07 +2.127500008e+02 +2.127500008e+02 -3.8498e+00 -2.6724e+00 -3.3621e+00
3866 +2.349870840e-07 +2.349870840e-07 +2.127500002e+02 +2.127500002e+02 -3.8501e+00 -2.6726e+00 -3.3619e+00
4066 +1.034609909e-07 +1.034609909e-07 +2.127500001e+02 +2.127500001e+02 -3.8502e+00 -2.6726e+00 -3.3617e+00
4366 +1.060050181e-08 +1.060050181e-08 +2.127500000e+02 +2.127500000e+02 -3.8504e+00 -2.6728e+00 -3.3615e+00
