% function evaluation | noise-free fitness - Fopt (1.000000000000e+03) | best noise-free fitness - Fopt | measured fitness | best measured fitness | x1 | x2...
1 +9.006047107e+02 +9.006047107e+02 +1.900604711e+03 +1.900604711e+03 +1.7053e+00 -4.3617e+00 -4.9559e+00 +4.9096e+00 -9.0486e-01
2 +4.597978507e+02 +4.597978507e+02 +1.459797851e+03 +1.459797851e+03 +2.4784e+00 +2.9678e+00 +2.9005e+00 +3.2598e-01 +2.4115e+00
9 +1.363694936e+02 +1.363694936e+02 +1.136369494e+03 +1.136369494e+03 -3.6468e+00 -1.5046e+00 +2.6174e+00 +2.3095e+00 +3.9393e+00
15 +9.678616719e+01 +9.678616719e+01 +1.096786167e+03 +1.096786167e+03 -2.2999e+00 +4.7986e+00 +3.5441e+00 +3.1931e+00 -1.1673e-01
101 +4.698027915e+01 +4.698027915e+01 +1.046980279e+03 +1.046980279e+03 -2.1123e+00 +2.3127e+00 +3.5441e+00 +3.1931e+00 +3.7984e+00
326 +2.784523312e+01 +2.784523312e+01 +1.027845233e+03 +1.027845233e+03 -4.8479e+00 +1.5932e+00 +4.4373e+00 +3.2809e+00 +3.5228e+00
736 +2.161144310e+01 +2.161144310e+01 +1.021611443e+03 +1.021611443e+03 -6.0192e+00 +2.6969e+00 +4.9500e+00 +3.7522e+00 +2.9112e+00
2013 +6.757930599e+00 +6.757930599e+00 +1.006757931e+03 +1.006757931e+03 -1.9315e+00 +3.1932e+00 +2.6838e+00 +4.2820e+00 +3.5762e+00
7630 +5.866013531e+00 +5.866013531e+00 +1.005866014e+03 +1.005866014e+03 -2.9523e+00 +3.0350e+00 +3.6601e+00 +3.9938e+00 +2.9020e+00
10119 +2.540064350e+00 +2.540064350e+00 +1.002540064e+03 +1.002540064e+03 -3.1384e+00 +3.4245e+00 +3.8827e+00 +3.6006e+00 +3.0114e+00
13829 +2.448209910e+00 +2.448209910e+00 +1.002448210e+03 +1.002448210e+03 -3.1590e+00 +3.4046e+00 +3.8910e+00 +3.6064e+00 +3.0273e+00
14891 +1.441855062e+00 +1.441855062e+00 +1.001441855e+03 +1.001441855e+03 -3.1595e+00 +3.3992e+00 +3.8661e+00 +3.5967e+00 +3.0558e+00
16267 +9.993918738e-01 +9.993918738e-01 +1.000999392e+03 +1.000999392e+03 -3.1545e+00 +3.4100e+00 +3.8451e+00 +3.5914e+00 +3.0390e+00
111876 +5.667032338e-01 +5.667032338e-01 +1.000566703e+03 +1.000566703e+03 -3.0215e+00 +3.0058e+00 +3.6308e+00 +3.5956e+00 +2.8791e+00
112727 +1.375408095e-01 +1.375408095e-01 +1.000137541e+03 +1.000137541e+03 -3.0602e+00 +3.0058e+00 +3.6308e+00 +3.5956e+00 +2.8791e+00
113182 +8.115417470e-02 +8.115417470e-02 +1.000081154e+03 +1.000081154e+03 -3.0469e+00 +3.0062e+00 +3.6381e+00 +3.5970e+00 +2.8605e+00
113251 +5.247153026e-02 +5.247153026e-02 +1.000052472e+03 +1.000052472e+03 -3.0469e+00 +3.0062e+00 +3.6388e+00 +3.5942e+00 +2.8702e+00
113783 +3.636749556e-02 +3.636749556e-02 +1.000036367e+03 +1.000036367e+03 -3.0554e+00 +3.0073e+00 +3.6437e+00 +3.5971e+00 +2.8658e+00
114027 +1.512717343e-02 +1.512717343e-02 +1.000015127e+03 +1.000015127e+03 -3.0628e+00 +3.0020e+00 +3.6396e+00 +3.5946e+00 +2.8684e+00
114127 +7.367932546e-03 +7.367932546e-03 +1.000007368e+03 +1.000007368e+03 -3.0594e+00 +3.0017e+00 +3.6389e+00 +3.5944e+00 +2.8712e+00
114211 +5.852332021e-03 +5.852332021e-03 +1.000005852e+03 +1.000005852e+03 -3.0530e+00 +3.0020e+00 +3.6395e+00 +3.5945e+00 +2.8683e+00
114252 +1.054703125e-03 +1.054703125e-03 +1.000001055e+03 +1.000001055e+03 -3.0558e+00 +3.0017e+00 +3.6389e+00 +3.5940e+00 +2.8689e+00
114352 +9.989115225e-04 +9.989115225e-04 +1.000000999e+03 +1.000000999e+03 -3.0551e+00 +3.0020e+00 +3.6390e+00 +3.5945e+00 +2.8683e+00
114476 +2.963422296e-04 +2.963422296e-04 +1.000000296e+03 +1.000000296e+03 -3.0567e+00 +3.0020e+00 +3.6390e+00 +3.5945e+00 +2.8683e+00
114784 +1.342722072e-04 +1.342722072e-04 +1.000000134e+03 +1.000000134e+03 -3.0568e+00 +3.0010e+00 +3.6393e+00 +3.5945e+00 +2.8691e+00
114801 +8.492014103e-05 +8.492014103e-05 +1.000000085e+03 +1.000000085e+03 -3.0568e+00 +3.0016e+00 +3.6390e+00 +3.5945e+00 +2.8691e+00
114927 +6.190098566e-05 +6.190098566e-05 +1.000000062e+03 +1.000000062e+03 -3.0567e+00 +3.0017e+00 +3.6390e+00 +3.5944e+00 +2.8686e+00
115001 +1.496419691e-05 +1.496419691e-05 +1.000000015e+03 +1.000000015e+03 -3.0568e+00 +3.0017e+00 +3.6392e+00 +3.5945e+00 +2.8688e+00
115210 +8.660397270e-06 +8.660397270e-06 +1.000000009e+03 +1.000000009e+03 -3.0567e+00 +3.0015e+00 +3.6393e+00 +3.5944e+00 +2.8688e+00
115227 +3.550370366e-06 +3.550370366e-06 +1.000000004e+03 +1.000000004e+03 -3.0567e+00 +3.0016e+00 +3.6392e+00 +3.5944e+00 +2.8688e+00
115276 +2.230150699e-06 +2.230150699e-06 +1.000000002e+03 +1.000000002e+03 -3.0568e+00 +3.0016e+00 +3.6392e+00 +3.5944e+00 +2.8688e+00
115360 +9.998758514e-07 +9.998758514e-07 +1.000000001e+03 +1.000000001e+03 -3.0568e+00 +3.0016e+00 +3.6392e+00 +3.5944e+00 +2.8688e+00
115526 +2.908872148e-07 +2.908872148e-07 +1.000000000e+03 +1.000000000e+03 -3.0568e+00 +3.0016e+00 +3.6392e+00 +3.5944e+00 +2.8688e+00
115631 +1.345417786e-07 +1.345417786e-07 +1.000000000e+03 +1.000000000e+03 -3.0568e+00 +3.0016e+00 +3.6392e+00 +3.5944e+00 +2.8688e+00
115850 +9.924792721e-08 +9.924792721e-08 +1.000000000e+03 +1.000000000e+03 -3.0568e+00 +3.0016e+00 +3.6392e+00 +3.5944e+00 +2.8688e+00
115851 +2.825333922e-08 +2.825333922e-08 +1.000000000e+03 +1.000000000e+03 -3.0568e+00 +3.0016e+00 +3.6392e+00 +3.5944e+00 +2.8688e+00
115977 +2.044623670e-08 +2.044623670e-08 +1.000000000e+03 +1.000000000e+03 -3.0568e+00 +3.0016e+00 +3.6392e+00 +3.5944e+00 +2.8688e+00
116002 +1.069417976e-08 +1.069417976e-08 +1.000000000e+03 +1.000000000e+03 -3.0568e+00 +3.0016e+00 +3.6392e+00 +3.5944e+00 +2.8688e+00
116118 +7.823814485e-09 +7.823814485e-09 +1.000000000e+03 +1.000000000e+03 -3.0568e+00 +3.0016e+00 +3.6392e+00 +3.5944e+00 +2.8688e+00
% function evaluation | noise-free fitness - Fopt (7.003000000000e+01) | best noise-free fitness - Fopt | measured fitness | best measured fitness | x1 | x2...
1 +4.657831089e+02 +4.657831089e+02 +5.358131089e+02 +5.358131089e+02 +3.1839e+00 -4.8468e+00 -2.3289e+00 +2.2130e+00 -1.1764e+00
2 +2.092762529e+02 +2.092762529e+02 +2.793062529e+02 +2.793062529e+02 -1.6731e+00 -3.2374e+00 +2.9268e+00 -2.8179e+00 +3.8111e-02
3 +1.163758945e+02 +1.163758945e+02 +1.864058945e+02 +1.864058945e+02 -3.9263e+00 -2.7189e+00 -4.4801e+00 -2.0350e+00 +1.1668e+00
24 +8.496670358e+01 +8.496670358e+01 +1.549967036e+02 +1.549967036e+02 -1.5680e+00 -4.5584e+00 -4.3832e+00 -1.4148e+00 -1.5290e+00
123 +4.857585064e+01 +4.857585064e+01 +1.186058506e+02 +1.186058506e+02 -1.3755e+00 -4.5944e+00 -4.1998e+00 -1.4263e+00 -8.0497e-01
151 +2.601374819e+01 +2.601374819e+01 +9.604374819e+01 +9.604374819e+01 -1.3755e+00 -3.0289e+00 -4.1998e+00 -1.4263e+00 -8.0497e-01
510 +2.027033823e+01 +2.027033823e+01 +9.030033823e+01 +9.030033823e+01 -1.4267e+00 -3.2234e+00 -4.3107e+00 -1.3982e+00 -7.9929e-01
826 +1.284273508e+01 +1.284273508e+01 +8.287273508e+01 +8.287273508e+01 -1.3907e+00 -3.2234e+00 -4.3107e+00 -8.5819e-01 -1.0960e+00
2681 +9.832133236e+00 +9.832133236e+00 +7.986213324e+01 +7.986213324e+01 -1.3110e+00 -2.6992e+00 -4.0494e+00 -1.1866e+00 -1.6977e+00
4661 +5.079045415e+00 +5.079045415e+00 +7.510904541e+01 +7.510904541e+01 -5.3228e-01 -2.5295e+00 -3.7713e+00 -2.5281e+00 -5.9732e-02
12501 +3.200766344e+00 +3.200766344e+00 +7.323076634e+01 +7.323076634e+01 -1.2526e+00 -2.0555e+00 -3.6882e+00 -1.6220e+00 -5.7623e-01
17306 +2.166158386e+00 +2.166158386e+00 +7.219615839e+01 +7.219615839e+01 -1.2685e+00 -2.0658e+00 -3.6499e+00 -1.5991e+00 -6.5953e-01
83977 +1.497694215e+00 +1.497694215e+00 +7.152769422e+01 +7.152769422e+01 -1.1974e+00 -2.4607e+00 -4.1303e+00 -1.4037e+00 -3.7657e-01
85626 +9.994301140e-01 +9.994301140e-01 +7.102943011e+01 +7.102943011e+01 -1.1762e+00 -2.4542e+00 -4.1478e+00 -1.4238e+00 -3.3969e-01
% function evaluation | noise-free fitness - Fopt (-4.822000000000e+01) | best noise-free fitness - Fopt | measured fitness | best measured fitness | x1 | x2...
1 +5.957561781e+02 +5.957561781e+02 +5.475361781e+02 +5.475361781e+02 -2.4377e+00 +3.9575e-01 +4.4655e+00 +1.8244e+00 +3.6922e+00
2 +2.422110998e+02 +2.422110998e+02 +1.939910998e+02 +1.939910998e+02 +2.1445e+00 -1.3123e+00 -4.3168e+00 +4.6040e+00 +4.3280e-01
14 +1.467151930e+02 +1.467151930e+02 +9.849519300e+01 +9.849519300e+01 +3.9969e+00 +1.9706e+00 -1.4653e+00 -7.2554e-01 -1.1815e+00
25 +9.369763285e+01 +9.369763285e+01 +4.547763285e+01 +4.547763285e+01 +4.0423e-01 -3.0118e+00 -4.6656e+00 -1.6259e+00 -1.6904e+00
126 +6.165636782e+01 +6.165636782e+01 +1.343636782e+01 +1.343636782e+01 -6.2655e-01 -7.7189e-01 -2.1505e+00 -1.6259e+00 -2.5401e+00
458 +2.818862994e+01 +2.818862994e+01 -2.003137006e+01 -2.003137006e+01 +1.1293e+00 -1.6605e+00 -3.6598e+00 -1.2522e-01 -1.8559e+00
1876 +2.481018661e+01 +2.481018661e+01 -2.340981339e+01 -2.340981339e+01 +1.6038e+00 +4.8275e-02 -3.7393e+00 -4.7302e-01 -3.2796e+00
2537 +1.083583263e+01 +1.083583263e+01 -3.738416737e+01 -3.738416737e+01 +6.0340e-02 -4.5296e-01 -3.2589e+00 -3.4305e-01 -3.2781e+00
8178 +9.207638117e+00 +9.207638117e+00 -3.901236188e+01 -3.901236188e+01 -8.5988e-01 -1.0149e+00 -3.3102e+00 -1.0551e-01 -2.1193e+00
12951 +5.216262695e+00 +5.216262695e+00 -4.300373730e+01 -4.300373730e+01 -2.4070e+00 -1.5319e+00 -3.2709e+00 +9.6180e-02 -3.3390e+00
14251 +3.955557878e+00 +3.955557878e+00 -4.426444212e+01 -4.426444212e+01 -2.3776e+00 -1.5496e+00 -3.2637e+00 +1.1892e-01 -3.3790e+00
43279 +2.338405670e+00 +2.338405670e+00 -4.588159433e+01 -4.588159433e+01 -1.2753e+00 -8.5477e-01 -3.0830e+00 +2.5748e-01 -3.0061e+00
102558 +1.012655419e+00 +1.012655419e+00 -4.720734458e+01 -4.720734458e+01 -1.8334e+00 -9.8790e-01 -2.2008e+00 +2.3497e-01 -3.6118e+00
106055 +8.099859073e-01 +8.099859073e-01 -4.741001409e+01 -4.741001409e+01 -1.8398e+00 -1.0040e+00 -2.2497e+00 +1.8477e-01 -3.5735e+00
108551 +5.756065116e-01 +5.756065116e-01 -4.764439349e+01 -4.764439349e+01 -1.8546e+00 -9.8932e-01 -2.2008e+00 +2.2298e-01 -3.6118e+00
108710 +2.006269624e-01 +2.006269624e-01 -4.801937304e+01 -4.801937304e+01 -1.8684e+00 -1.0120e+00 -2.2311e+00 +2.1574e-01 -3.5945e+00
108783 +1.104460607e-01 +1.104460607e-01 -4.810955394e+01 -4.810955394e+01 -1.8510e+00 -1.0101e+00 -2.2397e+00 +2.2141e-01 -3.5983e+00
109030 +6.297118150e-02 +6.297118150e-02 -4.815702882e+01 -4.815702882e+01 -1.8506e+00 -1.0108e+00 -2.2414e+00 +2.1945e-01 -3.5905e+00
109077 +3.644378040e-02 +3.644378040e-02 -4.818355622e+01 -4.818355622e+01 -1.8423e+00 -1.0107e+00 -2.2329e+00 +2.0828e-01 -3.5873e+00
109385 +2.401288117e-02 +2.401288117e-02 -4.819598712e+01 -4.819598712e+01 -1.8411e+00 -1.0062e+00 -2.2390e+00 +2.0939e-01 -3.5863e+00
109659 +7.429163099e-03 +7.429163099e-03 -4.821257084e+01 -4.821257084e+01 -1.8436e+00 -1.0071e+00 -2.2361e+00 +2.1078e-01 -3.5906e+00
109877 +6.092180953e-03 +6.092180953e-03 -4.821390782e+01 -4.821390782e+01 -1.8421e+00 -1.0070e+00 -2.2329e+00 +2.1064e-01 -3.5911e+00
110060 +2.363270951e-03 +2.363270951e-03 -4.821763673e+01 -4.821763673e+01 -1.8421e+00 -1.0070e+00 -2.2374e+00 +2.1312e-01 -3.5889e+00
110282 +1.561927764e-03 +1.561927764e-03 -4.821843807e+01 -4.821843807e+01 -1.8437e+00 -1.0070e+00 -2.2343e+00 +2.1288e-01 -3.5892e+00
110312 +4.629332973e-04 +4.629332973e-04 -4.821953707e+01 -4.821953707e+01 -1.8423e+00 -1.0070e+00 -2.2345e+00 +2.1312e-01 -3.5904e+00
110437 +1.618161533e-04 +1.618161533e-04 -4.821983818e+01 -4.821983818e+01 -1.8428e+00 -1.0073e+00 -2.2349e+00 +2.1249e-01 -3.5895e+00
110546 +1.511606246e-04 +1.511606246e-04 -4.821984884e+01 -4.821984884e+01 -1.8424e+00 -1.0072e+00 -2.2349e+00 +2.1260e-01 -3.5899e+00
110604 +7.808901361e-05 +7.808901361e-05 -4.821992191e+01 -4.821992191e+01 -1.8422e+00 -1.0071e+00 -2.2353e+00 +2.1302e-01 -3.5894e+00
110618 +5.137368368e-05 +5.137368368e-05 -4.821994863e+01 -4.821994863e+01 -1.8423e+00 -1.0072e+00 -2.2350e+00 +2.1276e-01 -3.5897e+00
110693 +2.177514054e-05 +2.177514054e-05 -4.821997822e+01 -4.821997822e+01 -1.8424e+00 -1.0071e+00 -2.2352e+00 +2.1288e-01 -3.5896e+00
110927 +1.505093149e-05 +1.505093149e-05 -4.821998495e+01 -4.821998495e+01 -1.8423e+00 -1.0071e+00 -2.2352e+00 +2.1290e-01 -3.5896e+00
111078 +7.827669073e-06 +7.827669073e-06 -4.821999217e+01 -4.821999217e+01 -1.8424e+00 -1.0072e+00 -2.2351e+00 +2.1281e-01 -3.5897e+00
111151 +5.848458365e-06 +5.848458365e-06 -4.821999415e+01 -4.821999415e+01 -1.8423e+00 -1.0072e+00 -2.2353e+00 +2.1281e-01 -3.5895e+00
111186 +2.177868673e-06 +2.177868673e-06 -4.821999782e+01 -4.821999782e+01 -1.8423e+00 -1.0072e+00 -2.2352e+00 +2.1275e-01 -3.5896e+00
111451 +1.081335654e-06 +1.081335654e-06 -4.821999892e+01 -4.821999892e+01 -1.8424e+00 -1.0072e+00 -2.2352e+00 +2.1277e-01 -3.5896e+00
111582 +9.985682112e-07 +9.985682112e-07 -4.821999900e+01 -4.821999900e+01 -1.8424e+00 -1.0072e+00 -2.2352e+00 +2.1281e-01 -3.5896e+00
111751 +4.991643721e-07 +4.991643721e-07 -4.821999950e+01 -4.821999950e+01 -1.8424e+00 -1.0072e+00 -2.2352e+00 +2.1282e-01 -3.5896e+00
111758 +3.712660259e-07 +3.712660259e-07 -4.821999963e+01 -4.821999963e+01 -1.8424e+00 -1.0072e+00 -2.2352e+00 +2.1282e-01 -3.5896e+00
111826 +1.181652820e-07 +1.181652820e-07 -4.821999988e+01 -4.821999988e+01 -1.8424e+00 -1.0072e+00 -2.2352e+00 +2.1280e-01 -3.5896e+00
111951 +9.042503279e-08 +9.042503279e-08 -4.821999991e+01 -4.821999991e+01 -1.8424e+00 -1.0072e+00 -2.2352e+00 +2.1280e-01 -3.5896e+00
112181 +2.603488269e-08 +2.603488269e-08 -4.821999997e+01 -4.821999997e+01 -1.8424e+00 -1.0072e+00 -2.2352e+00 +2.1280e-01 -3.5896e+00
112358 +1.140791284e-08 +1.140791284e-08 -4.821999999e+01 -4.821999999e+01 -1.8424e+00 -1.0072e+00 -2.2352e+00 +2.1280e-01 -3.5896e+00
112415 +3.284618799e-09 +3.284618799e-09 -4.822000000e+01 -4.822000000e+01 -1.8424e+00 -1.0072e+00 -2.2352e+00 +2.1280e-01 -3.5896e+00
% function evaluation | noise-free fitness - Fopt (2.547000000000e+01) | best noise-free fitness - Fopt | measured fitness | best measured fitness | x1 | x2...
1 +1.017047493e+02 +1.017047493e+02 +1.271747493e+02 +1.271747493e+02 -4.5258e+00 -3.0043e+00 -2.7966e+00 -2.8377e+00 -3.8921e+00
26 +8.613551197e+01 +8.613551197e+01 +1.116055120e+02 +1.116055120e+02 -4.5258e+00 -1.9546e+00 +2.2137e-01 -2.8377e+00 -9.5622e-01
63 +3.036837232e+01 +3.036837232e+01 +5.583837232e+01 +5.583837232e+01 -4.4750e+00 -2.1297e+00 -2.3958e+00 -2.4716e+00 -2.0602e+00
158 +2.092022298e+01 +2.092022298e+01 +4.639022298e+01 +4.639022298e+01 -4.3553e+00 -3.0769e+00 -2.7942e-01 -1.4807e+00 -3.8392e-01
1029 +1.438919818e+01 +1.438919818e+01 +3.985919818e+01 +3.985919818e+01 -4.2765e+00 -1.2193e+00 -4.7443e-01 -2.4666e+00 -8.3409e-01
1427 +8.291532089e+00 +8.291532089e+00 +3.376153209e+01 +3.376153209e+01 -4.1566e+00 -1.2775e+00 -1.1041e+00 -2.1520e+00 -5.1365e-01
8344 +6.256874946e+00 +6.256874946e+00 +3.172687495e+01 +3.172687495e+01 -4.5005e+00 -1.2427e+00 -1.3695e+00 -2.5318e+00 -7.1046e-01
23876 +3.604626010e+00 +3.604626010e+00 +2.907462601e+01 +2.907462601e+01 -4.6404e+00 -1.8753e+00 -1.1173e+00 -2.5491e+00 -2.2922e+00
34156 +2.224929768e+00 +2.224929768e+00 +2.769492977e+01 +2.769492977e+01 -4.6741e+00 -2.2074e+00 -1.2366e+00 -2.0977e+00 -1.4850e+00
56352 +1.130888796e+00 +1.130888796e+00 +2.660088880e+01 +2.660088880e+01 -3.7719e+00 -1.8757e+00 -1.1900e+00 -2.2808e+00 -1.6713e+00
56576 +7.487754265e-01 +7.487754265e-01 +2.621877543e+01 +2.621877543e+01 -3.7719e+00 -1.8851e+00 -1.1900e+00 -2.2808e+00 -1.6713e+00
56876 +5.764054577e-01 +5.764054577e-01 +2.604640546e+01 +2.604640546e+01 -3.7401e+00 -1.9121e+00 -1.1750e+00 -2.2808e+00 -1.6713e+00
57278 +1.817835382e-01 +1.817835382e-01 +2.565178354e+01 +2.565178354e+01 -3.7967e+00 -1.9249e+00 -1.1640e+00 -2.2835e+00 -1.6705e+00
57636 +9.071022208e-02 +9.071022208e-02 +2.556071022e+01 +2.556071022e+01 -3.7903e+00 -1.9176e+00 -1.1524e+00 -2.2836e+00 -1.6542e+00
57813 +4.118321659e-02 +4.118321659e-02 +2.551118322e+01 +2.551118322e+01 -3.7806e+00 -1.9049e+00 -1.1704e+00 -2.2857e+00 -1.6571e+00
57901 +3.856905731e-02 +3.856905731e-02 +2.550856906e+01 +2.550856906e+01 -3.7806e+00 -1.9060e+00 -1.1704e+00 -2.2858e+00 -1.6571e+00
58040 +1.788973467e-02 +1.788973467e-02 +2.548788973e+01 +2.548788973e+01 -3.7850e+00 -1.9138e+00 -1.1646e+00 -2.2845e+00 -1.6668e+00
58277 +1.108895104e-02 +1.108895104e-02 +2.548108895e+01 +2.548108895e+01 -3.7829e+00 -1.9087e+00 -1.1646e+00 -2.2874e+00 -1.6594e+00
58303 +8.778398676e-03 +8.778398676e-03 +2.547877840e+01 +2.547877840e+01 -3.7805e+00 -1.9098e+00 -1.1645e+00 -2.2852e+00 -1.6593e+00
58454 +4.854614884e-03 +4.854614884e-03 +2.547485461e+01 +2.547485461e+01 -3.7842e+00 -1.9139e+00 -1.1627e+00 -2.2859e+00 -1.6622e+00
58581 +1.992702146e-03 +1.992702146e-03 +2.547199270e+01 +2.547199270e+01 -3.7852e+00 -1.9116e+00 -1.1627e+00 -2.2862e+00 -1.6591e+00
58826 +1.516632659e-03 +1.516632659e-03 +2.547151663e+01 +2.547151663e+01 -3.7852e+00 -1.9120e+00 -1.1631e+00 -2.2869e+00 -1.6602e+00
58901 +7.650628165e-04 +7.650628165e-04 +2.547076506e+01 +2.547076506e+01 -3.7858e+00 -1.9123e+00 -1.1642e+00 -2.2870e+00 -1.6599e+00
59003 +4.964515707e-04 +4.964515707e-04 +2.547049645e+01 +2.547049645e+01 -3.7843e+00 -1.9115e+00 -1.1642e+00 -2.2859e+00 -1.6598e+00
59007 +1.659196167e-04 +1.659196167e-04 +2.547016592e+01 +2.547016592e+01 -3.7843e+00 -1.9119e+00 -1.1644e+00 -2.2863e+00 -1.6602e+00
59027 +1.129092934e-04 +1.129092934e-04 +2.547011291e+01 +2.547011291e+01 -3.7843e+00 -1.9119e+00 -1.1642e+00 -2.2865e+00 -1.6597e+00
59180 +5.549716040e-05 +5.549716040e-05 +2.547005550e+01 +2.547005550e+01 -3.7845e+00 -1.9119e+00 -1.1642e+00 -2.2863e+00 -1.6602e+00
59292 +2.643887316e-05 +2.643887316e-05 +2.547002644e+01 +2.547002644e+01 -3.7849e+00 -1.9120e+00 -1.1639e+00 -2.2864e+00 -1.6599e+00
59301 +1.169993164e-05 +1.169993164e-05 +2.547001170e+01 +2.547001170e+01 -3.7849e+00 -1.9120e+00 -1.1641e+00 -2.2864e+00 -1.6599e+00
59351 +9.739021330e-06 +9.739021330e-06 +2.547000974e+01 +2.547000974e+01 -3.7849e+00 -1.9120e+00 -1.1641e+00 -2.2864e+00 -1.6599e+00
59445 +5.046121423e-06 +5.046121423e-06 +2.547000505e+01 +2.547000505e+01 -3.7848e+00 -1.9120e+00 -1.1639e+00 -2.2863e+00 -1.6600e+00
59586 +3.550232485e-06 +3.550232485e-06 +2.547000355e+01 +2.547000355e+01 -3.7848e+00 -1.9120e+00 -1.1640e+00 -2.2864e+00 -1.6600e+00
59636 +1.737398833e-06 +1.737398833e-06 +2.547000174e+01 +2.547000174e+01 -3.7848e+00 -1.9120e+00 -1.1640e+00 -2.2864e+00 -1.6600e+00
59704 +9.611723968e-07 +9.611723968e-07 +2.547000096e+01 +2.547000096e+01 -3.7848e+00 -1.9120e+00 -1.1640e+00 -2.2864e+00 -1.6600e+00
59733 +5.695158869e-07 +5.695158869e-07 +2.547000057e+01 +2.547000057e+01 -3.7848e+00 -1.9120e+00 -1.1640e+00 -2.2864e+00 -1.6600e+00
59829 +3.195057339e-07 +3.195057339e-07 +2.547000032e+01 +2.547000032e+01 -3.7848e+00 -1.9120e+00 -1.1640e+00 -2.2864e+00 -1.6600e+00
59862 +1.565502252e-07 +1.565502252e-07 +2.547000016e+01 +2.547000016e+01 -3.7848e+00 -1.9120e+00 -1.1640e+00 -2.2864e+00 -1.6600e+00
59958 +9.249328414e-08 +9.249328414e-08 +2.547000009e+01 +2.547000009e+01 -3.7848e+00 -1.9120e+00 -1.1640e+00 -2.2864e+00 -1.6600e+00
60059 +5.218913302e-08 +5.218913302e-08 +2.547000005e+01 +2.547000005e+01 -3.7848e+00 -1.9120e+00 -1.1640e+00 -2.2864e+00 -1.6600e+00
60128 +3.296059958e-08 +3.296059958e-08 +2.547000003e+01 +2.547000003e+01 -3.7848e+00 -1.9120e+00 -1.1640e+00 -2.2864e+00 -1.6600e+00
60152 +4.668670783e-09 +4.668670783e-09 +2.547000000e+01 +2.547000000e+01 -3.7848e+00 -1.9120e+00 -1.1640e+00 -2.2864e+00 -1.6600e+00
% function evaluation | noise-free fitness - Fopt (-1.008100000000e+02) | best noise-free fitness - Fopt | measured fitness | best measured fitness | x1 | x2...
1 +1.435652285e+02 +1.435652285e+02 +4.275522849e+01 +4.275522849e+01 +2.1887e+00 +4.7929e+00 -7.0400e-01 -5.7749e-01 +1.7640e+00
6 +6.619075394e+01 +6.619075394e+01 -3.461924606e+01 -3.461924606e+01 +4.6168e+00 +2.2144e+00 +1.4934e+00 +1.8479e+00 +2.3794e+00
89 +5.292210518e+01 +5.292210518e+01 -4.788789482e+01 -4.788789482e+01 +1.9724e+00 +6.8063e-01 +1.3842e+00 -1.0344e+00 +3.7700e+00
251 +2.385716590e+01 +2.385716590e+01 -7.695283410e+01 -7.695283410e+01 +1.3365e+00 -1.3692e-01 +6.9307e-01 +1.8888e+00 +8.4246e-01
1306 +1.523323181e+01 +1.523323181e+01 -8.557676819e+01 -8.557676819e+01 +7.5989e-01 -2.5465e-01 +8.1817e-01 +7.1388e-01 +1.0522e+00
3276 +5.620298563e+00 +5.620298563e+00 -9.518970144e+01 -9.518970144e+01 +1.4451e+00 -8.7786e-02 +6.7680e-01 +8.8535e-01 +2.9395e+00
7897 +3.976510586e+00 +3.976510586e+00 -9.683348941e+01 -9.683348941e+01 +1.4380e+00 +3.1062e-01 +1.1744e+00 +7.6284e-01 +2.0113e+00
12882 +2.245841599e+00 +2.245841599e+00 -9.856415840e+01 -9.856415840e+01 +1.4537e+00 +3.1489e-01 +1.2029e+00 +7.6142e-01 +2.0071e+00
56952 +1.582857532e+00 +1.582857532e+00 -9.922714247e+01 -9.922714247e+01 +7.8469e-01 +1.3391e-01 +1.2739e+00 +6.0026e-01 +2.3341e+00
59406 +9.996032857e-01 +9.996032857e-01 -9.981039671e+01 -9.981039671e+01 +8.0650e-01 +1.3959e-01 +1.2518e+00 +6.3482e-01 +2.3244e+00
% function evaluation | noise-free fitness - Fopt (1.194000000000e+02) | best noise-free fitness - Fopt | measured fitness | best measured fitness | x1 | x2...
1 +3.143869910e+02 +3.143869910e+02 +4.337869910e+02 +4.337869910e+02 +2.9314e+00 -3.7300e+00 +4.5073e+00 +2.9861e+00 -3.6739e+00
12 +1.557636818e+02 +1.557636818e+02 +2.751636818e+02 +2.751636818e+02 -2.7582e+00 -1.8379e+00 +2.4008e+00 -3.5777e-01 -1.6437e+00
16 +9.010373374e+01 +9.010373374e+01 +2.095037337e+02 +2.095037337e+02 -3.3354e+00 -4.4297e-01 +1.2607e+00 -2.9014e+00 +9.4645e-01
154 +6.046879661e+01 +6.046879661e+01 +1.798687966e+02 +1.798687966e+02 +2.0935e+00 +1.2443e+00 +2.4008e+00 -3.5777e-01 -3.5986e+00
428 +3.285976946e+01 +3.285976946e+01 +1.522597695e+02 +1.522597695e+02 -1.1485e+00 +2.0039e-01 +3.0232e+00 -3.5566e+00 -5.4616e-01
583 +2.455313190e+01 +2.455313190e+01 +1.439531319e+02 +1.439531319e+02 -7.8831e-01 +1.8160e+00 +3.0353e+00 -2.9302e+00 -1.2940e+00
2004 +1.039530738e+01 +1.039530738e+01 +1.297953074e+02 +1.297953074e+02 -9.9791e-01 +3.3561e-01 +3.8206e+00 -1.6134e+00 -2.6601e+00
2276 +6.174003005e+00 +6.174003005e+00 +1.255740030e+02 +1.255740030e+02 -9.9791e-01 +3.3561e-01 +3.8206e+00 -1.6759e+00 -2.4965e+00
5026 +3.801289795e+00 +3.801289795e+00 +1.232012898e+02 +1.232012898e+02 -1.1775e+00 +3.3561e-01 +3.8206e+00 -2.1636e+00 -2.4965e+00
9151 +2.432567739e+00 +2.432567739e+00 +1.218325677e+02 +1.218325677e+02 -1.1775e+00 +3.3483e-01 +3.8206e+00 -2.1636e+00 -2.4305e+00
11601 +1.524396084e+00 +1.524396084e+00 +1.209243961e+02 +1.209243961e+02 -1.4847e+00 +3.2744e-01 +3.3973e+00 -2.4934e+00 -1.8885e+00
13131 +9.638300305e-01 +9.638300305e-01 +1.203638300e+02 +1.203638300e+02 -1.4833e+00 +3.1219e-01 +3.4622e+00 -2.4717e+00 -1.9334e+00
13576 +5.220101062e-01 +5.220101062e-01 +1.199220101e+02 +1.199220101e+02 -1.4889e+00 +3.4781e-01 +3.4313e+00 -2.4911e+00 -1.9374e+00
13676 +3.911505060e-01 +3.911505060e-01 +1.197911505e+02 +1.197911505e+02 -1.4890e+00 +3.4052e-01 +3.4300e+00 -2.4809e+00 -1.9336e+00
14009 +2.246937012e-01 +2.246937012e-01 +1.196246937e+02 +1.196246937e+02 -1.4827e+00 +3.4702e-01 +3.4415e+00 -2.4915e+00 -1.9222e+00
14031 +1.067115920e-01 +1.067115920e-01 +1.195067116e+02 +1.195067116e+02 -1.4786e+00 +3.3334e-01 +3.4295e+00 -2.4992e+00 -1.9194e+00
14057 +3.534190155e-02 +3.534190155e-02 +1.194353419e+02 +1.194353419e+02 -1.4729e+00 +3.3531e-01 +3.4330e+00 -2.4926e+00 -1.9220e+00
14503 +2.105411149e-02 +2.105411149e-02 +1.194210541e+02 +1.194210541e+02 -1.4729e+00 +3.3748e-01 +3.4361e+00 -2.4926e+00 -1.9220e+00
14587 +1.174172452e-02 +1.174172452e-02 +1.194117417e+02 +1.194117417e+02 -1.4628e+00 +3.4123e-01 +3.4391e+00 -2.4877e+00 -1.9200e+00
14727 +3.855298306e-03 +3.855298306e-03 +1.194038553e+02 +1.194038553e+02 -1.4625e+00 +3.4147e-01 +3.4376e+00 -2.4901e+00 -1.9220e+00
14751 +2.487079704e-03 +2.487079704e-03 +1.194024871e+02 +1.194024871e+02 -1.4627e+00 +3.4147e-01 +3.4384e+00 -2.4882e+00 -1.9220e+00
15129 +1.070931499e-03 +1.070931499e-03 +1.194010709e+02 +1.194010709e+02 -1.4667e+00 +3.4026e-01 +3.4372e+00 -2.4898e+00 -1.9214e+00
15303 +5.705975544e-04 +5.705975544e-04 +1.194005706e+02 +1.194005706e+02 -1.4657e+00 +3.4096e-01 +3.4364e+00 -2.4893e+00 -1.9217e+00
15366 +1.945496075e-04 +1.945496075e-04 +1.194001945e+02 +1.194001945e+02 -1.4647e+00 +3.4058e-01 +3.4372e+00 -2.4896e+00 -1.9212e+00
15573 +1.296768468e-04 +1.296768468e-04 +1.194001297e+02 +1.194001297e+02 -1.4645e+00 +3.4092e-01 +3.4370e+00 -2.4898e+00 -1.9215e+00
15576 +8.037809518e-05 +8.037809518e-05 +1.194000804e+02 +1.194000804e+02 -1.4648e+00 +3.4101e-01 +3.4367e+00 -2.4898e+00 -1.9215e+00
15676 +3.155343725e-05 +3.155343725e-05 +1.194000316e+02 +1.194000316e+02 -1.4650e+00 +3.4080e-01 +3.4367e+00 -2.4897e+00 -1.9214e+00
15751 +2.023831078e-05 +2.023831078e-05 +1.194000202e+02 +1.194000202e+02 -1.4650e+00 +3.4068e-01 +3.4367e+00 -2.4897e+00 -1.9216e+00
15881 +1.427092640e-05 +1.427092640e-05 +1.194000143e+02 +1.194000143e+02 -1.4649e+00 +3.4072e-01 +3.4367e+00 -2.4897e+00 -1.9215e+00
15972 +3.640067817e-06 +3.640067817e-06 +1.194000036e+02 +1.194000036e+02 -1.4649e+00 +3.4081e-01 +3.4368e+00 -2.4896e+00 -1.9216e+00
16102 +1.834704335e-06 +1.834704335e-06 +1.194000018e+02 +1.194000018e+02 -1.4648e+00 +3.4081e-01 +3.4368e+00 -2.4896e+00 -1.9216e+00
16152 +1.469958363e-06 +1.469958363e-06 +1.194000015e+02 +1.194000015e+02 -1.4648e+00 +3.4082e-01 +3.4368e+00 -2.4896e+00 -1.9216e+00
16171 +7.480335853e-07 +7.480335853e-07 +1.194000007e+02 +1.194000007e+02 -1.4648e+00 +3.4080e-01 +3.4368e+00 -2.4896e+00 -1.9216e+00
16220 +4.548929837e-07 +4.548929837e-07 +1.194000005e+02 +1.194000005e+02 -1.4648e+00 +3.4078e-01 +3.4368e+00 -2.4896e+00 -1.9216e+00
16404 +3.725008355e-07 +3.725008355e-07 +1.194000004e+02 +1.194000004e+02 -1.4648e+00 +3.4080e-01 +3.4368e+00 -2.4896e+00 -1.9216e+00
16418 +2.236371017e-07 +2.236371017e-07 +1.194000002e+02 +1.194000002e+02 -1.4648e+00 +3.4081e-01 +3.4368e+00 -2.4896e+00 -1.9216e+00
16507 +4.987414570e-08 +4.987414570e-08 +1.194000000e+02 +1.194000000e+02 -1.4648e+00 +3.4081e-01 +3.4368e+00 -2.4896e+00 -1.9216e+00
16607 +3.451009434e-08 +3.451009434e-08 +1.194000000e+02 +1.194000000e+02 -1.4648e+00 +3.4080e-01 +3.4368e+00 -2.4896e+00 -1.9216e+00
16706 +2.805933264e-09 +2.805933264e-09 +1.194000000e+02 +1.194000000e+02 -1.4648e+00 +3.4080e-01 +3.4368e+00 -2.4896e+00 -1.9216e+00
% function evaluation | noise-free fitness - Fopt (1.352200000000e+02) | best noise-free fitness - Fopt | measured fitness | best measured fitness | x1 | x2...
1 +1.280169832e+02 +1.280169832e+02 +2.632369832e+02 +2.632369832e+02 +1.4076e+00 +4.3460e+00 +8.7068e-01 +1.7845e-01 +1.8407e-01
39 +6.691244901e+01 +6.691244901e+01 +2.021324490e+02 +2.021324490e+02 +5.3314e-01 +2.4946e+00 -1.0793e+00 -3.9097e+00 +2.2359e-01
177 +5.596372818e+01 +5.596372818e+01 +1.911837282e+02 +1.911837282e+02 -1.0066e+00 +1.5574e+00 -2.0571e+00 -4.2130e+00 +1.9597e+00
328 +3.349835209e+01 +3.349835209e+01 +1.687183521e+02 +1.687183521e+02 -1.3833e+00 +2.7003e+00 -1.4997e+00 -4.3350e+00 +4.3560e+00
429 +2.253788414e+01 +2.253788414e+01 +1.577578841e+02 +1.577578841e+02 +7.7116e-01 +3.5412e+00 -9.6153e-01 -3.6677e+00 +1.6443e+00
3251 +1.270136018e+01 +1.270136018e+01 +1.479213602e+02 +1.479213602e+02 -4.1421e-01 +3.7048e+00 -1.9819e+00 -4.4220e+00 +2.1637e+00
7352 +8.406807197e+00 +8.406807197e+00 +1.436268072e+02 +1.436268072e+02 -4.1421e-01 +3.6800e+00 -1.9338e+00 -4.4162e+00 +2.1162e+00
12106 +5.301912942e+00 +5.301912942e+00 +1.405219129e+02 +1.405219129e+02 -3.9339e-01 +4.1981e+00 -1.0623e+00 -3.8636e+00 +3.2885e+00
14072 +3.674189820e+00 +3.674189820e+00 +1.388941898e+02 +1.388941898e+02 -7.9951e-01 +3.7932e+00 -1.6764e+00 -4.4297e+00 +2.8564e+00
43451 +2.481976639e+00 +2.481976639e+00 +1.377019766e+02 +1.377019766e+02 -8.7256e-01 +3.3178e+00 -2.2993e+00 -4.3106e+00 +3.9713e+00
48676 +1.421361581e+00 +1.421361581e+00 +1.366413616e+02 +1.366413616e+02 -1.0140e+00 +3.3861e+00 -2.2468e+00 -3.9603e+00 +3.6586e+00
53554 +9.981212140e-01 +9.981212140e-01 +1.362181212e+02 +1.362181212e+02 -1.0024e+00 +3.3913e+00 -2.2212e+00 -3.9750e+00 +3.6549e+00
162254 +5.363196105e-01 +5.363196105e-01 +1.357563196e+02 +1.357563196e+02 -8.1573e-01 +3.8572e+00 -1.9040e+00 -3.9859e+00 +3.9286e+00
162477 +1.247725649e-01 +1.247725649e-01 +1.353447726e+02 +1.353447726e+02 -8.0349e-01 +3.8429e+00 -1.9060e+00 -3.9876e+00 +3.9070e+00
162784 +7.356992386e-02 +7.356992386e-02 +1.352935699e+02 +1.352935699e+02 -8.1525e-01 +3.8358e+00 -1.9216e+00 -3.9883e+00 +3.9073e+00
163251 +4.945515797e-02 +4.945515797e-02 +1.352694552e+02 +1.352694552e+02 -8.1092e-01 +3.8364e+00 -1.9176e+00 -3.9841e+00 +3.9033e+00
163405 +2.502737066e-02 +2.502737066e-02 +1.352450274e+02 +1.352450274e+02 -8.0935e-01 +3.8406e+00 -1.9143e+00 -3.9811e+00 +3.9015e+00
163426 +1.100556097e-02 +1.100556097e-02 +1.352310056e+02 +1.352310056e+02 -8.0935e-01 +3.8406e+00 -1.9143e+00 -3.9860e+00 +3.9015e+00
163606 +6.997449358e-03 +6.997449358e-03 +1.352269974e+02 +1.352269974e+02 -8.0774e-01 +3.8454e+00 -1.9149e+00 -3.9851e+00 +3.9024e+00
163734 +5.106724785e-03 +5.106724785e-03 +1.352251067e+02 +1.352251067e+02 -8.1038e-01 +3.8423e+00 -1.9155e+00 -3.9856e+00 +3.9032e+00
163907 +3.510769786e-03 +3.510769786e-03 +1.352235108e+02 +1.352235108e+02 -8.0830e-01 +3.8436e+00 -1.9165e+00 -3.9858e+00 +3.9000e+00
163964 +1.433388165e-03 +1.433388165e-03 +1.352214334e+02 +1.352214334e+02 -8.1072e-01 +3.8427e+00 -1.9162e+00 -3.9853e+00 +3.9026e+00
164023 +7.522038490e-04 +7.522038490e-04 +1.352207522e+02 +1.352207522e+02 -8.1094e-01 +3.8430e+00 -1.9170e+00 -3.9865e+00 +3.9022e+00
164052 +2.844945912e-04 +2.844945912e-04 +1.352202845e+02 +1.352202845e+02 -8.1104e-01 +3.8428e+00 -1.9171e+00 -3.9862e+00 +3.9008e+00
164230 +8.451054813e-05 +8.451054813e-05 +1.352200845e+02 +1.352200845e+02 -8.1081e-01 +3.8430e+00 -1.9170e+00 -3.9865e+00 +3.9011e+00
164466 +5.493987118e-05 +5.493987118e-05 +1.352200549e+02 +1.352200549e+02 -8.1033e-01 +3.8434e+00 -1.9167e+00 -3.9865e+00 +3.9008e+00
164526 +2.302746188e-05 +2.302746188e-05 +1.352200230e+02 +1.352200230e+02 -8.1033e-01 +3.8432e+00 -1.9168e+00 -3.9865e+00 +3.9008e+00
164641 +4.536288174e-06 +4.536288174e-06 +1.352200045e+02 +1.352200045e+02 -8.1039e-01 +3.8432e+00 -1.9168e+00 -3.9865e+00 +3.9008e+00
164880 +3.190832757e-06 +3.190832757e-06 +1.352200032e+02 +1.352200032e+02 -8.1041e-01 +3.8432e+00 -1.9168e+00 -3.9864e+00 +3.9008e+00
165046 +2.242193318e-06 +2.242193318e-06 +1.352200022e+02 +1.352200022e+02 -8.1033e-01 +3.8432e+00 -1.9168e+00 -3.9864e+00 +3.9008e+00
165272 +1.451903188e-06 +1.451903188e-06 +1.352200015e+02 +1.352200015e+02 -8.1038e-01 +3.8432e+00 -1.9168e+00 -3.9864e+00 +3.9008e+00
165278 +8.304774042e-07 +8.304774042e-07 +1.352200008e+02 +1.352200008e+02 -8.1038e-01 +3.8432e+00 -1.9168e+00 -3.9864e+00 +3.9008e+00
165355 +3.703674452e-07 +3.703674452e-07 +1.352200004e+02 +1.352200004e+02 -8.1039e-01 +3.8432e+00 -1.9168e+00 -3.9864e+00 +3.9008e+00
165504 +1.987617964e-07 +1.987617964e-07 +1.352200002e+02 +1.352200002e+02 -8.1042e-01 +3.8432e+00 -1.9168e+00 -3.9864e+00 +3.9008e+00
165579 +8.271584306e-08 +8.271584306e-08 +1.352200001e+02 +1.352200001e+02 -8.1041e-01 +3.8432e+00 -1.9168e+00 -3.9864e+00 +3.9008e+00
165652 +6.250419915e-08 +6.250419915e-08 +1.352200001e+02 +1.352200001e+02 -8.1040e-01 +3.8432e+00 -1.9168e+00 -3.9864e+00 +3.9008e+00
165701 +2.506629926e-08 +2.506629926e-08 +1.352200000e+02 +1.352200000e+02 -8.1040e-01 +3.8432e+00 -1.9168e+00 -3.9864e+00 +3.9008e+00
165851 +8.692268239e-09 +8.692268239e-09 +1.352200000e+02 +1.352200000e+02 -8.1040e-01 +3.8432e+00 -1.9168e+00 -3.9864e+00 +3.9008e+00
% function evaluation | noise-free fitness - Fopt (5.040000000000e+00) | best noise-free fitness - Fopt | measured fitness | best measured fitness | x1 | x2...
1 +2.097073744e+03 +2.097073744e+03 +2.102113744e+03 +2.102113744e+03 -6.6836e-02 -2.5187e+00 -4.5789e+00 +7.7518e-01 -3.0336e+00
2 +1.031699227e+03 +1.031699227e+03 +1.036739227e+03 +1.036739227e+03 +1.0183e+00 -4.6288e+00 +3.7685e+00 -4.8883e+00 -1.2986e-01
3 +4.265023201e+02 +4.265023201e+02 +4.315423201e+02 +4.315423201e+02 -6.7488e-02 +1.2640e+00 -5.5146e-02 -4.9439e+00 +1.0570e+00
5 +2.799615329e+02 +2.799615329e+02 +2.850015329e+02 +2.850015329e+02 -3.6234e-01 +2.7517e+00 +3.1583e+00 +3.9856e+00 -2.7642e+00
7 +1.288601196e+02 +1.288601196e+02 +1.339001196e+02 +1.339001196e+02 -2.4922e+00 +1.1844e+00 +1.4474e+00 +3.3742e+00 +1.2204e+00
51 +8.955372026e+01 +8.955372026e+01 +9.459372026e+01 +9.459372026e+01 -1.0416e+00 +4.4545e+00 +3.4484e+00 +4.7736e-01 +1.3232e+00
134 +5.037439268e+01 +5.037439268e+01 +5.541439268e+01 +5.541439268e+01 -2.7912e+00 +4.4967e+00 +3.0332e+00 -4.2027e+00 +7.9957e-01
457 +3.655623179e+01 +3.655623179e+01 +4.159623179e+01 +4.159623179e+01 -3.3285e+00 +1.1329e+00 +5.2041e+00 -6.0738e-01 +1.7662e+00
1168 +1.937430293e+01 +1.937430293e+01 +2.441430293e+01 +2.441430293e+01 -2.3265e+00 +2.0782e+00 +4.2009e+00 -3.8689e-01 +1.5701e+00
1210 +1.271120336e+01 +1.271120336e+01 +1.775120336e+01 +1.775120336e+01 -2.8431e+00 +1.9992e+00 +4.3675e+00 -3.5015e+00 -1.7523e-01
1729 +8.053253769e+00 +8.053253769e+00 +1.309325377e+01 +1.309325377e+01 -3.6717e+00 +2.6336e+00 +4.3033e+00 -1.9230e+00 +1.1312e+00
8777 +5.757065341e+00 +5.757065341e+00 +1.079706534e+01 +1.079706534e+01 -3.8221e+00 +2.0542e+00 +4.0573e+00 -1.6021e+00 +1.4560e+00
10677 +2.980802807e+00 +2.980802807e+00 +8.020802807e+00 +8.020802807e+00 -3.7945e+00 +2.0843e+00 +4.0715e+00 -1.6316e+00 +1.4308e+00
12177 +2.260599857e+00 +2.260599857e+00 +7.300599857e+00 +7.300599857e+00 -3.7791e+00 +2.1230e+00 +4.0887e+00 -1.6483e+00 +1.4308e+00
26001 +1.458266457e+00 +1.458266457e+00 +6.498266457e+00 +6.498266457e+00 -3.4902e+00 +2.2194e+00 +3.8679e+00 -1.8035e+00 +1.2604e+00
29437 +9.998011973e-01 +9.998011973e-01 +6.039801197e+00 +6.039801197e+00 -3.4728e+00 +2.2189e+00 +3.8591e+00 -1.7746e+00 +1.2736e+00
57202 +4.933227190e-01 +4.933227190e-01 +5.533322719e+00 +5.533322719e+00 -3.2581e+00 +2.0590e+00 +3.9295e+00 -1.0899e+00 +1.1703e+00
57337 +3.957965490e-01 +3.957965490e-01 +5.435796549e+00 +5.435796549e+00 -3.2790e+00 +2.0667e+00 +3.9278e+00 -1.1271e+00 +1.1901e+00
57802 +2.288062738e-01 +2.288062738e-01 +5.268806274e+00 +5.268806274e+00 -3.2681e+00 +2.0463e+00 +3.9322e+00 -1.1110e+00 +1.1936e+00
57928 +7.401237550e-02 +7.401237550e-02 +5.114012376e+00 +5.114012376e+00 -3.2663e+00 +2.0646e+00 +3.9278e+00 -1.0999e+00 +1.1943e+00
58110 +6.130711030e-02 +6.130711030e-02 +5.101307110e+00 +5.101307110e+00 -3.2590e+00 +2.0612e+00 +3.9233e+00 -1.1054e+00 +1.1883e+00
58404 +3.029624297e-02 +3.029624297e-02 +5.070296243e+00 +5.070296243e+00 -3.2653e+00 +2.0634e+00 +3.9186e+00 -1.1042e+00 +1.1875e+00
58406 +2.281620137e-02 +2.281620137e-02 +5.062816201e+00 +5.062816201e+00 -3.2620e+00 +2.0687e+00 +3.9220e+00 -1.1002e+00 +1.1919e+00
58427 +9.682304555e-03 +9.682304555e-03 +5.049682305e+00 +5.049682305e+00 -3.2653e+00 +2.0634e+00 +3.9218e+00 -1.0977e+00 +1.1946e+00
58737 +5.128679012e-03 +5.128679012e-03 +5.045128679e+00 +5.045128679e+00 -3.2628e+00 +2.0630e+00 +3.9212e+00 -1.0986e+00 +1.1923e+00
58782 +3.926006384e-03 +3.926006384e-03 +5.043926006e+00 +5.043926006e+00 -3.2641e+00 +2.0651e+00 +3.9186e+00 -1.1009e+00 +1.1921e+00
58906 +1.668578271e-03 +1.668578271e-03 +5.041668578e+00 +5.041668578e+00 -3.2635e+00 +2.0642e+00 +3.9183e+00 -1.0994e+00 +1.1936e+00
59044 +9.827842609e-04 +9.827842609e-04 +5.040982784e+00 +5.040982784e+00 -3.2631e+00 +2.0635e+00 +3.9196e+00 -1.0983e+00 +1.1929e+00
59126 +5.668386734e-04 +5.668386734e-04 +5.040566839e+00 +5.040566839e+00 -3.2635e+00 +2.0635e+00 +3.9196e+00 -1.0983e+00 +1.1934e+00
59333 +3.337048709e-04 +3.337048709e-04 +5.040333705e+00 +5.040333705e+00 -3.2641e+00 +2.0631e+00 +3.9190e+00 -1.0987e+00 +1.1941e+00
59431 +1.048507280e-04 +1.048507280e-04 +5.040104851e+00 +5.040104851e+00 -3.2641e+00 +2.0631e+00 +3.9193e+00 -1.0984e+00 +1.1939e+00
59527 +9.882199160e-05 +9.882199160e-05 +5.040098822e+00 +5.040098822e+00 -3.2641e+00 +2.0634e+00 +3.9193e+00 -1.0983e+00 +1.1934e+00
59655 +3.684722820e-05 +3.684722820e-05 +5.040036847e+00 +5.040036847e+00 -3.2641e+00 +2.0631e+00 +3.9193e+00 -1.0982e+00 +1.1935e+00
59676 +2.347963500e-05 +2.347963500e-05 +5.040023480e+00 +5.040023480e+00 -3.2640e+00 +2.0631e+00 +3.9191e+00 -1.0984e+00 +1.1936e+00
59860 +6.058067730e-06 +6.058067730e-06 +5.040006058e+00 +5.040006058e+00 -3.2640e+00 +2.0632e+00 +3.9191e+00 -1.0983e+00 +1.1936e+00
60078 +3.859268149e-06 +3.859268149e-06 +5.040003859e+00 +5.040003859e+00 -3.2640e+00 +2.0633e+00 +3.9192e+00 -1.0984e+00 +1.1936e+00
60141 +8.468857100e-07 +8.468857100e-07 +5.040000847e+00 +5.040000847e+00 -3.2640e+00 +2.0632e+00 +3.9192e+00 -1.0984e+00 +1.1936e+00
60253 +3.211914930e-07 +3.211914930e-07 +5.040000321e+00 +5.040000321e+00 -3.2640e+00 +2.0632e+00 +3.9192e+00 -1.0984e+00 +1.1936e+00
60312 +1.735671384e-07 +1.735671384e-07 +5.040000174e+00 +5.040000174e+00 -3.2640e+00 +2.0632e+00 +3.9192e+00 -1.0984e+00 +1.1936e+00
60360 +1.267822780e-07 +1.267822780e-07 +5.040000127e+00 +5.040000127e+00 -3.2640e+00 +2.0632e+00 +3.9192e+00 -1.0984e+00 +1.1936e+00
60566 +9.440150883e-08 +9.440150883e-08 +5.040000094e+00 +5.040000094e+00 -3.2640e+00 +2.0632e+00 +3.9192e+00 -1.0984e+00 +1.1936e+00
60656 +3.867742482e-08 +3.867742482e-08 +5.040000039e+00 +5.040000039e+00 -3.2640e+00 +2.0632e+00 +3.9192e+00 -1.0984e+00 +1.1936e+00
60763 +1.390609317e-08 +1.390609317e-08 +5.040000014e+00 +5.040000014e+00 -3.2640e+00 +2.0632e+00 +3.9192e+00 -1.0984e+00 +1.1936e+00
60869 +9.994556294e-09 +9.994556294e-09 +5.040000010e+00 +5.040000010e+00 -3.2640e+00 +2.0632e+00 +3.9192e+00 -1.0984e+00 +1.1936e+00
% function evaluation | noise-free fitness - Fopt (9.170000000000e+00) | best noise-free fitness - Fopt | measured fitness | best measured fitness | x1 | x2...
1 +2.358609134e+03 +2.358609134e+03 +2.367779134e+03 +2.367779134e+03 -4.4728e+00 -4.3971e+00 -9.6634e-02 +3.0980e+00 +4.7775e+00
2 +5.554627535e+02 +5.554627535e+02 +5.646327535e+02 +5.646327535e+02 -3.2661e+00 +2.3863e+00 +4.1592e+00 -1.1038e+00 -7.6677e-01
3 +1.888455044e+02 +1.888455044e+02 +1.980155044e+02 +1.980155044e+02 +5.1868e-01 +3.2858e+00 -4.9418e-01 +1.8227e+00 +2.4630e+00
8 +1.334053139e+02 +1.334053139e+02 +1.425753139e+02 +1.425753139e+02 +1.8722e+00 -2.1635e+00 -1.3074e+00 +1.2471e-01 -3.1608e+00
62 +7.225829377e+01 +7.225829377e+01 +8.142829377e+01 +8.142829377e+01 +2.2526e+00 -1.1533e-01 -4.9041e+00 +7.5541e-02 -3.4546e+00
260 +3.723017777e+01 +3.723017777e+01 +4.640017777e+01 +4.640017777e+01 +3.4189e+00 -3.3752e-01 -3.1315e+00 +4.9801e+00 -2.4473e+00
1027 +2.353878541e+01 +2.353878541e+01 +3.270878541e+01 +3.270878541e+01 +3.5840e+00 -3.1094e-01 -2.4309e+00 +3.8389e+00 -1.4430e+00
2150 +1.188899298e+01 +1.188899298e+01 +2.105899298e+01 +2.105899298e+01 +4.4135e+00 -7.7110e-01 -2.4070e+00 +3.0519e+00 -2.1102e+00
2854 +9.950340023e+00 +9.950340023e+00 +1.912034002e+01 +1.912034002e+01 +4.1022e+00 -1.1288e+00 -2.4316e+00 +4.4317e+00 -1.5244e+00
7852 +5.175762898e+00 +5.175762898e+00 +1.434576290e+01 +1.434576290e+01 +4.1022e+00 -1.1465e+00 -2.3885e+00 +4.3827e+00 -1.5586e+00
9138 +3.735999968e+00 +3.735999968e+00 +1.290599997e+01 +1.290599997e+01 +4.0974e+00 -1.1094e+00 -2.4265e+00 +4.3809e+00 -1.5713e+00
10561 +2.362729862e+00 +2.362729862e+00 +1.153272986e+01 +1.153272986e+01 +4.0880e+00 -1.1018e+00 -2.4726e+00 +4.3235e+00 -1.6143e+00
42028 +1.484241708e+00 +1.484241708e+00 +1.065424171e+01 +1.065424171e+01 +3.5162e+00 -9.8945e-01 -2.3501e+00 +3.2401e+00 -1.6622e+00
45186 +9.957690961e-01 +9.957690961e-01 +1.016576910e+01 +1.016576910e+01 +3.5351e+00 -1.0074e+00 -2.3194e+00 +3.2675e+00 -1.6557e+00
102651 +4.336353190e-01 +4.336353190e-01 +9.603635319e+00 +9.603635319e+00 +3.9285e+00 -1.3699e+00 -1.9154e+00 +3.6895e+00 -1.4923e+00
103002 +3.642658516e-01 +3.642658516e-01 +9.534265852e+00 +9.534265852e+00 +3.9308e+00 -1.3978e+00 -1.8987e+00 +3.7177e+00 -1.4717e+00
103301 +2.093120725e-01 +2.093120725e-01 +9.379312072e+00 +9.379312072e+00 +3.9300e+00 -1.3826e+00 -1.8987e+00 +3.7014e+00 -1.4717e+00
103931 +1.584161282e-01 +1.584161282e-01 +9.328416128e+00 +9.328416128e+00 +3.9332e+00 -1.3897e+00 -1.9206e+00 +3.7103e+00 -1.4709e+00
104628 +5.930886314e-02 +5.930886314e-02 +9.229308863e+00 +9.229308863e+00 +3.9289e+00 -1.3796e+00 -1.9204e+00 +3.6987e+00 -1.4764e+00
104701 +3.762848952e-02 +3.762848952e-02 +9.207628490e+00 +9.207628490e+00 +3.9319e+00 -1.3829e+00 -1.9210e+00 +3.7012e+00 -1.4741e+00
104885 +1.834519312e-02 +1.834519312e-02 +9.188345193e+00 +9.188345193e+00 +3.9313e+00 -1.3890e+00 -1.9124e+00 +3.6995e+00 -1.4722e+00
104957 +1.537281246e-02 +1.537281246e-02 +9.185372812e+00 +9.185372812e+00 +3.9337e+00 -1.3844e+00 -1.9132e+00 +3.7023e+00 -1.4733e+00
105027 +6.934525492e-03 +6.934525492e-03 +9.176934525e+00 +9.176934525e+00 +3.9353e+00 -1.3848e+00 -1.9153e+00 +3.7025e+00 -1.4745e+00
105128 +3.022636090e-03 +3.022636090e-03 +9.173022636e+00 +9.173022636e+00 +3.9348e+00 -1.3859e+00 -1.9163e+00 +3.7011e+00 -1.4756e+00
105362 +1.328400466e-03 +1.328400466e-03 +9.171328400e+00 +9.171328400e+00 +3.9353e+00 -1.3862e+00 -1.9153e+00 +3.7008e+00 -1.4764e+00
105478 +6.607025561e-04 +6.607025561e-04 +9.170660703e+00 +9.170660703e+00 +3.9355e+00 -1.3860e+00 -1.9155e+00 +3.7004e+00 -1.4763e+00
105544 +2.833713797e-04 +2.833713797e-04 +9.170283371e+00 +9.170283371e+00 +3.9352e+00 -1.3861e+00 -1.9156e+00 +3.6994e+00 -1.4770e+00
105706 +2.383061677e-04 +2.383061677e-04 +9.170238306e+00 +9.170238306e+00 +3.9348e+00 -1.3856e+00 -1.9158e+00 +3.6994e+00 -1.4763e+00
105892 +9.748429443e-05 +9.748429443e-05 +9.170097484e+00 +9.170097484e+00 +3.9352e+00 -1.3857e+00 -1.9160e+00 +3.6996e+00 -1.4767e+00
106007 +4.974022224e-05 +4.974022224e-05 +9.170049740e+00 +9.170049740e+00 +3.9352e+00 -1.3858e+00 -1.9157e+00 +3.6992e+00 -1.4768e+00
106028 +3.947845437e-05 +3.947845437e-05 +9.170039478e+00 +9.170039478e+00 +3.9350e+00 -1.3855e+00 -1.9162e+00 +3.6990e+00 -1.4768e+00
106202 +2.413302399e-05 +2.413302399e-05 +9.170024133e+00 +9.170024133e+00 +3.9352e+00 -1.3856e+00 -1.9159e+00 +3.6994e+00 -1.4767e+00
106355 +1.523077393e-05 +1.523077393e-05 +9.170015231e+00 +9.170015231e+00 +3.9352e+00 -1.3855e+00 -1.9160e+00 +3.6993e+00 -1.4768e+00
106397 +9.937020707e-06 +9.937020707e-06 +9.170009937e+00 +9.170009937e+00 +3.9352e+00 -1.3857e+00 -1.9159e+00 +3.6992e+00 -1.4767e+00
106402 +3.370440702e-06 +3.370440702e-06 +9.170003370e+00 +9.170003370e+00 +3.9352e+00 -1.3856e+00 -1.9159e+00 +3.6992e+00 -1.4768e+00
106626 +1.537453365e-06 +1.537453365e-06 +9.170001537e+00 +9.170001537e+00 +3.9352e+00 -1.3856e+00 -1.9160e+00 +3.6991e+00 -1.4768e+00
106744 +8.617467540e-07 +8.617467540e-07 +9.170000862e+00 +9.170000862e+00 +3.9352e+00 -1.3856e+00 -1.9160e+00 +3.6992e+00 -1.4768e+00
106856 +5.644827716e-07 +5.644827716e-07 +9.170000564e+00 +9.170000564e+00 +3.9352e+00 -1.3856e+00 -1.9160e+00 +3.6992e+00 -1.4768e+00
106951 +1.569239707e-07 +1.569239707e-07 +9.170000157e+00 +9.170000157e+00 +3.9352e+00 -1.3856e+00 -1.9160e+00 +3.6992e+00 -1.4768e+00
107111 +7.175476924e-08 +7.175476924e-08 +9.170000072e+00 +9.170000072e+00 +3.9352e+00 -1.3856e+00 -1.9160e+00 +3.6992e+00 -1.4768e+00
107127 +2.681933253e-08 +2.681933253e-08 +9.170000027e+00 +9.170000027e+00 +3.9352e+00 -1.3856e+00 -1.9160e+00 +3.6992e+00 -1.4768e+00
107461 +7.042068262e-09 +7.042068262e-09 +9.170000007e+00 +9.170000007e+00 +3.9352e+00 -1.3856e+00 -1.9160e+00 +3.6992e+00 -1.4768e+00
% function evaluation | noise-free fitness - Fopt (3.474000000000e+01) | best noise-free fitness - Fopt | measured fitness | best measured fitness | x1 | x2...
1 +2.280990183e+03 +2.280990183e+03 +2.315730183e+03 +2.315730183e+03 +1.4625e+00 -3.7844e-01 -2.4724e+00 -4.9194e+00 -3.4109e+00
2 +8.860812861e+02 +8.860812861e+02 +9.208212861e+02 +9.208212861e+02 +2.6995e+00 +1.2483e+00 -4.6451e+00 +1.7512e+00 -3.0420e+00
4 +4.234086471e+02 +4.234086471e+02 +4.581486471e+02 +4.581486471e+02 -2.9518e+00 +3.8051e+00 -7.4527e-02 -6.1668e-01 -4.1386e-01
10 +2.344409447e+02 +2.344409447e+02 +2.691809447e+02 +2.691809447e+02 +3.3611e+00 +3.8113e+00 +2.3385e-01 +7.2204e-01 +2.8273e+00
31 +9.291303169e+01 +9.291303169e+01 +1.276530317e+02 +1.276530317e+02 +1.9388e+00 +2.0147e+00 +2.2562e+00 +3.2588e+00 +2.4262e+00
51 +6.299220439e+01 +6.299220439e+01 +9.773220439e+01 +9.773220439e+01 +1.1362e+00 -9.3119e-01 +9.5255e-01 +2.2052e+00 +6.4353e+00
261 +3.750095222e+01 +3.750095222e+01 +7.224095222e+01 +7.224095222e+01 +1.5107e+00 -4.0280e-01 -1.4334e-01 +1.7256e+00 +4.9344e+00
578 +1.327270538e+01 +1.327270538e+01 +4.801270538e+01 +4.801270538e+01 +9.5286e-02 -6.4150e-01 -3.3795e-01 +3.4901e+00 +3.6776e+00
3566 +7.887677625e+00 +7.887677625e+00 +4.262767762e+01 +4.262767762e+01 -6.3143e-01 -9.0919e-01 +1.9010e+00 +1.6736e+00 +3.5819e+00
5137 +3.844421914e+00 +3.844421914e+00 +3.858442191e+01 +3.858442191e+01 -3.5789e-01 -8.5381e-01 +1.4563e+00 +2.1510e+00 +3.7720e+00
14453 +2.310772648e+00 +2.310772648e+00 +3.705077265e+01 +3.705077265e+01 -3.3057e-01 -8.5460e-01 +1.4533e+00 +2.1289e+00 +3.7755e+00
14717 +1.567848301e+00 +1.567848301e+00 +3.630784830e+01 +3.630784830e+01 -6.5801e-02 -8.2739e-01 +1.0422e+00 +2.5902e+00 +3.9663e+00
16228 +9.969544254e-01 +9.969544254e-01 +3.573695443e+01 +3.573695443e+01 -5.0093e-02 -8.2638e-01 +1.0489e+00 +2.6233e+00 +3.9859e+00
65503 +5.158392162e-01 +5.158392162e-01 +3.525583922e+01 +3.525583922e+01 -1.4571e-01 -6.5588e-01 +8.2522e-01 +2.0154e+00 +3.9447e+00
66102 +2.622639377e-01 +2.622639377e-01 +3.500226394e+01 +3.500226394e+01 -1.7730e-01 -6.7822e-01 +8.2462e-01 +2.0219e+00 +3.9447e+00
66428 +2.272895577e-01 +2.272895577e-01 +3.496728956e+01 +3.496728956e+01 -1.7715e-01 -6.7072e-01 +8.1794e-01 +2.0258e+00 +3.9521e+00
66504 +8.688021959e-02 +8.688021959e-02 +3.482688022e+01 +3.482688022e+01 -1.7391e-01 -6.7978e-01 +8.1933e-01 +2.0504e+00 +3.9525e+00
67047 +5.248905785e-02 +5.248905785e-02 +3.479248906e+01 +3.479248906e+01 -1.6613e-01 -6.7396e-01 +8.1647e-01 +2.0393e+00 +3.9519e+00
67107 +2.660560882e-02 +2.660560882e-02 +3.476660561e+01 +3.476660561e+01 -1.5846e-01 -6.8062e-01 +8.1980e-01 +2.0523e+00 +3.9474e+00
67180 +2.182704595e-02 +2.182704595e-02 +3.476182705e+01 +3.476182705e+01 -1.5493e-01 -6.7978e-01 +8.1933e-01 +2.0481e+00 +3.9487e+00
67379 +5.325570416e-03 +5.325570416e-03 +3.474532557e+01 +3.474532557e+01 -1.5846e-01 -6.8062e-01 +8.1458e-01 +2.0499e+00 +3.9518e+00
67929 +2.461378348e-03 +2.461378348e-03 +3.474246138e+01 +3.474246138e+01 -1.5920e-01 -6.8028e-01 +8.1688e-01 +2.0489e+00 +3.9498e+00
68277 +5.943113338e-04 +5.943113338e-04 +3.474059431e+01 +3.474059431e+01 -1.6080e-01 -6.7893e-01 +8.1757e-01 +2.0463e+00 +3.9499e+00
68610 +2.671297620e-04 +2.671297620e-04 +3.474026713e+01 +3.474026713e+01 -1.5991e-01 -6.7920e-01 +8.1694e-01 +2.0471e+00 +3.9499e+00
68627 +2.422891646e-04 +2.422891646e-04 +3.474024229e+01 +3.474024229e+01 -1.6057e-01 -6.7924e-01 +8.1717e-01 +2.0471e+00 +3.9501e+00
68779 +1.162875472e-04 +1.162875472e-04 +3.474011629e+01 +3.474011629e+01 -1.6006e-01 -6.7921e-01 +8.1684e-01 +2.0467e+00 +3.9502e+00
68901 +4.410897916e-05 +4.410897916e-05 +3.474004411e+01 +3.474004411e+01 -1.6006e-01 -6.7922e-01 +8.1684e-01 +2.0470e+00 +3.9502e+00
68980 +2.895670487e-05 +2.895670487e-05 +3.474002896e+01 +3.474002896e+01 -1.6004e-01 -6.7903e-01 +8.1683e-01 +2.0470e+00 +3.9503e+00
68981 +2.374946092e-05 +2.374946092e-05 +3.474002375e+01 +3.474002375e+01 -1.5991e-01 -6.7929e-01 +8.1676e-01 +2.0474e+00 +3.9505e+00
69126 +1.126041779e-05 +1.126041779e-05 +3.474001126e+01 +3.474001126e+01 -1.6007e-01 -6.7921e-01 +8.1683e-01 +2.0471e+00 +3.9503e+00
69351 +7.404673440e-06 +7.404673440e-06 +3.474000740e+01 +3.474000740e+01 -1.5996e-01 -6.7917e-01 +8.1689e-01 +2.0471e+00 +3.9503e+00
69356 +5.759398512e-06 +5.759398512e-06 +3.474000576e+01 +3.474000576e+01 -1.5994e-01 -6.7923e-01 +8.1683e-01 +2.0473e+00 +3.9504e+00
69456 +2.497737441e-06 +2.497737441e-06 +3.474000250e+01 +3.474000250e+01 -1.6003e-01 -6.7920e-01 +8.1684e-01 +2.0471e+00 +3.9504e+00
69702 +8.202107722e-07 +8.202107722e-07 +3.474000082e+01 +3.474000082e+01 -1.5999e-01 -6.7919e-01 +8.1679e-01 +2.0472e+00 +3.9504e+00
69751 +6.289947265e-07 +6.289947265e-07 +3.474000063e+01 +3.474000063e+01 -1.5999e-01 -6.7919e-01 +8.1680e-01 +2.0472e+00 +3.9504e+00
69754 +4.570873102e-08 +4.570873102e-08 +3.474000005e+01 +3.474000005e+01 -1.6000e-01 -6.7920e-01 +8.1680e-01 +2.0472e+00 +3.9504e+00
69864 +2.279829658e-08 +2.279829658e-08 +3.474000002e+01 +3.474000002e+01 -1.6000e-01 -6.7920e-01 +8.1680e-01 +2.0472e+00 +3.9504e+00
70152 +1.518195347e-08 +1.518195347e-08 +3.474000002e+01 +3.474000002e+01 -1.6000e-01 -6.7920e-01 +8.1680e-01 +2.0472e+00 +3.9504e+00
70227 +9.855931182e-09 +9.855931182e-09 +3.474000001e+01 +3.474000001e+01 -1.6000e-01 -6.7920e-01 +8.1680e-01 +2.0472e+00 +3.9504e+00
% function evaluation | noise-free fitness - Fopt (8.828000000000e+01) | best noise-free fitness - Fopt | measured fitness | best measured fitness | x1 | x2...
1 +1.568395832e+02 +1.568395832e+02 +2.451195832e+02 +2.451195832e+02 +4.8850e+00 +2.7714e+00 -4.5260e+00 +3.5229e+00 -2.2461e+00
4 +8.670681498e+01 +8.670681498e+01 +1.749868150e+02 +1.749868150e+02 +7.5016e-01 +3.7170e+00 +4.6717e-01 +3.8222e+00 -2.9301e+00
154 +5.600522547e+01 +5.600522547e+01 +1.442852255e+02 +1.442852255e+02 +1.7079e+00 +4.1255e+00 -3.5234e+00 +3.0373e+00 -3.9640e+00
181 +3.820999127e+01 +3.820999127e+01 +1.264899913e+02 +1.264899913e+02 +2.2951e+00 +2.6497e+00 -3.1143e+00 +5.0734e+00 -1.3773e+00
464 +2.222919074e+01 +2.222919074e+01 +1.105091907e+02 +1.105091907e+02 +2.1346e+00 +2.2716e+00 -3.0768e+00 +4.2247e+00 -2.7255e+00
1488 +1.498833025e+01 +1.498833025e+01 +1.032683302e+02 +1.032683302e+02 +1.5740e+00 +4.1287e+00 -1.8703e+00 +3.1008e+00 -3.0501e+00
4242 +9.716671762e+00 +9.716671762e+00 +9.799667176e+01 +9.799667176e+01 +1.8512e+00 +3.7064e+00 -1.4986e+00 +3.5361e+00 -9.9820e-01
5525 +5.945436413e+00 +5.945436413e+00 +9.422543641e+01 +9.422543641e+01 +2.0341e+00 +4.2227e+00 -1.7983e+00 +3.6427e+00 -1.5365e+00
7504 +2.938243073e+00 +2.938243073e+00 +9.121824307e+01 +9.121824307e+01 +1.8392e+00 +4.0469e+00 -2.0845e+00 +3.3004e+00 -1.3773e+00
10609 +2.274527432e+00 +2.274527432e+00 +9.055452743e+01 +9.055452743e+01 +1.8469e+00 +3.9888e+00 -2.0848e+00 +3.3425e+00 -1.4184e+00
10877 +1.578099541e+00 +1.578099541e+00 +8.985809954e+01 +8.985809954e+01 +1.8232e+00 +3.9887e+00 -2.0959e+00 +3.3550e+00 -1.4184e+00
12809 +9.993847623e-01 +9.993847623e-01 +8.927938476e+01 +8.927938476e+01 +1.8181e+00 +3.9934e+00 -2.0801e+00 +3.3137e+00 -1.4173e+00
73679 +4.313880821e-01 +4.313880821e-01 +8.871138808e+01 +8.871138808e+01 +2.0856e+00 +3.9663e+00 -1.9547e+00 +3.3502e+00 -1.6629e+00
74342 +2.570078091e-01 +2.570078091e-01 +8.853700781e+01 +8.853700781e+01 +2.0862e+00 +3.9757e+00 -1.9645e+00 +3.3782e+00 -1.6597e+00
74755 +2.253413164e-01 +2.253413164e-01 +8.850534132e+01 +8.850534132e+01 +2.0843e+00 +3.9751e+00 -1.9619e+00 +3.3883e+00 -1.6719e+00
75129 +7.932035754e-02 +7.932035754e-02 +8.835932036e+01 +8.835932036e+01 +2.1021e+00 +3.9725e+00 -1.9632e+00 +3.3847e+00 -1.6553e+00
75329 +5.887950085e-02 +5.887950085e-02 +8.833887950e+01 +8.833887950e+01 +2.0864e+00 +3.9659e+00 -1.9558e+00 +3.3791e+00 -1.6548e+00
75576 +3.137860225e-02 +3.137860225e-02 +8.831137860e+01 +8.831137860e+01 +2.0946e+00 +3.9672e+00 -1.9570e+00 +3.3791e+00 -1.6522e+00
75654 +1.966885511e-02 +1.966885511e-02 +8.829966886e+01 +8.829966886e+01 +2.0914e+00 +3.9634e+00 -1.9636e+00 +3.3856e+00 -1.6620e+00
75726 +1.160028634e-02 +1.160028634e-02 +8.829160029e+01 +8.829160029e+01 +2.0954e+00 +3.9683e+00 -1.9620e+00 +3.3850e+00 -1.6559e+00
75802 +2.048075938e-03 +2.048075938e-03 +8.828204808e+01 +8.828204808e+01 +2.0930e+00 +3.9660e+00 -1.9602e+00 +3.3844e+00 -1.6615e+00
76119 +1.371221489e-03 +1.371221489e-03 +8.828137122e+01 +8.828137122e+01 +2.0928e+00 +3.9665e+00 -1.9599e+00 +3.3841e+00 -1.6601e+00
76181 +4.797495131e-04 +4.797495131e-04 +8.828047975e+01 +8.828047975e+01 +2.0932e+00 +3.9661e+00 -1.9600e+00 +3.3849e+00 -1.6592e+00
76326 +2.235736969e-04 +2.235736969e-04 +8.828022357e+01 +8.828022357e+01 +2.0932e+00 +3.9654e+00 -1.9609e+00 +3.3858e+00 -1.6595e+00
76454 +8.532010933e-05 +8.532010933e-05 +8.828008532e+01 +8.828008532e+01 +2.0936e+00 +3.9656e+00 -1.9608e+00 +3.3859e+00 -1.6595e+00
76526 +5.438142544e-05 +5.438142544e-05 +8.828005438e+01 +8.828005438e+01 +2.0937e+00 +3.9655e+00 -1.9608e+00 +3.3855e+00 -1.6595e+00
76559 +3.935819373e-05 +3.935819373e-05 +8.828003936e+01 +8.828003936e+01 +2.0935e+00 +3.9658e+00 -1.9607e+00 +3.3856e+00 -1.6593e+00
76639 +2.029397729e-05 +2.029397729e-05 +8.828002029e+01 +8.828002029e+01 +2.0936e+00 +3.9655e+00 -1.9609e+00 +3.3857e+00 -1.6594e+00
76740 +8.709192912e-06 +8.709192912e-06 +8.828000871e+01 +8.828000871e+01 +2.0936e+00 +3.9655e+00 -1.9608e+00 +3.3857e+00 -1.6593e+00
76840 +6.033445175e-06 +6.033445175e-06 +8.828000603e+01 +8.828000603e+01 +2.0936e+00 +3.9655e+00 -1.9609e+00 +3.3857e+00 -1.6591e+00
76885 +2.201218877e-06 +2.201218877e-06 +8.828000220e+01 +8.828000220e+01 +2.0936e+00 +3.9656e+00 -1.9608e+00 +3.3856e+00 -1.6592e+00
76981 +3.568040512e-07 +3.568040512e-07 +8.828000036e+01 +8.828000036e+01 +2.0936e+00 +3.9656e+00 -1.9608e+00 +3.3856e+00 -1.6592e+00
77302 +1.820699538e-07 +1.820699538e-07 +8.828000018e+01 +8.828000018e+01 +2.0936e+00 +3.9656e+00 -1.9608e+00 +3.3856e+00 -1.6592e+00
77381 +1.277321786e-07 +1.277321786e-07 +8.828000013e+01 +8.828000013e+01 +2.0936e+00 +3.9656e+00 -1.9608e+00 +3.3856e+00 -1.6592e+00
77562 +7.548732128e-08 +7.548732128e-08 +8.828000008e+01 +8.828000008e+01 +2.0936e+00 +3.9656e+00 -1.9608e+00 +3.3856e+00 -1.6592e+00
77607 +5.885654275e-08 +5.885654275e-08 +8.828000006e+01 +8.828000006e+01 +2.0936e+00 +3.9656e+00 -1.9608e+00 +3.3856e+00 -1.6592e+00
77699 +2.198444804e-08 +2.198444804e-08 +8.828000002e+01 +8.828000002e+01 +2.0936e+00 +3.9656e+00 -1.9608e+00 +3.3856e+00 -1.6592e+00
77803 +1.061506794e-08 +1.061506794e-08 +8.828000001e+01 +8.828000001e+01 +2.0936e+00 +3.9656e+00 -1.9608e+00 +3.3856e+00 -1.6592e+00
77858 +7.879023656e-09 +7.879023656e-09 +8.828000001e+01 +8.828000001e+01 +2.0936e+00 +3.9656e+00 -1.9608e+00 +3.3856e+00 -1.6592e+00
% function evaluation | noise-free fitness - Fopt (1.895800000000e+02) | best noise-free fitness - Fopt | measured fitness | best measured fitness | x1 | x2...
1 +2.740583304e+02 +2.740583304e+02 +4.636383304e+02 +4.636383304e+02 -4.7489e+00 +8.4165e-01 +2.4896e+00 -1.2901e+00 -1.8479e+00
4 +2.039139306e+02 +2.039139306e+02 +3.934939306e+02 +3.934939306e+02 -4.7907e+00 -5.9326e-01 -1.3354e+00 +1.7919e+00 -2.5173e+00
26 +1.502202195e+02 +1.502202195e+02 +3.398002195e+02 +3.398002195e+02 -1.7403e+00 -2.8662e+00 -2.0149e+00 -8.3530e-01 +2.3839e+00
102 +7.339177292e+01 +7.339177292e+01 +2.629717729e+02 +2.629717729e+02 -1.7403e+00 +5.2182e-01 -2.0149e+00 -8.3530e-01 +4.4278e-01
201 +5.037263865e+01 +5.037263865e+01 +2.399526386e+02 +2.399526386e+02 -6.2276e-01 +3.2351e+00 -2.6003e+00 -2.4347e+00 -1.2634e+00
430 +3.034979225e+01 +3.034979225e+01 +2.199297923e+02 +2.199297923e+02 -6.2276e-01 +3.2351e+00 -2.6003e+00 -1.8915e+00 -1.2634e+00
988 +2.462021665e+01 +2.462021665e+01 +2.142002166e+02 +2.142002166e+02 -1.5534e+00 +4.5216e+00 -1.9339e+00 -2.4978e+00 -8.2723e-01
2079 +1.207684015e+01 +1.207684015e+01 +2.016568402e+02 +2.016568402e+02 -1.7232e+00 +3.9183e+00 -2.2180e+00 -2.6954e+00 -1.1164e+00
2156 +9.255959899e+00 +9.255959899e+00 +1.988359599e+02 +1.988359599e+02 -1.1214e+00 +3.3996e+00 -2.3342e+00 -1.8915e+00 -1.2968e+00
5526 +4.780305877e+00 +4.780305877e+00 +1.943603059e+02 +1.943603059e+02 -1.0411e+00 +3.3996e+00 -2.2237e+00 -1.8915e+00 -1.4005e+00
12687 +3.570295351e+00 +3.570295351e+00 +1.931502954e+02 +1.931502954e+02 -1.0706e+00 +3.4610e+00 -2.1838e+00 -1.8883e+00 -1.4249e+00
13951 +2.400306461e+00 +2.400306461e+00 +1.919803065e+02 +1.919803065e+02 -1.1752e+00 +4.6278e+00 -2.0484e+00 -2.4785e+00 -1.3832e+00
74702 +1.574899284e+00 +1.574899284e+00 +1.911548993e+02 +1.911548993e+02 -1.3889e+00 +3.5794e+00 -2.4436e+00 -2.6360e+00 -1.0286e+00
75478 +9.993758170e-01 +9.993758170e-01 +1.905793758e+02 +1.905793758e+02 -1.3986e+00 +3.5591e+00 -2.4734e+00 -2.6184e+00 -1.0079e+00
% function evaluation | noise-free fitness - Fopt (-1.167600000000e+02) | best noise-free fitness - Fopt | measured fitness | best measured fitness | x1 | x2...
1 +5.516927796e+01 +5.516927796e+01 -6.159072204e+01 -6.159072204e+01 +1.4387e+00 -1.5268e+00 -9.4899e-01 -3.3730e-01 +1.0191e+00
150 +3.115324062e+01 +3.115324062e+01 -8.560675938e+01 -8.560675938e+01 -1.1557e+00 -2.2347e-01 -3.8156e-02 -1.2112e+00 -7.3386e-01
556 +1.937773919e+01 +1.937773919e+01 -9.738226081e+01 -9.738226081e+01 -8.6053e-01 -1.2750e+00 +7.4088e-01 -9.9429e-01 +1.8020e+00
1582 +8.041259556e+00 +8.041259556e+00 -1.087187404e+02 -1.087187404e+02 -7.9815e-01 -1.6001e+00 +4.0028e-01 -1.6743e+00 -2.3059e-01
2951 +3.672380585e+00 +3.672380585e+00 -1.130876194e+02 -1.130876194e+02 -6.2099e-01 -3.5435e-01 +5.1511e-01 -2.3450e+00 +4.9368e-01
18477 +2.371859651e+00 +2.371859651e+00 -1.143881403e+02 -1.143881403e+02 -6.5447e-01 -3.3869e-01 +5.2588e-01 -2.3292e+00 +4.9671e-01
63034 +1.324020827e+00 +1.324020827e+00 -1.154359792e+02 -1.154359792e+02 +3.3150e-01 -6.0699e-01 +6.9350e-01 -1.5727e+00 +7.9169e-01
64381 +9.982488404e-01 +9.982488404e-01 -1.157617512e+02 -1.157617512e+02 +3.0336e-01 -6.0295e-01 +6.8597e-01 -1.5763e+00 +7.8293e-01
236776 +6.276476830e-01 +6.276476830e-01 -1.161323523e+02 -1.161323523e+02 -8.5529e-02 -6.2730e-01 +3.9121e-01 -1.6619e+00 +7.2588e-01
242712 +2.593864165e-01 +2.593864165e-01 -1.165006136e+02 -1.165006136e+02 -8.2173e-02 -6.2608e-01 +3.8997e-01 -1.6592e+00 +7.4412e-01
243105 +2.453903107e-01 +2.453903107e-01 -1.165146097e+02 -1.165146097e+02 -9.1945e-02 -6.2660e-01 +3.9719e-01 -1.6660e+00 +7.5828e-01
243904 +1.526852652e-01 +1.526852652e-01 -1.166073147e+02 -1.166073147e+02 -1.0372e-01 -6.2642e-01 +3.9087e-01 -1.6532e+00 +7.3285e-01
244354 +6.658085685e-02 +6.658085685e-02 -1.166934191e+02 -1.166934191e+02 -1.0339e-01 -6.2609e-01 +3.9107e-01 -1.6559e+00 +7.4958e-01
244454 +5.302845320e-02 +5.302845320e-02 -1.167069715e+02 -1.167069715e+02 -1.1000e-01 -6.2631e-01 +3.8913e-01 -1.6519e+00 +7.4408e-01
244703 +1.424794879e-02 +1.424794879e-02 -1.167457521e+02 -1.167457521e+02 -1.0339e-01 -6.2646e-01 +3.9107e-01 -1.6468e+00 +7.4958e-01
245551 +9.257589184e-03 +9.257589184e-03 -1.167507424e+02 -1.167507424e+02 -1.0384e-01 -6.2609e-01 +3.8892e-01 -1.6453e+00 +7.4754e-01
246049 +3.997803454e-03 +3.997803454e-03 -1.167560022e+02 -1.167560022e+02 -1.0198e-01 -6.2702e-01 +3.9051e-01 -1.6445e+00 +7.4858e-01
246153 +3.117372571e-03 +3.117372571e-03 -1.167568826e+02 -1.167568826e+02 -1.0020e-01 -6.2718e-01 +3.9112e-01 -1.6434e+00 +7.4795e-01
246459 +1.543609713e-03 +1.543609713e-03 -1.167584564e+02 -1.167584564e+02 -1.0070e-01 -6.2456e-01 +3.9044e-01 -1.6418e+00 +7.4943e-01
246615 +8.024603585e-04 +8.024603585e-04 -1.167591975e+02 -1.167591975e+02 -1.0256e-01 -6.2621e-01 +3.9057e-01 -1.6429e+00 +7.4775e-01
246817 +5.894644486e-04 +5.894644486e-04 -1.167594105e+02 -1.167594105e+02 -1.0191e-01 -6.2541e-01 +3.9092e-01 -1.6439e+00 +7.4803e-01
246872 +3.481146309e-04 +3.481146309e-04 -1.167596519e+02 -1.167596519e+02 -1.0229e-01 -6.2592e-01 +3.9058e-01 -1.6439e+00 +7.4770e-01
247035 +1.974212930e-04 +1.974212930e-04 -1.167598026e+02 -1.167598026e+02 -1.0120e-01 -6.2544e-01 +3.9055e-01 -1.6438e+00 +7.4836e-01
247078 +1.200396079e-04 +1.200396079e-04 -1.167598800e+02 -1.167598800e+02 -1.0186e-01 -6.2582e-01 +3.9058e-01 -1.6435e+00 +7.4770e-01
247091 +5.498065235e-05 +5.498065235e-05 -1.167599450e+02 -1.167599450e+02 -1.0199e-01 -6.2558e-01 +3.9046e-01 -1.6433e+00 +7.4791e-01
247178 +1.122385677e-05 +1.122385677e-05 -1.167599888e+02 -1.167599888e+02 -1.0162e-01 -6.2558e-01 +3.9042e-01 -1.6433e+00 +7.4791e-01
247441 +9.839702770e-06 +9.839702770e-06 -1.167599902e+02 -1.167599902e+02 -1.0175e-01 -6.2556e-01 +3.9038e-01 -1.6432e+00 +7.4793e-01
247502 +5.015579461e-06 +5.015579461e-06 -1.167599950e+02 -1.167599950e+02 -1.0169e-01 -6.2558e-01 +3.9041e-01 -1.6432e+00 +7.4794e-01
247651 +3.437878348e-06 +3.437878348e-06 -1.167599966e+02 -1.167599966e+02 -1.0158e-01 -6.2558e-01 +3.9041e-01 -1.6432e+00 +7.4797e-01
247752 +1.707570974e-06 +1.707570974e-06 -1.167599983e+02 -1.167599983e+02 -1.0158e-01 -6.2562e-01 +3.9041e-01 -1.6432e+00 +7.4805e-01
247828 +9.828340808e-07 +9.828340808e-07 -1.167599990e+02 -1.167599990e+02 -1.0157e-01 -6.2559e-01 +3.9040e-01 -1.6432e+00 +7.4803e-01
247883 +8.202533763e-08 +8.202533763e-08 -1.167599999e+02 -1.167599999e+02 -1.0161e-01 -6.2560e-01 +3.9040e-01 -1.6432e+00 +7.4800e-01
248201 +4.541043097e-08 +4.541043097e-08 -1.167600000e+02 -1.167600000e+02 -1.0160e-01 -6.2560e-01 +3.9039e-01 -1.6432e+00 +7.4800e-01
248377 +1.957758400e-08 +1.957758400e-08 -1.167600000e+02 -1.167600000e+02 -1.0160e-01 -6.2560e-01 +3.9040e-01 -1.6432e+00 +7.4800e-01
248402 +5.680817594e-09 +5.680817594e-09 -1.167600000e+02 -1.167600000e+02 -1.0160e-01 -6.2560e-01 +3.9040e-01 -1.6432e+00 +7.4800e-01
% function evaluation | noise-free fitness - Fopt (1.130200000000e+02) | best noise-free fitness - Fopt | measured fitness | best measured fitness | x1 | x2...
1 +4.683571263e+02 +4.683571263e+02 +5.813771263e+02 +5.813771263e+02 +3.9398e+00 +2.7398e-01 +2.8144e+00 -1.7539e-01 +2.2361e-01
3 +2.901905033e+02 +2.901905033e+02 +4.032105033e+02 +4.032105033e+02 -3.5633e+00 -1.1865e+00 +1.7579e+00 +2.6808e+00 -3.9323e+00
5 +1.671712981e+02 +1.671712981e+02 +2.801912981e+02 +2.801912981e+02 -2.4739e+00 -3.1696e+00 -3.2442e+00 +3.1565e+00 +1.5099e+00
11 +1.532100817e+02 +1.532100817e+02 +2.662300817e+02 +2.662300817e+02 +1.2339e+00 +2.4694e+00 -1.7350e+00 +4.5199e-01 +2.3176e+00
31 +7.892688950e+01 +7.892688950e+01 +1.919468895e+02 +1.919468895e+02 +9.1841e-01 -1.7210e+00 -4.8572e+00 +1.2456e+00 +4.0742e+00
110 +4.447695759e+01 +4.447695759e+01 +1.574969576e+02 +1.574969576e+02 +1.1136e+00 +2.4764e-01 -1.6422e+00 +2.7569e+00 +1.0947e+00
253 +3.863583386e+01 +3.863583386e+01 +1.516558339e+02 +1.516558339e+02 -8.1742e-01 -1.2635e+00 -1.6755e+00 +2.0884e+00 +4.4483e+00
635 +1.358951224e+01 +1.358951224e+01 +1.266095122e+02 +1.266095122e+02 +4.6372e-02 -1.1949e+00 -1.4532e+00 +2.3907e+00 +4.0517e+00
1926 +9.788513718e+00 +9.788513718e+00 +1.228085137e+02 +1.228085137e+02 +4.6372e-02 -1.1949e+00 -1.4532e+00 +2.2262e+00 +4.0517e+00
3733 +3.834624161e+00 +3.834624161e+00 +1.168546242e+02 +1.168546242e+02 -9.3625e-02 -7.3327e-01 -1.3969e+00 +1.2896e+00 +3.9136e+00
4001 +2.325752644e+00 +2.325752644e+00 +1.153457526e+02 +1.153457526e+02 -9.3625e-02 -7.3327e-01 -1.3969e+00 +1.2459e+00 +3.9136e+00
5901 +1.462148325e+00 +1.462148325e+00 +1.144821483e+02 +1.144821483e+02 -5.3778e-02 -7.3524e-01 -1.3700e+00 +1.2439e+00 +3.9279e+00
7244 +9.993009984e-01 +9.993009984e-01 +1.140193010e+02 +1.140193010e+02 -3.2382e-02 -7.2269e-01 -1.3745e+00 +1.2497e+00 +3.9219e+00
164902 +1.541286852e-01 +1.541286852e-01 +1.131741287e+02 +1.131741287e+02 +7.2393e-01 -8.9213e-01 -1.5374e+00 +1.5771e+00 +3.8594e+00
166235 +9.274355545e-02 +9.274355545e-02 +1.131127436e+02 +1.131127436e+02 +7.1397e-01 -8.9309e-01 -1.5303e+00 +1.5737e+00 +3.8477e+00
166305 +5.884679604e-02 +5.884679604e-02 +1.130788468e+02 +1.130788468e+02 +7.0219e-01 -8.9122e-01 -1.5398e+00 +1.5559e+00 +3.8623e+00
166977 +3.451427042e-02 +3.451427042e-02 +1.130545143e+02 +1.130545143e+02 +7.0397e-01 -8.9258e-01 -1.5372e+00 +1.5611e+00 +3.8591e+00
167188 +1.894045520e-02 +1.894045520e-02 +1.130389405e+02 +1.130389405e+02 +7.1189e-01 -8.9558e-01 -1.5379e+00 +1.5640e+00 +3.8554e+00
167257 +5.336698322e-03 +5.336698322e-03 +1.130253367e+02 +1.130253367e+02 +7.1731e-01 -8.9514e-01 -1.5398e+00 +1.5662e+00 +3.8587e+00
167355 +3.361156086e-03 +3.361156086e-03 +1.130233612e+02 +1.130233612e+02 +7.1324e-01 -8.9384e-01 -1.5378e+00 +1.5639e+00 +3.8599e+00
167486 +6.382837013e-04 +6.382837013e-04 +1.130206383e+02 +1.130206383e+02 +7.1393e-01 -8.9523e-01 -1.5379e+00 +1.5640e+00 +3.8599e+00
167652 +5.166285328e-04 +5.166285328e-04 +1.130205166e+02 +1.130205166e+02 +7.1471e-01 -8.9517e-01 -1.5383e+00 +1.5640e+00 +3.8599e+00
167903 +3.899174518e-04 +3.899174518e-04 +1.130203899e+02 +1.130203899e+02 +7.1448e-01 -8.9516e-01 -1.5380e+00 +1.5639e+00 +3.8599e+00
168026 +1.398772347e-04 +1.398772347e-04 +1.130201399e+02 +1.130201399e+02 +7.1472e-01 -8.9508e-01 -1.5375e+00 +1.5648e+00 +3.8595e+00
168084 +6.843162062e-05 +6.843162062e-05 +1.130200684e+02 +1.130200684e+02 +7.1491e-01 -8.9509e-01 -1.5374e+00 +1.5647e+00 +3.8593e+00
168128 +5.462669247e-05 +5.462669247e-05 +1.130200546e+02 +1.130200546e+02 +7.1533e-01 -8.9524e-01 -1.5375e+00 +1.5646e+00 +3.8595e+00
168184 +3.091713374e-05 +3.091713374e-05 +1.130200309e+02 +1.130200309e+02 +7.1510e-01 -8.9511e-01 -1.5375e+00 +1.5649e+00 +3.8590e+00
168230 +1.859005806e-05 +1.859005806e-05 +1.130200186e+02 +1.130200186e+02 +7.1505e-01 -8.9517e-01 -1.5376e+00 +1.5649e+00 +3.8591e+00
168371 +8.115609631e-06 +8.115609631e-06 +1.130200081e+02 +1.130200081e+02 +7.1517e-01 -8.9517e-01 -1.5376e+00 +1.5647e+00 +3.8593e+00
168380 +5.045093403e-06 +5.045093403e-06 +1.130200050e+02 +1.130200050e+02 +7.1518e-01 -8.9517e-01 -1.5376e+00 +1.5647e+00 +3.8593e+00
168445 +3.849949437e-06 +3.849949437e-06 +1.130200038e+02 +1.130200038e+02 +7.1517e-01 -8.9519e-01 -1.5376e+00 +1.5648e+00 +3.8592e+00
168461 +1.158360320e-06 +1.158360320e-06 +1.130200012e+02 +1.130200012e+02 +7.1519e-01 -8.9522e-01 -1.5376e+00 +1.5648e+00 +3.8592e+00
168658 +9.108546521e-07 +9.108546521e-07 +1.130200009e+02 +1.130200009e+02 +7.1519e-01 -8.9520e-01 -1.5376e+00 +1.5648e+00 +3.8592e+00
168808 +5.373846079e-07 +5.373846079e-07 +1.130200005e+02 +1.130200005e+02 +7.1519e-01 -8.9520e-01 -1.5376e+00 +1.5648e+00 +3.8592e+00
168883 +7.438337946e-08 +7.438337946e-08 +1.130200001e+02 +1.130200001e+02 +7.1521e-01 -8.9520e-01 -1.5376e+00 +1.5648e+00 +3.8592e+00
169076 +5.604353248e-08 +5.604353248e-08 +1.130200001e+02 +1.130200001e+02 +7.1521e-01 -8.9520e-01 -1.5376e+00 +1.5648e+00 +3.8592e+00
169079 +2.918102382e-08 +2.918102382e-08 +1.130200000e+02 +1.130200000e+02 +7.1520e-01 -8.9520e-01 -1.5376e+00 +1.5648e+00 +3.8592e+00
169253 +1.890765589e-08 +1.890765589e-08 +1.130200000e+02 +1.130200000e+02 +7.1520e-01 -8.9520e-01 -1.5376e+00 +1.5648e+00 +3.8592e+00
169311 +8.248449035e-09 +8.248449035e-09 +1.130200000e+02 +1.130200000e+02 +7.1520e-01 -8.9520e-01 -1.5376e+00 +1.5648e+00 +3.8592e+00
% function evaluation | noise-free fitness - Fopt (2.978000000000e+02) | best noise-free fitness - Fopt | measured fitness | best measured fitness | x1 | x2...
1 +8.663015453e+02 +8.663015453e+02 +1.164101545e+03 +1.164101545e+03 +1.7735e+00 +4.1047e+00 +4.1540e+00 +4.6062e+00 -2.4568e+00
2 +5.781600083e+02 +5.781600083e+02 +8.759600083e+02 +8.759600083e+02 -3.9755e+00 +3.6272e+00 +2.6157e+00 -4.6104e-01 -4.5708e-01
6 +3.077912555e+02 +3.077912555e+02 +6.055912555e+02 +6.055912555e+02 +6.9121e-01 -3.8280e-01 -1.8651e+00 -4.2063e+00 -4.7824e+00
7 +2.015508017e+02 +2.015508017e+02 +4.993508017e+02 +4.993508017e+02 -1.5622e+00 +2.2442e+00 -3.4638e+00 +3.1550e-01 -2.4528e+00
9 +7.493907940e+01 +7.493907940e+01 +3.727390794e+02 +3.727390794e+02 +2.6456e-03 +6.1535e-01 -3.4047e+00 -3.6824e+00 +1.5654e+00
151 +5.833170535e+01 +5.833170535e+01 +3.561317053e+02 +3.561317053e+02 +7.1657e-01 +6.1535e-01 -5.5111e+00 -4.9537e+00 -5.9636e-01
205 +3.881762415e+01 +3.881762415e+01 +3.366176241e+02 +3.366176241e+02 +5.4704e-01 +1.1801e+00 -3.9552e+00 -3.8932e+00 -5.7689e-02
1055 +1.510357788e+01 +1.510357788e+01 +3.129035779e+02 +3.129035779e+02 +2.2731e-01 +2.6803e+00 -4.8533e+00 -3.2923e+00 -1.6150e+00
4449 +7.798635550e+00 +7.798635550e+00 +3.055986355e+02 +3.055986355e+02 +3.9504e-01 +2.5310e+00 -3.2154e+00 -3.9311e+00 -1.8934e+00
8351 +5.460804579e+00 +5.460804579e+00 +3.032608046e+02 +3.032608046e+02 +3.4057e-01 +2.7218e+00 -3.0718e+00 -3.5536e+00 -1.6043e+00
14777 +3.808116375e+00 +3.808116375e+00 +3.016081164e+02 +3.016081164e+02 +3.3742e-01 +2.7400e+00 -3.0346e+00 -3.5769e+00 -1.5925e+00
31626 +2.107194602e+00 +2.107194602e+00 +2.999071946e+02 +2.999071946e+02 -1.0134e-01 +2.3300e+00 -4.4919e+00 -3.1554e+00 -1.5326e+00
38633 +1.533950372e+00 +1.533950372e+00 +2.993339504e+02 +2.993339504e+02 -8.3036e-02 +2.3338e+00 -4.4809e+00 -3.1649e+00 -1.5633e+00
41757 +9.996916497e-01 +9.996916497e-01 +2.987996916e+02 +2.987996916e+02 -8.2154e-02 +2.3047e+00 -4.4666e+00 -3.1720e+00 -1.5121e+00
109777 +3.596571889e-01 +3.596571889e-01 +2.981596572e+02 +2.981596572e+02 -6.5185e-02 +2.0913e+00 -3.9789e+00 -3.3310e+00 -1.0393e+00
109901 +2.204050934e-01 +2.204050934e-01 +2.980204051e+02 +2.980204051e+02 -6.5185e-02 +2.0913e+00 -3.9789e+00 -3.3403e+00 -1.0393e+00
111029 +1.429377859e-01 +1.429377859e-01 +2.979429378e+02 +2.979429378e+02 -5.6056e-02 +2.0792e+00 -3.9743e+00 -3.3529e+00 -1.0423e+00
111881 +6.882590398e-02 +6.882590398e-02 +2.978688259e+02 +2.978688259e+02 -6.5158e-02 +2.0828e+00 -3.9747e+00 -3.3422e+00 -1.0285e+00
112301 +5.693382361e-02 +5.693382361e-02 +2.978569338e+02 +2.978569338e+02 -6.5158e-02 +2.0828e+00 -3.9747e+00 -3.3450e+00 -1.0285e+00
112604 +3.694288182e-02 +3.694288182e-02 +2.978369429e+02 +2.978369429e+02 -6.7553e-02 +2.0768e+00 -3.9809e+00 -3.3472e+00 -1.0299e+00
112997 +1.393534529e-02 +1.393534529e-02 +2.978139353e+02 +2.978139353e+02 -6.5745e-02 +2.0767e+00 -3.9707e+00 -3.3469e+00 -1.0273e+00
113430 +5.116943589e-03 +5.116943589e-03 +2.978051169e+02 +2.978051169e+02 -6.5158e-02 +2.0744e+00 -3.9747e+00 -3.3500e+00 -1.0282e+00
113726 +3.218285118e-04 +3.218285118e-04 +2.978003218e+02 +2.978003218e+02 -6.4840e-02 +2.0767e+00 -3.9716e+00 -3.3500e+00 -1.0299e+00
114255 +1.914510820e-04 +1.914510820e-04 +2.978001915e+02 +2.978001915e+02 -6.4789e-02 +2.0767e+00 -3.9722e+00 -3.3508e+00 -1.0308e+00
114406 +4.584246824e-05 +4.584246824e-05 +2.978000458e+02 +2.978000458e+02 -6.4931e-02 +2.0769e+00 -3.9719e+00 -3.3503e+00 -1.0306e+00
114527 +2.898255644e-05 +2.898255644e-05 +2.978000290e+02 +2.978000290e+02 -6.4809e-02 +2.0769e+00 -3.9719e+00 -3.3503e+00 -1.0306e+00
114601 +2.048223899e-05 +2.048223899e-05 +2.978000205e+02 +2.978000205e+02 -6.4809e-02 +2.0769e+00 -3.9719e+00 -3.3503e+00 -1.0305e+00
114689 +1.153771427e-05 +1.153771427e-05 +2.978000115e+02 +2.978000115e+02 -6.4868e-02 +2.0769e+00 -3.9719e+00 -3.3504e+00 -1.0305e+00
114727 +6.636192666e-06 +6.636192666e-06 +2.978000066e+02 +2.978000066e+02 -6.4809e-02 +2.0769e+00 -3.9719e+00 -3.3503e+00 -1.0304e+00
114752 +5.709039840e-06 +5.709039840e-06 +2.978000057e+02 +2.978000057e+02 -6.4868e-02 +2.0768e+00 -3.9720e+00 -3.3504e+00 -1.0304e+00
114838 +2.779030524e-06 +2.779030524e-06 +2.978000028e+02 +2.978000028e+02 -6.4768e-02 +2.0768e+00 -3.9720e+00 -3.3504e+00 -1.0304e+00
114901 +2.440993342e-06 +2.440993342e-06 +2.978000024e+02 +2.978000024e+02 -6.4827e-02 +2.0768e+00 -3.9720e+00 -3.3504e+00 -1.0304e+00
114993 +1.406610181e-06 +1.406610181e-06 +2.978000014e+02 +2.978000014e+02 -6.4796e-02 +2.0768e+00 -3.9720e+00 -3.3504e+00 -1.0303e+00
115021 +8.482408589e-07 +8.482408589e-07 +2.978000008e+02 +2.978000008e+02 -6.4786e-02 +2.0768e+00 -3.9720e+00 -3.3504e+00 -1.0304e+00
115115 +6.187169674e-07 +6.187169674e-07 +2.978000006e+02 +2.978000006e+02 -6.4795e-02 +2.0768e+00 -3.9720e+00 -3.3504e+00 -1.0304e+00
115179 +2.035620810e-07 +2.035620810e-07 +2.978000002e+02 +2.978000002e+02 -6.4802e-02 +2.0768e+00 -3.9720e+00 -3.3504e+00 -1.0304e+00
115236 +1.064070716e-07 +1.064070716e-07 +2.978000001e+02 +2.978000001e+02 -6.4804e-02 +2.0768e+00 -3.9720e+00 -3.3504e+00 -1.0304e+00
115278 +3.917449476e-08 +3.917449476e-08 +2.978000000e+02 +2.978000000e+02 -6.4795e-02 +2.0768e+00 -3.9720e+00 -3.3504e+00 -1.0304e+00
115579 +2.132304644e-08 +2.132304644e-08 +2.978000000e+02 +2.978000000e+02 -6.4802e-02 +2.0768e+00 -3.9720e+00 -3.3504e+00 -1.0304e+00
115624 +1.035039077e-08 +1.035039077e-08 +2.978000000e+02 +2.978000000e+02 -6.4801e-02 +2.0768e+00 -3.9720e+00 -3.3504e+00 -1.0304e+00
115626 +5.394554137e-09 +5.394554137e-09 +2.978000000e+02 +2.978000000e+02 -6.4801e-02 +2.0768e+00 -3.9720e+00 -3.3504e+00 -1.0304e+00
