% function evaluation | noise-free fitness - Fopt (7.627000000000e+01) | best noise-free fitness - Fopt | measured fitness | best measured fitness | x1 | x2...
1 +1.968218410e+06 +1.968218410e+06 +1.968294680e+06 +1.968294680e+06 +1.4771e-02 -2.0343e+00 +4.2084e+00 +4.9090e+00 -3.9338e-01
7 +2.015851420e+05 +2.015851420e+05 +2.016614120e+05 +2.016614120e+05 -3.2275e+00 -4.9859e+00 -3.4545e+00 +2.2006e+00 -2.7747e+00
12 +1.140037601e+05 +1.140037601e+05 +1.140800301e+05 +1.140800301e+05 -3.7164e+00 -5.4517e-01 +1.2284e+00 -3.1930e+00 +1.2078e+00
40 +6.804379641e+03 +6.804379641e+03 +6.880649641e+03 +6.880649641e+03 -3.5592e+00 -1.9103e+00 -2.7983e+00 -1.7452e+00 -3.7242e+00
43 +4.681711479e+03 +4.681711479e+03 +4.757981479e+03 +4.757981479e+03 -3.2456e+00 -1.0800e+00 +4.7478e+00 +2.7445e-01 +4.3695e+00
65 +2.233510777e+03 +2.233510777e+03 +2.309780777e+03 +2.309780777e+03 -1.3181e+00 -3.0281e+00 +3.5799e+00 +4.1675e+00 -4.2562e+00
136 +2.862983855e+02 +2.862983855e+02 +3.625683855e+02 +3.625683855e+02 +7.1997e-01 -7.4820e-01 +3.4068e+00 -2.0633e+00 +4.2286e+00
860 +6.023113219e+01 +6.023113219e+01 +1.365011322e+02 +1.365011322e+02 -2.2081e+00 -3.1186e+00 -2.2962e+00 -1.0505e+00 +5.0000e+00
2205 +3.857797549e+01 +3.857797549e+01 +1.148479755e+02 +1.148479755e+02 +3.0577e-01 -3.4425e+00 +1.9653e+00 +2.5802e+00 +1.2848e+00
3254 +2.030939342e+01 +2.030939342e+01 +9.657939342e+01 +9.657939342e+01 +9.6678e-01 -2.7098e+00 +1.5350e+00 +8.1087e-01 +7.4584e-01
4165 +1.192039517e+01 +1.192039517e+01 +8.819039517e+01 +8.819039517e+01 +3.2886e-01 -4.1489e+00 +0.0000e+00 +2.7630e+00 -1.4202e-01
4594 +9.150430916e+00 +9.150430916e+00 +8.542043092e+01 +8.542043092e+01 +1.6657e+00 -3.5534e+00 -1.8148e-01 +1.3584e+00 -1.2826e+00
18310 +5.838871219e+00 +5.838871219e+00 +8.210887122e+01 +8.210887122e+01 +7.9660e-01 -3.6523e+00 -3.0233e-01 +1.8324e+00 -2.2454e+00
20688 +3.178898092e+00 +3.178898092e+00 +7.944889809e+01 +7.944889809e+01 +7.2012e-01 -3.4049e+00 -8.8569e-01 +9.9883e-01 -2.4330e+00
27073 +1.971506317e+00 +1.971506317e+00 +7.824150632e+01 +7.824150632e+01 -1.2830e-01 -3.4070e+00 -6.4918e-01 +1.2851e+00 -1.8496e+00
28515 +1.358954193e+00 +1.358954193e+00 +7.762895419e+01 +7.762895419e+01 -6.5461e-02 -3.4030e+00 -9.4061e-01 +9.4572e-01 -1.2044e+00
40530 +8.042594851e-01 +8.042594851e-01 +7.707425949e+01 +7.707425949e+01 -3.0973e-01 -3.3741e+00 -9.3517e-01 +9.8587e-01 -1.3928e+00
42030 +6.273186868e-01 +6.273186868e-01 +7.689731869e+01 +7.689731869e+01 -4.9528e-01 -3.3570e+00 -9.2585e-01 +9.9652e-01 -1.3324e+00
% function evaluation | noise-free fitness - Fopt (-2.255000000000e+01) | best noise-free fitness - Fopt | measured fitness | best measured fitness | x1 | x2...
1 +4.047535251e+04 +4.047535251e+04 +4.045280251e+04 +4.045280251e+04 +1.2714e+00 -2.5293e+00 -8.4390e-01 -2.6202e+00 -2.2660e+00
38 +2.527501812e+04 +2.527501812e+04 +2.525246812e+04 +2.525246812e+04 -2.0322e+00 -2.4265e+00 +3.0882e+00 +4.4568e+00 -1.1476e+00
40 +6.794644839e+03 +6.794644839e+03 +6.772094839e+03 +6.772094839e+03 +5.2463e-02 -2.9830e+00 -1.1957e+00 +1.4304e+00 -2.9697e+00
104 +5.203109582e+03 +5.203109582e+03 +5.180559582e+03 +5.180559582e+03 +1.2080e-01 -8.7605e-01 +3.4870e-01 +2.0626e+00 -1.6404e+00
231 +3.848818603e+03 +3.848818603e+03 +3.826268603e+03 +3.826268603e+03 +0.0000e+00 -2.6467e+00 +3.7842e+00 +4.5884e+00 +1.7212e+00
270 +1.039864386e+03 +1.039864386e+03 +1.017314386e+03 +1.017314386e+03 +1.0400e+00 -4.4830e+00 -4.9936e+00 +1.3755e+00 -5.0000e+00
315 +3.798776924e+02 +3.798776924e+02 +3.573276924e+02 +3.573276924e+02 +2.3410e+00 -3.7543e+00 -5.0000e+00 -2.8952e+00 -4.6281e+00
501 +8.865049309e+01 +8.865049309e+01 +6.610049309e+01 +6.610049309e+01 +2.6893e+00 -2.6316e+00 +0.0000e+00 -5.0000e+00 -9.9627e-01
749 +4.463016529e+01 +4.463016529e+01 +2.208016529e+01 +2.208016529e+01 +1.8867e+00 -3.3839e+00 +1.6299e+00 -2.3550e+00 +1.7628e-02
1641 +3.173746212e+01 +3.173746212e+01 +9.187462118e+00 +9.187462118e+00 +1.9379e+00 -2.4785e+00 +1.2757e+00 -1.7099e+00 +8.9855e-02
1896 +2.505561421e+01 +2.505561421e+01 +2.505614211e+00 +2.505614211e+00 +2.4205e+00 -1.7577e+00 +1.1416e+00 -2.9491e+00 +2.4271e-01
16196 +1.496970054e+01 +1.496970054e+01 -7.580299460e+00 -7.580299460e+00 +2.9199e+00 -3.4654e-01 +1.1377e+00 -2.3604e+00 +1.1509e+00
19289 +3.149985881e+00 +3.149985881e+00 -1.940001412e+01 -1.940001412e+01 +2.3048e+00 +1.4211e+00 +2.2606e+00 -1.8546e+00 +1.5537e+00
19386 +2.231193528e+00 +2.231193528e+00 -2.031880647e+01 -2.031880647e+01 +3.0989e+00 +1.4660e+00 +2.0180e+00 -2.0912e+00 +2.2631e+00
36604 +1.478242417e+00 +1.478242417e+00 -2.107175758e+01 -2.107175758e+01 +2.7905e+00 +1.5983e+00 +1.9528e+00 -2.5772e+00 +1.6977e+00
48421 +5.726233112e-01 +5.726233112e-01 -2.197737669e+01 -2.197737669e+01 +2.7098e+00 +2.5929e+00 +2.0057e+00 -2.7126e+00 +1.6782e+00
% function evaluation | noise-free fitness - Fopt (1.366000000000e+01) | best noise-free fitness - Fopt | measured fitness | best measured fitness | x1 | x2...
1 +3.064028999e+04 +3.064028999e+04 +3.065394999e+04 +3.065394999e+04 -7.1083e-02 +3.5008e+00 +4.4788e+00 -4.2596e+00 -3.3310e+00
16 +2.037935433e+03 +2.037935433e+03 +2.051595433e+03 +2.051595433e+03 +4.3118e+00 +3.1303e+00 +1.7009e+00 +2.3044e+00 -2.5847e-02
212 +1.216650084e+02 +1.216650084e+02 +1.353250084e+02 +1.353250084e+02 +5.0000e+00 +2.6148e+00 +4.7867e+00 +3.7321e+00 +1.2398e-01
451 +3.575711443e+01 +3.575711443e+01 +4.941711443e+01 +4.941711443e+01 +5.0000e+00 +2.8852e+00 +5.0000e+00 +2.0483e+00 -8.7004e-01
2867 +2.093159940e+01 +2.093159940e+01 +3.459159940e+01 +3.459159940e+01 +1.5336e+00 +3.0382e+00 +5.0000e+00 +1.6596e+00 +5.8510e-01
4160 +1.540027794e+01 +1.540027794e+01 +2.906027794e+01 +2.906027794e+01 +2.5236e+00 +2.0943e+00 +4.5233e+00 +1.7258e+00 -1.4234e+00
4266 +8.760711177e+00 +8.760711177e+00 +2.242071118e+01 +2.242071118e+01 +2.1482e+00 +2.5100e+00 +3.0275e+00 +2.0373e+00 -2.8352e-01
9509 +6.250238687e+00 +6.250238687e+00 +1.991023869e+01 +1.991023869e+01 +1.2960e+00 +2.7439e+00 +3.8890e+00 +1.4453e+00 -4.7700e-03
13368 +3.688792955e+00 +3.688792955e+00 +1.734879295e+01 +1.734879295e+01 -5.2035e-01 +2.1165e+00 +4.3324e+00 +8.1109e-02 -1.4603e+00
19471 +2.401323579e+00 +2.401323579e+00 +1.606132358e+01 +1.606132358e+01 +3.0025e-01 +2.1451e+00 +3.9444e+00 +6.0929e-01 -1.3187e+00
31931 +5.303730494e-01 +5.303730494e-01 +1.419037305e+01 +1.419037305e+01 +6.7477e-01 +2.4851e+00 +3.2313e+00 +2.9984e-01 -1.1619e+00
% function evaluation | noise-free fitness - Fopt (9.378400000000e+02) | best noise-free fitness - Fopt | measured fitness | best measured fitness | x1 | x2...
1 +2.502670002e+07 +2.502670002e+07 +2.502763786e+07 +2.502763786e+07 -4.3982e+00 +2.0271e+00 -3.2107e+00 +3.9463e+00 -1.5189e+00
2 +8.476159868e+06 +8.476159868e+06 +8.477097708e+06 +8.477097708e+06 +2.2366e+00 +2.5001e+00 -1.7795e+00 +4.7834e-01 +2.9252e+00
3 +3.725643093e+06 +3.725643093e+06 +3.726580933e+06 +3.726580933e+06 -1.7050e+00 -3.5190e+00 -3.3601e+00 +1.0475e+00 +1.7177e-01
4 +1.370941210e+05 +1.370941210e+05 +1.380319610e+05 +1.380319610e+05 -9.4337e-01 -2.6119e+00 +3.1660e+00 -1.2437e+00 +2.3836e+00
15 +1.288535965e+04 +1.288535965e+04 +1.382319965e+04 +1.382319965e+04 +1.0860e+00 +3.0418e+00 +3.4165e-01 +1.4681e+00 -1.4022e+00
77 +1.272400173e+03 +1.272400173e+03 +2.210240173e+03 +2.210240173e+03 +2.3732e+00 +4.6073e+00 -2.8859e-02 +3.1477e+00 -3.3353e+00
85 +1.158773265e+02 +1.158773265e+02 +1.053717327e+03 +1.053717327e+03 +2.8191e+00 -1.6474e+00 +3.5364e+00 +4.0318e+00 +2.2262e+00
390 +7.924012927e+01 +7.924012927e+01 +1.017080129e+03 +1.017080129e+03 +3.7466e-01 -9.8777e-01 -4.0035e-01 +8.7658e-01 +9.6666e-01
478 +5.946434804e+01 +5.946434804e+01 +9.973043480e+02 +9.973043480e+02 +1.9815e+00 -2.9743e+00 +3.6126e+00 +1.8199e+00 +1.3102e+00
5567 +3.890042252e+01 +3.890042252e+01 +9.767404225e+02 +9.767404225e+02 +1.0668e+00 +2.4849e-02 +2.1165e+00 +2.0832e+00 +2.0047e+00
11267 +2.502368069e+01 +2.502368069e+01 +9.628636807e+02 +9.628636807e+02 +9.7849e-01 +2.7946e+00 +2.1361e+00 +2.3043e+00 +1.1845e+00
26355 +1.583811332e+01 +1.583811332e+01 +9.536781133e+02 +9.536781133e+02 +7.9208e-01 +3.8109e+00 +1.8210e+00 +1.0851e+00 -1.2522e+00
48995 +4.798317161e+00 +4.798317161e+00 +9.426383172e+02 +9.426383172e+02 -6.1547e-02 +4.3820e+00 +2.8810e+00 -1.2701e+00 -2.8340e+00
% function evaluation | noise-free fitness - Fopt (-7.872000000000e+01) | best noise-free fitness - Fopt | measured fitness | best measured fitness | x1 | x2...
1 +1.228263258e+07 +1.228263258e+07 +1.228255386e+07 +1.228255386e+07 +3.2830e+00 -2.0025e+00 +8.6130e-02 +3.2045e+00 +4.2735e+00
4 +4.174248623e+04 +4.174248623e+04 +4.166376623e+04 +4.166376623e+04 -1.7941e+00 +3.1496e+00 +4.2919e+00 +5.5618e-01 +1.6019e+00
11 +1.413313110e+04 +1.413313110e+04 +1.405441110e+04 +1.405441110e+04 +3.5539e+00 +3.7341e+00 -9.6074e-01 -2.6563e-01 -1.5775e+00
84 +5.006498547e+01 +5.006498547e+01 -2.865501453e+01 -2.865501453e+01 -1.1615e+00 -2.6355e+00 +2.7049e+00 +1.4774e+00 +5.4958e-01
971 +1.375688796e+01 +1.375688796e+01 -6.496311204e+01 -6.496311204e+01 +2.2740e+00 -1.6689e+00 +0.0000e+00 +1.1998e+00 -2.1103e+00
1043 +4.495195606e+00 +4.495195606e+00 -7.422480439e+01 -7.422480439e+01 +2.3638e+00 -2.3680e+00 -3.1118e+00 +3.4566e-01 -2.2610e+00
3266 +3.246584066e+00 +3.246584066e+00 -7.547341593e+01 -7.547341593e+01 +2.3065e+00 -2.2343e+00 -2.9501e+00 +2.8639e-01 -1.9619e+00
7373 +2.354679980e+00 +2.354679980e+00 -7.636532002e+01 -7.636532002e+01 +2.9872e+00 -2.2394e+00 -3.0025e+00 +2.7031e-01 -2.0033e+00
7849 +1.265866573e+00 +1.265866573e+00 -7.745413343e+01 -7.745413343e+01 +4.4251e+00 -1.7267e+00 -2.5880e+00 +1.7102e-01 -1.5810e+00
13698 +3.009522058e-01 +3.009522058e-01 -7.841904779e+01 -7.841904779e+01 +3.1045e+00 -1.6334e+00 -2.4325e+00 +1.6724e-01 -1.3760e+00
14298 +2.157363368e-01 +2.157363368e-01 -7.850426366e+01 -7.850426366e+01 +3.3015e+00 -1.6172e+00 -2.4127e+00 +1.6740e-01 -1.3744e+00
35317 +1.370002795e-01 +1.370002795e-01 -7.858299972e+01 -7.858299972e+01 +3.4633e+00 -1.5169e+00 -2.3441e+00 +1.7025e-01 -1.3716e+00
36442 +9.548133441e-02 +9.548133441e-02 -7.862451867e+01 -7.862451867e+01 +3.3053e+00 -1.5712e+00 -2.2326e+00 +2.1776e-01 -1.3717e+00
43033 +4.984732342e-02 +4.984732342e-02 -7.867015268e+01 -7.867015268e+01 +3.4977e+00 -1.3722e+00 -2.2159e+00 +2.0156e-01 -1.4139e+00
% function evaluation | noise-free fitness - Fopt (-5.984300000000e+02) | best noise-free fitness - Fopt | measured fitness | best measured fitness | x1 | x2...
1 +2.480880031e+02 +2.480880031e+02 -3.503419969e+02 -3.503419969e+02 -1.0935e+00 +3.7815e+00 +3.4690e+00 +2.6615e+00 -4.3964e+00
413 +9.671261273e+01 +9.671261273e+01 -5.017173873e+02 -5.017173873e+02 +6.9978e-01 -8.9631e-01 +4.2276e+00 -3.3277e+00 -7.1298e-02
1691 +6.160663656e+01 +6.160663656e+01 -5.368233634e+02 -5.368233634e+02 +1.8819e+00 +2.9909e+00 +4.2379e-02 +1.3558e+00 +5.3884e-02
4663 +3.351649944e+01 +3.351649944e+01 -5.649135006e+02 -5.649135006e+02 +4.1780e-02 +8.7406e-02 +1.1939e+00 -3.4100e+00 +1.8520e-01
5381 +2.494129845e+01 +2.494129845e+01 -5.734887015e+02 -5.734887015e+02 +5.0768e-02 +1.0680e+00 +1.1119e-01 -2.6742e+00 +1.5933e-01
5643 +7.040100544e+00 +7.040100544e+00 -5.913898995e+02 -5.913898995e+02 -1.1838e+00 +1.3741e+00 -3.3717e+00 -3.6309e+00 +3.5084e-01
13547 +6.237251381e+00 +6.237251381e+00 -5.921927486e+02 -5.921927486e+02 -1.3663e+00 +1.4485e+00 -2.3392e+00 -3.8439e+00 +2.1161e-02
16578 +3.550208498e+00 +3.550208498e+00 -5.948797915e+02 -5.948797915e+02 -1.5815e+00 +1.3598e+00 -3.1012e+00 -3.7692e+00 -4.6469e-02
30928 +1.969421345e+00 +1.969421345e+00 -5.964605787e+02 -5.964605787e+02 -2.0743e+00 +1.6053e+00 -2.8374e+00 -4.4707e+00 -2.1999e-01
35205 +1.320309315e+00 +1.320309315e+00 -5.971096907e+02 -5.971096907e+02 -2.3073e+00 +1.6152e+00 -2.7690e+00 -4.3414e+00 -5.3584e-01
43431 +7.427629801e-01 +7.427629801e-01 -5.976872370e+02 -5.976872370e+02 -2.9737e+00 +1.3614e+00 -3.1186e+00 -3.3666e+00 -1.6419e+00
% function evaluation | noise-free fitness - Fopt (-8.542000000000e+01) | best noise-free fitness - Fopt | measured fitness | best measured fitness | x1 | x2...
1 +2.047407300e+07 +2.047407300e+07 +2.047398758e+07 +2.047398758e+07 -3.0696e+00 +4.6519e-01 -7.6170e-01 +4.0055e-01 -3.0978e-01
3 +6.873293836e+06 +6.873293836e+06 +6.873208416e+06 +6.873208416e+06 +1.5677e+00 +2.5558e+00 +3.8220e+00 +1.6471e+00 +4.9525e+00
4 +7.109695234e+05 +7.109695234e+05 +7.108841034e+05 +7.108841034e+05 +3.4838e+00 +4.0096e+00 +2.4461e+00 +3.2178e+00 -3.5388e+00
7 +2.825682830e+05 +2.825682830e+05 +2.824828630e+05 +2.824828630e+05 +2.2468e+00 -2.2018e-01 +3.6402e+00 -2.0797e+00 +1.3009e+00
13 +7.440077660e+04 +7.440077660e+04 +7.431535660e+04 +7.431535660e+04 +4.3711e+00 +2.7670e+00 +4.8760e-03 +2.4748e+00 -3.2109e+00
32 +2.639641531e+04 +2.639641531e+04 +2.631099531e+04 +2.631099531e+04 +4.0225e-01 -2.5139e+00 +3.1030e+00 +4.3062e+00 -4.4546e+00
40 +1.400895178e+04 +1.400895178e+04 +1.392353178e+04 +1.392353178e+04 -4.0930e-02 +4.1258e+00 +2.1126e+00 +1.2352e+00 +3.1477e+00
49 +2.875986775e+03 +2.875986775e+03 +2.790566775e+03 +2.790566775e+03 -8.0344e-01 +3.5222e+00 +3.2688e+00 +3.7361e-01 +3.7559e+00
132 +3.141948222e+02 +3.141948222e+02 +2.287748222e+02 +2.287748222e+02 +5.2956e-01 +2.0620e+00 +3.0861e+00 +1.3390e+00 +3.1798e-01
720 +1.891342345e+02 +1.891342345e+02 +1.037142345e+02 +1.037142345e+02 -1.2011e+00 +2.0674e+00 +5.0000e+00 +4.2288e-01 +1.3783e+00
842 +1.103253343e+02 +1.103253343e+02 +2.490533428e+01 +2.490533428e+01 +6.2399e-01 +2.1728e+00 +4.1819e+00 +3.1043e-01 +2.3908e-01
1075 +5.159761150e+01 +5.159761150e+01 -3.382238850e+01 -3.382238850e+01 +3.0444e+00 +0.0000e+00 -1.2892e+00 +3.1883e+00 +3.9666e-02
1172 +7.172712017e+00 +7.172712017e+00 -7.824728798e+01 -7.824728798e+01 +4.2670e+00 +3.2148e-01 -1.4120e+00 +2.7526e+00 -7.5775e-01
5246 +4.415029207e+00 +4.415029207e+00 -8.100497079e+01 -8.100497079e+01 +3.0257e+00 +8.2157e-01 +4.1952e-01 +2.1660e+00 -7.2999e-01
6463 +2.429002965e+00 +2.429002965e+00 -8.299099703e+01 -8.299099703e+01 +3.6403e+00 -2.6391e-01 -3.0310e-01 +2.1953e+00 -6.0921e-01
7387 +1.324603105e+00 +1.324603105e+00 -8.409539690e+01 -8.409539690e+01 +2.0077e+00 -2.9613e-01 +5.5628e-01 +3.0156e+00 -1.0060e+00
8837 +9.583254868e-01 +9.583254868e-01 -8.446167451e+01 -8.446167451e+01 +3.3325e+00 -7.2719e-01 +3.9607e-01 +2.0646e+00 -1.0228e+00
30535 +5.130193146e-01 +5.130193146e-01 -8.490698069e+01 -8.490698069e+01 +2.9701e+00 -1.8886e-01 +5.1193e-01 +2.2787e+00 -1.0283e+00
% function evaluation | noise-free fitness - Fopt (1.932500000000e+02) | best noise-free fitness - Fopt | measured fitness | best measured fitness | x1 | x2...
1 +2.783134398e+07 +2.783134398e+07 +2.783153723e+07 +2.783153723e+07 +2.1818e+00 -1.7215e+00 +2.9309e+00 -2.9230e+00 +3.5447e+00
2 +1.150361286e+07 +1.150361286e+07 +1.150380611e+07 +1.150380611e+07 +1.9831e+00 -1.5959e+00 +4.8539e+00 +2.1431e+00 -4.4093e-01
3 +3.010780533e+06 +3.010780533e+06 +3.010973783e+06 +3.010973783e+06 +5.0510e-01 +4.4576e+00 +3.6270e+00 +4.3285e+00 +3.4602e-01
5 +9.345150999e+02 +9.345150999e+02 +1.127765100e+03 +1.127765100e+03 -2.6442e+00 +4.3191e+00 -4.2683e-01 +1.1128e+00 -1.7729e+00
43 +5.764851144e+02 +5.764851144e+02 +7.697351144e+02 +7.697351144e+02 -1.8457e+00 +3.2697e+00 +3.8763e+00 +3.8525e+00 +9.1897e-01
299 +1.605544928e+02 +1.605544928e+02 +3.538044928e+02 +3.538044928e+02 -3.0882e+00 +5.0000e+00 +5.0000e+00 +3.3445e+00 +5.1840e-01
406 +1.312187003e+02 +1.312187003e+02 +3.244687003e+02 +3.244687003e+02 -3.5183e+00 +3.7011e+00 +5.0000e+00 +2.6616e+00 -1.1169e+00
954 +8.634295083e+01 +8.634295083e+01 +2.795929508e+02 +2.795929508e+02 -4.0792e+00 +3.0684e+00 +3.9249e+00 +9.8099e-01 +0.0000e+00
5116 +5.484458643e+01 +5.484458643e+01 +2.480945864e+02 +2.480945864e+02 -3.0763e+00 +2.9925e+00 +2.0632e+00 +9.6830e-01 +1.9295e+00
14456 +3.555941368e+01 +3.555941368e+01 +2.288094137e+02 +2.288094137e+02 -2.2535e+00 +3.4399e+00 +1.2579e-01 +1.0160e+00 +2.5312e+00
15975 +2.203336104e+01 +2.203336104e+01 +2.152833610e+02 +2.152833610e+02 -1.3782e+00 +3.0619e+00 -2.4188e+00 +7.6421e-01 +1.6974e+00
23327 +3.423042679e+00 +3.423042679e+00 +1.966730427e+02 +1.966730427e+02 -3.0765e+00 +4.1261e+00 -3.5337e+00 -1.8029e+00 +1.8207e+00
47593 +1.097920856e+00 +1.097920856e+00 +1.943479209e+02 +1.943479209e+02 -3.9032e+00 +3.5868e+00 -2.9371e+00 -2.8642e+00 +2.8905e+00
% function evaluation | noise-free fitness - Fopt (-1.815000000000e+02) | best noise-free fitness - Fopt | measured fitness | best measured fitness | x1 | x2...
1 +4.245389813e+06 +4.245389813e+06 +4.245208313e+06 +4.245208313e+06 +4.1391e+00 +1.2907e+00 -3.1351e+00 +2.3886e+00 -3.6468e+00
2 +1.087928611e+06 +1.087928611e+06 +1.087747111e+06 +1.087747111e+06 -3.6495e+00 +4.7690e+00 -1.4289e+00 -2.0187e+00 +3.0280e+00
12 +5.385128302e+05 +5.385128302e+05 +5.383313302e+05 +5.383313302e+05 -2.4556e+00 -1.1323e+00 +4.1734e+00 +7.8685e-01 -3.5927e+00
15 +1.773811447e+05 +1.773811447e+05 +1.771996447e+05 +1.771996447e+05 -4.5724e+00 +4.5691e+00 -3.1209e+00 +6.8102e-01 -2.6048e+00
25 +4.250044323e+03 +4.250044323e+03 +4.068544323e+03 +4.068544323e+03 -3.5228e+00 +3.0986e+00 -3.1346e+00 -1.0611e+00 -3.5777e+00
89 +1.888421640e+03 +1.888421640e+03 +1.706921640e+03 +1.706921640e+03 +1.4127e+00 +1.9323e+00 +1.4233e+00 -3.7003e-01 +3.6057e+00
111 +6.614848664e+02 +6.614848664e+02 +4.799848664e+02 +4.799848664e+02 +1.4084e+00 -8.5845e-01 +3.2978e+00 -3.2396e+00 +5.9207e-01
230 +3.209039728e+02 +3.209039728e+02 +1.394039728e+02 +1.394039728e+02 -4.4409e+00 +3.2268e+00 +5.0000e+00 +1.6286e+00 +4.4741e+00
397 +1.018102825e+02 +1.018102825e+02 -7.968971748e+01 -7.968971748e+01 -3.8201e+00 +3.8013e-01 +5.0000e+00 -3.7243e+00 -5.2814e-01
701 +9.006304649e+01 +9.006304649e+01 -9.143695351e+01 -9.143695351e+01 -2.5652e+00 +7.8438e-01 +4.7726e+00 -1.5901e+00 +1.3864e+00
3690 +6.237566556e+01 +6.237566556e+01 -1.191243344e+02 -1.191243344e+02 -1.7443e+00 +1.6353e+00 +1.9606e+00 +5.4773e-01 +1.0984e+00
5513 +3.587773926e+01 +3.587773926e+01 -1.456222607e+02 -1.456222607e+02 -2.5909e+00 +1.9574e+00 +1.0198e+00 +2.0531e+00 +2.1965e-01
7800 +2.005926310e+01 +2.005926310e+01 -1.614407369e+02 -1.614407369e+02 -1.4275e+00 +1.8710e+00 -2.1269e+00 +3.1105e+00 -1.7914e+00
9111 +1.404468967e+01 +1.404468967e+01 -1.674553103e+02 -1.674553103e+02 +1.1180e+00 +1.5031e+00 -3.5845e+00 +2.3943e-01 -2.0535e+00
15111 +8.172987900e+00 +8.172987900e+00 -1.733270121e+02 -1.733270121e+02 +1.1210e+00 +1.5035e+00 -3.5799e+00 +2.3145e-01 -2.0515e+00
36396 +5.576305370e+00 +5.576305370e+00 -1.759236946e+02 -1.759236946e+02 +6.0894e-01 +1.6125e+00 -3.1532e+00 -2.1126e-01 -1.9933e+00
45708 +2.948695658e+00 +2.948695658e+00 -1.785513043e+02 -1.785513043e+02 -7.5854e-01 +2.3272e+00 -3.4166e+00 +1.3293e-01 -2.2607e+00
% function evaluation | noise-free fitness - Fopt (4.526200000000e+02) | best noise-free fitness - Fopt | measured fitness | best measured fitness | x1 | x2...
1 +8.505084231e+06 +8.505084231e+06 +8.505536851e+06 +8.505536851e+06 +4.7442e+00 -3.3264e+00 -3.7428e+00 +4.7825e+00 +4.6289e+00
2 +2.885941539e+06 +2.885941539e+06 +2.886394159e+06 +2.886394159e+06 +1.9168e+00 -1.4869e+00 -7.4932e-01 +3.7339e+00 +1.9281e+00
3 +4.710969848e+05 +4.710969848e+05 +4.715496048e+05 +4.715496048e+05 -1.0667e+00 +8.8422e-01 +4.6584e+00 +5.3660e-01 -1.0388e+00
18 +3.084957745e+05 +3.084957745e+05 +3.089483945e+05 +3.089483945e+05 -1.2053e+00 -2.9404e+00 +7.6024e-01 +1.5392e+00 +3.1141e+00
24 +4.272191378e+02 +4.272191378e+02 +8.798391378e+02 +8.798391378e+02 -1.8276e+00 -2.3360e-01 +4.5472e+00 +3.3816e+00 +2.1159e+00
201 +1.228568360e+01 +1.228568360e+01 +4.649056836e+02 +4.649056836e+02 -3.3161e+00 +1.6002e+00 +5.0000e+00 +1.2217e+00 -1.9246e+00
906 +5.644846903e+00 +5.644846903e+00 +4.582648469e+02 +4.582648469e+02 -1.1070e+00 +8.3918e-01 +4.8865e+00 +1.1222e+00 -1.9298e+00
3843 +3.106769100e+00 +3.106769100e+00 +4.557267691e+02 +4.557267691e+02 -1.4468e+00 +9.3184e-01 +3.2830e+00 +2.0294e+00 -2.8507e+00
8051 +2.472259512e+00 +2.472259512e+00 +4.550922595e+02 +4.550922595e+02 -8.8863e-01 +7.6627e-01 +3.9325e+00 +1.8520e+00 -2.3244e+00
12452 +9.205568026e-01 +9.205568026e-01 +4.535405568e+02 +4.535405568e+02 -1.3239e+00 +6.1148e-01 +3.6409e+00 +1.4889e+00 -2.3444e+00
29519 +5.057106841e-01 +5.057106841e-01 +4.531257107e+02 +4.531257107e+02 -1.3474e+00 +3.0546e-01 +3.1782e+00 +1.2372e+00 -2.3961e+00
33519 +2.646144754e-01 +2.646144754e-01 +4.528846145e+02 +4.528846145e+02 -1.3477e+00 +3.0605e-01 +3.1780e+00 +1.2428e+00 -2.3938e+00
37019 +2.267924011e-01 +2.267924011e-01 +4.528467924e+02 +4.528467924e+02 -1.3478e+00 +3.0694e-01 +3.1780e+00 +1.2443e+00 -2.3946e+00
% function evaluation | noise-free fitness - Fopt (-1.184600000000e+02) | best noise-free fitness - Fopt | measured fitness | best measured fitness | x1 | x2...
1 +5.114579189e+07 +5.114579189e+07 +5.114567343e+07 +5.114567343e+07 +3.4862e+00 +4.7830e+00 -2.6728e+00 -3.8662e+00 +2.0258e+00
6 +1.232161093e+07 +1.232161093e+07 +1.232149247e+07 +1.232149247e+07 -4.7551e+00 -2.2470e+00 -5.0740e-01 +4.0021e+00 +2.7986e+00
8 +7.110518913e+06 +7.110518913e+06 +7.110400453e+06 +7.110400453e+06 -1.0936e+00 -2.5403e-02 -4.6064e+00 +1.6579e+00 -6.3318e-01
12 +6.209301037e+05 +6.209301037e+05 +6.208116437e+05 +6.208116437e+05 -2.1498e+00 -2.1982e+00 -2.5280e+00 +2.8041e+00 -2.8130e+00
13 +5.079458064e+04 +5.079458064e+04 +5.067612064e+04 +5.067612064e+04 -1.6273e+00 -4.9805e+00 -2.9614e+00 -4.7171e+00 -4.6338e+00
73 +1.603956759e+02 +1.603956759e+02 +4.193567592e+01 +4.193567592e+01 -6.9530e-01 +4.2788e+00 +4.2586e-01 +2.4877e+00 -4.6979e+00
356 +9.273323566e+01 +9.273323566e+01 -2.572676434e+01 -2.572676434e+01 -4.1935e-01 +2.4102e+00 -4.3387e+00 +3.8856e+00 -4.5065e+00
767 +4.384112813e+01 +4.384112813e+01 -7.461887187e+01 -7.461887187e+01 -7.0328e-01 +1.3237e+00 -3.9466e+00 +3.9742e+00 -4.5281e+00
1813 +3.137060409e+01 +3.137060409e+01 -8.708939591e+01 -8.708939591e+01 -7.4017e-01 +8.6843e-01 -4.2019e+00 +3.0075e+00 -4.4508e+00
2433 +1.120948659e+01 +1.120948659e+01 -1.072505134e+02 -1.072505134e+02 -1.3641e+00 -9.4312e-01 -3.0723e+00 +1.7355e+00 -4.3179e+00
2515 +7.336113478e+00 +7.336113478e+00 -1.111238865e+02 -1.111238865e+02 -1.3449e+00 -1.1892e+00 -2.9319e+00 +7.3453e-01 -4.3285e+00
8105 +4.286815794e+00 +4.286815794e+00 -1.141731842e+02 -1.141731842e+02 -1.3573e+00 -2.2314e+00 -3.0495e+00 +4.1148e-01 -4.4515e+00
9384 +2.871681302e+00 +2.871681302e+00 -1.155883187e+02 -1.155883187e+02 -1.7000e+00 -2.6088e+00 -3.3094e+00 +8.3117e-01 -4.1908e+00
10382 +2.130044832e+00 +2.130044832e+00 -1.163299552e+02 -1.163299552e+02 -2.2309e+00 -3.1586e+00 -2.0542e+00 +1.0531e+00 -4.0521e+00
18111 +3.866249040e-01 +3.866249040e-01 -1.180733751e+02 -1.180733751e+02 -2.2159e+00 -3.3126e+00 -2.5879e+00 +1.0316e+00 -3.9920e+00
% function evaluation | noise-free fitness - Fopt (9.973000000000e+01) | best noise-free fitness - Fopt | measured fitness | best measured fitness | x1 | x2...
1 +3.058847398e+06 +3.058847398e+06 +3.058947128e+06 +3.058947128e+06 -4.7220e+00 +1.0883e+00 +3.0493e+00 -3.4070e+00 +2.4070e+00
4 +3.658038309e+03 +3.658038309e+03 +3.757768309e+03 +3.757768309e+03 -3.7326e+00 +7.9240e-01 +2.2515e+00 -2.2181e+00 -1.2829e+00
209 +8.521702868e+02 +8.521702868e+02 +9.519002868e+02 +9.519002868e+02 -3.3208e+00 +4.2805e-01 -1.6380e+00 -3.9552e+00 +1.2899e+00
404 +5.265207484e+02 +5.265207484e+02 +6.262507484e+02 +6.262507484e+02 -2.7641e+00 +2.1129e+00 +1.9646e+00 -8.8087e-01 -2.1124e+00
581 +5.355158663e+01 +5.355158663e+01 +1.532815866e+02 +1.532815866e+02 -2.8517e+00 +2.0691e+00 +1.6649e+00 +3.3463e+00 +2.2243e+00
969 +3.848256008e+01 +3.848256008e+01 +1.382125601e+02 +1.382125601e+02 -2.2711e+00 +2.1365e+00 +7.8076e-02 +2.4942e+00 +3.5447e+00
1315 +2.473757077e+01 +2.473757077e+01 +1.244675708e+02 +1.244675708e+02 -4.2243e+00 +1.5546e-01 -7.0515e-01 +5.8678e-01 +3.7812e+00
1409 +1.074890712e+01 +1.074890712e+01 +1.104789071e+02 +1.104789071e+02 -3.7512e+00 -1.0996e-01 -4.1858e+00 -4.1861e+00 +2.7996e+00
4264 +6.943610805e+00 +6.943610805e+00 +1.066736108e+02 +1.066736108e+02 -4.0806e+00 +1.7322e-02 -3.8103e+00 -2.4914e+00 +2.6722e+00
5897 +5.730770118e+00 +5.730770118e+00 +1.054607701e+02 +1.054607701e+02 -2.2294e+00 +1.1401e+00 +0.0000e+00 -2.6801e+00 +2.9606e+00
6968 +2.742057603e+00 +2.742057603e+00 +1.024720576e+02 +1.024720576e+02 -3.7589e+00 +7.9831e-01 -1.6042e+00 -1.6152e+00 +6.0385e-01
12514 +2.426429017e+00 +2.426429017e+00 +1.021564290e+02 +1.021564290e+02 -3.7428e+00 +6.5992e-01 -1.5993e+00 -1.5539e+00 +1.3332e+00
13294 +1.569903277e+00 +1.569903277e+00 +1.012999033e+02 +1.012999033e+02 -3.7943e+00 +2.5327e-01 -2.6394e+00 -3.3449e+00 +1.4491e+00
27602 +7.112340769e-01 +7.112340769e-01 +1.004412341e+02 +1.004412341e+02 -3.2769e+00 +5.7134e-01 -1.9543e+00 -3.4525e+00 +1.5568e+00
30586 +4.198994157e-01 +4.198994157e-01 +1.001498994e+02 +1.001498994e+02 -3.2364e+00 +5.2929e-01 -1.9415e+00 -3.0779e+00 +2.2616e+00
30914 +8.698021574e-02 +8.698021574e-02 +9.981698022e+01 +9.981698022e+01 -3.2347e+00 +6.3583e-01 -1.8635e+00 -3.0689e+00 +1.7811e+00
% function evaluation | noise-free fitness - Fopt (4.044000000000e+01) | best noise-free fitness - Fopt | measured fitness | best measured fitness | x1 | x2...
1 +1.356948154e+07 +1.356948154e+07 +1.356952198e+07 +1.356952198e+07 +6.8451e-01 -2.8652e+00 -3.2198e+00 +3.0376e+00 +1.9487e+00
3 +8.940814778e+06 +8.940814778e+06 +8.940855218e+06 +8.940855218e+06 -3.1701e-01 -1.5777e-01 -2.8570e+00 +2.6916e-01 -8.5960e-01
4 +5.930611079e+06 +5.930611079e+06 +5.930651519e+06 +5.930651519e+06 +3.9034e+00 -3.7930e+00 -1.5310e+00 -3.5305e+00 -2.7651e-01
5 +3.641675586e+05 +3.641675586e+05 +3.642079986e+05 +3.642079986e+05 +4.8430e+00 +2.5172e+00 +7.8458e-01 +9.4103e-01 -2.1877e+00
11 +1.726167377e+05 +1.726167377e+05 +1.726571777e+05 +1.726571777e+05 +3.8184e+00 +7.2075e-01 +1.1083e+00 -2.5135e+00 -4.7789e+00
25 +2.050546482e+04 +2.050546482e+04 +2.054590482e+04 +2.054590482e+04 +3.0505e-01 -3.8009e+00 +1.4984e+00 -4.2028e+00 +1.5904e+00
27 +2.127899739e+03 +2.127899739e+03 +2.168339739e+03 +2.168339739e+03 +2.1704e+00 -1.3490e+00 -4.5579e+00 -1.0982e+00 -1.2285e-01
284 +8.688117395e+01 +8.688117395e+01 +1.273211739e+02 +1.273211739e+02 +2.8410e+00 -3.9923e+00 -1.6623e+00 -8.5509e-01 +1.0402e+00
465 +4.632677047e+01 +4.632677047e+01 +8.676677047e+01 +8.676677047e+01 +2.3782e+00 -1.3776e+00 -3.9092e+00 -7.9095e-01 +7.7113e-01
1293 +1.793190977e+01 +1.793190977e+01 +5.837190977e+01 +5.837190977e+01 +1.2005e+00 +3.2376e-01 -1.5773e-01 -2.9825e+00 +1.4921e+00
1493 +1.179858170e+01 +1.179858170e+01 +5.223858170e+01 +5.223858170e+01 +1.1532e+00 +3.3162e-01 -2.8071e-01 -2.9975e+00 +1.4687e+00
4962 +6.605255119e+00 +6.605255119e+00 +4.704525512e+01 +4.704525512e+01 +1.1259e+00 +3.0196e+00 -3.3311e-01 -3.0150e+00 +1.4617e+00
5075 +5.781139677e+00 +5.781139677e+00 +4.622113968e+01 +4.622113968e+01 +1.5367e+00 +3.0551e+00 +1.6264e-01 -2.6618e+00 +1.6608e+00
7003 +3.012041789e+00 +3.012041789e+00 +4.345204179e+01 +4.345204179e+01 +1.7555e+00 +3.3129e+00 +2.3560e+00 -2.9388e+00 +2.1161e+00
7035 +2.487218356e+00 +2.487218356e+00 +4.292721836e+01 +4.292721836e+01 +1.6766e+00 +3.5659e+00 +1.7336e+00 -2.8881e+00 +1.9297e+00
9633 +1.081614990e+00 +1.081614990e+00 +4.152161499e+01 +4.152161499e+01 +1.5759e+00 +2.0937e+00 +9.5579e-01 -2.7817e+00 +1.9317e+00
13403 +9.553203073e-01 +9.553203073e-01 +4.139532031e+01 +4.139532031e+01 +1.5555e+00 +2.8580e+00 +1.2341e+00 -2.8449e+00 +2.1019e+00
39239 +5.421305739e-01 +5.421305739e-01 +4.098213057e+01 +4.098213057e+01 +1.7133e+00 +3.0084e+00 +1.3110e+00 -2.6980e+00 +2.0772e+00
% function evaluation | noise-free fitness - Fopt (-1.216000000000e+02) | best noise-free fitness - Fopt | measured fitness | best measured fitness | x1 | x2...
1 +9.695464109e+06 +9.695464109e+06 +9.695342509e+06 +9.695342509e+06 -2.2059e+00 -3.3824e+00 +4.5010e+00 -2.7239e+00 +7.1943e-01
3 +2.545788231e+06 +2.545788231e+06 +2.545666631e+06 +2.545666631e+06 -3.9972e-01 -1.3432e+00 +1.1196e+00 -3.4402e+00 -2.8902e+00
4 +1.080191888e+06 +1.080191888e+06 +1.080070288e+06 +1.080070288e+06 -3.6968e+00 +3.1781e+00 -8.9683e-01 +2.5000e+00 +7.8663e-01
9 +7.911670592e+05 +7.911670592e+05 +7.910454592e+05 +7.910454592e+05 -1.0445e+00 -2.6383e+00 +1.5683e+00 +5.4529e-01 -4.6605e+00
11 +1.396766701e+05 +1.396766701e+05 +1.395550701e+05 +1.395550701e+05 -3.4207e+00 -2.2556e+00 -1.4413e+00 -3.2635e+00 -4.1921e+00
18 +9.490906015e+04 +9.490906015e+04 +9.478746015e+04 +9.478746015e+04 +4.6040e-01 +3.2187e+00 -1.0089e+00 -6.4524e-02 +2.9474e+00
21 +5.805550688e+04 +5.805550688e+04 +5.793390688e+04 +5.793390688e+04 -2.5408e+00 -8.1509e-01 -3.5943e-01 -2.5447e+00 +1.0699e+00
44 +1.696451003e+04 +1.696451003e+04 +1.684291003e+04 +1.684291003e+04 -2.3625e+00 +4.7680e+00 -2.9180e+00 +4.0550e+00 -1.9551e+00
54 +1.333348127e+04 +1.333348127e+04 +1.321188127e+04 +1.321188127e+04 -3.0033e+00 +1.5198e+00 -1.7786e+00 +1.5207e-02 +1.1409e-01
85 +8.564915180e+03 +8.564915180e+03 +8.443315180e+03 +8.443315180e+03 -2.9721e+00 -1.6637e-01 -8.2099e-01 +5.4152e-01 -2.0556e+00
174 +3.844195951e+02 +3.844195951e+02 +2.628195951e+02 +2.628195951e+02 -1.5149e+00 -2.0904e+00 +6.2249e-02 +6.4626e-01 -5.0000e+00
182 +4.123006448e+01 +4.123006448e+01 -8.036993552e+01 -8.036993552e+01 -5.7119e-01 +1.0973e+00 -2.4702e-01 +2.0539e+00 +1.5313e+00
608 +1.227507789e+01 +1.227507789e+01 -1.093249221e+02 -1.093249221e+02 -3.5850e+00 -2.2233e+00 +3.2880e-01 +0.0000e+00 +7.1881e-01
3093 +6.292407917e+00 +6.292407917e+00 -1.153075921e+02 -1.153075921e+02 -2.3329e+00 -1.1913e-01 -3.2416e-01 +9.4765e-01 +7.6738e-01
13042 +3.741043084e+00 +3.741043084e+00 -1.178589569e+02 -1.178589569e+02 -3.8558e+00 -1.3504e+00 +2.1057e-02 +8.4591e-01 +1.1108e+00
15894 +7.077815569e-01 +7.077815569e-01 -1.208922184e+02 -1.208922184e+02 -2.8118e+00 -1.3688e+00 -1.4853e-02 +6.7583e-01 -6.4129e-01
27739 +4.183342455e-01 +4.183342455e-01 -1.211816658e+02 -1.211816658e+02 -3.0598e+00 -1.1425e+00 -9.9563e-02 +9.6655e-01 -3.8580e-01
28664 +1.202073828e-01 +1.202073828e-01 -1.214797926e+02 -1.214797926e+02 -3.2174e+00 -1.1999e+00 -7.3863e-02 +1.3419e+00 -6.8655e-01
36264 +8.316112768e-02 +8.316112768e-02 -1.215168389e+02 -1.215168389e+02 -3.2175e+00 -1.1687e+00 -7.4002e-02 +1.4293e+00 -6.8598e-01
38464 +1.353921507e-02 +1.353921507e-02 -1.215864608e+02 -1.215864608e+02 -3.2175e+00 -1.1648e+00 -7.4630e-02 +1.4345e+00 -6.8592e-01
40364 +7.714431729e-03 +7.714431729e-03 -1.215922856e+02 -1.215922856e+02 -3.2175e+00 -1.1647e+00 -7.4585e-02 +1.4355e+00 -6.8593e-01
% function evaluation | noise-free fitness - Fopt (-3.811000000000e+01) | best noise-free fitness - Fopt | measured fitness | best measured fitness | x1 | x2...
1 +8.416473489e+06 +8.416473489e+06 +8.416435379e+06 +8.416435379e+06 -1.4458e+00 +7.0274e-01 +3.4637e+00 -1.1071e+00 +1.0345e+00
5 +2.971627964e+06 +2.971627964e+06 +2.971589854e+06 +2.971589854e+06 +6.3189e-01 +1.0169e+00 +1.5246e+00 +4.9148e+00 -4.6086e+00
8 +2.311303965e+06 +2.311303965e+06 +2.311265855e+06 +2.311265855e+06 -3.9239e+00 -1.7634e+00 -2.2516e+00 -2.1903e+00 -3.4751e+00
9 +4.625277520e+05 +4.625277520e+05 +4.624896420e+05 +4.624896420e+05 -3.9587e+00 -1.1653e+00 +2.4253e+00 +1.2159e+00 -4.1787e-01
13 +5.036713163e+04 +5.036713163e+04 +5.032902163e+04 +5.032902163e+04 -2.1849e+00 -8.6788e-01 -8.9473e-01 -3.3675e+00 -3.6991e+00
15 +2.689844456e+02 +2.689844456e+02 +2.308744456e+02 +2.308744456e+02 -3.7747e+00 +4.4819e+00 +2.3661e+00 +1.5024e+00 -6.1667e-01
320 +1.035631955e+02 +1.035631955e+02 +6.545319548e+01 +6.545319548e+01 -3.2353e+00 +4.9002e+00 +1.0185e+00 +4.0383e+00 +8.6997e-02
617 +9.554800189e+01 +9.554800189e+01 +5.743800189e+01 +5.743800189e+01 -3.0615e+00 +4.8552e+00 -1.6456e+00 +3.8822e+00 -1.1511e-01
1365 +6.013087534e+01 +6.013087534e+01 +2.202087534e+01 +2.202087534e+01 -3.8579e+00 +4.2280e+00 -3.3844e+00 -2.3509e+00 -2.4351e+00
4787 +3.685583696e+01 +3.685583696e+01 -1.254163040e+00 -1.254163040e+00 -3.3584e+00 +2.9927e+00 -9.2559e-01 +2.0578e+00 -4.1934e-01
9099 +2.071108393e+01 +2.071108393e+01 -1.739891607e+01 -1.739891607e+01 -3.5572e+00 +1.0506e+00 +1.4298e+00 -1.8390e-01 -9.9433e-01
12770 +1.317134595e+01 +1.317134595e+01 -2.493865405e+01 -2.493865405e+01 -4.6972e+00 -2.9696e-02 -1.1015e-01 -9.5864e-01 -1.9588e-01
13151 +9.561608846e+00 +9.561608846e+00 -2.854839115e+01 -2.854839115e+01 -3.9508e+00 -1.3523e+00 +6.7131e-01 -8.3698e-01 -5.1191e-01
18111 +3.249132871e+00 +3.249132871e+00 -3.486086713e+01 -3.486086713e+01 -2.7296e+00 -1.7162e+00 -1.7739e+00 +7.6929e-01 -6.7503e-01
26911 +2.189110700e+00 +2.189110700e+00 -3.592088930e+01 -3.592088930e+01 -2.7297e+00 -1.7291e+00 -1.7741e+00 +7.6657e-01 -6.7525e-01
38723 +1.148149098e+00 +1.148149098e+00 -3.696185090e+01 -3.696185090e+01 -2.8879e+00 -2.2228e+00 -2.1773e+00 -3.3603e-01 -9.9532e-01
41110 +7.233067478e-01 +7.233067478e-01 -3.738669325e+01 -3.738669325e+01 -3.0304e+00 -2.3063e+00 -1.5343e+00 -6.3065e-01 -1.0060e+00
46906 +4.217463773e-01 +4.217463773e-01 -3.768825362e+01 -3.768825362e+01 -2.8580e+00 -2.1676e+00 -1.5123e+00 -2.9631e-01 -1.0123e+00
