% function evaluation | noise-free fitness - Fopt (9.294000000000e+01) | best noise-free fitness - Fopt | measured fitness | best measured fitness | x1 | x2...
1 +6.282227151e+01 +6.282227151e+01 +1.557622715e+02 +1.557622715e+02 +2.4124e+00 -7.1438e-02 -1.2075e-01
4 +6.848118583e+00 +6.848118583e+00 +9.978811858e+01 +9.978811858e+01 +1.4998e-01 +2.0681e+00 +2.4949e+00
54 +5.036065301e+00 +5.036065301e+00 +9.797606530e+01 +9.797606530e+01 -1.9335e-01 +1.4937e+00 +3.5314e+00
94 +1.256455091e+00 +1.256455091e+00 +9.419645509e+01 +9.419645509e+01 -1.0894e-01 +1.1121e+00 +1.8524e+00
154 +6.347673317e-01 +6.347673317e-01 +9.357476733e+01 +9.357476733e+01 -4.2100e-01 +7.8238e-01 +6.4569e-01
406 +4.279181196e-01 +4.279181196e-01 +9.336791812e+01 +9.336791812e+01 -7.5548e-02 +6.3748e-01 +2.2656e-01
575 +3.962420865e-01 +3.962420865e-01 +9.333624209e+01 +9.333624209e+01 -2.1543e-01 +8.5001e-01 +2.7895e-01
719 +1.658841307e-01 +1.658841307e-01 +9.310588413e+01 +9.310588413e+01 -2.7515e-01 +7.4988e-01 +1.2491e-01
859 +1.155785774e-01 +1.155785774e-01 +9.305557858e+01 +9.305557858e+01 -3.3660e-01 +7.5300e-01 +1.8357e-01
870 +3.227848726e-03 +3.227848726e-03 +9.294322785e+01 +9.294322785e+01 -2.3110e-01 +7.0729e-01 +2.2549e-01
1430 +1.455092900e-07 +1.455092900e-07 +9.294000015e+01 +9.294000015e+01 -2.1939e-01 +7.0389e-01 +2.7174e-01
1728 +1.482248990e-09 +1.482248990e-09 +9.294000000e+01 +9.294000000e+01 -2.3892e-01 +7.1789e-01 +2.7987e-01
% function evaluation | noise-free fitness - Fopt (3.535000000000e+01) | best noise-free fitness - Fopt | measured fitness | best measured fitness | x1 | x2...
1 +8.662722842e+01 +8.662722842e+01 +1.219772284e+02 +1.219772284e+02 +2.7696e+00 +8.0344e-02 -4.4736e+00
14 +1.264830307e+01 +1.264830307e+01 +4.799830307e+01 +4.799830307e+01 +2.9076e+00 +1.4345e+00 +8.7778e-01
99 +3.475569956e+00 +3.475569956e+00 +3.882556996e+01 +3.882556996e+01 +3.3964e+00 +9.1982e-01 -2.0221e-01
298 +2.073327041e+00 +2.073327041e+00 +3.742332704e+01 +3.742332704e+01 +3.1849e+00 +7.1161e-01 +5.0819e-02
389 +1.472204181e+00 +1.472204181e+00 +3.682220418e+01 +3.682220418e+01 +2.8090e+00 +8.3530e-01 +1.1345e+00
665 +6.129924411e-01 +6.129924411e-01 +3.596299244e+01 +3.596299244e+01 +2.6154e+00 +9.8442e-01 +2.2370e+00
1490 +2.426514442e-01 +2.426514442e-01 +3.559265144e+01 +3.559265144e+01 +2.0077e+00 +1.4030e+00 +3.1844e+00
1574 +2.880867781e-02 +2.880867781e-02 +3.537880868e+01 +3.537880868e+01 +1.8948e+00 +1.4486e+00 +3.6727e+00
2228 +1.472204181e-02 +1.472204181e-02 +3.536472204e+01 +3.536472204e+01 +1.8582e+00 +1.4383e+00 +3.7379e+00
3678 +3.200964201e-03 +3.200964201e-03 +3.535320096e+01 +3.535320096e+01 +1.8113e+00 +1.4728e+00 +3.8729e+00
3821 +3.480378723e-07 +3.480378723e-07 +3.535000035e+01 +3.535000035e+01 +1.7936e+00 +1.4738e+00 +3.9507e+00
3856 +1.816837027e-07 +1.816837027e-07 +3.535000018e+01 +3.535000018e+01 +1.7868e+00 +1.4758e+00 +3.9658e+00
4036 +1.450648170e-07 +1.450648170e-07 +3.535000015e+01 +3.535000015e+01 +1.7676e+00 +1.4790e+00 +3.9625e+00
4041 +1.647524783e-08 +1.647524783e-08 +3.535000002e+01 +3.535000002e+01 +1.7844e+00 +1.4805e+00 +3.9857e+00
4191 +1.362607804e-08 +1.362607804e-08 +3.535000001e+01 +3.535000001e+01 +1.7622e+00 +1.4924e+00 +3.9733e+00
4479 +3.013894911e-09 +3.013894911e-09 +3.535000000e+01 +3.535000000e+01 +1.7656e+00 +1.4981e+00 +3.9758e+00
% function evaluation | noise-free fitness - Fopt (3.820000000000e+00) | best noise-free fitness - Fopt | measured fitness | best measured fitness | x1 | x2...
1 +3.314935691e+02 +3.314935691e+02 +3.353135691e+02 +3.353135691e+02 +2.1175e+00 +3.9902e+00 +1.3960e-03
5 +4.072988372e+01 +4.072988372e+01 +4.454988372e+01 +4.454988372e+01 +2.9587e+00 -4.2384e+00 +1.9416e+00
12 +9.366903163e+00 +9.366903163e+00 +1.318690316e+01 +1.318690316e+01 +4.6960e+00 -4.3209e+00 +1.3921e+00
71 +6.073606094e+00 +6.073606094e+00 +9.893606094e+00 +9.893606094e+00 +3.0233e+00 +2.2384e+00 +2.2603e+00
148 +2.739943010e+00 +2.739943010e+00 +6.559943010e+00 +6.559943010e+00 +3.7575e+00 +3.5498e+00 +2.5202e+00
190 +8.136919842e-01 +8.136919842e-01 +4.633691984e+00 +4.633691984e+00 +4.3653e+00 +0.0000e+00 +1.6826e+00
669 +5.442438925e-01 +5.442438925e-01 +4.364243892e+00 +4.364243892e+00 +4.3456e+00 -5.5730e-01 +1.4309e+00
858 +3.889288447e-01 +3.889288447e-01 +4.208928845e+00 +4.208928845e+00 +4.2674e+00 +1.1067e+00 +1.8222e+00
907 +2.105461870e-01 +2.105461870e-01 +4.030546187e+00 +4.030546187e+00 +4.0503e+00 +4.9242e-02 +1.7662e+00
1239 +1.288499372e-01 +1.288499372e-01 +3.948849937e+00 +3.948849937e+00 +4.0922e+00 +1.2125e-01 +1.7264e+00
1457 +6.482024389e-02 +6.482024389e-02 +3.884820244e+00 +3.884820244e+00 +4.0005e+00 +1.4581e+00 +1.9499e+00
1539 +4.719397715e-02 +4.719397715e-02 +3.867193977e+00 +3.867193977e+00 +3.9859e+00 +8.1480e-01 +1.7960e+00
1852 +1.843348531e-02 +1.843348531e-02 +3.838433485e+00 +3.838433485e+00 +3.9944e+00 +1.0775e+00 +1.8953e+00
1989 +3.858396638e-07 +3.858396638e-07 +3.820000386e+00 +3.820000386e+00 +3.9897e+00 +1.1401e+00 +1.9074e+00
2302 +6.290903354e-08 +6.290903354e-08 +3.820000063e+00 +3.820000063e+00 +3.9859e+00 +1.1723e+00 +1.9014e+00
3093 +1.859548071e-08 +1.859548071e-08 +3.820000019e+00 +3.820000019e+00 +3.9953e+00 +1.1790e+00 +1.8674e+00
3100 +1.574359931e-08 +1.574359931e-08 +3.820000016e+00 +3.820000016e+00 +3.9867e+00 +1.1799e+00 +1.8952e+00
3225 +1.814788320e-10 +1.814788320e-10 +3.820000000e+00 +3.820000000e+00 +3.9975e+00 +1.1781e+00 +1.8949e+00
% function evaluation | noise-free fitness - Fopt (2.175000000000e+01) | best noise-free fitness - Fopt | measured fitness | best measured fitness | x1 | x2...
1 +1.343493071e+02 +1.343493071e+02 +1.560993071e+02 +1.560993071e+02 +2.9539e+00 -1.5437e+00 -3.8292e+00
14 +7.405611556e+01 +7.405611556e+01 +9.580611556e+01 +9.580611556e+01 -4.4292e-01 -3.6165e+00 +6.0770e-03
18 +4.654972115e+00 +4.654972115e+00 +2.640497211e+01 +2.640497211e+01 +3.0036e+00 +1.0365e+00 -7.0737e-01
103 +2.277592313e+00 +2.277592313e+00 +2.402759231e+01 +2.402759231e+01 +3.6532e+00 +1.7839e+00 -6.9531e-01
175 +4.859197849e-01 +4.859197849e-01 +2.223591978e+01 +2.223591978e+01 +3.7099e+00 +1.2566e+00 -7.1325e-01
790 +3.870557227e-01 +3.870557227e-01 +2.213705572e+01 +2.213705572e+01 +3.8645e+00 +8.3975e-01 -1.3380e+00
903 +2.381041679e-01 +2.381041679e-01 +2.198810417e+01 +2.198810417e+01 +3.7450e+00 +1.0521e+00 -9.3633e-01
923 +3.156259882e-02 +3.156259882e-02 +2.178156260e+01 +2.178156260e+01 +3.6590e+00 +1.0099e+00 -9.9706e-01
1011 +1.065601281e-02 +1.065601281e-02 +2.176065601e+01 +2.176065601e+01 +3.8156e+00 +7.3037e-01 -1.1949e+00
2460 +3.181966441e-07 +3.181966441e-07 +2.175000032e+01 +2.175000032e+01 +3.7643e+00 +8.5507e-01 -1.1204e+00
2565 +1.291892104e-08 +1.291892104e-08 +2.175000001e+01 +2.175000001e+01 +3.7635e+00 +8.9511e-01 -1.1020e+00
2925 +9.744027807e-10 +9.744027807e-10 +2.175000000e+01 +2.175000000e+01 +3.7637e+00 +8.9423e-01 -1.1002e+00
% function evaluation | noise-free fitness - Fopt (6.479000000000e+01) | best noise-free fitness - Fopt | measured fitness | best measured fitness | x1 | x2...
1 +1.297834206e+02 +1.297834206e+02 +1.945734206e+02 +1.945734206e+02 -4.8907e-01 -3.1567e+00 -1.1555e+00
6 +4.641132883e+01 +4.641132883e+01 +1.112013288e+02 +1.112013288e+02 +9.8063e-02 +2.0047e+00 -2.2840e-01
18 +1.378275725e+01 +1.378275725e+01 +7.857275725e+01 +7.857275725e+01 -1.3940e+00 +1.6036e+00 -3.2403e+00
97 +6.836469338e+00 +6.836469338e+00 +7.162646934e+01 +7.162646934e+01 -1.8592e+00 -1.7784e+00 -2.1172e+00
117 +1.925271087e+00 +1.925271087e+00 +6.671527109e+01 +6.671527109e+01 -2.1056e+00 -2.9627e+00 +8.2805e-01
157 +1.472427612e+00 +1.472427612e+00 +6.626242761e+01 +6.626242761e+01 -1.9704e+00 -2.9827e+00 +1.1967e+00
251 +9.763277850e-01 +9.763277850e-01 +6.576632778e+01 +6.576632778e+01 -2.0001e+00 -2.1204e+00 -6.8407e-01
387 +5.941406311e-01 +5.941406311e-01 +6.538414063e+01 +6.538414063e+01 -1.7677e+00 -2.3511e+00 +6.8158e-01
642 +3.719064659e-01 +3.719064659e-01 +6.516190647e+01 +6.516190647e+01 -1.8940e+00 -1.6754e+00 -6.1302e-01
1458 +1.933618631e-01 +1.933618631e-01 +6.498336186e+01 +6.498336186e+01 -1.9039e+00 -2.0298e+00 -2.2708e-01
1511 +1.571932156e-01 +1.571932156e-01 +6.494719322e+01 +6.494719322e+01 -1.9732e+00 -2.2326e+00 -3.4538e-01
1866 +3.189859933e-02 +3.189859933e-02 +6.482189860e+01 +6.482189860e+01 -1.9451e+00 -2.2880e+00 -1.1762e-01
2123 +1.345749219e-02 +1.345749219e-02 +6.480345749e+01 +6.480345749e+01 -1.8632e+00 -2.0485e+00 -5.4789e-02
2431 +5.504590793e-03 +5.504590793e-03 +6.479550459e+01 +6.479550459e+01 -1.8366e+00 -2.0515e+00 -1.6675e-01
2491 +2.876652161e-08 +2.876652161e-08 +6.479000003e+01 +6.479000003e+01 -1.8483e+00 -2.0856e+00 -1.2690e-01
2971 +1.973107544e-08 +1.973107544e-08 +6.479000002e+01 +6.479000002e+01 -1.8554e+00 -2.0810e+00 -1.1933e-01
3518 +4.257586284e-09 +4.257586284e-09 +6.479000000e+01 +6.479000000e+01 -1.8532e+00 -2.1100e+00 -1.0388e-01
% function evaluation | noise-free fitness - Fopt (5.407000000000e+01) | best noise-free fitness - Fopt | measured fitness | best measured fitness | x1 | x2...
1 +1.568137071e+03 +1.568137071e+03 +1.622207071e+03 +1.622207071e+03 -1.9018e+00 -3.4788e+00 -4.4512e+00
2 +1.020845007e+02 +1.020845007e+02 +1.561545007e+02 +1.561545007e+02 -5.2317e-01 -1.0488e+00 +2.9871e+00
7 +5.300308986e+01 +5.300308986e+01 +1.070730899e+02 +1.070730899e+02 +3.4652e+00 -3.7760e+00 +3.2311e+00
12 +5.344246576e+00 +5.344246576e+00 +5.941424658e+01 +5.941424658e+01 +9.9803e-01 -4.3652e+00 +2.9413e+00
54 +1.768524362e-01 +1.768524362e-01 +5.424685244e+01 +5.424685244e+01 +1.0492e+00 -3.3960e+00 +3.2331e+00
760 +6.529657969e-02 +6.529657969e-02 +5.413529658e+01 +5.413529658e+01 +1.2662e+00 -3.4056e+00 +3.1502e+00
789 +2.811359384e-02 +2.811359384e-02 +5.409811359e+01 +5.409811359e+01 +1.0759e+00 -3.3829e+00 +3.3193e+00
1211 +1.043804398e-02 +1.043804398e-02 +5.408043804e+01 +5.408043804e+01 +1.0149e+00 -3.2969e+00 +3.4142e+00
2006 +7.527344648e-03 +7.527344648e-03 +5.407752734e+01 +5.407752734e+01 +8.2107e-01 -3.3615e+00 +3.4737e+00
2470 +1.102661358e-07 +1.102661358e-07 +5.407000011e+01 +5.407000011e+01 +9.5519e-01 -3.3499e+00 +3.4053e+00
2670 +8.266933094e-08 +8.266933094e-08 +5.407000008e+01 +5.407000008e+01 +9.5247e-01 -3.3626e+00 +3.3894e+00
2720 +5.720146135e-08 +5.720146135e-08 +5.407000006e+01 +5.407000006e+01 +9.5251e-01 -3.3556e+00 +3.3880e+00
2770 +3.703090101e-08 +3.703090101e-08 +5.407000004e+01 +5.407000004e+01 +9.5254e-01 -3.3501e+00 +3.3869e+00
2776 +2.059438486e-08 +2.059438486e-08 +5.407000002e+01 +5.407000002e+01 +9.5966e-01 -3.3467e+00 +3.3884e+00
2820 +1.357150836e-09 +1.357150836e-09 +5.407000000e+01 +5.407000000e+01 +9.5783e-01 -3.3425e+00 +3.3879e+00
% function evaluation | noise-free fitness - Fopt (-9.152000000000e+01) | best noise-free fitness - Fopt | measured fitness | best measured fitness | x1 | x2...
1 +2.246146609e+02 +2.246146609e+02 +1.330946609e+02 +1.330946609e+02 +4.2465e+00 -1.1793e+00 +3.2318e+00
2 +2.130300244e+01 +2.130300244e+01 -7.021699756e+01 -7.021699756e+01 -1.3111e+00 +1.1432e+00 +1.5952e+00
53 +1.580906248e+01 +1.580906248e+01 -7.571093752e+01 -7.571093752e+01 -2.5187e+00 +1.9271e+00 -1.1934e+00
103 +7.238246468e+00 +7.238246468e+00 -8.428175353e+01 -8.428175353e+01 -4.8677e+00 +2.8517e+00 -1.7413e-01
105 +4.202695180e+00 +4.202695180e+00 -8.731730482e+01 -8.731730482e+01 -2.8183e+00 +3.5348e+00 -1.8767e+00
219 +2.123939536e+00 +2.123939536e+00 -8.939606046e+01 -8.939606046e+01 -3.7723e+00 +3.0122e+00 -1.0566e+00
294 +2.095788768e-01 +2.095788768e-01 -9.131042112e+01 -9.131042112e+01 -2.3372e+00 +2.6928e+00 -7.8444e-01
479 +1.045758317e-02 +1.045758317e-02 -9.150954242e+01 -9.150954242e+01 -2.5042e+00 +2.7745e+00 -8.2851e-01
1529 +7.798151928e-03 +7.798151928e-03 -9.151220185e+01 -9.151220185e+01 -2.5019e+00 +2.7239e+00 -8.1663e-01
1992 +3.939619404e-07 +3.939619404e-07 -9.151999961e+01 -9.151999961e+01 -2.4281e+00 +2.7789e+00 -8.2964e-01
2147 +1.659498423e-07 +1.659498423e-07 -9.151999983e+01 -9.151999983e+01 -2.4207e+00 +2.7847e+00 -8.5322e-01
2323 +2.301510449e-08 +2.301510449e-08 -9.151999998e+01 -9.151999998e+01 -2.4274e+00 +2.7959e+00 -8.7146e-01
2697 +1.526079529e-08 +1.526079529e-08 -9.151999998e+01 -9.151999998e+01 -2.4150e+00 +2.7963e+00 -8.6686e-01
2747 +6.703274380e-09 +6.703274380e-09 -9.151999999e+01 -9.151999999e+01 -2.4107e+00 +2.7882e+00 -8.6818e-01
% function evaluation | noise-free fitness - Fopt (2.263000000000e+01) | best noise-free fitness - Fopt | measured fitness | best measured fitness | x1 | x2...
1 +5.770907414e+02 +5.770907414e+02 +5.997207414e+02 +5.997207414e+02 -1.8340e+00 -1.2396e+00 +1.6302e+00
2 +2.512628274e+02 +2.512628274e+02 +2.738928274e+02 +2.738928274e+02 +4.2873e-01 -1.5580e+00 +2.2044e+00
14 +1.076385503e+02 +1.076385503e+02 +1.302685503e+02 +1.302685503e+02 +1.1375e+00 +1.6532e-01 -4.9077e+00
17 +6.148315467e+01 +6.148315467e+01 +8.411315467e+01 +8.411315467e+01 +4.8751e+00 -2.7158e+00 +2.4460e+00
18 +1.909715016e+01 +1.909715016e+01 +4.172715016e+01 +4.172715016e+01 +3.2009e+00 -6.3069e-01 +2.3466e-01
27 +7.576128765e+00 +7.576128765e+00 +3.020612877e+01 +3.020612877e+01 +3.0732e+00 -3.4850e-01 -1.6256e+00
170 +5.178394598e+00 +5.178394598e+00 +2.780839460e+01 +2.780839460e+01 +3.9166e+00 -1.1786e+00 +0.0000e+00
220 +1.059562262e+00 +1.059562262e+00 +2.368956226e+01 +2.368956226e+01 +3.0093e+00 -3.3851e+00 +3.4795e+00
540 +4.577922335e-03 +4.577922335e-03 +2.263457792e+01 +2.263457792e+01 +2.7968e+00 -3.6772e+00 +3.5022e+00
2282 +4.163207272e-07 +4.163207272e-07 +2.263000042e+01 +2.263000042e+01 +2.7647e+00 -3.6744e+00 +3.4533e+00
2372 +2.617184016e-07 +2.617184016e-07 +2.263000026e+01 +2.263000026e+01 +2.7631e+00 -3.6700e+00 +3.4363e+00
2632 +2.477077850e-07 +2.477077850e-07 +2.263000025e+01 +2.263000025e+01 +2.7805e+00 -3.6761e+00 +3.4316e+00
2916 +1.758575152e-08 +1.758575152e-08 +2.263000002e+01 +2.263000002e+01 +2.7725e+00 -3.6314e+00 +3.4337e+00
3434 +8.808765273e-09 +8.808765273e-09 +2.263000001e+01 +2.263000001e+01 +2.7734e+00 -3.6335e+00 +3.4355e+00
% function evaluation | noise-free fitness - Fopt (1.554000000000e+01) | best noise-free fitness - Fopt | measured fitness | best measured fitness | x1 | x2...
1 +3.339528677e+01 +3.339528677e+01 +4.893528677e+01 +4.893528677e+01 +1.9991e+00 -6.1934e-01 +4.3419e+00
9 +1.394877829e+01 +1.394877829e+01 +2.948877829e+01 +2.948877829e+01 -3.2038e+00 -1.5201e+00 +1.1245e+00
106 +8.343069538e+00 +8.343069538e+00 +2.388306954e+01 +2.388306954e+01 +1.4334e+00 -1.9094e+00 +1.8624e+00
112 +5.590894452e+00 +5.590894452e+00 +2.113089445e+01 +2.113089445e+01 -5.0000e+00 -3.5476e+00 -1.6389e+00
159 +7.711642944e-02 +7.711642944e-02 +1.561711643e+01 +1.561711643e+01 -1.1758e+00 -2.0325e+00 +1.1034e+00
801 +3.845845964e-02 +3.845845964e-02 +1.557845846e+01 +1.557845846e+01 -1.2128e+00 -1.9908e+00 +1.0275e+00
1727 +1.124047344e-02 +1.124047344e-02 +1.555124047e+01 +1.555124047e+01 -1.3917e+00 -1.9665e+00 +9.6195e-01
2238 +6.787946456e-03 +6.787946456e-03 +1.554678795e+01 +1.554678795e+01 -1.4792e+00 -1.9970e+00 +9.5287e-01
2300 +2.000757391e-07 +2.000757391e-07 +1.554000020e+01 +1.554000020e+01 -1.5590e+00 -2.0213e+00 +8.5789e-01
2426 +1.058877217e-07 +1.058877217e-07 +1.554000011e+01 +1.554000011e+01 -1.5581e+00 -2.0239e+00 +8.4581e-01
2726 +9.421141911e-08 +9.421141911e-08 +1.554000009e+01 +1.554000009e+01 -1.5824e+00 -2.0324e+00 +8.4065e-01
2876 +1.213403955e-08 +1.213403955e-08 +1.554000001e+01 +1.554000001e+01 -1.5838e+00 -2.0162e+00 +8.4858e-01
3126 +1.173061648e-09 +1.173061648e-09 +1.554000000e+01 +1.554000000e+01 -1.5841e+00 -2.0134e+00 +8.4990e-01
% function evaluation | noise-free fitness - Fopt (-3.765100000000e+02) | best noise-free fitness - Fopt | measured fitness | best measured fitness | x1 | x2...
1 +8.895577517e+01 +8.895577517e+01 -2.875542248e+02 -2.875542248e+02 +5.5107e-03 -2.2054e-01 +3.1671e+00
3 +5.139171018e+01 +5.139171018e+01 -3.251182898e+02 -3.251182898e+02 -2.1420e+00 -2.2689e+00 -1.2318e+00
15 +2.172789933e+01 +2.172789933e+01 -3.547821007e+02 -3.547821007e+02 -3.2167e+00 +1.8796e+00 -1.1452e+00
35 +2.891614866e+00 +2.891614866e+00 -3.736183851e+02 -3.736183851e+02 -2.6470e+00 +3.2438e+00 +3.3964e+00
330 +1.493775994e+00 +1.493775994e+00 -3.750162240e+02 -3.750162240e+02 -2.6090e+00 +1.7128e+00 +1.0740e+00
365 +8.930134109e-01 +8.930134109e-01 -3.756169866e+02 -3.756169866e+02 -2.8898e+00 +1.5439e+00 +1.5630e+00
571 +5.974101159e-01 +5.974101159e-01 -3.759125899e+02 -3.759125899e+02 -3.2606e+00 +2.5747e+00 +1.8336e+00
686 +1.242603926e-01 +1.242603926e-01 -3.763857396e+02 -3.763857396e+02 -2.9037e+00 +1.8955e+00 +1.3623e+00
801 +4.909826596e-02 +4.909826596e-02 -3.764609017e+02 -3.764609017e+02 -2.8959e+00 +1.7277e+00 +1.1827e+00
1113 +9.845747327e-03 +9.845747327e-03 -3.765001543e+02 -3.765001543e+02 -2.9187e+00 +1.6588e+00 +1.0184e+00
2187 +2.461436832e-03 +2.461436832e-03 -3.765075386e+02 -3.765075386e+02 -2.9114e+00 +1.6996e+00 +1.0408e+00
2583 +1.444858526e-07 +1.444858526e-07 -3.765099999e+02 -3.765099999e+02 -2.9316e+00 +1.7650e+00 +1.1095e+00
2687 +9.597442840e-10 +9.597442840e-10 -3.765100000e+02 -3.765100000e+02 -2.9370e+00 +1.7823e+00 +1.0887e+00
% function evaluation | noise-free fitness - Fopt (3.960400000000e+02) | best noise-free fitness - Fopt | measured fitness | best measured fitness | x1 | x2...
1 +4.529735117e+02 +4.529735117e+02 +8.490135117e+02 +8.490135117e+02 +3.0654e+00 +4.8261e+00 +1.0122e+00
4 +2.328810631e+02 +2.328810631e+02 +6.289210631e+02 +6.289210631e+02 +4.6373e+00 +8.4504e-02 -2.4158e+00
8 +2.729537422e+01 +2.729537422e+01 +4.233353742e+02 +4.233353742e+02 -1.9393e+00 +1.4146e+00 -4.0147e+00
22 +1.653206356e+01 +1.653206356e+01 +4.125720636e+02 +4.125720636e+02 +7.2576e-02 +7.1393e-01 -2.4124e+00
37 +6.108880508e+00 +6.108880508e+00 +4.021488805e+02 +4.021488805e+02 -4.5100e+00 -3.6938e+00 -9.2291e-01
67 +1.489301569e+00 +1.489301569e+00 +3.975293016e+02 +3.975293016e+02 -1.8624e+00 -2.1753e+00 -9.2554e-01
329 +9.784336104e-01 +9.784336104e-01 +3.970184336e+02 +3.970184336e+02 -2.7521e+00 -3.0455e+00 -7.4158e-01
424 +3.197487777e-01 +3.197487777e-01 +3.963597488e+02 +3.963597488e+02 -2.3449e+00 -3.4098e+00 -1.9256e-01
646 +2.006173846e-01 +2.006173846e-01 +3.962406174e+02 +3.962406174e+02 -3.0822e+00 -3.5594e+00 -4.6761e-01
746 +1.019485508e-01 +1.019485508e-01 +3.961419486e+02 +3.961419486e+02 -2.7340e+00 -3.5133e+00 -2.8637e-01
920 +4.531282475e-02 +4.531282475e-02 +3.960853128e+02 +3.960853128e+02 -2.8383e+00 -3.6663e+00 -2.8738e-01
1446 +2.794635929e-02 +2.794635929e-02 +3.960679464e+02 +3.960679464e+02 -2.6869e+00 -3.5550e+00 -3.3875e-01
1471 +7.889253738e-03 +7.889253738e-03 +3.960478893e+02 +3.960478893e+02 -2.7885e+00 -3.5884e+00 -3.6422e-01
2240 +4.972886245e-07 +4.972886245e-07 +3.960400005e+02 +3.960400005e+02 -2.7896e+00 -3.5360e+00 -3.7473e-01
2264 +2.371572236e-07 +2.371572236e-07 +3.960400002e+02 +3.960400002e+02 -2.7593e+00 -3.5240e+00 -4.0506e-01
2340 +6.049612011e-08 +6.049612011e-08 +3.960400001e+02 +3.960400001e+02 -2.7695e+00 -3.5129e+00 -4.1718e-01
2361 +1.096054802e-09 +1.096054802e-09 +3.960400000e+02 +3.960400000e+02 -2.7561e+00 -3.5137e+00 -4.2902e-01
% function evaluation | noise-free fitness - Fopt (1.281100000000e+02) | best noise-free fitness - Fopt | measured fitness | best measured fitness | x1 | x2...
1 +4.200193289e+02 +4.200193289e+02 +5.481293289e+02 +5.481293289e+02 -1.3722e+00 +1.8450e+00 -2.5307e+00
4 +2.567172986e+02 +2.567172986e+02 +3.848272986e+02 +3.848272986e+02 +2.3138e+00 -4.8225e+00 -3.5695e+00
5 +2.742480949e+01 +2.742480949e+01 +1.555348095e+02 +1.555348095e+02 +5.4889e-02 -9.8682e-01 -2.6713e-01
23 +1.383210854e+01 +1.383210854e+01 +1.419421085e+02 +1.419421085e+02 -2.6376e+00 +8.4675e-01 +3.6809e-01
71 +5.701964196e+00 +5.701964196e+00 +1.338119642e+02 +1.338119642e+02 +5.5212e-01 -9.9488e-01 +1.9850e+00
99 +2.122445512e+00 +2.122445512e+00 +1.302324455e+02 +1.302324455e+02 -2.9602e+00 +2.6072e-01 -2.9848e-01
241 +1.503698526e+00 +1.503698526e+00 +1.296136985e+02 +1.296136985e+02 -2.4009e+00 +3.1156e-01 +1.9336e-01
253 +9.210523650e-01 +9.210523650e-01 +1.290310524e+02 +1.290310524e+02 -1.7706e+00 +2.2107e-02 +2.4588e-01
294 +4.187388592e-01 +4.187388592e-01 +1.285287389e+02 +1.285287389e+02 -2.0972e+00 +0.0000e+00 +0.0000e+00
750 +3.821552198e-01 +3.821552198e-01 +1.284921552e+02 +1.284921552e+02 -2.3609e+00 +1.0079e-01 -5.5016e-01
819 +1.592627998e-01 +1.592627998e-01 +1.282692628e+02 +1.282692628e+02 -2.4358e+00 +1.3739e-01 -4.0197e-01
1154 +1.553609265e-01 +1.553609265e-01 +1.282653609e+02 +1.282653609e+02 -2.4522e+00 +1.1438e-01 -5.3365e-01
1301 +1.514931976e-02 +1.514931976e-02 +1.281251493e+02 +1.281251493e+02 -3.5298e+00 +4.8627e-01 -1.5329e+00
2810 +5.129634406e-03 +5.129634406e-03 +1.281151296e+02 +1.281151296e+02 -3.4933e+00 +4.5101e-01 -1.5157e+00
3281 +1.398614415e-07 +1.398614415e-07 +1.281100001e+02 +1.281100001e+02 -3.4171e+00 +4.4400e-01 -1.4501e+00
3431 +6.406173725e-08 +6.406173725e-08 +1.281100001e+02 +1.281100001e+02 -3.4130e+00 +4.0321e-01 -1.4497e+00
3731 +5.007734671e-08 +5.007734671e-08 +1.281100001e+02 +1.281100001e+02 -3.4112e+00 +4.0157e-01 -1.4496e+00
3831 +2.269689503e-08 +2.269689503e-08 +1.281100000e+02 +1.281100000e+02 -3.3992e+00 +4.0480e-01 -1.4503e+00
4325 +3.042458729e-09 +3.042458729e-09 +1.281100000e+02 +1.281100000e+02 -3.4183e+00 +4.3882e-01 -1.4312e+00
% function evaluation | noise-free fitness - Fopt (-2.923500000000e+02) | best noise-free fitness - Fopt | measured fitness | best measured fitness | x1 | x2...
1 +4.557039262e+03 +4.557039262e+03 +4.264689262e+03 +4.264689262e+03 -3.5306e+00 +3.7747e+00 -4.4972e+00
2 +3.914231158e+03 +3.914231158e+03 +3.621881158e+03 +3.621881158e+03 +2.5108e+00 +4.9565e+00 -3.2362e+00
3 +2.909042178e+02 +2.909042178e+02 -1.445782243e+00 -1.445782243e+00 +2.8516e+00 -1.4783e+00 -3.7437e+00
4 +2.354790670e+02 +2.354790670e+02 -5.687093303e+01 -5.687093303e+01 -4.3636e+00 -6.5988e-01 +4.1058e+00
12 +1.567053668e+02 +1.567053668e+02 -1.356446332e+02 -1.356446332e+02 +3.4923e+00 -6.8032e-01 +2.7128e+00
15 +6.119009853e+01 +6.119009853e+01 -2.311599015e+02 -2.311599015e+02 -4.3026e+00 -4.8257e+00 -1.4949e+00
16 +3.660342090e+01 +3.660342090e+01 -2.557465791e+02 -2.557465791e+02 +4.4464e+00 -3.2320e+00 -4.8133e+00
21 +5.432090681e-01 +5.432090681e-01 -2.918067909e+02 -2.918067909e+02 -1.6832e+00 -3.3112e+00 +6.1109e-01
640 +2.382093357e-01 +2.382093357e-01 -2.921117907e+02 -2.921117907e+02 -2.0263e+00 -3.2339e+00 +1.5161e+00
1105 +4.476744357e-02 +4.476744357e-02 -2.923052326e+02 -2.923052326e+02 -2.1620e+00 -3.3671e+00 +1.4790e+00
1317 +3.395854667e-02 +3.395854667e-02 -2.923160415e+02 -2.923160415e+02 -2.1717e+00 -3.3495e+00 +1.4576e+00
1720 +7.754384529e-03 +7.754384529e-03 -2.923422456e+02 -2.923422456e+02 -2.0592e+00 -3.3174e+00 +1.4135e+00
2432 +5.432090681e-03 +5.432090681e-03 -2.923445679e+02 -2.923445679e+02 -1.9434e+00 -3.3652e+00 +1.3383e+00
2949 +2.008930551e-07 +2.008930551e-07 -2.923499998e+02 -2.923499998e+02 -1.9346e+00 -3.3376e+00 +1.2709e+00
3129 +8.510795624e-08 +8.510795624e-08 -2.923499999e+02 -2.923499999e+02 -1.9124e+00 -3.3398e+00 +1.2733e+00
3329 +5.363909850e-08 +5.363909850e-08 -2.923499999e+02 -2.923499999e+02 -1.9068e+00 -3.3388e+00 +1.2729e+00
3548 +1.918812131e-08 +1.918812131e-08 -2.923500000e+02 -2.923500000e+02 -1.9195e+00 -3.3482e+00 +1.2579e+00
3729 +1.524784921e-08 +1.524784921e-08 -2.923500000e+02 -2.923500000e+02 -1.9236e+00 -3.3518e+00 +1.2571e+00
4046 +2.961996870e-09 +2.961996870e-09 -2.923500000e+02 -2.923500000e+02 -1.9224e+00 -3.3640e+00 +1.2657e+00
% function evaluation | noise-free fitness - Fopt (3.110100000000e+02) | best noise-free fitness - Fopt | measured fitness | best measured fitness | x1 | x2...
1 +1.707922334e+02 +1.707922334e+02 +4.818022334e+02 +4.818022334e+02 -4.6550e+00 -3.8961e+00 +3.8794e+00
3 +1.207124518e+01 +1.207124518e+01 +3.230812452e+02 +3.230812452e+02 -2.8390e+00 -3.3162e+00 -3.1052e+00
36 +3.196349558e+00 +3.196349558e+00 +3.142063496e+02 +3.142063496e+02 -2.9507e+00 -4.3572e+00 -1.9106e+00
161 +1.256199643e+00 +1.256199643e+00 +3.122661996e+02 +3.122661996e+02 -1.9253e+00 -3.5860e+00 -3.1673e+00
259 +1.460120973e-01 +1.460120973e-01 +3.111560121e+02 +3.111560121e+02 -2.2876e+00 -3.8383e+00 -1.9707e+00
1161 +6.441394765e-02 +6.441394765e-02 +3.110744139e+02 +3.110744139e+02 -2.1271e+00 -3.6337e+00 -2.3906e+00
1489 +4.749826720e-02 +4.749826720e-02 +3.110574983e+02 +3.110574983e+02 -2.0643e+00 -3.6614e+00 -2.3932e+00
1568 +3.873597552e-02 +3.873597552e-02 +3.110487360e+02 +3.110487360e+02 -2.1177e+00 -3.6885e+00 -2.4536e+00
1896 +1.412128854e-02 +1.412128854e-02 +3.110241213e+02 +3.110241213e+02 -1.9533e+00 -3.5689e+00 -2.6182e+00
2374 +7.797742652e-03 +7.797742652e-03 +3.110177977e+02 +3.110177977e+02 -2.0768e+00 -3.6120e+00 -2.5042e+00
3515 +4.868239216e-07 +4.868239216e-07 +3.110100005e+02 +3.110100005e+02 -1.9930e+00 -3.5603e+00 -2.6169e+00
3587 +2.253107709e-07 +2.253107709e-07 +3.110100002e+02 +3.110100002e+02 -1.9880e+00 -3.5366e+00 -2.6470e+00
3630 +6.363899274e-08 +6.363899274e-08 +3.110100001e+02 +3.110100001e+02 -1.9833e+00 -3.5197e+00 -2.6271e+00
3953 +5.661149771e-09 +5.661149771e-09 +3.110100000e+02 +3.110100000e+02 -1.9864e+00 -3.5118e+00 -2.6265e+00
% function evaluation | noise-free fitness - Fopt (-8.051800000000e+02) | best noise-free fitness - Fopt | measured fitness | best measured fitness | x1 | x2...
1 +1.210430640e+02 +1.210430640e+02 -6.841369360e+02 -6.841369360e+02 +2.0106e+00 +4.0774e+00 +2.0575e+00
2 +5.702344452e+01 +5.702344452e+01 -7.481565555e+02 -7.481565555e+02 -4.8220e+00 +1.4988e+00 +2.1104e+00
18 +1.031347543e+01 +1.031347543e+01 -7.948665246e+02 -7.948665246e+02 -1.4547e+00 -4.1045e-01 +7.1778e-01
23 +7.882959218e+00 +7.882959218e+00 -7.972970408e+02 -7.972970408e+02 +5.6474e-01 -3.2553e-01 +6.7163e-01
59 +1.059243050e+00 +1.059243050e+00 -8.041207569e+02 -8.041207569e+02 +2.5145e+00 -3.5211e+00 +2.4415e-01
185 +6.330981110e-01 +6.330981110e-01 -8.045469019e+02 -8.045469019e+02 +3.4913e+00 -4.4024e+00 +2.9706e-01
663 +4.530219058e-01 +4.530219058e-01 -8.047269781e+02 -8.047269781e+02 +3.0546e+00 -3.7009e+00 +2.4755e-01
751 +2.041222218e-02 +2.041222218e-02 -8.051595878e+02 -8.051595878e+02 +2.4169e+00 -3.4091e+00 +3.8732e-01
1596 +6.330981110e-03 +6.330981110e-03 -8.051736690e+02 -8.051736690e+02 +2.4525e+00 -3.4887e+00 +3.7265e-01
1799 +4.416267529e-07 +4.416267529e-07 -8.051799996e+02 -8.051799996e+02 +2.5207e+00 -3.5750e+00 +3.4717e-01
2116 +2.170668267e-08 +2.170668267e-08 -8.051800000e+02 -8.051800000e+02 +2.5289e+00 -3.5323e+00 +3.7192e-01
3290 +3.807144822e-09 +3.807144822e-09 -8.051800000e+02 -8.051800000e+02 +2.5320e+00 -3.5339e+00 +3.6911e-01
