% function evaluation | noise-free fitness - Fopt (-5.465000000000e+02) | best noise-free fitness - Fopt | measured fitness | best measured fitness | x1 | x2...
1 +8.722420331e+03 +8.722420331e+03 +8.175920331e+03 +8.175920331e+03 +2.4987e+00 +4.8572e+00
6 +1.057893216e+02 +1.057893216e+02 -4.407106784e+02 -4.407106784e+02 -3.0032e+00 +7.1950e-01
13 +3.477906882e+00 +3.477906882e+00 -5.430220931e+02 -5.430220931e+02 -2.1714e-01 +1.4951e+00
146 +2.067930319e+00 +2.067930319e+00 -5.444320697e+02 -5.444320697e+02 +1.4407e+00 +2.6804e+00
193 +7.759211965e-01 +7.759211965e-01 -5.457240788e+02 -5.457240788e+02 -2.1062e+00 +9.8791e-01
1287 +4.852073830e-01 +4.852073830e-01 -5.460147926e+02 -5.460147926e+02 -1.9965e+00 +2.1601e+00
1402 +2.054490943e-01 +2.054490943e-01 -5.462945509e+02 -5.462945509e+02 -2.0227e+00 +2.1377e+00
1652 +1.569095745e-01 +1.569095745e-01 -5.463430904e+02 -5.463430904e+02 -2.0509e+00 +2.0999e+00
1697 +6.009211007e-02 +6.009211007e-02 -5.464399079e+02 -5.464399079e+02 -2.1163e+00 +2.0869e+00
2052 +3.758023701e-02 +3.758023701e-02 -5.464624198e+02 -5.464624198e+02 -2.0668e+00 +2.1122e+00
2452 +7.019234335e-03 +7.019234335e-03 -5.464929808e+02 -5.464929808e+02 -2.1015e+00 +2.1005e+00
2552 +5.565003997e-03 +5.565003997e-03 -5.464944350e+02 -5.464944350e+02 -2.1097e+00 +2.1081e+00
3152 +1.765118565e-04 +1.765118565e-04 -5.464998235e+02 -5.464998235e+02 -2.1032e+00 +2.1046e+00
5552 +8.597903229e-05 +8.597903229e-05 -5.464999140e+02 -5.464999140e+02 -2.1034e+00 +2.1048e+00
10499 +5.242587372e-05 +5.242587372e-05 -5.464999476e+02 -5.464999476e+02 -2.1036e+00 +2.1054e+00
% function evaluation | noise-free fitness - Fopt (1.000000000000e+03) | best noise-free fitness - Fopt | measured fitness | best measured fitness | x1 | x2...
1 +5.297378220e+02 +5.297378220e+02 +1.529737822e+03 +1.529737822e+03 -3.6485e+00 +1.5128e+00
14 +3.056595665e+01 +3.056595665e+01 +1.030565957e+03 +1.030565957e+03 -2.7418e+00 +1.6809e+00
22 +4.779591859e+00 +4.779591859e+00 +1.004779592e+03 +1.004779592e+03 +2.1314e+00 +2.0277e+00
36 +3.225773227e+00 +3.225773227e+00 +1.003225773e+03 +1.003225773e+03 +2.2430e-01 +1.5003e+00
51 +2.503961294e+00 +2.503961294e+00 +1.002503961e+03 +1.002503961e+03 -2.2623e+00 +1.1604e+00
224 +8.572287496e-01 +8.572287496e-01 +1.000857229e+03 +1.000857229e+03 -2.1709e+00 +2.1440e+00
310 +5.355122103e-01 +5.355122103e-01 +1.000535512e+03 +1.000535512e+03 -1.9550e+00 +2.1402e+00
1566 +1.409774564e-01 +1.409774564e-01 +1.000140977e+03 +1.000140977e+03 -2.0471e+00 +2.1344e+00
7889 +5.871638930e-02 +5.871638930e-02 +1.000058716e+03 +1.000058716e+03 -2.0590e+00 +2.1212e+00
8739 +2.713185334e-02 +2.713185334e-02 +1.000027132e+03 +1.000027132e+03 -2.0722e+00 +2.1119e+00
8839 +1.151170766e-02 +1.151170766e-02 +1.000011512e+03 +1.000011512e+03 -2.0923e+00 +2.1025e+00
9189 +9.849850036e-04 +9.849850036e-04 +1.000000985e+03 +1.000000985e+03 -2.1046e+00 +2.1069e+00
11589 +1.786225129e-04 +1.786225129e-04 +1.000000179e+03 +1.000000179e+03 -2.1071e+00 +2.1047e+00
14053 +6.144974077e-05 +6.144974077e-05 +1.000000061e+03 +1.000000061e+03 -2.1046e+00 +2.1054e+00
% function evaluation | noise-free fitness - Fopt (2.083800000000e+02) | best noise-free fitness - Fopt | measured fitness | best measured fitness | x1 | x2...
1 +7.716229239e+04 +7.716229239e+04 +7.737067239e+04 +7.737067239e+04 +1.1876e+00 -2.9199e+00
2 +5.935561363e+03 +5.935561363e+03 +6.143941363e+03 +6.143941363e+03 +4.0222e+00 +1.0617e+00
3 +3.038256851e+00 +3.038256851e+00 +2.114182569e+02 +2.114182569e+02 +1.3811e+00 +2.2550e+00
30 +2.043985108e+00 +2.043985108e+00 +2.104239851e+02 +2.104239851e+02 -1.9249e+00 +1.7774e+00
51 +5.380273974e-01 +5.380273974e-01 +2.089180274e+02 +2.089180274e+02 -2.0364e+00 +2.0801e+00
1320 +6.084859963e-02 +6.084859963e-02 +2.084408486e+02 +2.084408486e+02 -2.1153e+00 +2.1174e+00
2170 +3.638046571e-03 +3.638046571e-03 +2.083836380e+02 +2.083836380e+02 -2.1129e+00 +2.1056e+00
3617 +3.123413790e-04 +3.123413790e-04 +2.083803123e+02 +2.083803123e+02 -2.1014e+00 +2.1054e+00
5917 +2.458918409e-04 +2.458918409e-04 +2.083802459e+02 +2.083802459e+02 -2.1070e+00 +2.1050e+00
6817 +7.750954919e-05 +7.750954919e-05 +2.083800775e+02 +2.083800775e+02 -2.1060e+00 +2.1041e+00
% function evaluation | noise-free fitness - Fopt (-1.449600000000e+02) | best noise-free fitness - Fopt | measured fitness | best measured fitness | x1 | x2...
1 +2.539192197e+04 +2.539192197e+04 +2.524696197e+04 +2.524696197e+04 -4.6122e+00 +2.4067e+00
2 +2.251960777e+03 +2.251960777e+03 +2.107000777e+03 +2.107000777e+03 +1.1566e+00 -7.1432e-01
3 +4.016996270e+00 +4.016996270e+00 -1.409430037e+02 -1.409430037e+02 +1.2340e+00 -2.0332e+00
35 +2.911031708e+00 +2.911031708e+00 -1.420489683e+02 -1.420489683e+02 -9.7528e-01 -1.8266e+00
239 +2.426576482e+00 +2.426576482e+00 -1.425334235e+02 -1.425334235e+02 -2.0463e+00 -1.0739e+00
590 +1.311483013e+00 +1.311483013e+00 -1.436485170e+02 -1.436485170e+02 +1.6755e+00 -3.0316e+00
714 +6.017284756e-01 +6.017284756e-01 -1.443582715e+02 -1.443582715e+02 -1.9585e+00 -2.1224e+00
1084 +2.010641482e-01 +2.010641482e-01 -1.447589359e+02 -1.447589359e+02 -2.1578e+00 -2.1144e+00
1308 +9.656250097e-02 +9.656250097e-02 -1.448634375e+02 -1.448634375e+02 -2.0919e+00 -2.1272e+00
1473 +4.140056308e-03 +4.140056308e-03 -1.449558599e+02 -1.449558599e+02 -2.1134e+00 -2.1057e+00
4995 +3.344817089e-03 +3.344817089e-03 -1.449566552e+02 -1.449566552e+02 -2.0987e+00 -2.1033e+00
6495 +8.770855248e-05 +8.770855248e-05 -1.449599123e+02 -1.449599123e+02 -2.1030e+00 -2.1054e+00
6895 +4.776590507e-05 +4.776590507e-05 -1.449599522e+02 -1.449599522e+02 -2.1039e+00 -2.1054e+00
13495 +2.572646795e-05 +2.572646795e-05 -1.449599743e+02 -1.449599743e+02 -2.1043e+00 -2.1052e+00
13545 +1.896742722e-05 +1.896742722e-05 -1.449599810e+02 -1.449599810e+02 -2.1042e+00 -2.1052e+00
13795 +1.528616167e-05 +1.528616167e-05 -1.449599847e+02 -1.449599847e+02 -2.1041e+00 -2.1051e+00
15695 +8.088317401e-06 +8.088317401e-06 -1.449599919e+02 -1.449599919e+02 -2.1044e+00 -2.1051e+00
% function evaluation | noise-free fitness - Fopt (-6.300000000000e+00) | best noise-free fitness - Fopt | measured fitness | best measured fitness | x1 | x2...
1 +2.340587436e+02 +2.340587436e+02 +2.277587436e+02 +2.277587436e+02 +1.5222e+00 -5.5601e-01
12 +3.144610405e+00 +3.144610405e+00 -3.155389595e+00 -3.155389595e+00 -9.8332e-01 -2.8598e+00
201 +2.402838985e+00 +2.402838985e+00 -3.897161015e+00 -3.897161015e+00 -1.3103e+00 -1.8512e+00
404 +1.386857646e+00 +1.386857646e+00 -4.913142354e+00 -4.913142354e+00 +2.2077e+00 -6.1960e-01
1786 +9.507835851e-01 +9.507835851e-01 -5.349216415e+00 -5.349216415e+00 -1.6279e+00 -3.0271e+00
2052 +2.218097106e-01 +2.218097106e-01 -6.078190289e+00 -6.078190289e+00 +2.1862e+00 -2.0994e+00
2767 +1.098391927e-01 +1.098391927e-01 -6.190160807e+00 -6.190160807e+00 +2.0583e+00 -2.1016e+00
3527 +4.656664619e-02 +4.656664619e-02 -6.253433354e+00 -6.253433354e+00 +2.1089e+00 -2.0903e+00
5727 +3.692888293e-02 +3.692888293e-02 -6.263071117e+00 -6.263071117e+00 +2.1146e+00 -2.0907e+00
6677 +1.572313018e-02 +1.572313018e-02 -6.284276870e+00 -6.284276870e+00 +2.1203e+00 -2.1072e+00
6827 +3.534151253e-03 +3.534151253e-03 -6.296465849e+00 -6.296465849e+00 +2.0942e+00 -2.1059e+00
12427 +8.920346075e-04 +8.920346075e-04 -6.299107965e+00 -6.299107965e+00 +2.1090e+00 -2.1051e+00
19887 +1.979684048e-04 +1.979684048e-04 -6.299802032e+00 -6.299802032e+00 +2.1076e+00 -2.1043e+00
% function evaluation | noise-free fitness - Fopt (-2.206000000000e+01) | best noise-free fitness - Fopt | measured fitness | best measured fitness | x1 | x2...
1 +5.268947757e+03 +5.268947757e+03 +5.246887757e+03 +5.246887757e+03 +3.5182e+00 -8.0623e-01
2 +1.476752012e+03 +1.476752012e+03 +1.454692012e+03 +1.454692012e+03 -4.3930e+00 +3.9552e+00
3 +5.103868685e+01 +5.103868685e+01 +2.897868685e+01 +2.897868685e+01 +2.8358e+00 +1.5851e+00
5 +4.270318376e+00 +4.270318376e+00 -1.778968162e+01 -1.778968162e+01 -2.5599e-01 +1.9927e+00
11 +3.507013266e+00 +3.507013266e+00 -1.855298673e+01 -1.855298673e+01 -1.3366e+00 +2.2262e+00
180 +2.113803654e+00 +2.113803654e+00 -1.994619635e+01 -1.994619635e+01 +4.1623e-01 +2.5508e+00
403 +5.359480726e-02 +5.359480726e-02 -2.200640519e+01 -2.200640519e+01 +2.1352e+00 +2.1082e+00
1080 +1.654246723e-02 +1.654246723e-02 -2.204345753e+01 -2.204345753e+01 +2.0805e+00 +2.1135e+00
6831 +1.220487515e-02 +1.220487515e-02 -2.204779512e+01 -2.204779512e+01 +2.1182e+00 +2.1070e+00
7195 +3.333103024e-03 +3.333103024e-03 -2.205666690e+01 -2.205666690e+01 +2.1159e+00 +2.1011e+00
8583 +1.790976680e-03 +1.790976680e-03 -2.205820902e+01 -2.205820902e+01 +2.1128e+00 +2.1037e+00
14081 +1.743229172e-04 +1.743229172e-04 -2.205982568e+01 -2.205982568e+01 +2.1022e+00 +2.1055e+00
% function evaluation | noise-free fitness - Fopt (7.129000000000e+01) | best noise-free fitness - Fopt | measured fitness | best measured fitness | x1 | x2...
1 +1.897164732e+03 +1.897164732e+03 +1.968454732e+03 +1.968454732e+03 +3.4023e+00 +1.3992e+00
2 +1.518657769e+00 +1.518657769e+00 +7.280865777e+01 +7.280865777e+01 -2.2277e+00 +2.0024e+00
494 +2.299973024e-02 +2.299973024e-02 +7.131299973e+01 +7.131299973e+01 -2.0887e+00 +2.1169e+00
5159 +4.518915137e-03 +4.518915137e-03 +7.129451892e+01 +7.129451892e+01 -2.0917e+00 +2.1073e+00
5738 +3.496191925e-03 +3.496191925e-03 +7.129349619e+01 +7.129349619e+01 -2.1119e+00 +2.1061e+00
6038 +1.146977296e-03 +1.146977296e-03 +7.129114698e+01 +7.129114698e+01 -2.0985e+00 +2.1057e+00
6138 +7.364920988e-04 +7.364920988e-04 +7.129073649e+01 +7.129073649e+01 -2.1071e+00 +2.1058e+00
6238 +1.811418888e-04 +1.811418888e-04 +7.129018114e+01 +7.129018114e+01 -2.1051e+00 +2.1056e+00
% function evaluation | noise-free fitness - Fopt (-1.054000000000e+01) | best noise-free fitness - Fopt | measured fitness | best measured fitness | x1 | x2...
1 +1.591171345e+04 +1.591171345e+04 +1.590117345e+04 +1.590117345e+04 +2.1626e+00 -4.2092e+00
2 +1.290817096e+04 +1.290817096e+04 +1.289763096e+04 +1.289763096e+04 -2.0904e+00 +9.8263e-02
5 +2.626596151e+00 +2.626596151e+00 -7.913403849e+00 -7.913403849e+00 +2.0618e+00 -1.9949e+00
175 +9.698118360e-01 +9.698118360e-01 -9.570188164e+00 -9.570188164e+00 +2.0941e+00 -9.2456e-01
583 +6.143964176e-01 +6.143964176e-01 -9.925603582e+00 -9.925603582e+00 +2.0800e+00 -9.6197e-01
1952 +3.214884473e-01 +3.214884473e-01 -1.021851155e+01 -1.021851155e+01 +1.9927e+00 -2.1406e+00
2006 +8.588025457e-02 +8.588025457e-02 -1.045411975e+01 -1.045411975e+01 +2.0825e+00 -2.1275e+00
2856 +3.499694392e-02 +3.499694392e-02 -1.050500306e+01 -1.050500306e+01 +2.0766e+00 -2.1042e+00
4197 +1.618161516e-02 +1.618161516e-02 -1.052381838e+01 -1.052381838e+01 +2.0797e+00 -2.1122e+00
6618 +2.499687192e-03 +2.499687192e-03 -1.053750031e+01 -1.053750031e+01 +2.1136e+00 -2.1042e+00
10963 +8.867219719e-04 +8.867219719e-04 -1.053911328e+01 -1.053911328e+01 +2.1082e+00 -2.1055e+00
11063 +3.868332705e-04 +3.868332705e-04 -1.053961317e+01 -1.053961317e+01 +2.1055e+00 -2.1059e+00
11213 +2.329292365e-05 +2.329292365e-05 -1.053997671e+01 -1.053997671e+01 +2.1049e+00 -2.1051e+00
% function evaluation | noise-free fitness - Fopt (3.860100000000e+02) | best noise-free fitness - Fopt | measured fitness | best measured fitness | x1 | x2...
1 +3.508025022e+00 +3.508025022e+00 +3.895180250e+02 +3.895180250e+02 -1.5900e+00 -1.7788e+00
110 +2.149568824e+00 +2.149568824e+00 +3.881595688e+02 +3.881595688e+02 +2.0824e+00 -1.4673e+00
207 +1.437750272e+00 +1.437750272e+00 +3.874477503e+02 +3.874477503e+02 -1.6095e+00 -1.8808e+00
1163 +6.012096885e-01 +6.012096885e-01 +3.866112097e+02 +3.866112097e+02 -1.5027e+00 -3.0118e+00
3401 +4.159508994e-02 +4.159508994e-02 +3.860515951e+02 +3.860515951e+02 +2.0735e+00 -2.1045e+00
8972 +3.428952933e-02 +3.428952933e-02 +3.860442895e+02 +3.860442895e+02 +2.0784e+00 -2.1033e+00
9322 +5.614336340e-04 +5.614336340e-04 +3.860105614e+02 +3.860105614e+02 +2.1002e+00 -2.1058e+00
13323 +1.659267180e-04 +1.659267180e-04 +3.860101659e+02 +3.860101659e+02 +2.1062e+00 -2.1052e+00
13473 +2.102227580e-05 +2.102227580e-05 +3.860100210e+02 +3.860100210e+02 +2.1042e+00 -2.1052e+00
% function evaluation | noise-free fitness - Fopt (-1.257000000000e+01) | best noise-free fitness - Fopt | measured fitness | best measured fitness | x1 | x2...
1 +4.815899517e+00 +4.815899517e+00 -7.754100483e+00 -7.754100483e+00 -1.2921e-01 +1.2554e+00
60 +3.537710913e+00 +3.537710913e+00 -9.032289087e+00 -9.032289087e+00 -2.4036e+00 +2.0341e+00
87 +1.532418305e+00 +1.532418305e+00 -1.103758169e+01 -1.103758169e+01 +2.1126e+00 +1.0247e+00
158 +6.926291220e-01 +6.926291220e-01 -1.187737088e+01 -1.187737088e+01 +2.2710e+00 +2.0731e+00
529 +4.707431555e-02 +4.707431555e-02 -1.252292568e+01 -1.252292568e+01 +2.0620e+00 +2.1176e+00
3595 +1.888688841e-02 +1.888688841e-02 -1.255111311e+01 -1.255111311e+01 +2.0779e+00 +2.1131e+00
4929 +1.164727063e-02 +1.164727063e-02 -1.255835273e+01 -1.255835273e+01 +2.1001e+00 +2.1126e+00
8175 +2.294784931e-03 +2.294784931e-03 -1.256770522e+01 -1.256770522e+01 +2.1140e+00 +2.1035e+00
8775 +3.033514613e-04 +3.033514613e-04 -1.256969665e+01 -1.256969665e+01 +2.1071e+00 +2.1034e+00
% function evaluation | noise-free fitness - Fopt (-1.270400000000e+02) | best noise-free fitness - Fopt | measured fitness | best measured fitness | x1 | x2...
1 +5.363557671e+01 +5.363557671e+01 -7.340442329e+01 -7.340442329e+01 -1.6726e+00 -6.4353e-01
6 +3.292439306e+00 +3.292439306e+00 -1.237475607e+02 -1.237475607e+02 -2.2404e+00 -1.1163e+00
19 +2.093416928e+00 +2.093416928e+00 -1.249465831e+02 -1.249465831e+02 +6.5036e-01 -1.6463e+00
84 +1.572876856e+00 +1.572876856e+00 -1.254671231e+02 -1.254671231e+02 +1.6006e+00 -1.9154e+00
842 +5.541735660e-01 +5.541735660e-01 -1.264858264e+02 -1.264858264e+02 -2.1073e+00 -2.0559e+00
1098 +7.331966980e-02 +7.331966980e-02 -1.269666803e+02 -1.269666803e+02 -2.0802e+00 -2.1262e+00
1636 +1.834160937e-02 +1.834160937e-02 -1.270216584e+02 -1.270216584e+02 -2.0854e+00 -2.1038e+00
3442 +6.303737960e-03 +6.303737960e-03 -1.270336963e+02 -1.270336963e+02 -2.0965e+00 -2.1112e+00
4542 +1.875650978e-03 +1.875650978e-03 -1.270381243e+02 -1.270381243e+02 -2.0996e+00 -2.1040e+00
19472 +6.562131473e-04 +6.562131473e-04 -1.270393438e+02 -1.270393438e+02 -2.1078e+00 -2.1028e+00
19722 +5.380283043e-04 +5.380283043e-04 -1.270394620e+02 -1.270394620e+02 -2.1058e+00 -2.1032e+00
19972 +3.377545480e-04 +3.377545480e-04 -1.270396622e+02 -1.270396622e+02 -2.1060e+00 -2.1035e+00
% function evaluation | noise-free fitness - Fopt (-3.752000000000e+01) | best noise-free fitness - Fopt | measured fitness | best measured fitness | x1 | x2...
1 +2.945306441e+04 +2.945306441e+04 +2.941554441e+04 +2.941554441e+04 +1.8604e+00 +2.0036e+00
2 +2.200324226e+03 +2.200324226e+03 +2.162804226e+03 +2.162804226e+03 +4.8424e+00 -7.3050e-01
3 +5.936798437e+01 +5.936798437e+01 +2.184798437e+01 +2.184798437e+01 +1.5567e+00 -6.6701e-01
9 +4.886954031e+00 +4.886954031e+00 -3.263304597e+01 -3.263304597e+01 -8.9608e-01 -2.3327e+00
52 +3.712571797e+00 +3.712571797e+00 -3.380742820e+01 -3.380742820e+01 +1.1669e+00 -1.6606e+00
60 +7.286368931e-01 +7.286368931e-01 -3.679136311e+01 -3.679136311e+01 +2.0115e+00 -2.1740e+00
934 +2.774629395e-01 +2.774629395e-01 -3.724253706e+01 -3.724253706e+01 +2.0006e+00 -2.1241e+00
1459 +2.127313519e-01 +2.127313519e-01 -3.730726865e+01 -3.730726865e+01 +2.0134e+00 -2.1329e+00
1804 +2.861676357e-02 +2.861676357e-02 -3.749138324e+01 -3.749138324e+01 +2.0997e+00 -2.1167e+00
2754 +1.237261346e-02 +1.237261346e-02 -3.750762739e+01 -3.750762739e+01 +2.0906e+00 -2.1030e+00
3154 +6.584660335e-03 +6.584660335e-03 -3.751341534e+01 -3.751341534e+01 +2.1209e+00 -2.1004e+00
3254 +4.265559730e-03 +4.265559730e-03 -3.751573444e+01 -3.751573444e+01 +2.1023e+00 -2.1015e+00
3304 +2.845693081e-03 +2.845693081e-03 -3.751715431e+01 -3.751715431e+01 +2.1142e+00 -2.1041e+00
3404 +1.967788345e-03 +1.967788345e-03 -3.751803221e+01 -3.751803221e+01 +2.1129e+00 -2.1040e+00
3554 +7.813135555e-05 +7.813135555e-05 -3.751992187e+01 -3.751992187e+01 +2.1065e+00 -2.1046e+00
4054 +2.368771202e-05 +2.368771202e-05 -3.751997631e+01 -3.751997631e+01 +2.1048e+00 -2.1052e+00
% function evaluation | noise-free fitness - Fopt (-3.311600000000e+02) | best noise-free fitness - Fopt | measured fitness | best measured fitness | x1 | x2...
1 +3.318266105e+04 +3.318266105e+04 +3.285150105e+04 +3.285150105e+04 -1.1786e-01 +1.6761e+00
3 +6.111500770e+03 +6.111500770e+03 +5.780340770e+03 +5.780340770e+03 -4.6754e+00 -4.9522e+00
5 +2.588620880e+01 +2.588620880e+01 -3.052737912e+02 -3.052737912e+02 -2.7475e+00 -2.5063e+00
8 +8.272128877e-01 +8.272128877e-01 -3.303327871e+02 -3.303327871e+02 -1.6023e+00 -3.0432e+00
472 +6.226769446e-01 +6.226769446e-01 -3.305373231e+02 -3.305373231e+02 +2.0643e+00 -2.0654e+00
898 +1.860293436e-01 +1.860293436e-01 -3.309739707e+02 -3.309739707e+02 +2.1910e+00 -2.0831e+00
3071 +6.328403021e-02 +6.328403021e-02 -3.310967160e+02 -3.310967160e+02 +2.1504e+00 -2.0869e+00
3199 +4.561360784e-02 +4.561360784e-02 -3.311143864e+02 -3.311143864e+02 +2.1473e+00 -2.0934e+00
4240 +1.752437798e-02 +1.752437798e-02 -3.311424756e+02 -3.311424756e+02 +2.1261e+00 -2.0946e+00
6791 +4.892561091e-04 +4.892561091e-04 -3.311595107e+02 -3.311595107e+02 +2.1090e+00 -2.1043e+00
15927 +1.366662758e-04 +1.366662758e-04 -3.311598633e+02 -3.311598633e+02 +2.1025e+00 -2.1055e+00
% function evaluation | noise-free fitness - Fopt (4.481000000000e+01) | best noise-free fitness - Fopt | measured fitness | best measured fitness | x1 | x2...
1 +9.208305191e+04 +9.208305191e+04 +9.212786191e+04 +9.212786191e+04 -9.8174e-01 -3.8684e+00
2 +3.558075461e+03 +3.558075461e+03 +3.602885461e+03 +3.602885461e+03 -2.3927e+00 -3.6520e-01
6 +9.646552498e+02 +9.646552498e+02 +1.009465250e+03 +1.009465250e+03 +4.0510e+00 +3.2922e+00
12 +2.193065385e+02 +2.193065385e+02 +2.641165385e+02 +2.641165385e+02 +3.2297e+00 +3.2856e+00
30 +5.347849460e+00 +5.347849460e+00 +5.015784946e+01 +5.015784946e+01 -1.2046e+00 +2.1205e+00
62 +3.273291967e+00 +3.273291967e+00 +4.808329197e+01 +4.808329197e+01 +2.5176e+00 +2.3426e+00
66 +2.046534432e+00 +2.046534432e+00 +4.685653443e+01 +4.685653443e+01 -2.0801e+00 +1.8330e+00
554 +9.921914140e-01 +9.921914140e-01 +4.580219141e+01 +4.580219141e+01 +1.4514e+00 +2.9584e+00
903 +3.682882686e-01 +3.682882686e-01 +4.517828827e+01 +4.517828827e+01 -2.1533e+00 +2.0571e+00
1466 +2.395272652e-01 +2.395272652e-01 +4.504952727e+01 +4.504952727e+01 -2.0161e+00 +2.1404e+00
3752 +3.373294384e-02 +3.373294384e-02 +4.484373294e+01 +4.484373294e+01 -2.1375e+00 +2.1019e+00
4783 +1.708922156e-02 +1.708922156e-02 +4.482708922e+01 +4.482708922e+01 -2.0846e+00 +2.1151e+00
5805 +1.289351668e-02 +1.289351668e-02 +4.482289352e+01 +4.482289352e+01 -2.1162e+00 +2.0958e+00
7037 +1.057361459e-03 +1.057361459e-03 +4.481105736e+01 +4.481105736e+01 -2.1079e+00 +2.1059e+00
% function evaluation | noise-free fitness - Fopt (-1.764600000000e+02) | best noise-free fitness - Fopt | measured fitness | best measured fitness | x1 | x2...
1 +7.347653920e+03 +7.347653920e+03 +7.171193920e+03 +7.171193920e+03 -1.1019e+00 +3.8351e+00
2 +8.373523559e+00 +8.373523559e+00 -1.680864764e+02 -1.680864764e+02 +2.1169e+00 +1.8322e+00
3 +5.871624102e+00 +5.871624102e+00 -1.705883759e+02 -1.705883759e+02 -7.2759e-01 +1.0616e+00
16 +3.613083901e+00 +3.613083901e+00 -1.728469161e+02 -1.728469161e+02 +5.7613e-01 +2.4988e+00
55 +8.963437306e-01 +8.963437306e-01 -1.755636563e+02 -1.755636563e+02 -1.9099e+00 +2.1633e+00
240 +5.967386938e-01 +5.967386938e-01 -1.758632613e+02 -1.758632613e+02 +1.5119e+00 +3.0048e+00
1168 +3.737655753e-01 +3.737655753e-01 -1.760862344e+02 -1.760862344e+02 -2.0086e+00 +2.1530e+00
2954 +7.913112146e-03 +7.913112146e-03 -1.764520869e+02 -1.764520869e+02 -2.1013e+00 +2.1002e+00
4386 +9.949547655e-04 +9.949547655e-04 -1.764590050e+02 -1.764590050e+02 -2.0986e+00 +2.1066e+00
