% function evaluation | noise-free fitness - Fopt (-5.235000000000e+01) | best noise-free fitness - Fopt | measured fitness | best measured fitness | x1 | x2...
1 +2.257220892e+02 +2.257220892e+02 +1.733720892e+02 +1.733720892e+02 +1.7588e+00 +2.3148e+00 +2.0303e+00 +3.3257e+00 +8.9609e-01
2 +1.449220205e+02 +1.449220205e+02 +9.257202049e+01 +9.257202049e+01 -3.0768e+00 +1.1570e+00 -4.4038e+00 -4.1242e+00 +9.7749e-01
3 +1.144644653e+01 +1.144644653e+01 -4.090355347e+01 -4.090355347e+01 -3.2845e+00 -4.2240e+00 +3.2551e+00 +6.7055e-01 -2.8600e+00
6 +6.471947605e+00 +6.471947605e+00 -4.587805239e+01 -4.587805239e+01 +2.9198e+00 -1.4186e+00 +3.1054e+00 -2.1167e+00 +1.0575e-01
34 +4.211524407e+00 +4.211524407e+00 -4.813847559e+01 -4.813847559e+01 -1.6922e+00 +2.2475e+00 +4.3787e+00 -2.2955e+00 -1.3486e+00
161 +1.578155277e+00 +1.578155277e+00 -5.077184472e+01 -5.077184472e+01 -1.9957e+00 -5.7222e-01 +3.5964e+00 -2.3264e+00 -1.8459e+00
253 +5.996354703e-01 +5.996354703e-01 -5.175036453e+01 -5.175036453e+01 -5.8192e-01 -1.4069e+00 +3.1691e+00 -1.7871e+00 -1.1791e+00
435 +5.818001538e-02 +5.818001538e-02 -5.229181998e+01 -5.229181998e+01 -8.7406e-01 -1.2199e+00 +2.6621e+00 -2.4672e+00 -1.4747e+00
744 +3.488417627e-02 +3.488417627e-02 -5.231511582e+01 -5.231511582e+01 -8.5990e-01 -1.2451e+00 +2.6489e+00 -2.3565e+00 -1.4056e+00
761 +1.587844167e-02 +1.587844167e-02 -5.233412156e+01 -5.233412156e+01 -9.2781e-01 -1.2896e+00 +2.6006e+00 -2.5099e+00 -1.6701e+00
906 +4.674143580e-03 +4.674143580e-03 -5.234532586e+01 -5.234532586e+01 -9.2686e-01 -1.2917e+00 +2.5805e+00 -2.4709e+00 -1.5730e+00
1619 +3.519893537e-03 +3.519893537e-03 -5.234648011e+01 -5.234648011e+01 -9.5021e-01 -1.3024e+00 +2.5635e+00 -2.4551e+00 -1.5191e+00
1868 +2.288844437e-03 +2.288844437e-03 -5.234771116e+01 -5.234771116e+01 -9.3692e-01 -1.2964e+00 +2.5698e+00 -2.4378e+00 -1.5069e+00
2527 +1.506187325e-03 +1.506187325e-03 -5.234849381e+01 -5.234849381e+01 -9.3104e-01 -1.2901e+00 +2.5689e+00 -2.4406e+00 -1.5325e+00
3080 +9.153260001e-04 +9.153260001e-04 -5.234908467e+01 -5.234908467e+01 -9.2069e-01 -1.2836e+00 +2.5726e+00 -2.4335e+00 -1.5295e+00
3752 +4.912563692e-04 +4.912563692e-04 -5.234950874e+01 -5.234950874e+01 -9.0999e-01 -1.2737e+00 +2.5616e+00 -2.4200e+00 -1.5385e+00
3943 +3.703704427e-04 +3.703704427e-04 -5.234962963e+01 -5.234962963e+01 -9.0508e-01 -1.2708e+00 +2.5622e+00 -2.4148e+00 -1.5410e+00
4063 +2.440499421e-04 +2.440499421e-04 -5.234975595e+01 -5.234975595e+01 -8.9625e-01 -1.2643e+00 +2.5574e+00 -2.3989e+00 -1.5431e+00
5285 +1.573985668e-04 +1.573985668e-04 -5.234984260e+01 -5.234984260e+01 -8.9694e-01 -1.2647e+00 +2.5572e+00 -2.3993e+00 -1.5314e+00
6815 +9.650574365e-05 +9.650574365e-05 -5.234990349e+01 -5.234990349e+01 -8.9337e-01 -1.2636e+00 +2.5593e+00 -2.3915e+00 -1.5283e+00
11072 +6.268821900e-05 +6.268821900e-05 -5.234993731e+01 -5.234993731e+01 -8.9040e-01 -1.2616e+00 +2.5581e+00 -2.3860e+00 -1.5282e+00
19535 +3.979276414e-05 +3.979276414e-05 -5.234996021e+01 -5.234996021e+01 -8.8682e-01 -1.2597e+00 +2.5581e+00 -2.3791e+00 -1.5281e+00
% function evaluation | noise-free fitness - Fopt (-1.795400000000e+02) | best noise-free fitness - Fopt | measured fitness | best measured fitness | x1 | x2...
1 +1.714501814e+01 +1.714501814e+01 -1.623949819e+02 -1.623949819e+02 -3.4133e+00 -1.0324e-01 -4.7307e-01 +2.0281e+00 +1.1865e+00
4 +1.210737508e+01 +1.210737508e+01 -1.674326249e+02 -1.674326249e+02 +4.1262e-01 +3.3084e-01 +2.0856e+00 +2.1014e+00 +1.7870e+00
18 +9.734474505e+00 +9.734474505e+00 -1.698055255e+02 -1.698055255e+02 +1.8877e+00 +2.4311e+00 -3.2781e+00 +3.8583e-02 +1.0683e+00
73 +5.857997642e+00 +5.857997642e+00 -1.736820024e+02 -1.736820024e+02 +9.7116e-01 +2.9983e+00 -2.0084e+00 +1.6121e+00 +1.9657e+00
130 +3.626456429e+00 +3.626456429e+00 -1.759135436e+02 -1.759135436e+02 -8.4838e-01 +1.7965e+00 -4.4423e+00 +2.4082e+00 +2.7641e+00
156 +2.226220722e+00 +2.226220722e+00 -1.773137793e+02 -1.773137793e+02 +7.7253e-01 +6.9293e-01 -4.1190e+00 +1.5239e+00 +2.3377e+00
254 +1.150046294e+00 +1.150046294e+00 -1.783899537e+02 -1.783899537e+02 +1.0935e+00 -6.6745e-01 -3.6096e+00 +2.3433e+00 +3.0738e+00
304 +2.248783120e-01 +2.248783120e-01 -1.793151217e+02 -1.793151217e+02 +3.1679e-01 +3.2855e-01 -3.2229e+00 +2.4042e+00 +3.8363e+00
415 +5.003860585e-02 +5.003860585e-02 -1.794899614e+02 -1.794899614e+02 +5.3802e-01 +3.9938e-01 -3.4535e+00 +2.1388e+00 +3.8226e+00
822 +3.476103477e-02 +3.476103477e-02 -1.795052390e+02 -1.795052390e+02 +8.4803e-01 +4.6573e-01 -3.4296e+00 +2.1210e+00 +3.7526e+00
936 +1.752136376e-02 +1.752136376e-02 -1.795224786e+02 -1.795224786e+02 +7.6671e-01 +4.6075e-01 -3.4491e+00 +2.2236e+00 +3.8051e+00
974 +6.103840582e-03 +6.103840582e-03 -1.795338962e+02 -1.795338962e+02 +8.1767e-01 +4.9365e-01 -3.4278e+00 +2.4231e+00 +3.8164e+00
1421 +3.806736625e-03 +3.806736625e-03 -1.795361933e+02 -1.795361933e+02 +8.5051e-01 +5.1925e-01 -3.4444e+00 +2.4026e+00 +3.8454e+00
1452 +2.416911262e-03 +2.416911262e-03 -1.795375831e+02 -1.795375831e+02 +8.2413e-01 +5.0629e-01 -3.4594e+00 +2.3941e+00 +3.8523e+00
1469 +1.516590656e-03 +1.516590656e-03 -1.795384834e+02 -1.795384834e+02 +8.4406e-01 +5.2504e-01 -3.4368e+00 +2.4147e+00 +3.8408e+00
2063 +5.441489346e-04 +5.441489346e-04 -1.795394559e+02 -1.795394559e+02 +8.2671e-01 +5.0668e-01 -3.4377e+00 +2.4297e+00 +3.8401e+00
3136 +3.960388934e-04 +3.960388934e-04 -1.795396040e+02 -1.795396040e+02 +8.2095e-01 +5.0319e-01 -3.4395e+00 +2.4317e+00 +3.8418e+00
3418 +2.229965435e-04 +2.229965435e-04 -1.795397770e+02 -1.795397770e+02 +8.1972e-01 +5.0484e-01 -3.4436e+00 +2.4155e+00 +3.8418e+00
4528 +1.560758513e-04 +1.560758513e-04 -1.795398439e+02 -1.795398439e+02 +8.1857e-01 +5.0875e-01 -3.4446e+00 +2.4083e+00 +3.8426e+00
4995 +9.587793630e-05 +9.587793630e-05 -1.795399041e+02 -1.795399041e+02 +8.1435e-01 +5.0572e-01 -3.4463e+00 +2.4023e+00 +3.8420e+00
5552 +5.551091311e-05 +5.551091311e-05 -1.795399445e+02 -1.795399445e+02 +8.0946e-01 +5.0532e-01 -3.4462e+00 +2.4001e+00 +3.8419e+00
5790 +3.883123048e-05 +3.883123048e-05 -1.795399612e+02 -1.795399612e+02 +8.0559e-01 +5.0526e-01 -3.4463e+00 +2.3972e+00 +3.8419e+00
6065 +2.314301636e-05 +2.314301636e-05 -1.795399769e+02 -1.795399769e+02 +8.0402e-01 +5.0520e-01 -3.4466e+00 +2.3957e+00 +3.8420e+00
6247 +1.516654297e-05 +1.516654297e-05 -1.795399848e+02 -1.795399848e+02 +8.0193e-01 +5.0517e-01 -3.4467e+00 +2.3942e+00 +3.8420e+00
7519 +9.757681795e-06 +9.757681795e-06 -1.795399902e+02 -1.795399902e+02 +7.9956e-01 +5.0515e-01 -3.4469e+00 +2.3928e+00 +3.8421e+00
14064 +6.187097540e-06 +6.187097540e-06 -1.795399938e+02 -1.795399938e+02 +7.9823e-01 +5.0509e-01 -3.4472e+00 +2.3909e+00 +3.8421e+00
33810 +3.965444620e-06 +3.965444620e-06 -1.795399960e+02 -1.795399960e+02 +7.9730e-01 +5.0517e-01 -3.4475e+00 +2.3895e+00 +3.8421e+00
% function evaluation | noise-free fitness - Fopt (7.731000000000e+01) | best noise-free fitness - Fopt | measured fitness | best measured fitness | x1 | x2...
1 +3.403991423e+02 +3.403991423e+02 +4.177091423e+02 +4.177091423e+02 -4.7607e+00 -3.9920e+00 +3.4250e+00 -3.6002e+00 -4.1890e+00
2 +7.288271133e+01 +7.288271133e+01 +1.501927113e+02 +1.501927113e+02 -4.3070e+00 +4.1580e+00 +4.3363e+00 +1.8758e+00 -1.2393e+00
3 +3.590307266e+01 +3.590307266e+01 +1.132130727e+02 +1.132130727e+02 +3.0295e+00 +2.5668e+00 -2.6019e+00 +4.3941e+00 -9.5445e-01
6 +1.361516936e+01 +1.361516936e+01 +9.092516936e+01 +9.092516936e+01 -2.4893e+00 +1.7143e+00 -1.8995e-01 +5.2765e-01 +3.8796e+00
14 +8.281652714e+00 +8.281652714e+00 +8.559165271e+01 +8.559165271e+01 +2.0873e+00 -2.0085e+00 -1.3395e+00 -3.1323e+00 -3.1783e+00
65 +5.048029472e+00 +5.048029472e+00 +8.235802947e+01 +8.235802947e+01 -7.7484e-01 +2.9557e-01 -1.6603e+00 -4.3995e-01 -3.4857e+00
81 +3.700006398e+00 +3.700006398e+00 +8.101000640e+01 +8.101000640e+01 +1.6930e+00 -2.0108e+00 -3.7466e+00 -3.6637e+00 +2.9072e+00
254 +2.226575905e+00 +2.226575905e+00 +7.953657590e+01 +7.953657590e+01 +1.9276e+00 -4.8015e-01 -2.9230e+00 -2.7341e+00 +2.7273e+00
310 +8.640745429e-01 +8.640745429e-01 +7.817407454e+01 +7.817407454e+01 +6.4431e-01 -4.5409e-01 -1.7842e+00 -2.1090e+00 +1.9163e+00
431 +6.820420717e-02 +6.820420717e-02 +7.737820421e+01 +7.737820421e+01 +1.0079e+00 -6.6802e-01 -2.4095e+00 -1.7360e+00 +9.3849e-01
842 +3.915888108e-02 +3.915888108e-02 +7.734915888e+01 +7.734915888e+01 +1.0177e+00 -3.8612e-01 -2.0599e+00 -1.8665e+00 +9.5528e-01
964 +1.101892428e-02 +1.101892428e-02 +7.732101892e+01 +7.732101892e+01 +9.7784e-01 -6.2807e-01 -2.1179e+00 -1.8295e+00 +9.7653e-01
1100 +7.057658831e-03 +7.057658831e-03 +7.731705766e+01 +7.731705766e+01 +9.8067e-01 -4.8806e-01 -2.1727e+00 -1.8866e+00 +9.8009e-01
1458 +3.906800423e-03 +3.906800423e-03 +7.731390680e+01 +7.731390680e+01 +8.7403e-01 -6.4430e-01 -2.1343e+00 -1.8590e+00 +1.0110e+00
1469 +2.095970110e-03 +2.095970110e-03 +7.731209597e+01 +7.731209597e+01 +9.3049e-01 -5.2534e-01 -2.1741e+00 -1.9064e+00 +9.8714e-01
1969 +1.072916768e-03 +1.072916768e-03 +7.731107292e+01 +7.731107292e+01 +9.0544e-01 -5.5605e-01 -2.1398e+00 -1.9097e+00 +9.9641e-01
2231 +9.299654535e-04 +9.299654535e-04 +7.731092997e+01 +7.731092997e+01 +9.0859e-01 -5.7979e-01 -2.1437e+00 -1.8977e+00 +9.9387e-01
2321 +6.096879444e-04 +6.096879444e-04 +7.731060969e+01 +7.731060969e+01 +9.0563e-01 -5.8116e-01 -2.1208e+00 -1.8999e+00 +9.9433e-01
3162 +3.853052309e-04 +3.853052309e-04 +7.731038531e+01 +7.731038531e+01 +9.0476e-01 -5.7164e-01 -2.1232e+00 -1.9097e+00 +9.9361e-01
3268 +2.249255676e-04 +2.249255676e-04 +7.731022493e+01 +7.731022493e+01 +9.0093e-01 -5.8478e-01 -2.1232e+00 -1.9040e+00 +9.9542e-01
3409 +1.418077707e-04 +1.418077707e-04 +7.731014181e+01 +7.731014181e+01 +9.0098e-01 -5.9278e-01 -2.1213e+00 -1.9005e+00 +9.9562e-01
3568 +9.420844873e-05 +9.420844873e-05 +7.731009421e+01 +7.731009421e+01 +9.0272e-01 -5.8983e-01 -2.1195e+00 -1.8991e+00 +9.9557e-01
3823 +6.206928344e-05 +6.206928344e-05 +7.731006207e+01 +7.731006207e+01 +9.0146e-01 -5.9718e-01 -2.1155e+00 -1.8962e+00 +9.9618e-01
4981 +3.944596479e-05 +3.944596479e-05 +7.731003945e+01 +7.731003945e+01 +9.0165e-01 -5.9840e-01 -2.1146e+00 -1.8952e+00 +9.9618e-01
8133 +2.497892332e-05 +2.497892332e-05 +7.731002498e+01 +7.731002498e+01 +9.0107e-01 -6.0073e-01 -2.1146e+00 -1.8934e+00 +9.9672e-01
11087 +1.516721090e-05 +1.516721090e-05 +7.731001517e+01 +7.731001517e+01 +9.0074e-01 -6.0306e-01 -2.1148e+00 -1.8917e+00 +9.9714e-01
14662 +9.958382890e-06 +9.958382890e-06 +7.731000996e+01 +7.731000996e+01 +9.0031e-01 -6.0488e-01 -2.1151e+00 -1.8902e+00 +9.9758e-01
28826 +6.269610168e-06 +6.269610168e-06 +7.731000627e+01 +7.731000627e+01 +8.9925e-01 -6.0596e-01 -2.1150e+00 -1.8901e+00 +9.9798e-01
39239 +3.955067214e-06 +3.955067214e-06 +7.731000396e+01 +7.731000396e+01 +8.9847e-01 -6.0723e-01 -2.1150e+00 -1.8897e+00 +9.9832e-01
% function evaluation | noise-free fitness - Fopt (3.992000000000e+01) | best noise-free fitness - Fopt | measured fitness | best measured fitness | x1 | x2...
1 +2.911071701e+01 +2.911071701e+01 +6.903071701e+01 +6.903071701e+01 +3.3316e+00 -8.3085e-01 +7.2677e-01 -1.7581e-01 +1.9994e+00
3 +7.398043610e+00 +7.398043610e+00 +4.731804361e+01 +4.731804361e+01 -1.2832e-01 +1.6425e+00 +2.8898e+00 -2.5847e-01 -9.4377e-01
93 +5.251301987e+00 +5.251301987e+00 +4.517130199e+01 +4.517130199e+01 +1.7815e+00 +7.3156e-01 +2.5405e-02 -2.5447e+00 -8.6216e-02
170 +2.111251522e+00 +2.111251522e+00 +4.203125152e+01 +4.203125152e+01 +2.2951e+00 +4.3166e-01 +2.9711e+00 -2.2996e+00 -1.7865e+00
301 +1.209629040e+00 +1.209629040e+00 +4.112962904e+01 +4.112962904e+01 +4.2555e+00 -2.5149e-01 +3.1388e+00 -2.7071e+00 -2.9139e+00
361 +5.160979788e-01 +5.160979788e-01 +4.043609798e+01 +4.043609798e+01 +3.5856e+00 -1.3544e+00 +1.9554e+00 -2.6601e+00 -2.6741e+00
418 +1.837850444e-01 +1.837850444e-01 +4.010378504e+01 +4.010378504e+01 +3.7750e+00 -8.7718e-01 +2.4807e+00 -1.9090e+00 -2.3818e+00
656 +6.732519034e-02 +6.732519034e-02 +3.998732519e+01 +3.998732519e+01 +3.9678e+00 -9.3211e-01 +2.4250e+00 -2.0502e+00 -2.1455e+00
901 +6.172166868e-02 +6.172166868e-02 +3.998172167e+01 +3.998172167e+01 +3.9815e+00 -9.1932e-01 +2.4536e+00 -2.0635e+00 -2.1586e+00
995 +1.608467334e-02 +1.608467334e-02 +3.993608467e+01 +3.993608467e+01 +3.9938e+00 -9.8174e-01 +2.4045e+00 -2.2273e+00 -2.0628e+00
1141 +6.245096635e-03 +6.245096635e-03 +3.992624510e+01 +3.992624510e+01 +3.9279e+00 -1.0166e+00 +2.3583e+00 -2.2433e+00 -2.1926e+00
1771 +2.357800470e-03 +2.357800470e-03 +3.992235780e+01 +3.992235780e+01 +3.9198e+00 -1.0731e+00 +2.3673e+00 -2.2452e+00 -2.1564e+00
2625 +1.389057394e-03 +1.389057394e-03 +3.992138906e+01 +3.992138906e+01 +3.9332e+00 -1.0531e+00 +2.3750e+00 -2.2418e+00 -2.1346e+00
2703 +9.753186091e-04 +9.753186091e-04 +3.992097532e+01 +3.992097532e+01 +3.9253e+00 -1.0520e+00 +2.3924e+00 -2.2489e+00 -2.1318e+00
3475 +6.289389921e-04 +6.289389921e-04 +3.992062894e+01 +3.992062894e+01 +3.9298e+00 -1.0525e+00 +2.3923e+00 -2.2549e+00 -2.1172e+00
4172 +3.851099920e-04 +3.851099920e-04 +3.992038511e+01 +3.992038511e+01 +3.9306e+00 -1.0595e+00 +2.3930e+00 -2.2614e+00 -2.1047e+00
5360 +2.457043083e-04 +2.457043083e-04 +3.992024570e+01 +3.992024570e+01 +3.9316e+00 -1.0617e+00 +2.3908e+00 -2.2683e+00 -2.0984e+00
8527 +1.570627758e-04 +1.570627758e-04 +3.992015706e+01 +3.992015706e+01 +3.9343e+00 -1.0633e+00 +2.3900e+00 -2.2706e+00 -2.0901e+00
9157 +9.847448648e-05 +9.847448648e-05 +3.992009847e+01 +3.992009847e+01 +3.9365e+00 -1.0637e+00 +2.3926e+00 -2.2736e+00 -2.0804e+00
14124 +6.274955212e-05 +6.274955212e-05 +3.992006275e+01 +3.992006275e+01 +3.9380e+00 -1.0639e+00 +2.3924e+00 -2.2764e+00 -2.0753e+00
22393 +3.980069791e-05 +3.980069791e-05 +3.992003980e+01 +3.992003980e+01 +3.9402e+00 -1.0642e+00 +2.3917e+00 -2.2783e+00 -2.0693e+00
27104 +2.400788051e-05 +2.400788051e-05 +3.992002401e+01 +3.992002401e+01 +3.9407e+00 -1.0665e+00 +2.3917e+00 -2.2804e+00 -2.0649e+00
37353 +1.584875542e-05 +1.584875542e-05 +3.992001585e+01 +3.992001585e+01 +3.9418e+00 -1.0665e+00 +2.3917e+00 -2.2819e+00 -2.0614e+00
% function evaluation | noise-free fitness - Fopt (-5.661000000000e+01) | best noise-free fitness - Fopt | measured fitness | best measured fitness | x1 | x2...
1 +5.465182085e+01 +5.465182085e+01 -1.958179152e+00 -1.958179152e+00 +2.8020e-01 +4.1951e+00 -7.6102e-02 +1.1806e+00 -2.4332e+00
2 +1.166237253e+01 +1.166237253e+01 -4.494762747e+01 -4.494762747e+01 +4.5890e+00 +2.6804e+00 +3.0178e+00 -1.6655e-01 +2.7130e+00
20 +7.393277989e+00 +7.393277989e+00 -4.921672201e+01 -4.921672201e+01 +2.0237e+00 +7.8482e-01 +9.1929e-01 -1.6328e+00 -2.0927e+00
129 +1.179104714e+00 +1.179104714e+00 -5.543089529e+01 -5.543089529e+01 +1.1421e+00 +2.4733e+00 +3.1838e+00 -4.2118e+00 -3.1954e+00
209 +8.584194502e-01 +8.584194502e-01 -5.575158055e+01 -5.575158055e+01 +1.4944e+00 +2.6123e+00 +3.1485e+00 -2.1606e+00 -2.8518e+00
359 +6.186243753e-01 +6.186243753e-01 -5.599137562e+01 -5.599137562e+01 +1.2319e+00 +2.4629e+00 +3.2191e+00 -3.0733e+00 -2.6020e+00
376 +3.656120797e-01 +3.656120797e-01 -5.624438792e+01 -5.624438792e+01 +1.6273e+00 +3.3542e+00 +3.0100e+00 -2.9001e+00 -3.1426e+00
571 +2.411319707e-01 +2.411319707e-01 -5.636886803e+01 -5.636886803e+01 +2.4015e+00 +3.0620e+00 +3.2342e+00 -3.1788e+00 -3.3411e+00
659 +1.219475563e-01 +1.219475563e-01 -5.648805244e+01 -5.648805244e+01 +2.4105e+00 +2.8307e+00 +3.1374e+00 -3.3644e+00 -3.3240e+00
836 +8.329569982e-02 +8.329569982e-02 -5.652670430e+01 -5.652670430e+01 +2.2638e+00 +2.7909e+00 +3.0415e+00 -3.4178e+00 -3.1847e+00
867 +5.283804512e-02 +5.283804512e-02 -5.655716195e+01 -5.655716195e+01 +2.1475e+00 +2.9114e+00 +3.2136e+00 -3.2578e+00 -3.3271e+00
953 +3.958461895e-02 +3.958461895e-02 -5.657041538e+01 -5.657041538e+01 +2.1057e+00 +3.0279e+00 +2.9343e+00 -3.3189e+00 -3.2095e+00
1046 +2.453968789e-02 +2.453968789e-02 -5.658546031e+01 -5.658546031e+01 +2.1471e+00 +3.0021e+00 +3.0927e+00 -3.3480e+00 -3.2431e+00
1281 +1.045766666e-02 +1.045766666e-02 -5.659954233e+01 -5.659954233e+01 +2.0965e+00 +2.9717e+00 +3.1564e+00 -3.3255e+00 -3.2172e+00
1449 +9.465758071e-03 +9.465758071e-03 -5.660053424e+01 -5.660053424e+01 +2.0737e+00 +2.9657e+00 +3.1341e+00 -3.2994e+00 -3.1917e+00
1646 +4.730965878e-03 +4.730965878e-03 -5.660526903e+01 -5.660526903e+01 +2.0348e+00 +2.9724e+00 +3.1156e+00 -3.2769e+00 -3.1979e+00
1884 +3.685925716e-03 +3.685925716e-03 -5.660631407e+01 -5.660631407e+01 +2.0213e+00 +2.9724e+00 +3.1162e+00 -3.2753e+00 -3.1860e+00
2068 +2.455923316e-03 +2.455923316e-03 -5.660754408e+01 -5.660754408e+01 +1.9805e+00 +2.9541e+00 +3.1503e+00 -3.2489e+00 -3.1672e+00
2465 +1.468099271e-03 +1.468099271e-03 -5.660853190e+01 -5.660853190e+01 +1.9542e+00 +2.9586e+00 +3.1582e+00 -3.2471e+00 -3.1463e+00
2641 +7.432417563e-04 +7.432417563e-04 -5.660925676e+01 -5.660925676e+01 +1.9605e+00 +2.9468e+00 +3.1729e+00 -3.2521e+00 -3.1396e+00
2776 +6.190940971e-04 +6.190940971e-04 -5.660938091e+01 -5.660938091e+01 +1.9540e+00 +2.9461e+00 +3.1751e+00 -3.2574e+00 -3.1276e+00
3403 +3.532828098e-04 +3.532828098e-04 -5.660964672e+01 -5.660964672e+01 +1.9519e+00 +2.9414e+00 +3.1854e+00 -3.2584e+00 -3.1222e+00
3550 +2.427262362e-04 +2.427262362e-04 -5.660975727e+01 -5.660975727e+01 +1.9522e+00 +2.9377e+00 +3.1831e+00 -3.2600e+00 -3.1169e+00
5047 +1.485703118e-04 +1.485703118e-04 -5.660985143e+01 -5.660985143e+01 +1.9561e+00 +2.9352e+00 +3.1857e+00 -3.2635e+00 -3.1151e+00
5363 +9.865039855e-05 +9.865039855e-05 -5.660990135e+01 -5.660990135e+01 +1.9568e+00 +2.9345e+00 +3.1877e+00 -3.2671e+00 -3.1118e+00
11592 +6.291412669e-05 +6.291412669e-05 -5.660993709e+01 -5.660993709e+01 +1.9571e+00 +2.9316e+00 +3.1872e+00 -3.2686e+00 -3.1078e+00
17102 +3.975421760e-05 +3.975421760e-05 -5.660996025e+01 -5.660996025e+01 +1.9571e+00 +2.9306e+00 +3.1874e+00 -3.2710e+00 -3.1044e+00
26530 +2.501977002e-05 +2.501977002e-05 -5.660997498e+01 -5.660997498e+01 +1.9571e+00 +2.9288e+00 +3.1877e+00 -3.2728e+00 -3.1011e+00
% function evaluation | noise-free fitness - Fopt (5.134000000000e+01) | best noise-free fitness - Fopt | measured fitness | best measured fitness | x1 | x2...
1 +8.319855328e+01 +8.319855328e+01 +1.345385533e+02 +1.345385533e+02 +3.2302e-01 +1.4573e-01 -4.3697e+00 -7.8292e-01 +4.1219e+00
2 +2.881631420e+01 +2.881631420e+01 +8.015631420e+01 +8.015631420e+01 +3.0466e+00 +2.4622e+00 +1.8665e+00 -1.2833e+00 +1.1716e+00
4 +1.290878447e+01 +1.290878447e+01 +6.424878447e+01 +6.424878447e+01 -3.8217e+00 +3.5045e+00 +2.0426e+00 -1.3986e+00 +2.9046e+00
10 +7.976247592e+00 +7.976247592e+00 +5.931624759e+01 +5.931624759e+01 -2.4842e+00 -4.7803e+00 -2.7987e+00 +2.6596e+00 +1.6585e+00
11 +6.283089625e+00 +6.283089625e+00 +5.762308963e+01 +5.762308963e+01 -1.4245e+00 -3.9132e+00 +1.1955e+00 +4.1064e+00 -4.1261e+00
90 +3.453233193e+00 +3.453233193e+00 +5.479323319e+01 +5.479323319e+01 -1.9140e+00 -3.6917e+00 +1.6575e+00 +5.0000e+00 -5.8102e-01
161 +2.419464235e+00 +2.419464235e+00 +5.375946423e+01 +5.375946423e+01 -2.5238e+00 -2.6962e+00 +1.0104e+00 +4.7627e+00 -7.8796e-01
204 +1.556721051e+00 +1.556721051e+00 +5.289672105e+01 +5.289672105e+01 -2.6374e+00 -1.1654e+00 +1.3295e+00 +2.8278e+00 +9.6472e-01
365 +6.289501054e-01 +6.289501054e-01 +5.196895011e+01 +5.196895011e+01 -2.6621e+00 -1.8641e+00 +6.8868e-01 +2.7697e+00 +1.0566e+00
509 +2.829385763e-01 +2.829385763e-01 +5.162293858e+01 +5.162293858e+01 -2.4461e+00 -2.4098e+00 +7.2687e-01 +2.5298e+00 +7.5615e-01
652 +1.888561112e-01 +1.888561112e-01 +5.152885611e+01 +5.152885611e+01 -2.3630e+00 -2.2340e+00 +6.2627e-01 +2.6573e+00 +5.9649e-01
812 +5.972996174e-02 +5.972996174e-02 +5.139972996e+01 +5.139972996e+01 -2.2985e+00 -2.2347e+00 +1.9696e-01 +2.6294e+00 +3.5926e-01
1088 +1.872923311e-02 +1.872923311e-02 +5.135872923e+01 +5.135872923e+01 -2.6617e+00 -2.1874e+00 +2.0461e-01 +2.6878e+00 +3.3433e-01
1215 +1.153640793e-02 +1.153640793e-02 +5.135153641e+01 +5.135153641e+01 -2.6318e+00 -2.2641e+00 +3.7995e-01 +2.6540e+00 +3.6187e-01
1388 +5.766318721e-03 +5.766318721e-03 +5.134576632e+01 +5.134576632e+01 -2.5502e+00 -2.2679e+00 +3.7639e-01 +2.6836e+00 +3.8819e-01
1565 +2.186823692e-03 +2.186823692e-03 +5.134218682e+01 +5.134218682e+01 -2.5421e+00 -2.2650e+00 +2.9378e-01 +2.6931e+00 +3.9307e-01
1915 +1.262279644e-03 +1.262279644e-03 +5.134126228e+01 +5.134126228e+01 -2.5289e+00 -2.2521e+00 +2.6103e-01 +2.7154e+00 +4.0115e-01
2282 +7.760266273e-04 +7.760266273e-04 +5.134077603e+01 +5.134077603e+01 -2.5288e+00 -2.2517e+00 +2.8779e-01 +2.7154e+00 +4.0096e-01
2432 +6.142617018e-04 +6.142617018e-04 +5.134061426e+01 +5.134061426e+01 -2.5334e+00 -2.2515e+00 +2.8692e-01 +2.7154e+00 +4.0095e-01
2816 +3.215823718e-04 +3.215823718e-04 +5.134032158e+01 +5.134032158e+01 -2.5355e+00 -2.2435e+00 +2.6810e-01 +2.7316e+00 +4.0730e-01
3118 +1.996200296e-04 +1.996200296e-04 +5.134019962e+01 +5.134019962e+01 -2.5365e+00 -2.2440e+00 +2.6305e-01 +2.7246e+00 +4.0157e-01
3307 +1.549105068e-04 +1.549105068e-04 +5.134015491e+01 +5.134015491e+01 -2.5341e+00 -2.2415e+00 +2.5580e-01 +2.7308e+00 +4.0432e-01
5825 +9.588941086e-05 +9.588941086e-05 +5.134009589e+01 +5.134009589e+01 -2.5427e+00 -2.2402e+00 +2.5751e-01 +2.7332e+00 +4.0550e-01
12443 +6.282184582e-05 +6.282184582e-05 +5.134006282e+01 +5.134006282e+01 -2.5455e+00 -2.2406e+00 +2.5747e-01 +2.7382e+00 +4.0984e-01
37171 +3.937788242e-05 +3.937788242e-05 +5.134003938e+01 +5.134003938e+01 -2.5455e+00 -2.2424e+00 +2.5747e-01 +2.7448e+00 +4.1631e-01
% function evaluation | noise-free fitness - Fopt (-1.244000000000e+02) | best noise-free fitness - Fopt | measured fitness | best measured fitness | x1 | x2...
1 +2.647828318e+01 +2.647828318e+01 -9.792171682e+01 -9.792171682e+01 +2.7898e+00 +1.0417e+00 -1.7869e+00 +7.6061e-01 +1.9411e-01
8 +2.258044242e+01 +2.258044242e+01 -1.018195576e+02 -1.018195576e+02 +5.7791e-01 -2.8485e+00 +7.6682e-01 -2.3587e+00 +3.6131e+00
9 +7.777778647e+00 +7.777778647e+00 -1.166222214e+02 -1.166222214e+02 +3.6578e+00 +9.8031e-01 +4.7829e+00 -4.2847e+00 -2.7413e+00
73 +5.335377299e+00 +5.335377299e+00 -1.190646227e+02 -1.190646227e+02 +3.9591e-01 -1.6645e+00 +2.6016e+00 -6.8461e-01 -1.4598e-01
125 +1.488660815e+00 +1.488660815e+00 -1.229113392e+02 -1.229113392e+02 +6.6237e-01 +1.5159e+00 +1.9322e+00 -1.4508e+00 -2.1985e+00
363 +8.356142272e-01 +8.356142272e-01 -1.235643858e+02 -1.235643858e+02 +4.5497e-01 +1.1021e+00 +2.3325e+00 -2.3165e+00 -3.2388e+00
371 +6.017162865e-01 +6.017162865e-01 -1.237982837e+02 -1.237982837e+02 +9.4933e-01 +6.7118e-01 +2.4641e+00 -1.6718e+00 -2.3090e+00
469 +2.814844206e-01 +2.814844206e-01 -1.241185156e+02 -1.241185156e+02 +1.9289e-01 +6.2787e-01 +2.9802e+00 -2.7814e+00 -2.8254e+00
510 +2.452479289e-01 +2.452479289e-01 -1.241547521e+02 -1.241547521e+02 +3.6243e-01 +3.3986e-01 +3.1478e+00 -2.1680e+00 -2.9442e+00
595 +1.089932567e-01 +1.089932567e-01 -1.242910067e+02 -1.242910067e+02 -2.6011e-02 +9.9110e-01 +2.9879e+00 -2.2697e+00 -2.6094e+00
683 +7.273255029e-02 +7.273255029e-02 -1.243272674e+02 -1.243272674e+02 -1.9683e-02 +9.2274e-01 +2.8300e+00 -2.4024e+00 -2.5685e+00
1004 +2.277905132e-02 +2.277905132e-02 -1.243772209e+02 -1.243772209e+02 +1.5653e-01 +9.8546e-01 +2.8055e+00 -2.4556e+00 -2.4703e+00
1269 +1.288435139e-02 +1.288435139e-02 -1.243871156e+02 -1.243871156e+02 +1.6684e-01 +9.7868e-01 +2.8352e+00 -2.4334e+00 -2.5022e+00
1471 +8.378206094e-03 +8.378206094e-03 -1.243916218e+02 -1.243916218e+02 +1.5961e-01 +9.5665e-01 +2.8525e+00 -2.4499e+00 -2.5128e+00
1579 +5.109616368e-03 +5.109616368e-03 -1.243948904e+02 -1.243948904e+02 +2.1890e-01 +9.5388e-01 +2.8420e+00 -2.4623e+00 -2.4664e+00
1922 +2.756011751e-03 +2.756011751e-03 -1.243972440e+02 -1.243972440e+02 +2.2517e-01 +9.2925e-01 +2.8536e+00 -2.4403e+00 -2.4903e+00
2088 +1.953891088e-03 +1.953891088e-03 -1.243980461e+02 -1.243980461e+02 +2.2225e-01 +9.1849e-01 +2.8799e+00 -2.4300e+00 -2.5040e+00
2272 +1.515245426e-03 +1.515245426e-03 -1.243984848e+02 -1.243984848e+02 +2.2687e-01 +9.0913e-01 +2.8687e+00 -2.4301e+00 -2.5048e+00
2816 +8.517629304e-04 +8.517629304e-04 -1.243991482e+02 -1.243991482e+02 +2.3916e-01 +9.1519e-01 +2.8752e+00 -2.4116e+00 -2.5060e+00
4272 +6.218548329e-04 +6.218548329e-04 -1.243993781e+02 -1.243993781e+02 +2.4080e-01 +9.1250e-01 +2.8818e+00 -2.4044e+00 -2.5116e+00
4596 +3.962324639e-04 +3.962324639e-04 -1.243996038e+02 -1.243996038e+02 +2.4107e-01 +9.0962e-01 +2.8865e+00 -2.3915e+00 -2.5204e+00
6016 +2.508909956e-04 +2.508909956e-04 -1.243997491e+02 -1.243997491e+02 +2.4117e-01 +9.0410e-01 +2.8857e+00 -2.3860e+00 -2.5260e+00
7473 +1.570014978e-04 +1.570014978e-04 -1.243998430e+02 -1.243998430e+02 +2.4708e-01 +9.0104e-01 +2.8892e+00 -2.3785e+00 -2.5286e+00
9706 +9.996052275e-05 +9.996052275e-05 -1.243999000e+02 -1.243999000e+02 +2.4815e-01 +8.9017e-01 +2.8872e+00 -2.3760e+00 -2.5344e+00
21494 +6.309360064e-05 +6.309360064e-05 -1.243999369e+02 -1.243999369e+02 +2.5142e-01 +8.9194e-01 +2.8906e+00 -2.3692e+00 -2.5358e+00
38358 +3.946200292e-05 +3.946200292e-05 -1.243999605e+02 -1.243999605e+02 +2.5111e-01 +8.9203e-01 +2.8932e+00 -2.3642e+00 -2.5391e+00
% function evaluation | noise-free fitness - Fopt (6.000000000000e-01) | best noise-free fitness - Fopt | measured fitness | best measured fitness | x1 | x2...
1 +4.925653175e+01 +4.925653175e+01 +4.985653175e+01 +4.985653175e+01 -2.9490e+00 -2.6146e-01 +3.5619e+00 -1.4325e+00 +2.6500e+00
6 +1.426385455e+01 +1.426385455e+01 +1.486385455e+01 +1.486385455e+01 +1.4420e+00 -4.3852e+00 +8.1597e-01 +1.0528e+00 +3.0279e+00
16 +8.711796879e+00 +8.711796879e+00 +9.311796879e+00 +9.311796879e+00 +2.4963e+00 -7.0418e-01 +1.8298e+00 +1.9642e-01 +1.7728e+00
37 +5.183287603e+00 +5.183287603e+00 +5.783287603e+00 +5.783287603e+00 +2.5479e+00 -1.4290e-01 +2.9525e+00 +2.6083e+00 +4.7227e-02
189 +3.976558135e+00 +3.976558135e+00 +4.576558135e+00 +4.576558135e+00 +1.8734e+00 -1.6463e+00 +2.5750e+00 +2.6164e+00 +5.8815e-01
301 +9.091746693e-01 +9.091746693e-01 +1.509174669e+00 +1.509174669e+00 +1.5083e+00 -1.9837e+00 +3.9395e-01 +3.4328e+00 +2.9723e-01
466 +4.672328164e-01 +4.672328164e-01 +1.067232816e+00 +1.067232816e+00 +2.0666e+00 -1.9197e+00 -7.5405e-03 +4.0777e+00 +6.6075e-01
477 +2.379454063e-01 +2.379454063e-01 +8.379454063e-01 +8.379454063e-01 +3.1849e+00 -2.0064e+00 +1.2270e-01 +3.5215e+00 +3.4210e-01
516 +1.482805564e-01 +1.482805564e-01 +7.482805564e-01 +7.482805564e-01 +2.9798e+00 -1.9609e+00 +1.9874e-01 +3.7450e+00 +2.8743e-02
705 +6.725976425e-02 +6.725976425e-02 +6.672597643e-01 +6.672597643e-01 +2.5713e+00 -2.1210e+00 +2.6942e-01 +3.6866e+00 +3.3696e-01
817 +3.687161565e-02 +3.687161565e-02 +6.368716156e-01 +6.368716156e-01 +2.3867e+00 -2.0709e+00 +2.1175e-01 +3.7518e+00 +3.0069e-01
1281 +2.409603976e-02 +2.409603976e-02 +6.240960398e-01 +6.240960398e-01 +2.4497e+00 -2.0806e+00 +1.8261e-01 +3.6986e+00 +2.6658e-01
1496 +1.256406670e-02 +1.256406670e-02 +6.125640667e-01 +6.125640667e-01 +2.4580e+00 -2.0482e+00 +1.8120e-01 +3.6895e+00 +2.4029e-01
1668 +8.416189330e-03 +8.416189330e-03 +6.084161893e-01 +6.084161893e-01 +2.5291e+00 -2.0472e+00 +1.7831e-01 +3.6833e+00 +2.3219e-01
1916 +6.220868962e-03 +6.220868962e-03 +6.062208690e-01 +6.062208690e-01 +2.5384e+00 -2.0381e+00 +1.7529e-01 +3.7086e+00 +2.0427e-01
2073 +3.289330106e-03 +3.289330106e-03 +6.032893301e-01 +6.032893301e-01 +2.6005e+00 -2.0199e+00 +1.4612e-01 +3.6885e+00 +1.8492e-01
2632 +2.247161277e-03 +2.247161277e-03 +6.022471613e-01 +6.022471613e-01 +2.5646e+00 -2.0203e+00 +1.7080e-01 +3.6652e+00 +1.6939e-01
2950 +1.542952065e-03 +1.542952065e-03 +6.015429521e-01 +6.015429521e-01 +2.5820e+00 -2.0160e+00 +1.5579e-01 +3.6624e+00 +1.7503e-01
3156 +9.497562524e-04 +9.497562524e-04 +6.009497563e-01 +6.009497563e-01 +2.5790e+00 -2.0112e+00 +1.4965e-01 +3.6441e+00 +1.7398e-01
3314 +6.265310742e-04 +6.265310742e-04 +6.006265311e-01 +6.006265311e-01 +2.5822e+00 -2.0057e+00 +1.4589e-01 +3.6289e+00 +1.6682e-01
4376 +3.895319924e-04 +3.895319924e-04 +6.003895320e-01 +6.003895320e-01 +2.5860e+00 -2.0011e+00 +1.4119e-01 +3.6194e+00 +1.6133e-01
5056 +2.426651516e-04 +2.426651516e-04 +6.002426652e-01 +6.002426652e-01 +2.5872e+00 -1.9985e+00 +1.3513e-01 +3.6113e+00 +1.6355e-01
6272 +1.565398060e-04 +1.565398060e-04 +6.001565398e-01 +6.001565398e-01 +2.5903e+00 -1.9957e+00 +1.2890e-01 +3.6024e+00 +1.6841e-01
10687 +9.992378596e-05 +9.992378596e-05 +6.000999238e-01 +6.000999238e-01 +2.5902e+00 -1.9930e+00 +1.2582e-01 +3.5960e+00 +1.6370e-01
16051 +6.195906934e-05 +6.195906934e-05 +6.000619591e-01 +6.000619591e-01 +2.5902e+00 -1.9898e+00 +1.2461e-01 +3.5892e+00 +1.5441e-01
29642 +3.980595921e-05 +3.980595921e-05 +6.000398060e-01 +6.000398060e-01 +2.5937e+00 -1.9883e+00 +1.2293e-01 +3.5867e+00 +1.5328e-01
% function evaluation | noise-free fitness - Fopt (-4.071000000000e+01) | best noise-free fitness - Fopt | measured fitness | best measured fitness | x1 | x2...
1 +4.007668025e+01 +4.007668025e+01 -6.333197525e-01 -6.333197525e-01 -4.1236e+00 -4.7276e+00 +1.7144e+00 -1.7222e+00 +2.7322e+00
2 +3.680882059e+01 +3.680882059e+01 -3.901179413e+00 -3.901179413e+00 +2.9699e+00 +4.2644e+00 +1.9363e+00 +2.8103e+00 +3.9611e+00
15 +1.410915959e+01 +1.410915959e+01 -2.660084041e+01 -2.660084041e+01 -4.3084e+00 -2.5506e+00 +4.3907e+00 +2.3201e+00 +1.8864e-01
19 +9.226151498e+00 +9.226151498e+00 -3.148384850e+01 -3.148384850e+01 +5.6756e-01 -1.0982e+00 +3.5715e-01 +7.1557e-01 -2.3938e+00
23 +3.274198940e+00 +3.274198940e+00 -3.743580106e+01 -3.743580106e+01 +2.3332e+00 -2.6703e+00 +2.0208e+00 +3.7842e+00 -2.8819e+00
191 +1.989616269e+00 +1.989616269e+00 -3.872038373e+01 -3.872038373e+01 -2.4511e-01 -2.0879e+00 +1.7772e-01 +1.2136e+00 +4.7781e-01
240 +1.456509206e+00 +1.456509206e+00 -3.925349079e+01 -3.925349079e+01 +7.5926e-01 -2.7711e+00 +1.9870e+00 +2.4071e+00 -2.0252e+00
288 +8.982010945e-01 +8.982010945e-01 -3.981179891e+01 -3.981179891e+01 -1.7622e-01 -2.9551e+00 +1.5332e+00 +1.8425e+00 -9.4966e-02
341 +5.700202362e-01 +5.700202362e-01 -4.013997976e+01 -4.013997976e+01 +1.0296e+00 -3.3337e+00 +9.6095e-01 +2.0305e+00 -7.2206e-01
413 +2.424614918e-01 +2.424614918e-01 -4.046753851e+01 -4.046753851e+01 +5.1601e-01 -3.2599e+00 +1.3669e+00 +1.8859e+00 -6.3039e-01
723 +3.837573644e-02 +3.837573644e-02 -4.067162426e+01 -4.067162426e+01 +5.9777e-01 -2.8327e+00 +1.2210e+00 +2.0394e+00 -6.3260e-01
1169 +1.649956539e-02 +1.649956539e-02 -4.069350043e+01 -4.069350043e+01 +7.3868e-01 -2.7279e+00 +1.3486e+00 +2.3797e+00 -4.8105e-01
1201 +1.404653614e-02 +1.404653614e-02 -4.069595346e+01 -4.069595346e+01 +6.2993e-01 -2.7707e+00 +1.3542e+00 +2.2274e+00 -5.3679e-01
1364 +9.343610393e-03 +9.343610393e-03 -4.070065639e+01 -4.070065639e+01 +6.0655e-01 -2.7309e+00 +1.3577e+00 +2.2989e+00 -5.6712e-01
1454 +6.020060936e-03 +6.020060936e-03 -4.070397994e+01 -4.070397994e+01 +6.2732e-01 -2.6928e+00 +1.3776e+00 +2.2798e+00 -5.5125e-01
1562 +2.944223656e-03 +2.944223656e-03 -4.070705578e+01 -4.070705578e+01 +6.4904e-01 -2.7016e+00 +1.3612e+00 +2.3030e+00 -5.4544e-01
1869 +2.463949468e-03 +2.463949468e-03 -4.070753605e+01 -4.070753605e+01 +6.4694e-01 -2.6980e+00 +1.3653e+00 +2.3072e+00 -5.4246e-01
2025 +1.435949944e-03 +1.435949944e-03 -4.070856405e+01 -4.070856405e+01 +6.4514e-01 -2.6906e+00 +1.3925e+00 +2.2972e+00 -5.4048e-01
2207 +9.549443248e-04 +9.549443248e-04 -4.070904506e+01 -4.070904506e+01 +6.5063e-01 -2.6960e+00 +1.3910e+00 +2.2986e+00 -5.3506e-01
3141 +5.909487565e-04 +5.909487565e-04 -4.070940905e+01 -4.070940905e+01 +6.5256e-01 -2.6970e+00 +1.3938e+00 +2.2684e+00 -5.3784e-01
3271 +3.530318544e-04 +3.530318544e-04 -4.070964697e+01 -4.070964697e+01 +6.5135e-01 -2.7001e+00 +1.4012e+00 +2.2515e+00 -5.3852e-01
4186 +2.508529626e-04 +2.508529626e-04 -4.070974915e+01 -4.070974915e+01 +6.5446e-01 -2.7037e+00 +1.4009e+00 +2.2456e+00 -5.3689e-01
4764 +1.526758941e-04 +1.526758941e-04 -4.070984732e+01 -4.070984732e+01 +6.5454e-01 -2.7083e+00 +1.4019e+00 +2.2397e+00 -5.3643e-01
5189 +9.557890998e-05 +9.557890998e-05 -4.070990442e+01 -4.070990442e+01 +6.5453e-01 -2.7128e+00 +1.4009e+00 +2.2354e+00 -5.3633e-01
5690 +6.011665764e-05 +6.011665764e-05 -4.070993988e+01 -4.070993988e+01 +6.5515e-01 -2.7158e+00 +1.3993e+00 +2.2318e+00 -5.3634e-01
6233 +3.122095429e-05 +3.122095429e-05 -4.070996878e+01 -4.070996878e+01 +6.5601e-01 -2.7188e+00 +1.3988e+00 +2.2257e+00 -5.3632e-01
7700 +2.496435271e-05 +2.496435271e-05 -4.070997504e+01 -4.070997504e+01 +6.5660e-01 -2.7189e+00 +1.3990e+00 +2.2238e+00 -5.3624e-01
12852 +1.582757250e-05 +1.582757250e-05 -4.070998417e+01 -4.070998417e+01 +6.5676e-01 -2.7206e+00 +1.3991e+00 +2.2206e+00 -5.3625e-01
19822 +9.985758929e-06 +9.985758929e-06 -4.070999001e+01 -4.070999001e+01 +6.5709e-01 -2.7218e+00 +1.3991e+00 +2.2177e+00 -5.3625e-01
24797 +6.203222668e-06 +6.203222668e-06 -4.070999380e+01 -4.070999380e+01 +6.5747e-01 -2.7226e+00 +1.3991e+00 +2.2152e+00 -5.3625e-01
31502 +3.905021877e-06 +3.905021877e-06 -4.070999609e+01 -4.070999609e+01 +6.5769e-01 -2.7235e+00 +1.3991e+00 +2.2133e+00 -5.3625e-01
49396 +2.508386636e-06 +2.508386636e-06 -4.070999749e+01 -4.070999749e+01 +6.5783e-01 -2.7242e+00 +1.3991e+00 +2.2118e+00 -5.3625e-01
% function evaluation | noise-free fitness - Fopt (8.143200000000e+02) | best noise-free fitness - Fopt | measured fitness | best measured fitness | x1 | x2...
1 +4.445446686e+02 +4.445446686e+02 +1.258864669e+03 +1.258864669e+03 +1.1699e+00 +1.3588e+00 +1.7310e+00 -4.5258e+00 -3.9379e+00
2 +4.302131723e+01 +4.302131723e+01 +8.573413172e+02 +8.573413172e+02 -4.8568e+00 +2.7755e+00 +3.4068e+00 -1.4123e+00 +2.0421e+00
3 +2.442069426e+01 +2.442069426e+01 +8.387406943e+02 +8.387406943e+02 +9.9753e-01 -3.3546e+00 -1.6754e+00 +2.1720e-02 -3.3977e+00
12 +1.240890366e+01 +1.240890366e+01 +8.267289037e+02 +8.267289037e+02 +3.0421e+00 -3.0585e+00 -2.0656e+00 -3.3887e+00 +3.0456e-01
18 +8.286219561e+00 +8.286219561e+00 +8.226062196e+02 +8.226062196e+02 -3.7522e+00 -3.7746e+00 +2.3520e+00 +1.5815e+00 +2.7969e+00
20 +5.401354591e+00 +5.401354591e+00 +8.197213546e+02 +8.197213546e+02 -4.5464e+00 -3.0670e+00 +1.5091e+00 -2.7802e+00 +2.4873e+00
156 +2.261789685e+00 +2.261789685e+00 +8.165817897e+02 +8.165817897e+02 -3.1830e+00 -3.6967e+00 +2.6261e+00 -7.1659e-01 +3.1737e+00
238 +4.720182760e-01 +4.720182760e-01 +8.147920183e+02 +8.147920183e+02 -2.6958e+00 -3.7702e+00 +4.4227e+00 -1.3681e+00 +1.5014e+00
555 +3.369791522e-01 +3.369791522e-01 +8.146569792e+02 +8.146569792e+02 -2.6300e+00 -3.8275e+00 +4.1645e+00 -1.1778e+00 +2.4655e+00
606 +1.660493242e-01 +1.660493242e-01 +8.144860493e+02 +8.144860493e+02 -2.4687e+00 -3.8347e+00 +3.9087e+00 -1.1236e+00 +2.2646e+00
732 +9.564435458e-02 +9.564435458e-02 +8.144156444e+02 +8.144156444e+02 -2.7367e+00 -3.9740e+00 +3.7687e+00 -1.3683e+00 +2.1089e+00
830 +5.942184963e-02 +5.942184963e-02 +8.143794218e+02 +8.143794218e+02 -2.7597e+00 -4.0637e+00 +3.8432e+00 -1.3905e+00 +2.2624e+00
1011 +3.885701125e-02 +3.885701125e-02 +8.143588570e+02 +8.143588570e+02 -2.7171e+00 -3.9552e+00 +3.8532e+00 -1.4110e+00 +2.2051e+00
1251 +2.209902350e-02 +2.209902350e-02 +8.143420990e+02 +8.143420990e+02 -2.7431e+00 -3.8691e+00 +3.8074e+00 -1.3340e+00 +2.2998e+00
1258 +7.598721335e-03 +7.598721335e-03 +8.143275987e+02 +8.143275987e+02 -2.7706e+00 -3.8953e+00 +3.8205e+00 -1.2756e+00 +2.2514e+00
1481 +4.791838442e-03 +4.791838442e-03 +8.143247918e+02 +8.143247918e+02 -2.7784e+00 -3.9202e+00 +3.8210e+00 -1.2575e+00 +2.2205e+00
1589 +3.307465450e-03 +3.307465450e-03 +8.143233075e+02 +8.143233075e+02 -2.7752e+00 -3.9294e+00 +3.8272e+00 -1.2469e+00 +2.1917e+00
2366 +2.413103462e-03 +2.413103462e-03 +8.143224131e+02 +8.143224131e+02 -2.7741e+00 -3.9252e+00 +3.8250e+00 -1.2298e+00 +2.1889e+00
2625 +1.429380955e-03 +1.429380955e-03 +8.143214294e+02 +8.143214294e+02 -2.7831e+00 -3.9033e+00 +3.8274e+00 -1.2220e+00 +2.1710e+00
2812 +9.232241717e-04 +9.232241717e-04 +8.143209232e+02 +8.143209232e+02 -2.7919e+00 -3.9061e+00 +3.8301e+00 -1.2255e+00 +2.1508e+00
3243 +6.201637364e-04 +6.201637364e-04 +8.143206202e+02 +8.143206202e+02 -2.7927e+00 -3.9003e+00 +3.8334e+00 -1.2233e+00 +2.1421e+00
3426 +3.626971871e-04 +3.626971871e-04 +8.143203627e+02 +8.143203627e+02 -2.7930e+00 -3.8975e+00 +3.8359e+00 -1.2183e+00 +2.1310e+00
3544 +1.908488823e-04 +1.908488823e-04 +8.143201908e+02 +8.143201908e+02 -2.7980e+00 -3.8962e+00 +3.8388e+00 -1.2161e+00 +2.1134e+00
3594 +1.391522891e-04 +1.391522891e-04 +8.143201392e+02 +8.143201392e+02 -2.8011e+00 -3.8950e+00 +3.8402e+00 -1.2149e+00 +2.1040e+00
5290 +9.435287996e-05 +9.435287996e-05 +8.143200944e+02 +8.143200944e+02 -2.8035e+00 -3.8926e+00 +3.8414e+00 -1.2133e+00 +2.0967e+00
7569 +6.217339762e-05 +6.217339762e-05 +8.143200622e+02 +8.143200622e+02 -2.8035e+00 -3.8864e+00 +3.8415e+00 -1.2108e+00 +2.0975e+00
18470 +3.976995777e-05 +3.976995777e-05 +8.143200398e+02 +8.143200398e+02 -2.8032e+00 -3.8789e+00 +3.8431e+00 -1.2086e+00 +2.0937e+00
34534 +2.507324939e-05 +2.507324939e-05 +8.143200251e+02 +8.143200251e+02 -2.8000e+00 -3.8785e+00 +3.8450e+00 -1.2147e+00 +2.0935e+00
% function evaluation | noise-free fitness - Fopt (-6.205000000000e+01) | best noise-free fitness - Fopt | measured fitness | best measured fitness | x1 | x2...
1 +3.940659728e+02 +3.940659728e+02 +3.320159728e+02 +3.320159728e+02 -1.8360e+00 -4.1513e+00 +3.8848e+00 +2.8303e+00 +4.1479e+00
2 +1.009978168e+02 +1.009978168e+02 +3.894781683e+01 +3.894781683e+01 +1.9443e-01 -4.3784e+00 +4.0711e+00 +2.3908e+00 -4.9378e-01
4 +4.124001995e+01 +4.124001995e+01 -2.080998005e+01 -2.080998005e+01 +4.0044e+00 +2.3140e+00 -4.1466e+00 +4.3274e+00 +2.9139e-01
7 +2.316598553e+01 +2.316598553e+01 -3.888401447e+01 -3.888401447e+01 +1.8461e+00 +4.3928e+00 +1.1446e+00 +2.7407e+00 -2.5394e+00
12 +1.128711313e+01 +1.128711313e+01 -5.076288687e+01 -5.076288687e+01 +1.5154e+00 -3.4305e-01 +2.1074e+00 +1.2301e+00 +1.2861e-01
32 +5.712475129e+00 +5.712475129e+00 -5.633752487e+01 -5.633752487e+01 +8.0086e-01 -1.2173e-02 +3.2278e-01 -9.1285e-01 -2.4714e+00
54 +1.886938958e+00 +1.886938958e+00 -6.016306104e+01 -6.016306104e+01 +2.6932e+00 +3.6437e-01 -9.9385e-01 +3.0895e+00 -5.5271e-01
154 +7.209899585e-01 +7.209899585e-01 -6.132901004e+01 -6.132901004e+01 +1.7915e+00 -1.1149e+00 +5.2731e-02 +1.7226e+00 -1.5254e+00
365 +3.284478113e-01 +3.284478113e-01 -6.172155219e+01 -6.172155219e+01 +1.9886e+00 -4.0723e-01 -2.6464e-01 +1.6220e+00 -1.2949e+00
404 +2.117164531e-01 +2.117164531e-01 -6.183828355e+01 -6.183828355e+01 +1.8937e+00 -6.3249e-01 -3.4637e-01 +1.6876e+00 -1.3103e+00
754 +1.075133180e-01 +1.075133180e-01 -6.194248668e+01 -6.194248668e+01 +1.9676e+00 -5.9640e-01 -4.6504e-01 +1.8408e+00 -1.3163e+00
941 +8.197420680e-02 +8.197420680e-02 -6.196802579e+01 -6.196802579e+01 +2.0480e+00 -4.7045e-01 -5.2147e-01 +1.8446e+00 -1.5236e+00
1050 +6.086960143e-02 +6.086960143e-02 -6.198913040e+01 -6.198913040e+01 +1.8899e+00 -4.7634e-01 -5.5381e-01 +1.9476e+00 -1.5427e+00
1081 +3.830144851e-02 +3.830144851e-02 -6.201169855e+01 -6.201169855e+01 +1.9967e+00 -3.9859e-01 -5.7824e-01 +2.0353e+00 -1.6561e+00
1160 +1.657422168e-02 +1.657422168e-02 -6.203342578e+01 -6.203342578e+01 +2.0607e+00 -3.6817e-01 -5.5051e-01 +2.0298e+00 -1.6839e+00
1316 +7.221040497e-03 +7.221040497e-03 -6.204277896e+01 -6.204277896e+01 +1.9983e+00 -4.6052e-01 -5.4677e-01 +2.0737e+00 -1.6182e+00
1381 +3.773318689e-03 +3.773318689e-03 -6.204622668e+01 -6.204622668e+01 +2.0511e+00 -4.2412e-01 -5.5831e-01 +2.0716e+00 -1.6454e+00
1850 +2.134988072e-03 +2.134988072e-03 -6.204786501e+01 -6.204786501e+01 +2.0117e+00 -4.6194e-01 -5.6018e-01 +2.0704e+00 -1.6520e+00
2440 +1.459887007e-03 +1.459887007e-03 -6.204854011e+01 -6.204854011e+01 +2.0027e+00 -4.5671e-01 -5.5861e-01 +2.0830e+00 -1.6755e+00
2655 +6.700419084e-04 +6.700419084e-04 -6.204932996e+01 -6.204932996e+01 +2.0185e+00 -4.8052e-01 -5.7266e-01 +2.0792e+00 -1.6650e+00
2710 +6.025232816e-04 +6.025232816e-04 -6.204939748e+01 -6.204939748e+01 +2.0132e+00 -4.7271e-01 -5.6870e-01 +2.0787e+00 -1.6711e+00
3617 +3.503285011e-04 +3.503285011e-04 -6.204964967e+01 -6.204964967e+01 +2.0115e+00 -5.0169e-01 -5.8032e-01 +2.0770e+00 -1.6706e+00
4090 +2.417763799e-04 +2.417763799e-04 -6.204975822e+01 -6.204975822e+01 +2.0059e+00 -5.0405e-01 -5.7961e-01 +2.0774e+00 -1.6750e+00
5641 +1.531741282e-04 +1.531741282e-04 -6.204984683e+01 -6.204984683e+01 +2.0059e+00 -5.0542e-01 -5.8003e-01 +2.0784e+00 -1.6747e+00
7806 +9.951557488e-05 +9.951557488e-05 -6.204990048e+01 -6.204990048e+01 +2.0051e+00 -5.0537e-01 -5.7999e-01 +2.0804e+00 -1.6766e+00
9076 +6.288845011e-05 +6.288845011e-05 -6.204993711e+01 -6.204993711e+01 +2.0041e+00 -5.0472e-01 -5.8031e-01 +2.0831e+00 -1.6808e+00
13700 +3.814236404e-05 +3.814236404e-05 -6.204996186e+01 -6.204996186e+01 +2.0038e+00 -5.0368e-01 -5.8123e-01 +2.0848e+00 -1.6860e+00
27770 +2.509620058e-05 +2.509620058e-05 -6.204997490e+01 -6.204997490e+01 +2.0038e+00 -5.0381e-01 -5.8268e-01 +2.0868e+00 -1.6909e+00
% function evaluation | noise-free fitness - Fopt (-4.328000000000e+01) | best noise-free fitness - Fopt | measured fitness | best measured fitness | x1 | x2...
1 +1.353728629e+02 +1.353728629e+02 +9.209286289e+01 +9.209286289e+01 -4.7524e+00 -2.0227e+00 -2.1981e+00 -3.3073e+00 +1.5119e+00
2 +1.468389805e+01 +1.468389805e+01 -2.859610195e+01 -2.859610195e+01 +4.3860e+00 +2.0402e+00 -4.3585e+00 +1.8419e+00 -4.2020e-01
19 +2.486074683e+00 +2.486074683e+00 -4.079392532e+01 -4.079392532e+01 +1.1771e+00 +2.3098e+00 -2.4742e+00 +1.1823e+00 +2.2526e+00
194 +6.421790605e-01 +6.421790605e-01 -4.263782094e+01 -4.263782094e+01 -1.2816e-01 +2.7264e+00 -2.5523e+00 +7.8893e-01 +3.6637e+00
359 +4.750454158e-01 +4.750454158e-01 -4.280495458e+01 -4.280495458e+01 +4.3146e-02 +3.0080e+00 -2.3725e+00 +1.7669e+00 +3.6109e+00
452 +3.970148752e-01 +3.970148752e-01 -4.288298512e+01 -4.288298512e+01 -9.4328e-02 +2.9314e+00 -2.6183e+00 +1.4166e+00 +3.7195e+00
491 +1.707177273e-01 +1.707177273e-01 -4.310928227e+01 -4.310928227e+01 -5.4709e-01 +2.5382e+00 -2.8602e+00 +1.2798e+00 +3.6165e+00
649 +1.203746177e-01 +1.203746177e-01 -4.315962538e+01 -4.315962538e+01 -5.7368e-01 +2.8992e+00 -2.7808e+00 +1.4709e+00 +3.2349e+00
674 +7.274510598e-02 +7.274510598e-02 -4.320725489e+01 -4.320725489e+01 -3.0418e-01 +2.6566e+00 -2.9444e+00 +1.3796e+00 +3.3671e+00
927 +3.689421301e-02 +3.689421301e-02 -4.324310579e+01 -4.324310579e+01 -2.4899e-01 +2.6085e+00 -2.8721e+00 +1.7517e+00 +3.3615e+00
932 +1.374272325e-02 +1.374272325e-02 -4.326625728e+01 -4.326625728e+01 -3.5871e-01 +2.6688e+00 -2.8840e+00 +1.6642e+00 +3.2694e+00
1406 +9.209980172e-03 +9.209980172e-03 -4.327079002e+01 -4.327079002e+01 -3.5586e-01 +2.6228e+00 -2.8836e+00 +1.6823e+00 +3.2583e+00
1798 +5.992931463e-03 +5.992931463e-03 -4.327400707e+01 -4.327400707e+01 -3.6715e-01 +2.6346e+00 -2.8879e+00 +1.6382e+00 +3.2610e+00
1808 +2.558824784e-03 +2.558824784e-03 -4.327744118e+01 -4.327744118e+01 -4.3578e-01 +2.6676e+00 -2.8794e+00 +1.6520e+00 +3.1899e+00
1874 +2.334007495e-03 +2.334007495e-03 -4.327766599e+01 -4.327766599e+01 -3.9824e-01 +2.6529e+00 -2.8857e+00 +1.6454e+00 +3.2194e+00
2420 +1.546362463e-03 +1.546362463e-03 -4.327845364e+01 -4.327845364e+01 -4.1300e-01 +2.6510e+00 -2.8867e+00 +1.6332e+00 +3.2092e+00
3033 +8.062062336e-04 +8.062062336e-04 -4.327919379e+01 -4.327919379e+01 -4.3366e-01 +2.6528e+00 -2.8889e+00 +1.6372e+00 +3.1880e+00
3186 +6.070071018e-04 +6.070071018e-04 -4.327939299e+01 -4.327939299e+01 -4.3437e-01 +2.6535e+00 -2.8892e+00 +1.6365e+00 +3.1809e+00
3402 +3.977867020e-04 +3.977867020e-04 -4.327960221e+01 -4.327960221e+01 -4.3843e-01 +2.6530e+00 -2.8909e+00 +1.6331e+00 +3.1719e+00
3964 +2.479392321e-04 +2.479392321e-04 -4.327975206e+01 -4.327975206e+01 -4.4597e-01 +2.6524e+00 -2.8921e+00 +1.6307e+00 +3.1667e+00
4520 +1.573088678e-04 +1.573088678e-04 -4.327984269e+01 -4.327984269e+01 -4.5788e-01 +2.6527e+00 -2.8933e+00 +1.6293e+00 +3.1550e+00
6370 +9.943458987e-05 +9.943458987e-05 -4.327990057e+01 -4.327990057e+01 -4.6206e-01 +2.6527e+00 -2.8942e+00 +1.6296e+00 +3.1482e+00
8007 +6.129731094e-05 +6.129731094e-05 -4.327993870e+01 -4.327993870e+01 -4.7171e-01 +2.6526e+00 -2.8957e+00 +1.6297e+00 +3.1369e+00
15370 +3.962199074e-05 +3.962199074e-05 -4.327996038e+01 -4.327996038e+01 -4.8052e-01 +2.6525e+00 -2.8970e+00 +1.6297e+00 +3.1261e+00
23917 +2.511606343e-05 +2.511606343e-05 -4.327997488e+01 -4.327997488e+01 -4.8656e-01 +2.6516e+00 -2.8982e+00 +1.6297e+00 +3.1194e+00
39064 +1.577320927e-05 +1.577320927e-05 -4.327998423e+01 -4.327998423e+01 -4.8699e-01 +2.6479e+00 -2.8999e+00 +1.6297e+00 +3.1182e+00
% function evaluation | noise-free fitness - Fopt (-3.916000000000e+01) | best noise-free fitness - Fopt | measured fitness | best measured fitness | x1 | x2...
1 +6.068129409e+01 +6.068129409e+01 +2.152129409e+01 +2.152129409e+01 +2.6204e+00 -2.8035e+00 -3.2910e-01 -1.8848e-01 -4.3620e+00
2 +3.015464620e+01 +3.015464620e+01 -9.005353797e+00 -9.005353797e+00 -7.8937e-02 +4.1053e+00 -7.5538e-01 -1.1659e+00 +1.6440e+00
3 +1.909237005e+01 +1.909237005e+01 -2.006762995e+01 -2.006762995e+01 -3.2245e+00 +3.8401e+00 -5.4608e-01 +3.3481e+00 -1.7809e+00
5 +7.581805447e+00 +7.581805447e+00 -3.157819455e+01 -3.157819455e+01 -6.0497e-01 -2.1366e+00 +1.8505e+00 +3.0817e+00 -3.3489e-01
18 +2.281220769e+00 +2.281220769e+00 -3.687877923e+01 -3.687877923e+01 -3.0368e+00 +2.5571e+00 +2.8960e+00 +4.1675e+00 -4.4128e+00
219 +1.152626499e+00 +1.152626499e+00 -3.800737350e+01 -3.800737350e+01 -3.4330e+00 +1.1030e+00 +2.6162e+00 +2.7975e+00 -3.9660e+00
265 +7.715344326e-01 +7.715344326e-01 -3.838846557e+01 -3.838846557e+01 -3.8832e+00 +1.9597e+00 +2.1876e+00 +3.2139e+00 -3.7086e+00
335 +6.217358552e-01 +6.217358552e-01 -3.853826414e+01 -3.853826414e+01 -3.1953e+00 +2.4197e+00 +2.9211e+00 +2.8877e+00 -3.3882e+00
364 +3.940150768e-01 +3.940150768e-01 -3.876598492e+01 -3.876598492e+01 -3.4848e+00 +1.4815e+00 +2.8351e+00 +2.7324e+00 -2.9185e+00
488 +1.572561731e-01 +1.572561731e-01 -3.900274383e+01 -3.900274383e+01 -4.0466e+00 +1.9783e+00 +2.2222e+00 +2.7250e+00 -3.0060e+00
610 +7.943499098e-02 +7.943499098e-02 -3.908056501e+01 -3.908056501e+01 -3.5011e+00 +1.8508e+00 +2.6265e+00 +2.8561e+00 -3.1557e+00
691 +2.323856011e-02 +2.323856011e-02 -3.913676144e+01 -3.913676144e+01 -3.5976e+00 +1.8395e+00 +2.4884e+00 +2.7125e+00 -3.0510e+00
716 +1.199827677e-02 +1.199827677e-02 -3.914800172e+01 -3.914800172e+01 -3.6117e+00 +1.8373e+00 +2.5401e+00 +2.7665e+00 -3.0702e+00
1048 +8.795137179e-03 +8.795137179e-03 -3.915120486e+01 -3.915120486e+01 -3.6452e+00 +1.8600e+00 +2.4846e+00 +2.7722e+00 -3.0083e+00
1248 +4.148123479e-03 +4.148123479e-03 -3.915585188e+01 -3.915585188e+01 -3.6556e+00 +1.8716e+00 +2.5472e+00 +2.7711e+00 -3.0083e+00
1534 +3.807688226e-03 +3.807688226e-03 -3.915619231e+01 -3.915619231e+01 -3.6591e+00 +1.8691e+00 +2.5511e+00 +2.7819e+00 -3.0089e+00
1886 +2.492303383e-03 +2.492303383e-03 -3.915750770e+01 -3.915750770e+01 -3.6207e+00 +1.8693e+00 +2.5717e+00 +2.7925e+00 -3.0131e+00
2053 +1.382855745e-03 +1.382855745e-03 -3.915861714e+01 -3.915861714e+01 -3.6205e+00 +1.8741e+00 +2.5575e+00 +2.7805e+00 -3.0132e+00
2303 +8.789696032e-04 +8.789696032e-04 -3.915912103e+01 -3.915912103e+01 -3.6367e+00 +1.8642e+00 +2.5505e+00 +2.8015e+00 -3.0129e+00
2311 +5.568265157e-04 +5.568265157e-04 -3.915944317e+01 -3.915944317e+01 -3.6148e+00 +1.8784e+00 +2.5592e+00 +2.8083e+00 -3.0001e+00
2912 +2.781953227e-04 +2.781953227e-04 -3.915972180e+01 -3.915972180e+01 -3.6225e+00 +1.8648e+00 +2.5527e+00 +2.8272e+00 -3.0051e+00
3363 +2.440966483e-04 +2.440966483e-04 -3.915975590e+01 -3.915975590e+01 -3.6247e+00 +1.8649e+00 +2.5528e+00 +2.8257e+00 -3.0054e+00
4822 +1.529228054e-04 +1.529228054e-04 -3.915984708e+01 -3.915984708e+01 -3.6290e+00 +1.8725e+00 +2.5496e+00 +2.8296e+00 -2.9952e+00
7375 +9.801323932e-05 +9.801323932e-05 -3.915990199e+01 -3.915990199e+01 -3.6289e+00 +1.8712e+00 +2.5479e+00 +2.8351e+00 -2.9942e+00
8374 +5.706063570e-05 +5.706063570e-05 -3.915994294e+01 -3.915994294e+01 -3.6292e+00 +1.8712e+00 +2.5470e+00 +2.8444e+00 -2.9907e+00
13729 +3.954183259e-05 +3.954183259e-05 -3.915996046e+01 -3.915996046e+01 -3.6287e+00 +1.8710e+00 +2.5462e+00 +2.8481e+00 -2.9896e+00
31736 +2.480311345e-05 +2.480311345e-05 -3.915997520e+01 -3.915997520e+01 -3.6274e+00 +1.8712e+00 +2.5460e+00 +2.8590e+00 -2.9856e+00
% function evaluation | noise-free fitness - Fopt (-1.732800000000e+02) | best noise-free fitness - Fopt | measured fitness | best measured fitness | x1 | x2...
1 +2.428547060e+01 +2.428547060e+01 -1.489945294e+02 -1.489945294e+02 +5.6378e-01 +1.6959e+00 -5.2785e-02 +3.9182e+00 -2.5651e+00
2 +6.729279095e+00 +6.729279095e+00 -1.665507209e+02 -1.665507209e+02 -1.6490e+00 -2.6299e+00 +3.8797e+00 +2.7071e+00 -1.8935e+00
52 +3.349508289e+00 +3.349508289e+00 -1.699304917e+02 -1.699304917e+02 -3.2416e+00 -2.4353e+00 +5.0000e+00 +2.6569e-01 -1.2139e-01
74 +9.907931374e-01 +9.907931374e-01 -1.722892069e+02 -1.722892069e+02 -2.5398e+00 -1.0073e-01 +1.8775e+00 -1.3591e+00 -1.7590e-02
404 +6.107981327e-01 +6.107981327e-01 -1.726692019e+02 -1.726692019e+02 -2.8157e+00 -6.7269e-01 +1.7601e+00 -6.5716e-01 +5.5913e-01
554 +2.329016332e-01 +2.329016332e-01 -1.730470984e+02 -1.730470984e+02 -2.6461e+00 -7.3459e-01 +2.2737e+00 -7.8676e-01 +3.3459e-01
688 +1.428822615e-01 +1.428822615e-01 -1.731371177e+02 -1.731371177e+02 -2.7039e+00 -9.4993e-01 +2.2229e+00 -9.5390e-01 +3.0882e-01
766 +7.956865479e-02 +7.956865479e-02 -1.732004313e+02 -1.732004313e+02 -2.8349e+00 -8.0387e-01 +2.6140e+00 -9.3643e-01 +5.3933e-01
862 +3.550700949e-02 +3.550700949e-02 -1.732444930e+02 -1.732444930e+02 -2.9985e+00 -9.2220e-01 +2.5386e+00 -1.0349e+00 +4.5702e-01
1009 +2.053132172e-02 +2.053132172e-02 -1.732594687e+02 -1.732594687e+02 -3.1039e+00 -9.4405e-01 +2.4875e+00 -8.1524e-01 +5.7067e-01
1105 +1.192066722e-02 +1.192066722e-02 -1.732680793e+02 -1.732680793e+02 -3.0876e+00 -9.7458e-01 +2.4693e+00 -9.1712e-01 +5.8551e-01
1178 +8.000240037e-03 +8.000240037e-03 -1.732719998e+02 -1.732719998e+02 -2.8654e+00 -9.0632e-01 +2.4322e+00 -9.1281e-01 +6.5978e-01
1858 +4.992535930e-03 +4.992535930e-03 -1.732750075e+02 -1.732750075e+02 -3.0568e+00 -9.3792e-01 +2.4992e+00 -9.4081e-01 +5.5229e-01
1971 +3.739659632e-03 +3.739659632e-03 -1.732762603e+02 -1.732762603e+02 -3.0592e+00 -9.6139e-01 +2.4823e+00 -9.4629e-01 +5.5450e-01
2226 +2.014920221e-03 +2.014920221e-03 -1.732779851e+02 -1.732779851e+02 -3.0224e+00 -9.3875e-01 +2.4853e+00 -9.4450e-01 +5.5832e-01
2437 +1.432749050e-03 +1.432749050e-03 -1.732785673e+02 -1.732785673e+02 -3.0177e+00 -9.3883e-01 +2.4851e+00 -9.4475e-01 +5.6772e-01
2703 +6.546140825e-04 +6.546140825e-04 -1.732793454e+02 -1.732793454e+02 -2.9897e+00 -9.3325e-01 +2.4803e+00 -9.5874e-01 +5.7554e-01
2828 +6.137811470e-04 +6.137811470e-04 -1.732793862e+02 -1.732793862e+02 -2.9804e+00 -9.2935e-01 +2.4780e+00 -9.5007e-01 +5.8115e-01
3162 +2.282105821e-04 +2.282105821e-04 -1.732797718e+02 -1.732797718e+02 -2.9648e+00 -9.2734e-01 +2.4709e+00 -9.5534e-01 +5.8143e-01
4588 +1.567500101e-04 +1.567500101e-04 -1.732798432e+02 -1.732798432e+02 -2.9650e+00 -9.2463e-01 +2.4756e+00 -9.6016e-01 +5.8119e-01
8170 +9.959761817e-05 +9.959761817e-05 -1.732799004e+02 -1.732799004e+02 -2.9575e+00 -9.2222e-01 +2.4744e+00 -9.6245e-01 +5.8191e-01
12258 +6.301071426e-05 +6.301071426e-05 -1.732799370e+02 -1.732799370e+02 -2.9507e+00 -9.2003e-01 +2.4734e+00 -9.6504e-01 +5.8232e-01
14409 +3.911482247e-05 +3.911482247e-05 -1.732799609e+02 -1.732799609e+02 -2.9454e+00 -9.1742e-01 +2.4737e+00 -9.6749e-01 +5.8238e-01
20212 +2.497282105e-05 +2.497282105e-05 -1.732799750e+02 -1.732799750e+02 -2.9421e+00 -9.1626e-01 +2.4737e+00 -9.7002e-01 +5.8234e-01
29960 +1.584304866e-05 +1.584304866e-05 -1.732799842e+02 -1.732799842e+02 -2.9386e+00 -9.1481e-01 +2.4737e+00 -9.7199e-01 +5.8234e-01
% function evaluation | noise-free fitness - Fopt (-1.017000000000e+01) | best noise-free fitness - Fopt | measured fitness | best measured fitness | x1 | x2...
1 +5.824345802e+01 +5.824345802e+01 +4.807345802e+01 +4.807345802e+01 -1.3303e+00 -1.7881e+00 -3.9536e+00 -4.3020e+00 +4.8312e-01
4 +1.388824143e+01 +1.388824143e+01 +3.718241425e+00 +3.718241425e+00 -3.7487e+00 +2.4041e+00 -1.2477e+00 +2.0840e+00 +3.6501e+00
22 +9.208251647e+00 +9.208251647e+00 -9.617483527e-01 -9.617483527e-01 -2.3555e+00 +3.7235e+00 -4.2424e-01 +1.7585e+00 -8.7408e-01
52 +3.786778554e+00 +3.786778554e+00 -6.383221446e+00 -6.383221446e+00 +5.7987e-01 +5.9507e-01 +3.9559e-01 -1.4956e+00 +3.3367e+00
192 +2.411323163e+00 +2.411323163e+00 -7.758676837e+00 -7.758676837e+00 +1.5517e+00 +3.5697e-01 +1.2898e+00 -6.9218e-01 +2.6328e+00
206 +1.581107586e+00 +1.581107586e+00 -8.588892414e+00 -8.588892414e+00 +2.4220e+00 +1.8692e+00 +3.1941e+00 -3.9521e-01 +3.0229e+00
339 +9.479916502e-01 +9.479916502e-01 -9.222008350e+00 -9.222008350e+00 +1.9843e+00 +1.6879e+00 +2.0332e+00 -8.0948e-01 +3.4519e+00
342 +2.935123483e-01 +2.935123483e-01 -9.876487652e+00 -9.876487652e+00 +1.4406e+00 +2.1168e+00 +2.8424e+00 -1.6422e+00 +2.8512e+00
523 +1.449373665e-01 +1.449373665e-01 -1.002506263e+01 -1.002506263e+01 +1.2216e+00 +1.5428e+00 +2.7526e+00 -1.3980e+00 +2.8343e+00
748 +8.971647231e-02 +8.971647231e-02 -1.008028353e+01 -1.008028353e+01 +1.6077e+00 +1.5533e+00 +2.4209e+00 -1.4919e+00 +2.7710e+00
777 +3.709783914e-02 +3.709783914e-02 -1.013290216e+01 -1.013290216e+01 +1.3912e+00 +1.6213e+00 +2.9991e+00 -1.4253e+00 +2.9601e+00
927 +1.856059714e-02 +1.856059714e-02 -1.015143940e+01 -1.015143940e+01 +1.4278e+00 +1.6464e+00 +2.8985e+00 -1.4269e+00 +2.9687e+00
1008 +1.402670635e-02 +1.402670635e-02 -1.015597329e+01 -1.015597329e+01 +1.4264e+00 +1.6676e+00 +2.7048e+00 -1.5755e+00 +2.9434e+00
1244 +6.901268436e-03 +6.901268436e-03 -1.016309873e+01 -1.016309873e+01 +1.4198e+00 +1.6572e+00 +2.8107e+00 -1.5117e+00 +2.9245e+00
1416 +3.653208759e-03 +3.653208759e-03 -1.016634679e+01 -1.016634679e+01 +1.3988e+00 +1.6598e+00 +2.8134e+00 -1.5309e+00 +2.9464e+00
1805 +2.331863379e-03 +2.331863379e-03 -1.016766814e+01 -1.016766814e+01 +1.4630e+00 +1.7195e+00 +2.6280e+00 -1.6127e+00 +2.9278e+00
1999 +1.106880438e-03 +1.106880438e-03 -1.016889312e+01 -1.016889312e+01 +1.4610e+00 +1.7386e+00 +2.6264e+00 -1.6315e+00 +2.9328e+00
2727 +8.823306183e-04 +8.823306183e-04 -1.016911767e+01 -1.016911767e+01 +1.4544e+00 +1.7392e+00 +2.6275e+00 -1.6310e+00 +2.9432e+00
3172 +6.257572335e-04 +6.257572335e-04 -1.016937424e+01 -1.016937424e+01 +1.4590e+00 +1.7419e+00 +2.6293e+00 -1.6303e+00 +2.9415e+00
3463 +3.651854231e-04 +3.651854231e-04 -1.016963481e+01 -1.016963481e+01 +1.4609e+00 +1.7467e+00 +2.6437e+00 -1.6244e+00 +2.9492e+00
4004 +2.331167387e-04 +2.331167387e-04 -1.016976688e+01 -1.016976688e+01 +1.4627e+00 +1.7463e+00 +2.6441e+00 -1.6204e+00 +2.9499e+00
4150 +1.125836826e-04 +1.125836826e-04 -1.016988742e+01 -1.016988742e+01 +1.4593e+00 +1.7455e+00 +2.6561e+00 -1.6142e+00 +2.9563e+00
5817 +9.774125484e-05 +9.774125484e-05 -1.016990226e+01 -1.016990226e+01 +1.4592e+00 +1.7441e+00 +2.6542e+00 -1.6132e+00 +2.9563e+00
10143 +6.296601506e-05 +6.296601506e-05 -1.016993703e+01 -1.016993703e+01 +1.4570e+00 +1.7418e+00 +2.6596e+00 -1.6112e+00 +2.9559e+00
16412 +3.980252775e-05 +3.980252775e-05 -1.016996020e+01 -1.016996020e+01 +1.4543e+00 +1.7402e+00 +2.6631e+00 -1.6103e+00 +2.9567e+00
30109 +2.500549529e-05 +2.500549529e-05 -1.016997499e+01 -1.016997499e+01 +1.4514e+00 +1.7383e+00 +2.6660e+00 -1.6103e+00 +2.9568e+00
