% function evaluation | noise-free fitness - Fopt (-5.235000000000e+01) | best noise-free fitness - Fopt | measured fitness | best measured fitness | x1 | x2...
1 +4.423380405e+01 +4.423380405e+01 -8.116195948e+00 -8.116195948e+00 -1.1139e+00 +3.1931e+00 -3.4061e+00
2 +2.889146800e+01 +2.889146800e+01 -2.345853200e+01 -2.345853200e+01 -8.5543e-01 +4.4105e+00 -1.4130e+00
3 +1.220156129e+01 +1.220156129e+01 -4.014843871e+01 -4.014843871e+01 -3.2656e+00 +4.1371e+00 +9.9679e-01
13 +8.265360033e+00 +8.265360033e+00 -4.408463997e+01 -4.408463997e+01 -4.6974e+00 +3.6856e+00 +8.9395e-01
25 +1.330885982e+00 +1.330885982e+00 -5.101911402e+01 -5.101911402e+01 -2.0065e+00 -9.9747e-01 +1.7842e+00
63 +4.220686494e-01 +4.220686494e-01 -5.192793135e+01 -5.192793135e+01 -7.1160e-01 -1.3144e+00 +3.1291e+00
161 +3.427113515e-01 +3.427113515e-01 -5.200728865e+01 -5.200728865e+01 -8.4045e-01 -1.1739e+00 +3.1881e+00
231 +1.282893365e-01 +1.282893365e-01 -5.222171066e+01 -5.222171066e+01 -9.5876e-01 -1.0019e+00 +2.6515e+00
380 +5.321451931e-02 +5.321451931e-02 -5.229678548e+01 -5.229678548e+01 -9.3051e-01 -1.1941e+00 +2.5748e+00
638 +2.813207183e-02 +2.813207183e-02 -5.232186793e+01 -5.232186793e+01 -9.0307e-01 -1.2486e+00 +2.5276e+00
902 +1.891804300e-02 +1.891804300e-02 -5.233108196e+01 -5.233108196e+01 -8.8677e-01 -1.3854e+00 +2.4589e+00
988 +1.421930749e-02 +1.421930749e-02 -5.233578069e+01 -5.233578069e+01 -9.1940e-01 -1.3714e+00 +2.4925e+00
1192 +6.917726590e-03 +6.917726590e-03 -5.234308227e+01 -5.234308227e+01 -8.6610e-01 -1.2944e+00 +2.4947e+00
1219 +5.560858788e-03 +5.560858788e-03 -5.234443914e+01 -5.234443914e+01 -8.8448e-01 -1.3192e+00 +2.4970e+00
1406 +2.088314393e-03 +2.088314393e-03 -5.234791169e+01 -5.234791169e+01 -8.7479e-01 -1.2720e+00 +2.5221e+00
1556 +9.692404377e-04 +9.692404377e-04 -5.234903076e+01 -5.234903076e+01 -8.6968e-01 -1.2573e+00 +2.5209e+00
1559 +5.445840622e-04 +5.445840622e-04 -5.234945542e+01 -5.234945542e+01 -8.8359e-01 -1.2461e+00 +2.5608e+00
1906 +3.090311963e-04 +3.090311963e-04 -5.234969097e+01 -5.234969097e+01 -8.6913e-01 -1.2591e+00 +2.5196e+00
2245 +1.245517278e-04 +1.245517278e-04 -5.234987545e+01 -5.234987545e+01 -8.5932e-01 -1.2625e+00 +2.4989e+00
3112 +9.250432493e-05 +9.250432493e-05 -5.234990750e+01 -5.234990750e+01 -8.6805e-01 -1.2647e+00 +2.5128e+00
5005 +3.841484840e-05 +3.841484840e-05 -5.234996159e+01 -5.234996159e+01 -8.6134e-01 -1.2549e+00 +2.5104e+00
6794 +2.086882404e-05 +2.086882404e-05 -5.234997913e+01 -5.234997913e+01 -8.6773e-01 -1.2576e+00 +2.5192e+00
10436 +1.575123556e-05 +1.575123556e-05 -5.234998425e+01 -5.234998425e+01 -8.6738e-01 -1.2567e+00 +2.5196e+00
13579 +9.753482999e-06 +9.753482999e-06 -5.234999025e+01 -5.234999025e+01 -8.6578e-01 -1.2522e+00 +2.5212e+00
% function evaluation | noise-free fitness - Fopt (-1.795400000000e+02) | best noise-free fitness - Fopt | measured fitness | best measured fitness | x1 | x2...
1 +1.917404492e+01 +1.917404492e+01 -1.603659551e+02 -1.603659551e+02 +3.8119e+00 +3.6660e+00 -2.8319e+00
2 +1.501712233e+01 +1.501712233e+01 -1.645228777e+02 -1.645228777e+02 +3.4343e+00 +1.5392e+00 -3.8864e+00
4 +1.499371484e+00 +1.499371484e+00 -1.780406285e+02 -1.780406285e+02 +1.3523e+00 -1.0068e+00 -3.0179e+00
192 +7.429434572e-01 +7.429434572e-01 -1.787970565e+02 -1.787970565e+02 +9.1245e-01 -2.5987e-01 -3.2837e+00
216 +5.212931794e-01 +5.212931794e-01 -1.790187068e+02 -1.790187068e+02 +2.9517e-02 +4.6843e-01 -3.8766e+00
250 +7.182844161e-02 +7.182844161e-02 -1.794681716e+02 -1.794681716e+02 +1.1209e+00 +5.2687e-01 -3.3044e+00
305 +2.489397763e-02 +2.489397763e-02 -1.795151060e+02 -1.795151060e+02 +8.8098e-01 +5.3302e-01 -3.5221e+00
774 +8.798226360e-03 +8.798226360e-03 -1.795312018e+02 -1.795312018e+02 +8.5957e-01 +5.0840e-01 -3.5331e+00
933 +1.752725121e-03 +1.752725121e-03 -1.795382473e+02 -1.795382473e+02 +7.3344e-01 +5.2216e-01 -3.4886e+00
1217 +9.593129555e-04 +9.593129555e-04 -1.795390407e+02 -1.795390407e+02 +7.4011e-01 +5.2076e-01 -3.4745e+00
1612 +5.981628452e-04 +5.981628452e-04 -1.795394018e+02 -1.795394018e+02 +7.6393e-01 +5.1886e-01 -3.4672e+00
2159 +3.380503276e-04 +3.380503276e-04 -1.795396619e+02 -1.795396619e+02 +7.4709e-01 +5.1780e-01 -3.4345e+00
2544 +7.655559699e-05 +7.655559699e-05 -1.795399234e+02 -1.795399234e+02 +8.0798e-01 +5.1130e-01 -3.4383e+00
3168 +5.053760731e-05 +5.053760731e-05 -1.795399495e+02 -1.795399495e+02 +7.8553e-01 +5.1419e-01 -3.4427e+00
3271 +3.681696558e-05 +3.681696558e-05 -1.795399632e+02 -1.795399632e+02 +7.8749e-01 +5.1396e-01 -3.4429e+00
4006 +1.611026428e-05 +1.611026428e-05 -1.795399839e+02 -1.795399839e+02 +7.7362e-01 +5.1591e-01 -3.4486e+00
4128 +1.189898430e-05 +1.189898430e-05 -1.795399881e+02 -1.795399881e+02 +7.7752e-01 +5.1562e-01 -3.4505e+00
4509 +8.835016104e-06 +8.835016104e-06 -1.795399912e+02 -1.795399912e+02 +7.7784e-01 +5.1557e-01 -3.4506e+00
4871 +4.281459013e-06 +4.281459013e-06 -1.795399957e+02 -1.795399957e+02 +7.7764e-01 +5.1554e-01 -3.4497e+00
6253 +3.160350303e-06 +3.160350303e-06 -1.795399968e+02 -1.795399968e+02 +7.7923e-01 +5.1536e-01 -3.4497e+00
8465 +2.454410549e-06 +2.454410549e-06 -1.795399975e+02 -1.795399975e+02 +7.8030e-01 +5.1522e-01 -3.4494e+00
17798 +1.583760849e-06 +1.583760849e-06 -1.795399984e+02 -1.795399984e+02 +7.8214e-01 +5.1500e-01 -3.4493e+00
% function evaluation | noise-free fitness - Fopt (7.731000000000e+01) | best noise-free fitness - Fopt | measured fitness | best measured fitness | x1 | x2...
1 +1.261769498e+01 +1.261769498e+01 +8.992769498e+01 +8.992769498e+01 +1.8633e+00 -2.3433e+00 +3.1303e+00
6 +8.310978999e+00 +8.310978999e+00 +8.562097900e+01 +8.562097900e+01 -2.3675e+00 +1.9210e+00 -1.5284e+00
22 +5.295706999e+00 +5.295706999e+00 +8.260570700e+01 +8.260570700e+01 -1.7230e+00 +3.6001e+00 -3.2299e+00
28 +2.958040289e+00 +2.958040289e+00 +8.026804029e+01 +8.026804029e+01 -8.1304e-01 +9.6442e-01 -4.0145e+00
55 +1.491117982e+00 +1.491117982e+00 +7.880111798e+01 +7.880111798e+01 -6.9023e-03 +7.8959e-02 -3.3028e+00
111 +7.156242516e-01 +7.156242516e-01 +7.802562425e+01 +7.802562425e+01 +1.1547e+00 -8.1452e-01 -2.9257e+00
151 +5.175650546e-01 +5.175650546e-01 +7.782756505e+01 +7.782756505e+01 +1.2105e+00 -6.7070e-01 -1.4598e+00
233 +1.574264979e-01 +1.574264979e-01 +7.746742650e+01 +7.746742650e+01 +6.9304e-01 -6.6391e-01 -2.3736e+00
311 +5.296090186e-02 +5.296090186e-02 +7.736296090e+01 +7.736296090e+01 +1.1468e+00 -3.7985e-01 -1.9556e+00
695 +3.750043170e-02 +3.750043170e-02 +7.734750043e+01 +7.734750043e+01 +9.8663e-01 -4.1783e-01 -1.8991e+00
803 +2.073335423e-02 +2.073335423e-02 +7.733073335e+01 +7.733073335e+01 +1.1176e+00 -4.6977e-01 -2.0693e+00
981 +1.578396333e-02 +1.578396333e-02 +7.732578396e+01 +7.732578396e+01 +1.0227e+00 -4.7195e-01 -1.9899e+00
1130 +9.153509406e-03 +9.153509406e-03 +7.731915351e+01 +7.731915351e+01 +1.0083e+00 -4.8884e-01 -2.0413e+00
1251 +5.520368770e-03 +5.520368770e-03 +7.731552037e+01 +7.731552037e+01 +7.8607e-01 -6.6411e-01 -2.1369e+00
1258 +1.167065001e-03 +1.167065001e-03 +7.731116707e+01 +7.731116707e+01 +9.6832e-01 -5.5184e-01 -2.0947e+00
1793 +9.233653788e-04 +9.233653788e-04 +7.731092337e+01 +7.731092337e+01 +9.4173e-01 -5.6494e-01 -2.0970e+00
2179 +6.246206959e-04 +6.246206959e-04 +7.731062462e+01 +7.731062462e+01 +9.5507e-01 -5.6662e-01 -2.1102e+00
2845 +2.085880302e-04 +2.085880302e-04 +7.731020859e+01 +7.731020859e+01 +9.3673e-01 -5.7930e-01 -2.1142e+00
2976 +1.307170219e-04 +1.307170219e-04 +7.731013072e+01 +7.731013072e+01 +9.3330e-01 -5.7882e-01 -2.1108e+00
3010 +9.833012123e-05 +9.833012123e-05 +7.731009833e+01 +7.731009833e+01 +9.2666e-01 -5.8484e-01 -2.1149e+00
4978 +6.270912917e-05 +6.270912917e-05 +7.731006271e+01 +7.731006271e+01 +9.2501e-01 -5.8497e-01 -2.1139e+00
9079 +3.958284293e-05 +3.958284293e-05 +7.731003958e+01 +7.731003958e+01 +9.1967e-01 -5.8788e-01 -2.1141e+00
27770 +2.507197817e-05 +2.507197817e-05 +7.731002507e+01 +7.731002507e+01 +9.1550e-01 -5.9069e-01 -2.1152e+00
% function evaluation | noise-free fitness - Fopt (3.992000000000e+01) | best noise-free fitness - Fopt | measured fitness | best measured fitness | x1 | x2...
1 +2.067027215e+01 +2.067027215e+01 +6.059027215e+01 +6.059027215e+01 -4.9037e+00 +3.7416e+00 +2.5371e+00
2 +1.498048828e+01 +1.498048828e+01 +5.490048828e+01 +5.490048828e+01 -4.3763e-01 +1.8106e+00 -2.9953e+00
4 +4.708865151e+00 +4.708865151e+00 +4.462886515e+01 +4.462886515e+01 +1.6311e-01 +1.1331e+00 +5.4890e-01
10 +2.975667617e+00 +2.975667617e+00 +4.289566762e+01 +4.289566762e+01 +3.5951e+00 -1.2272e+00 +4.1888e+00
85 +2.480469478e+00 +2.480469478e+00 +4.240046948e+01 +4.240046948e+01 +2.8714e+00 -2.3070e+00 +2.2891e+00
101 +1.548570901e+00 +1.548570901e+00 +4.146857090e+01 +4.146857090e+01 +5.0000e+00 -2.3010e+00 +2.2727e+00
138 +5.171931629e-01 +5.171931629e-01 +4.043719316e+01 +4.043719316e+01 +3.7712e+00 -1.9566e+00 +2.5398e+00
215 +1.070405755e-01 +1.070405755e-01 +4.002704058e+01 +4.002704058e+01 +4.0510e+00 -1.2216e+00 +2.2684e+00
422 +5.954596664e-02 +5.954596664e-02 +3.997954597e+01 +3.997954597e+01 +4.0292e+00 -1.1716e+00 +2.2244e+00
475 +2.400637084e-02 +2.400637084e-02 +3.994400637e+01 +3.994400637e+01 +4.0567e+00 -8.5123e-01 +2.3632e+00
759 +1.504995214e-02 +1.504995214e-02 +3.993504995e+01 +3.993504995e+01 +3.9284e+00 -1.0539e+00 +2.4188e+00
1106 +7.288319674e-03 +7.288319674e-03 +3.992728832e+01 +3.992728832e+01 +3.9252e+00 -1.0512e+00 +2.4629e+00
1174 +6.235745710e-03 +6.235745710e-03 +3.992623575e+01 +3.992623575e+01 +3.9550e+00 -1.1162e+00 +2.3009e+00
1343 +3.235267236e-03 +3.235267236e-03 +3.992323527e+01 +3.992323527e+01 +3.9722e+00 -9.9393e-01 +2.4188e+00
1428 +1.947028502e-03 +1.947028502e-03 +3.992194703e+01 +3.992194703e+01 +3.9827e+00 -9.7850e-01 +2.3919e+00
1681 +1.350410965e-03 +1.350410965e-03 +3.992135041e+01 +3.992135041e+01 +3.9641e+00 -1.0092e+00 +2.4190e+00
1781 +2.977314447e-04 +2.977314447e-04 +3.992029773e+01 +3.992029773e+01 +3.9633e+00 -1.0110e+00 +2.4149e+00
2222 +2.387981535e-04 +2.387981535e-04 +3.992023880e+01 +3.992023880e+01 +3.9569e+00 -1.0304e+00 +2.4108e+00
3185 +1.526627389e-04 +1.526627389e-04 +3.992015266e+01 +3.992015266e+01 +3.9594e+00 -1.0244e+00 +2.4111e+00
3637 +9.272084512e-05 +9.272084512e-05 +3.992009272e+01 +3.992009272e+01 +3.9568e+00 -1.0335e+00 +2.4083e+00
5736 +6.011370157e-05 +6.011370157e-05 +3.992006011e+01 +3.992006011e+01 +3.9555e+00 -1.0384e+00 +2.4065e+00
7875 +3.964743249e-05 +3.964743249e-05 +3.992003965e+01 +3.992003965e+01 +3.9560e+00 -1.0406e+00 +2.4024e+00
11311 +2.459172220e-05 +2.459172220e-05 +3.992002459e+01 +3.992002459e+01 +3.9551e+00 -1.0450e+00 +2.4001e+00
19968 +1.584559242e-05 +1.584559242e-05 +3.992001585e+01 +3.992001585e+01 +3.9551e+00 -1.0477e+00 +2.3969e+00
% function evaluation | noise-free fitness - Fopt (-5.661000000000e+01) | best noise-free fitness - Fopt | measured fitness | best measured fitness | x1 | x2...
1 +8.951710885e+00 +8.951710885e+00 -4.765828912e+01 -4.765828912e+01 +3.4915e+00 +1.2545e+00 +4.4870e+00
3 +3.834858118e+00 +3.834858118e+00 -5.277514188e+01 -5.277514188e+01 -6.3563e-01 +1.7959e+00 +4.3058e+00
4 +2.364367936e+00 +2.364367936e+00 -5.424563206e+01 -5.424563206e+01 +3.5747e+00 +2.0281e+00 +1.8582e+00
17 +1.048377179e+00 +1.048377179e+00 -5.556162282e+01 -5.556162282e+01 +2.5290e+00 +3.9935e+00 +3.1663e+00
86 +5.023674827e-01 +5.023674827e-01 -5.610763252e+01 -5.610763252e+01 +2.0409e+00 +3.1386e+00 +2.4105e+00
178 +2.661371324e-01 +2.661371324e-01 -5.634386287e+01 -5.634386287e+01 +2.2115e+00 +3.0070e+00 +3.0678e+00
198 +2.061043606e-01 +2.061043606e-01 -5.640389564e+01 -5.640389564e+01 +1.7824e+00 +3.2486e+00 +2.8046e+00
249 +9.367372148e-02 +9.367372148e-02 -5.651632628e+01 -5.651632628e+01 +2.0432e+00 +3.2732e+00 +3.0515e+00
474 +4.200792245e-02 +4.200792245e-02 -5.656799208e+01 -5.656799208e+01 +1.9334e+00 +3.1743e+00 +2.9655e+00
538 +1.281572183e-02 +1.281572183e-02 -5.659718428e+01 -5.659718428e+01 +1.9663e+00 +2.8499e+00 +3.2874e+00
933 +9.153616808e-03 +9.153616808e-03 -5.660084638e+01 -5.660084638e+01 +1.9642e+00 +2.9262e+00 +3.3478e+00
1083 +5.117259240e-03 +5.117259240e-03 -5.660488274e+01 -5.660488274e+01 +1.9647e+00 +2.8893e+00 +3.3572e+00
1100 +2.319747101e-03 +2.319747101e-03 -5.660768025e+01 -5.660768025e+01 +1.9540e+00 +3.0023e+00 +3.1693e+00
1544 +6.910753987e-04 +6.910753987e-04 -5.660930892e+01 -5.660930892e+01 +1.9466e+00 +2.9492e+00 +3.1609e+00
1694 +5.150630848e-04 +5.150630848e-04 -5.660948494e+01 -5.660948494e+01 +1.9446e+00 +2.9328e+00 +3.1526e+00
1994 +3.517050818e-04 +3.517050818e-04 -5.660964829e+01 -5.660964829e+01 +1.9455e+00 +2.9258e+00 +3.1679e+00
2544 +2.471795271e-04 +2.471795271e-04 -5.660975282e+01 -5.660975282e+01 +1.9459e+00 +2.9307e+00 +3.1669e+00
2801 +1.554873983e-04 +1.554873983e-04 -5.660984451e+01 -5.660984451e+01 +1.9463e+00 +2.9396e+00 +3.1614e+00
3038 +8.704133120e-05 +8.704133120e-05 -5.660991296e+01 -5.660991296e+01 +1.9473e+00 +2.9345e+00 +3.1730e+00
3202 +3.667869980e-05 +3.667869980e-05 -5.660996332e+01 -5.660996332e+01 +1.9495e+00 +2.9425e+00 +3.1825e+00
4597 +2.412794195e-05 +2.412794195e-05 -5.660997587e+01 -5.660997587e+01 +1.9493e+00 +2.9389e+00 +3.1838e+00
7904 +1.570817944e-05 +1.570817944e-05 -5.660998429e+01 -5.660998429e+01 +1.9493e+00 +2.9363e+00 +3.1862e+00
10396 +9.944511788e-06 +9.944511788e-06 -5.660999006e+01 -5.660999006e+01 +1.9492e+00 +2.9331e+00 +3.1883e+00
18884 +6.214532362e-06 +6.214532362e-06 -5.660999379e+01 -5.660999379e+01 +1.9492e+00 +2.9301e+00 +3.1908e+00
27486 +3.980845783e-06 +3.980845783e-06 -5.660999602e+01 -5.660999602e+01 +1.9495e+00 +2.9299e+00 +3.1929e+00
% function evaluation | noise-free fitness - Fopt (5.134000000000e+01) | best noise-free fitness - Fopt | measured fitness | best measured fitness | x1 | x2...
1 +2.407494784e+01 +2.407494784e+01 +7.541494784e+01 +7.541494784e+01 +3.2852e+00 -3.0233e+00 +8.7530e-01
3 +1.470419867e+01 +1.470419867e+01 +6.604419867e+01 +6.604419867e+01 -3.6716e-02 +2.8375e+00 -4.5715e+00
11 +2.783925034e+00 +2.783925034e+00 +5.412392503e+01 +5.412392503e+01 -3.7258e+00 -4.2020e+00 -1.8824e-01
37 +5.436507946e-01 +5.436507946e-01 +5.188365079e+01 +5.188365079e+01 -2.6537e+00 -2.9915e+00 +1.9351e-01
190 +3.567420888e-01 +3.567420888e-01 +5.169674209e+01 +5.169674209e+01 -2.5596e+00 -2.7545e+00 +3.1602e-01
293 +2.377205297e-01 +2.377205297e-01 +5.157772053e+01 +5.157772053e+01 -2.3381e+00 -2.2464e+00 +1.1237e-02
372 +1.513884189e-01 +1.513884189e-01 +5.149138842e+01 +5.149138842e+01 -2.5476e+00 -2.4315e+00 +4.0305e-01
539 +5.345987954e-02 +5.345987954e-02 +5.139345988e+01 +5.139345988e+01 -2.5446e+00 -2.1739e+00 +2.9843e-01
890 +5.506684910e-03 +5.506684910e-03 +5.134550668e+01 +5.134550668e+01 -2.5027e+00 -2.2532e+00 +3.8623e-01
1639 +3.049619477e-03 +3.049619477e-03 +5.134304962e+01 +5.134304962e+01 -2.5827e+00 -2.2148e+00 +3.0823e-01
1856 +2.427749949e-03 +2.427749949e-03 +5.134242775e+01 +5.134242775e+01 -2.5689e+00 -2.2302e+00 +3.0546e-01
1928 +8.213390091e-04 +8.213390091e-04 +5.134082134e+01 +5.134082134e+01 -2.5594e+00 -2.2112e+00 +3.5719e-01
2135 +6.093678866e-04 +6.093678866e-04 +5.134060937e+01 +5.134060937e+01 -2.5574e+00 -2.2149e+00 +3.5619e-01
2656 +2.952357344e-04 +2.952357344e-04 +5.134029524e+01 +5.134029524e+01 -2.5647e+00 -2.2446e+00 +2.7706e-01
2837 +7.174787687e-05 +7.174787687e-05 +5.134007175e+01 +5.134007175e+01 -2.5556e+00 -2.2476e+00 +2.9035e-01
3172 +4.436899523e-05 +4.436899523e-05 +5.134004437e+01 +5.134004437e+01 -2.5538e+00 -2.2486e+00 +2.9219e-01
3637 +2.775887354e-05 +2.775887354e-05 +5.134002776e+01 +5.134002776e+01 -2.5561e+00 -2.2483e+00 +2.8798e-01
4213 +2.291620836e-05 +2.291620836e-05 +5.134002292e+01 +5.134002292e+01 -2.5559e+00 -2.2478e+00 +2.8937e-01
4395 +1.463131751e-05 +1.463131751e-05 +5.134001463e+01 +5.134001463e+01 -2.5553e+00 -2.2477e+00 +2.9083e-01
6579 +9.819519825e-06 +9.819519825e-06 +5.134000982e+01 +5.134000982e+01 -2.5550e+00 -2.2465e+00 +2.9398e-01
9007 +5.941626441e-06 +5.941626441e-06 +5.134000594e+01 +5.134000594e+01 -2.5545e+00 -2.2473e+00 +2.9357e-01
13740 +3.969425592e-06 +3.969425592e-06 +5.134000397e+01 +5.134000397e+01 -2.5542e+00 -2.2477e+00 +2.9363e-01
28129 +2.506276033e-06 +2.506276033e-06 +5.134000251e+01 +5.134000251e+01 -2.5536e+00 -2.2481e+00 +2.9382e-01
% function evaluation | noise-free fitness - Fopt (-1.244000000000e+02) | best noise-free fitness - Fopt | measured fitness | best measured fitness | x1 | x2...
1 +3.237401879e+01 +3.237401879e+01 -9.202598121e+01 -9.202598121e+01 -4.5714e+00 +8.2070e-01 -4.2021e+00
2 +1.307580034e+01 +1.307580034e+01 -1.113241997e+02 -1.113241997e+02 +4.4260e+00 +1.6926e+00 +4.2839e+00
6 +2.120516560e+00 +2.120516560e+00 -1.222794834e+02 -1.222794834e+02 +1.4362e+00 +1.7760e+00 +4.5074e+00
70 +1.385715274e+00 +1.385715274e+00 -1.230142847e+02 -1.230142847e+02 +2.3124e-01 -3.5185e-03 +1.6540e+00
97 +8.133291931e-01 +8.133291931e-01 -1.235866708e+02 -1.235866708e+02 +5.3580e-01 +1.0790e+00 +3.8140e+00
167 +2.099035029e-01 +2.099035029e-01 -1.241900965e+02 -1.241900965e+02 +7.2222e-01 +4.4587e-01 +2.9095e+00
415 +1.029169455e-01 +1.029169455e-01 -1.242970831e+02 -1.242970831e+02 +2.2765e-01 +1.0632e+00 +2.9208e+00
459 +6.551075714e-02 +6.551075714e-02 -1.243344892e+02 -1.243344892e+02 -6.5891e-02 +1.0423e+00 +3.0484e+00
496 +1.281686808e-02 +1.281686808e-02 -1.243871831e+02 -1.243871831e+02 +1.9868e-01 +9.3479e-01 +2.9382e+00
869 +7.421735194e-03 +7.421735194e-03 -1.243925783e+02 -1.243925783e+02 +1.0140e-01 +9.7904e-01 +2.9793e+00
1293 +4.833316589e-03 +4.833316589e-03 -1.243951667e+02 -1.243951667e+02 +2.5329e-01 +8.4804e-01 +2.9448e+00
1443 +3.036508546e-03 +3.036508546e-03 -1.243969635e+02 -1.243969635e+02 +2.9007e-01 +8.4600e-01 +2.9003e+00
1504 +1.305050513e-03 +1.305050513e-03 -1.243986949e+02 -1.243986949e+02 +2.8546e-01 +8.4920e-01 +2.9061e+00
1524 +8.740507249e-04 +8.740507249e-04 -1.243991259e+02 -1.243991259e+02 +2.7732e-01 +8.6282e-01 +2.8996e+00
1764 +3.234475093e-04 +3.234475093e-04 -1.243996766e+02 -1.243996766e+02 +2.7902e-01 +8.6322e-01 +2.8993e+00
2031 +4.794331872e-05 +4.794331872e-05 -1.243999521e+02 -1.243999521e+02 +2.7002e-01 +8.7682e-01 +2.8928e+00
2518 +3.604149845e-05 +3.604149845e-05 -1.243999640e+02 -1.243999640e+02 +2.6792e-01 +8.7488e-01 +2.8981e+00
3118 +1.885004554e-05 +1.885004554e-05 -1.243999811e+02 -1.243999811e+02 +2.6681e-01 +8.7606e-01 +2.8980e+00
3656 +5.058968370e-06 +5.058968370e-06 -1.243999949e+02 -1.243999949e+02 +2.6692e-01 +8.7586e-01 +2.8981e+00
7657 +3.921616667e-06 +3.921616667e-06 -1.243999961e+02 -1.243999961e+02 +2.6555e-01 +8.7707e-01 +2.8983e+00
% function evaluation | noise-free fitness - Fopt (6.000000000000e-01) | best noise-free fitness - Fopt | measured fitness | best measured fitness | x1 | x2...
1 +3.076043824e+01 +3.076043824e+01 +3.136043824e+01 +3.136043824e+01 -1.1926e+00 +2.2520e+00 -4.5720e+00
2 +2.097544866e+01 +2.097544866e+01 +2.157544866e+01 +2.157544866e+01 +1.9909e+00 +7.9835e-01 +2.6730e+00
3 +8.859508277e+00 +8.859508277e+00 +9.459508277e+00 +9.459508277e+00 +4.5204e+00 -4.2501e+00 -1.4140e+00
4 +2.155655311e+00 +2.155655311e+00 +2.755655311e+00 +2.755655311e+00 +2.0123e+00 -2.6780e+00 +2.0637e+00
45 +3.841249758e-01 +3.841249758e-01 +9.841249758e-01 +9.841249758e-01 +2.8556e+00 -2.4154e+00 -3.3091e-01
163 +2.246592941e-01 +2.246592941e-01 +8.246592941e-01 +8.246592941e-01 +2.3898e+00 -2.5241e+00 -9.6389e-03
310 +5.681371652e-02 +5.681371652e-02 +6.568137165e-01 +6.568137165e-01 +2.4665e+00 -1.7781e+00 +1.2999e-01
553 +3.059862171e-02 +3.059862171e-02 +6.305986217e-01 +6.305986217e-01 +2.6163e+00 -1.9555e+00 +8.9434e-02
766 +1.576454799e-02 +1.576454799e-02 +6.157645480e-01 +6.157645480e-01 +2.6268e+00 -1.9456e+00 +1.4793e-01
848 +3.254866444e-03 +3.254866444e-03 +6.032548664e-01 +6.032548664e-01 +2.6296e+00 -2.0223e+00 +9.8307e-02
868 +8.544345450e-04 +8.544345450e-04 +6.008544345e-01 +6.008544345e-01 +2.5923e+00 -1.9636e+00 +1.1254e-01
1705 +1.846283227e-04 +1.846283227e-04 +6.001846283e-01 +6.001846283e-01 +2.5967e+00 -1.9654e+00 +1.1400e-01
2483 +1.186693700e-04 +1.186693700e-04 +6.001186694e-01 +6.001186694e-01 +2.5982e+00 -1.9687e+00 +1.1297e-01
2643 +9.765945985e-05 +9.765945985e-05 +6.000976595e-01 +6.000976595e-01 +2.6031e+00 -1.9732e+00 +1.1281e-01
2758 +4.127379066e-05 +4.127379066e-05 +6.000412738e-01 +6.000412738e-01 +2.6046e+00 -1.9709e+00 +1.1399e-01
3003 +2.197921823e-05 +2.197921823e-05 +6.000219792e-01 +6.000219792e-01 +2.6040e+00 -1.9708e+00 +1.1392e-01
3643 +1.109634388e-05 +1.109634388e-05 +6.000110963e-01 +6.000110963e-01 +2.6056e+00 -1.9737e+00 +1.1322e-01
3659 +5.539177317e-06 +5.539177317e-06 +6.000055392e-01 +6.000055392e-01 +2.6051e+00 -1.9725e+00 +1.1354e-01
5747 +2.945094416e-06 +2.945094416e-06 +6.000029451e-01 +6.000029451e-01 +2.6054e+00 -1.9731e+00 +1.1337e-01
6904 +2.398905923e-06 +2.398905923e-06 +6.000023989e-01 +6.000023989e-01 +2.6057e+00 -1.9733e+00 +1.1338e-01
7729 +1.164550633e-06 +1.164550633e-06 +6.000011646e-01 +6.000011646e-01 +2.6061e+00 -1.9734e+00 +1.1348e-01
10143 +9.525061495e-07 +9.525061495e-07 +6.000009525e-01 +6.000009525e-01 +2.6061e+00 -1.9734e+00 +1.1346e-01
17081 +6.089804806e-07 +6.089804806e-07 +6.000006090e-01 +6.000006090e-01 +2.6063e+00 -1.9736e+00 +1.1344e-01
27717 +3.968458444e-07 +3.968458444e-07 +6.000003968e-01 +6.000003968e-01 +2.6064e+00 -1.9736e+00 +1.1347e-01
% function evaluation | noise-free fitness - Fopt (-4.071000000000e+01) | best noise-free fitness - Fopt | measured fitness | best measured fitness | x1 | x2...
1 +4.428484326e+00 +4.428484326e+00 -3.628151567e+01 -3.628151567e+01 +3.1485e-01 -4.9073e+00 +3.2216e+00
3 +1.075582218e+00 +1.075582218e+00 -3.963441778e+01 -3.963441778e+01 +1.6339e+00 -2.0140e+00 +1.8510e+00
218 +9.353192136e-01 +9.353192136e-01 -3.977468079e+01 -3.977468079e+01 +1.8001e+00 -3.0506e+00 +1.2751e+00
243 +2.419468559e-01 +2.419468559e-01 -4.046805314e+01 -4.046805314e+01 +6.6432e-01 -3.2704e+00 +1.3023e+00
527 +8.156329158e-02 +8.156329158e-02 -4.062843671e+01 -4.062843671e+01 +8.9774e-01 -3.0241e+00 +1.4401e+00
638 +3.404679473e-02 +3.404679473e-02 -4.067595321e+01 -4.067595321e+01 +7.6328e-01 -2.9352e+00 +1.2894e+00
675 +2.016702080e-02 +2.016702080e-02 -4.068983298e+01 -4.068983298e+01 +6.1155e-01 -2.7570e+00 +1.2476e+00
677 +1.079992746e-02 +1.079992746e-02 -4.069920007e+01 -4.069920007e+01 +6.7302e-01 -2.8395e+00 +1.2555e+00
828 +4.174699882e-03 +4.174699882e-03 -4.070582530e+01 -4.070582530e+01 +6.7014e-01 -2.7064e+00 +1.4644e+00
1253 +1.150218554e-03 +1.150218554e-03 -4.070884978e+01 -4.070884978e+01 +6.3936e-01 -2.6621e+00 +1.4324e+00
1834 +2.840376962e-04 +2.840376962e-04 -4.070971596e+01 -4.070971596e+01 +6.4111e-01 -2.6725e+00 +1.4257e+00
2844 +2.488934405e-04 +2.488934405e-04 -4.070975111e+01 -4.070975111e+01 +6.4064e-01 -2.6743e+00 +1.4222e+00
3420 +1.577374268e-04 +1.577374268e-04 -4.070984226e+01 -4.070984226e+01 +6.4325e-01 -2.6824e+00 +1.4177e+00
4125 +6.915981851e-05 +6.915981851e-05 -4.070993084e+01 -4.070993084e+01 +6.4663e-01 -2.6932e+00 +1.4117e+00
4326 +4.857287525e-05 +4.857287525e-05 -4.070995143e+01 -4.070995143e+01 +6.4831e-01 -2.6988e+00 +1.4083e+00
4376 +3.894338856e-05 +3.894338856e-05 -4.070996106e+01 -4.070996106e+01 +6.4955e-01 -2.7026e+00 +1.4063e+00
6632 +1.070249375e-05 +1.070249375e-05 -4.070998930e+01 -4.070998930e+01 +6.5425e-01 -2.7148e+00 +1.4019e+00
6901 +9.629541189e-06 +9.629541189e-06 -4.070999037e+01 -4.070999037e+01 +6.5468e-01 -2.7156e+00 +1.4019e+00
7251 +5.553981687e-06 +5.553981687e-06 -4.070999445e+01 -4.070999445e+01 +6.5542e-01 -2.7170e+00 +1.4020e+00
7809 +3.276290741e-06 +3.276290741e-06 -4.070999672e+01 -4.070999672e+01 +6.5599e-01 -2.7172e+00 +1.4032e+00
10172 +2.232349289e-06 +2.232349289e-06 -4.070999777e+01 -4.070999777e+01 +6.5607e-01 -2.7179e+00 +1.4023e+00
% function evaluation | noise-free fitness - Fopt (8.143200000000e+02) | best noise-free fitness - Fopt | measured fitness | best measured fitness | x1 | x2...
1 +1.265203377e+01 +1.265203377e+01 +8.269720338e+02 +8.269720338e+02 -2.6519e+00 -2.6063e+00 -2.2546e+00
3 +3.265657186e+00 +3.265657186e+00 +8.175856572e+02 +8.175856572e+02 -3.9100e+00 -2.1897e+00 +1.2253e+00
44 +1.665278096e+00 +1.665278096e+00 +8.159852781e+02 +8.159852781e+02 -1.9321e+00 -2.6393e+00 +3.7324e+00
48 +1.129826737e+00 +1.129826737e+00 +8.154498267e+02 +8.154498267e+02 -3.8003e+00 -4.3405e+00 +4.0852e+00
162 +8.951349703e-01 +8.951349703e-01 +8.152151350e+02 +8.152151350e+02 -3.6463e+00 -3.0660e+00 +3.8172e+00
196 +3.638305521e-01 +3.638305521e-01 +8.146838306e+02 +8.146838306e+02 -3.3749e+00 -4.3409e+00 +3.7092e+00
266 +2.066712903e-01 +2.066712903e-01 +8.145266713e+02 +8.145266713e+02 -2.6858e+00 -4.1934e+00 +3.8653e+00
324 +1.029538934e-01 +1.029538934e-01 +8.144229539e+02 +8.144229539e+02 -2.9381e+00 -4.1930e+00 +3.6547e+00
438 +9.172022698e-02 +9.172022698e-02 +8.144117202e+02 +8.144117202e+02 -2.5422e+00 -3.9367e+00 +3.7128e+00
454 +5.458937351e-02 +5.458937351e-02 +8.143745894e+02 +8.143745894e+02 -2.7164e+00 -4.1129e+00 +3.6105e+00
483 +3.668837392e-02 +3.668837392e-02 +8.143566884e+02 +8.143566884e+02 -2.8368e+00 -3.6680e+00 +3.9425e+00
511 +2.271422983e-02 +2.271422983e-02 +8.143427142e+02 +8.143427142e+02 -2.7003e+00 -3.8319e+00 +3.8333e+00
629 +1.472896829e-02 +1.472896829e-02 +8.143347290e+02 +8.143347290e+02 -2.7899e+00 -3.7243e+00 +3.9073e+00
821 +3.111061544e-03 +3.111061544e-03 +8.143231111e+02 +8.143231111e+02 -2.7688e+00 -3.9439e+00 +3.7919e+00
939 +6.717363260e-05 +6.717363260e-05 +8.143200672e+02 +8.143200672e+02 -2.7973e+00 -3.8419e+00 +3.8652e+00
1663 +5.790958471e-05 +5.790958471e-05 +8.143200579e+02 +8.143200579e+02 -2.7975e+00 -3.8310e+00 +3.8715e+00
3155 +3.765786687e-05 +3.765786687e-05 +8.143200377e+02 +8.143200377e+02 -2.7929e+00 -3.8310e+00 +3.8684e+00
3608 +2.407255829e-05 +2.407255829e-05 +8.143200241e+02 +8.143200241e+02 -2.7902e+00 -3.8339e+00 +3.8650e+00
4544 +1.572233691e-05 +1.572233691e-05 +8.143200157e+02 +8.143200157e+02 -2.7914e+00 -3.8352e+00 +3.8650e+00
14057 +9.946317277e-06 +9.946317277e-06 +8.143200099e+02 +8.143200099e+02 -2.7919e+00 -3.8384e+00 +3.8636e+00
% function evaluation | noise-free fitness - Fopt (-6.205000000000e+01) | best noise-free fitness - Fopt | measured fitness | best measured fitness | x1 | x2...
1 +3.824411487e+01 +3.824411487e+01 -2.380588513e+01 -2.380588513e+01 -2.2245e+00 -4.4190e+00 +3.4342e+00
3 +1.409068004e+01 +1.409068004e+01 -4.795931996e+01 -4.795931996e+01 -2.9435e+00 +2.9759e-01 +2.2255e+00
6 +5.295258580e+00 +5.295258580e+00 -5.675474142e+01 -5.675474142e+01 +3.2654e+00 +1.0188e+00 +2.7015e+00
14 +1.042008785e+00 +1.042008785e+00 -6.100799122e+01 -6.100799122e+01 +1.3683e+00 -1.1085e+00 -1.3826e+00
183 +2.770252971e-01 +2.770252971e-01 -6.177297470e+01 -6.177297470e+01 +1.6106e+00 -2.5079e-01 -5.5774e-01
239 +1.164080263e-01 +1.164080263e-01 -6.193359197e+01 -6.193359197e+01 +1.8531e+00 -8.2582e-01 -4.6068e-01
375 +8.612340516e-02 +8.612340516e-02 -6.196387659e+01 -6.196387659e+01 +2.1482e+00 -8.7072e-01 -3.5111e-01
377 +1.719174581e-02 +1.719174581e-02 -6.203280825e+01 -6.203280825e+01 +2.1797e+00 -4.9435e-01 -5.3911e-01
865 +8.344782424e-03 +8.344782424e-03 -6.204165522e+01 -6.204165522e+01 +1.9870e+00 -5.0965e-01 -5.9778e-01
1303 +3.517013368e-03 +3.517013368e-03 -6.204648299e+01 -6.204648299e+01 +1.9865e+00 -4.0836e-01 -6.5783e-01
1313 +1.945008218e-03 +1.945008218e-03 -6.204805499e+01 -6.204805499e+01 +1.9491e+00 -4.3342e-01 -6.6230e-01
1471 +6.389743225e-04 +6.389743225e-04 -6.204936103e+01 -6.204936103e+01 +1.9917e+00 -4.9446e-01 -6.1340e-01
1825 +1.956194692e-04 +1.956194692e-04 -6.204980438e+01 -6.204980438e+01 +1.9910e+00 -4.7963e-01 -6.2218e-01
2137 +1.582789756e-04 +1.582789756e-04 -6.204984172e+01 -6.204984172e+01 +1.9982e+00 -4.7363e-01 -6.2256e-01
3554 +9.865707386e-05 +9.865707386e-05 -6.204990134e+01 -6.204990134e+01 +1.9977e+00 -4.7681e-01 -6.2115e-01
4547 +3.320862079e-05 +3.320862079e-05 -6.204996679e+01 -6.204996679e+01 +2.0113e+00 -4.8286e-01 -6.1310e-01
5727 +2.334236055e-05 +2.334236055e-05 -6.204997666e+01 -6.204997666e+01 +2.0105e+00 -4.8666e-01 -6.1135e-01
18274 +1.535224868e-05 +1.535224868e-05 -6.204998465e+01 -6.204998465e+01 +2.0117e+00 -4.8826e-01 -6.1010e-01
% function evaluation | noise-free fitness - Fopt (-4.328000000000e+01) | best noise-free fitness - Fopt | measured fitness | best measured fitness | x1 | x2...
1 +3.541865142e+00 +3.541865142e+00 -3.973813486e+01 -3.973813486e+01 -2.4288e+00 +2.7451e+00 -3.2523e+00
2 +1.188296597e+00 +1.188296597e+00 -4.209170340e+01 -4.209170340e+01 -1.2960e+00 +1.7580e+00 -2.6085e+00
163 +8.332356344e-02 +8.332356344e-02 -4.319667644e+01 -4.319667644e+01 -7.5056e-01 +2.6753e+00 -2.7533e+00
500 +2.149872607e-02 +2.149872607e-02 -4.325850127e+01 -4.325850127e+01 -4.1634e-01 +2.6231e+00 -2.9579e+00
563 +4.921156068e-03 +4.921156068e-03 -4.327507884e+01 -4.327507884e+01 -4.4994e-01 +2.6958e+00 -2.8702e+00
1136 +3.008821175e-03 +3.008821175e-03 -4.327699118e+01 -4.327699118e+01 -4.5161e-01 +2.6971e+00 -2.8613e+00
1225 +2.259193553e-03 +2.259193553e-03 -4.327774081e+01 -4.327774081e+01 -4.5441e-01 +2.6941e+00 -2.8662e+00
1614 +4.493823913e-04 +4.493823913e-04 -4.327955062e+01 -4.327955062e+01 -4.9006e-01 +2.6898e+00 -2.8625e+00
2112 +2.422900110e-04 +2.422900110e-04 -4.327975771e+01 -4.327975771e+01 -4.9520e-01 +2.6889e+00 -2.8630e+00
3831 +1.568035677e-04 +1.568035677e-04 -4.327984320e+01 -4.327984320e+01 -4.9296e-01 +2.6832e+00 -2.8679e+00
4721 +8.676843131e-05 +8.676843131e-05 -4.327991323e+01 -4.327991323e+01 -4.9686e-01 +2.6727e+00 -2.8760e+00
6440 +5.549210238e-05 +5.549210238e-05 -4.327994451e+01 -4.327994451e+01 -4.9915e-01 +2.6693e+00 -2.8784e+00
8480 +3.971051397e-05 +3.971051397e-05 -4.327996029e+01 -4.327996029e+01 -4.9476e-01 +2.6676e+00 -2.8805e+00
% function evaluation | noise-free fitness - Fopt (-3.916000000000e+01) | best noise-free fitness - Fopt | measured fitness | best measured fitness | x1 | x2...
1 +4.598919581e+02 +4.598919581e+02 +4.207319581e+02 +4.207319581e+02 +4.7380e-01 -3.4697e+00 -1.8787e+00
4 +2.648892780e+01 +2.648892780e+01 -1.267107220e+01 -1.267107220e+01 -2.3693e+00 +1.6555e+00 -3.5508e+00
6 +1.582840257e+01 +1.582840257e+01 -2.333159743e+01 -2.333159743e+01 +9.9401e-01 +3.2633e+00 -1.8028e+00
38 +2.841487269e+00 +2.841487269e+00 -3.631851273e+01 -3.631851273e+01 -3.4657e+00 +3.6793e+00 +2.6627e-01
69 +2.464808063e+00 +2.464808063e+00 -3.669519194e+01 -3.669519194e+01 -4.4866e+00 -1.0251e-01 +3.9342e+00
94 +1.069218808e+00 +1.069218808e+00 -3.809078119e+01 -3.809078119e+01 -2.7079e+00 +1.5184e+00 +1.7765e+00
138 +9.167219626e-01 +9.167219626e-01 -3.824327804e+01 -3.824327804e+01 -3.9200e+00 +2.1682e+00 +1.6114e+00
231 +2.935765449e-01 +2.935765449e-01 -3.886642346e+01 -3.886642346e+01 -3.0347e+00 +1.5105e+00 +2.5836e+00
269 +1.953404979e-01 +1.953404979e-01 -3.896465950e+01 -3.896465950e+01 -3.3762e+00 +1.4032e+00 +2.4856e+00
370 +4.194855664e-02 +4.194855664e-02 -3.911805144e+01 -3.911805144e+01 -3.6181e+00 +1.6023e+00 +2.4296e+00
549 +3.079482924e-02 +3.079482924e-02 -3.912920517e+01 -3.912920517e+01 -3.7484e+00 +1.8272e+00 +2.4548e+00
563 +1.626580737e-02 +1.626580737e-02 -3.914373419e+01 -3.914373419e+01 -3.8166e+00 +2.0372e+00 +2.5738e+00
754 +1.395219755e-02 +1.395219755e-02 -3.914604780e+01 -3.914604780e+01 -3.6942e+00 +2.0901e+00 +2.6258e+00
944 +8.700157270e-03 +8.700157270e-03 -3.915129984e+01 -3.915129984e+01 -3.5300e+00 +1.7972e+00 +2.5130e+00
1100 +5.885070456e-03 +5.885070456e-03 -3.915411493e+01 -3.915411493e+01 -3.5586e+00 +1.8565e+00 +2.5344e+00
1448 +2.174584753e-03 +2.174584753e-03 -3.915782542e+01 -3.915782542e+01 -3.5866e+00 +1.8338e+00 +2.5173e+00
1589 +9.066169926e-04 +9.066169926e-04 -3.915909338e+01 -3.915909338e+01 -3.5886e+00 +1.8112e+00 +2.5034e+00
2020 +1.997058991e-04 +1.997058991e-04 -3.915980029e+01 -3.915980029e+01 -3.6296e+00 +1.8468e+00 +2.5145e+00
2300 +1.142078359e-04 +1.142078359e-04 -3.915988579e+01 -3.915988579e+01 -3.6339e+00 +1.8415e+00 +2.5113e+00
2427 +6.351196513e-05 +6.351196513e-05 -3.915993649e+01 -3.915993649e+01 -3.6304e+00 +1.8484e+00 +2.5155e+00
2953 +5.088041383e-05 +5.088041383e-05 -3.915994912e+01 -3.915994912e+01 -3.6293e+00 +1.8485e+00 +2.5157e+00
3778 +3.881565556e-05 +3.881565556e-05 -3.915996118e+01 -3.915996118e+01 -3.6332e+00 +1.8476e+00 +2.5145e+00
10912 +2.502530370e-05 +2.502530370e-05 -3.915997497e+01 -3.915997497e+01 -3.6341e+00 +1.8516e+00 +2.5165e+00
% function evaluation | noise-free fitness - Fopt (-1.732800000000e+02) | best noise-free fitness - Fopt | measured fitness | best measured fitness | x1 | x2...
1 +3.626712174e+00 +3.626712174e+00 -1.696532878e+02 -1.696532878e+02 -2.9796e+00 -3.0418e+00 +2.8895e+00
44 +1.991503451e+00 +1.991503451e+00 -1.712884965e+02 -1.712884965e+02 -3.4247e+00 +5.5160e-01 +2.2649e+00
70 +1.383804415e+00 +1.383804415e+00 -1.718961956e+02 -1.718961956e+02 -3.1684e+00 -1.8930e+00 +3.2779e+00
172 +9.257877822e-01 +9.257877822e-01 -1.723542122e+02 -1.723542122e+02 -3.6576e+00 -8.4164e-01 +1.5339e+00
188 +5.163632104e-01 +5.163632104e-01 -1.727636368e+02 -1.727636368e+02 -3.5681e+00 -1.4247e+00 +2.4808e+00
238 +1.687243195e-01 +1.687243195e-01 -1.731112757e+02 -1.731112757e+02 -2.4341e+00 -8.6762e-01 +2.6135e+00
366 +9.009831625e-02 +9.009831625e-02 -1.731899017e+02 -1.731899017e+02 -2.7977e+00 -6.1741e-01 +2.5223e+00
516 +1.509734985e-02 +1.509734985e-02 -1.732649027e+02 -1.732649027e+02 -3.0736e+00 -1.0966e+00 +2.4653e+00
724 +7.013472847e-03 +7.013472847e-03 -1.732729865e+02 -1.732729865e+02 -2.9024e+00 -9.7151e-01 +2.5237e+00
1089 +5.927133358e-03 +5.927133358e-03 -1.732740729e+02 -1.732740729e+02 -2.8893e+00 -8.1438e-01 +2.4491e+00
1286 +3.077005003e-03 +3.077005003e-03 -1.732769230e+02 -1.732769230e+02 -2.9399e+00 -9.2349e-01 +2.4742e+00
1343 +9.791113702e-04 +9.791113702e-04 -1.732790209e+02 -1.732790209e+02 -2.9103e+00 -8.9672e-01 +2.4782e+00
1470 +1.872502176e-04 +1.872502176e-04 -1.732798127e+02 -1.732798127e+02 -2.9072e+00 -9.0822e-01 +2.4850e+00
1945 +1.369049880e-04 +1.369049880e-04 -1.732798631e+02 -1.732798631e+02 -2.9053e+00 -9.0494e-01 +2.4846e+00
2989 +9.605664957e-05 +9.605664957e-05 -1.732799039e+02 -1.732799039e+02 -2.9072e+00 -9.0725e-01 +2.4846e+00
3185 +5.726068238e-05 +5.726068238e-05 -1.732799427e+02 -1.732799427e+02 -2.9160e+00 -9.0620e-01 +2.4778e+00
3208 +3.326834275e-06 +3.326834275e-06 -1.732799967e+02 -1.732799967e+02 -2.9097e+00 -9.0136e-01 +2.4798e+00
6232 +2.214479878e-06 +2.214479878e-06 -1.732799978e+02 -1.732799978e+02 -2.9111e+00 -9.0175e-01 +2.4790e+00
8010 +1.449555100e-06 +1.449555100e-06 -1.732799986e+02 -1.732799986e+02 -2.9109e+00 -9.0153e-01 +2.4790e+00
9465 +8.860438925e-07 +8.860438925e-07 -1.732799991e+02 -1.732799991e+02 -2.9109e+00 -9.0123e-01 +2.4789e+00
% function evaluation | noise-free fitness - Fopt (-1.017000000000e+01) | best noise-free fitness - Fopt | measured fitness | best measured fitness | x1 | x2...
1 +4.523433542e+00 +4.523433542e+00 -5.646566458e+00 -5.646566458e+00 -2.4499e+00 +3.6633e+00 +1.2318e+00
2 +3.578297800e+00 +3.578297800e+00 -6.591702200e+00 -6.591702200e+00 +1.7557e+00 -3.2775e-01 +1.7352e+00
65 +1.827480201e+00 +1.827480201e+00 -8.342519799e+00 -8.342519799e+00 -1.9746e-01 +2.1975e+00 +1.7249e+00
118 +1.224315415e+00 +1.224315415e+00 -8.945684585e+00 -8.945684585e+00 +1.0225e+00 +2.8249e+00 +3.4102e+00
199 +2.581508279e-01 +2.581508279e-01 -9.911849172e+00 -9.911849172e+00 +1.6302e+00 +2.2048e+00 +2.2682e+00
337 +1.500062553e-01 +1.500062553e-01 -1.001999374e+01 -1.001999374e+01 +1.1294e+00 +1.4649e+00 +3.0588e+00
430 +7.675736458e-02 +7.675736458e-02 -1.009324264e+01 -1.009324264e+01 +1.5529e+00 +1.9428e+00 +2.8257e+00
553 +4.880679366e-02 +4.880679366e-02 -1.012119321e+01 -1.012119321e+01 +1.5459e+00 +1.8039e+00 +2.7267e+00
702 +3.259907733e-02 +3.259907733e-02 -1.013740092e+01 -1.013740092e+01 +1.4582e+00 +1.7067e+00 +2.7761e+00
721 +8.160799184e-03 +8.160799184e-03 -1.016183920e+01 -1.016183920e+01 +1.4328e+00 +1.6796e+00 +2.6423e+00
1333 +2.647641877e-03 +2.647641877e-03 -1.016735236e+01 -1.016735236e+01 +1.4231e+00 +1.6856e+00 +2.6612e+00
1551 +2.416582380e-03 +2.416582380e-03 -1.016758342e+01 -1.016758342e+01 +1.4285e+00 +1.6958e+00 +2.6624e+00
1710 +3.589213719e-04 +3.589213719e-04 -1.016964108e+01 -1.016964108e+01 +1.4367e+00 +1.7085e+00 +2.6776e+00
2597 +1.200537279e-04 +1.200537279e-04 -1.016987995e+01 -1.016987995e+01 +1.4619e+00 +1.7389e+00 +2.6448e+00
3151 +6.200257577e-05 +6.200257577e-05 -1.016993800e+01 -1.016993800e+01 +1.4527e+00 +1.7285e+00 +2.6597e+00
3432 +2.998496793e-05 +2.998496793e-05 -1.016997002e+01 -1.016997002e+01 +1.4530e+00 +1.7290e+00 +2.6596e+00
3676 +2.121490203e-05 +2.121490203e-05 -1.016997879e+01 -1.016997879e+01 +1.4523e+00 +1.7280e+00 +2.6596e+00
4338 +1.408454300e-05 +1.408454300e-05 -1.016998592e+01 -1.016998592e+01 +1.4514e+00 +1.7276e+00 +2.6633e+00
5917 +8.066650203e-06 +8.066650203e-06 -1.016999193e+01 -1.016999193e+01 +1.4505e+00 +1.7271e+00 +2.6668e+00
20043 +6.159653454e-06 +6.159653454e-06 -1.016999384e+01 -1.016999384e+01 +1.4502e+00 +1.7271e+00 +2.6686e+00
