% function evaluation | noise-free fitness - Fopt (3.590000000000e+01) | best noise-free fitness - Fopt | measured fitness | best measured fitness | x1 | x2...
1 +1.462314867e+05 +1.462314867e+05 +1.462673867e+05 +1.462673867e+05 +1.9106e+00 +3.4503e+00 +2.0970e-02 -5.0455e-01 +1.5971e+00
23 +6.729414746e+04 +6.729414746e+04 +6.733004746e+04 +6.733004746e+04 +1.3797e+00 -2.1923e+00 -4.3007e+00 +2.9944e+00 -4.8326e+00
25 +4.975635808e+04 +4.975635808e+04 +4.979225808e+04 +4.979225808e+04 -2.3646e+00 +5.2683e-01 -1.8726e+00 -2.9735e+00 -2.7146e+00
27 +2.001723036e+02 +2.001723036e+02 +2.360723036e+02 +2.360723036e+02 -4.9646e+00 +1.6376e+00 +3.0070e+00 +3.0049e+00 -4.5373e+00
57 +1.534230538e+02 +1.534230538e+02 +1.893230538e+02 +1.893230538e+02 -3.4239e+00 +4.2420e+00 -2.5582e+00 -7.7319e-01 -3.2193e+00
86 +4.471486184e+01 +4.471486184e+01 +8.061486184e+01 +8.061486184e+01 -1.1461e-01 +3.7830e+00 +1.1028e+00 +1.8178e+00 -3.5843e+00
741 +3.135605339e+01 +3.135605339e+01 +6.725605339e+01 +6.725605339e+01 -2.0144e-01 +3.1882e+00 +2.9552e+00 +1.9157e+00 -2.6381e+00
1030 +2.331959790e+01 +2.331959790e+01 +5.921959790e+01 +5.921959790e+01 +6.5499e-01 +0.0000e+00 +3.3023e+00 +2.3297e+00 -3.7598e+00
2208 +1.364244305e+01 +1.364244305e+01 +4.954244305e+01 +4.954244305e+01 +1.0764e+00 +1.4949e+00 +2.8205e+00 +3.2113e+00 -3.0728e+00
2717 +6.605712371e+00 +6.605712371e+00 +4.250571237e+01 +4.250571237e+01 +1.6777e+00 +1.2725e+00 +2.4452e+00 +2.4929e+00 -2.4169e+00
2727 +3.699546004e+00 +3.699546004e+00 +3.959954600e+01 +3.959954600e+01 +2.1479e+00 +1.0998e+00 +2.7088e+00 +3.6132e+00 -2.2037e+00
4799 +2.231593971e+00 +2.231593971e+00 +3.813159397e+01 +3.813159397e+01 +2.2954e+00 +1.1091e+00 +2.8030e+00 +3.5683e+00 -1.9602e+00
7897 +8.810027731e-01 +8.810027731e-01 +3.678100277e+01 +3.678100277e+01 +2.4979e+00 +1.1534e+00 +2.8460e+00 +3.5282e+00 -1.7224e+00
10868 +5.017485984e-01 +5.017485984e-01 +3.640174860e+01 +3.640174860e+01 +2.6435e+00 +1.3119e+00 +2.4700e+00 +3.4913e+00 -1.6938e+00
14475 +3.637885914e-01 +3.637885914e-01 +3.626378859e+01 +3.626378859e+01 +2.6063e+00 +1.3720e+00 +2.6062e+00 +3.5049e+00 -1.5480e+00
16513 +2.346638431e-01 +2.346638431e-01 +3.613466384e+01 +3.613466384e+01 +2.7120e+00 +1.0685e+00 +2.6030e+00 +3.4749e+00 -1.6513e+00
20092 +1.471064029e-01 +1.471064029e-01 +3.604710640e+01 +3.604710640e+01 +2.6501e+00 +1.2285e+00 +2.5974e+00 +3.4512e+00 -1.4936e+00
21782 +3.411071805e-02 +3.411071805e-02 +3.593411072e+01 +3.593411072e+01 +2.7243e+00 +1.1247e+00 +2.5886e+00 +3.4212e+00 -1.4795e+00
28905 +1.651279465e-02 +1.651279465e-02 +3.591651279e+01 +3.591651279e+01 +2.7624e+00 +1.1122e+00 +2.5932e+00 +3.4459e+00 -1.4742e+00
31564 +8.863902212e-03 +8.863902212e-03 +3.590886390e+01 +3.590886390e+01 +2.7738e+00 +1.1188e+00 +2.5853e+00 +3.4417e+00 -1.4630e+00
33592 +4.770236175e-03 +4.770236175e-03 +3.590477024e+01 +3.590477024e+01 +2.7689e+00 +1.1041e+00 +2.5861e+00 +3.4252e+00 -1.4508e+00
40268 +3.296902057e-03 +3.296902057e-03 +3.590329690e+01 +3.590329690e+01 +2.7673e+00 +1.1070e+00 +2.5885e+00 +3.4275e+00 -1.4397e+00
43436 +2.296667848e-03 +2.296667848e-03 +3.590229667e+01 +3.590229667e+01 +2.7709e+00 +1.1232e+00 +2.5859e+00 +3.4280e+00 -1.4385e+00
44936 +1.560636055e-03 +1.560636055e-03 +3.590156064e+01 +3.590156064e+01 +2.7762e+00 +1.1207e+00 +2.5860e+00 +3.4285e+00 -1.4391e+00
48282 +9.337593744e-04 +9.337593744e-04 +3.590093376e+01 +3.590093376e+01 +2.7723e+00 +1.1150e+00 +2.5901e+00 +3.4246e+00 -1.4320e+00
% function evaluation | noise-free fitness - Fopt (3.137000000000e+01) | best noise-free fitness - Fopt | measured fitness | best measured fitness | x1 | x2...
1 +2.177252746e+05 +2.177252746e+05 +2.177566446e+05 +2.177566446e+05 -1.1572e+00 -3.3221e+00 -2.1168e+00 +4.5087e+00 +2.3141e+00
3 +1.189486891e+05 +1.189486891e+05 +1.189800591e+05 +1.189800591e+05 +1.8407e+00 +3.8974e+00 -3.4133e+00 -1.9807e+00 -4.0013e+00
4 +3.358948978e+04 +3.358948978e+04 +3.362085978e+04 +3.362085978e+04 -3.4742e+00 +2.7134e+00 -6.9304e-01 -8.2246e-02 -3.6980e+00
9 +1.666619190e+04 +1.666619190e+04 +1.669756190e+04 +1.669756190e+04 -6.8824e-01 +3.0438e+00 -2.4085e+00 +1.0070e+00 +1.2650e+00
19 +1.338522493e+02 +1.338522493e+02 +1.652222493e+02 +1.652222493e+02 -1.7452e+00 -4.3634e+00 -4.3494e+00 -1.5201e+00 -4.8441e+00
25 +7.791267103e+01 +7.791267103e+01 +1.092826710e+02 +1.092826710e+02 -7.4428e-01 -2.9057e+00 -4.9872e+00 +8.1055e-01 -1.2543e+00
60 +5.087579606e+01 +5.087579606e+01 +8.224579606e+01 +8.224579606e+01 -2.1584e-01 -7.9353e-01 -2.4020e+00 -5.3353e-01 -2.8991e+00
540 +2.672198807e+01 +2.672198807e+01 +5.809198807e+01 +5.809198807e+01 -4.1590e-01 +1.2120e+00 -5.0000e+00 +1.1000e+00 -2.6749e+00
549 +2.254046033e+01 +2.254046033e+01 +5.391046033e+01 +5.391046033e+01 -8.8828e-01 +4.2856e-01 -3.3539e+00 +1.5234e+00 -3.3563e+00
1525 +6.902811594e+00 +6.902811594e+00 +3.827281159e+01 +3.827281159e+01 +1.3753e-03 +4.9119e-01 -3.8347e+00 +2.6943e+00 -2.7743e+00
2994 +6.228469089e+00 +6.228469089e+00 +3.759846909e+01 +3.759846909e+01 -1.2777e-01 +8.3652e-01 -4.1552e+00 +2.8267e+00 -1.6534e+00
3002 +2.664286454e+00 +2.664286454e+00 +3.403428645e+01 +3.403428645e+01 -3.4433e-01 +1.4524e+00 -4.0770e+00 +3.1048e+00 -1.6924e+00
4123 +2.418527383e+00 +2.418527383e+00 +3.378852738e+01 +3.378852738e+01 -1.9236e-01 +1.6992e+00 -4.2474e+00 +3.1192e+00 -1.5832e+00
4394 +1.523649070e+00 +1.523649070e+00 +3.289364907e+01 +3.289364907e+01 -2.7661e-01 +1.5329e+00 -3.8795e+00 +3.1267e+00 -2.1710e+00
7894 +7.462485524e-01 +7.462485524e-01 +3.211624855e+01 +3.211624855e+01 -2.9648e-01 +1.7724e+00 -3.9676e+00 +3.3080e+00 -1.9543e+00
9372 +4.314446810e-01 +4.314446810e-01 +3.180144468e+01 +3.180144468e+01 -2.3076e-01 +1.7996e+00 -4.1155e+00 +3.5239e+00 -1.9174e+00
10761 +3.240391754e-01 +3.240391754e-01 +3.169403918e+01 +3.169403918e+01 -4.7603e-02 +1.8425e+00 -4.1073e+00 +3.4993e+00 -1.8703e+00
13840 +1.855301842e-01 +1.855301842e-01 +3.155553018e+01 +3.155553018e+01 -1.2396e-01 +1.8907e+00 -4.1188e+00 +3.5986e+00 -1.8845e+00
17829 +1.409989176e-01 +1.409989176e-01 +3.151099892e+01 +3.151099892e+01 -1.8045e-01 +1.8713e+00 -4.0275e+00 +3.5941e+00 -1.8682e+00
18493 +9.397239454e-02 +9.397239454e-02 +3.146397239e+01 +3.146397239e+01 -1.8285e-01 +1.8803e+00 -4.0215e+00 +3.6220e+00 -1.8708e+00
25892 +4.497031340e-02 +4.497031340e-02 +3.141497031e+01 +3.141497031e+01 -2.2503e-01 +1.8704e+00 -3.9831e+00 +3.6830e+00 -1.8921e+00
28506 +2.539629353e-02 +2.539629353e-02 +3.139539629e+01 +3.139539629e+01 -2.2884e-01 +1.8925e+00 -3.9161e+00 +3.6558e+00 -1.9235e+00
30604 +2.254527119e-02 +2.254527119e-02 +3.139254527e+01 +3.139254527e+01 -2.2281e-01 +1.8862e+00 -3.9254e+00 +3.6675e+00 -1.9211e+00
30632 +1.314893534e-02 +1.314893534e-02 +3.138314894e+01 +3.138314894e+01 -2.4694e-01 +1.8763e+00 -3.9215e+00 +3.6924e+00 -1.9289e+00
31104 +7.592115631e-03 +7.592115631e-03 +3.137759212e+01 +3.137759212e+01 -2.4791e-01 +1.8709e+00 -3.8945e+00 +3.7063e+00 -1.9334e+00
34024 +4.667911064e-03 +4.667911064e-03 +3.137466791e+01 +3.137466791e+01 -2.5784e-01 +1.8957e+00 -3.8963e+00 +3.6972e+00 -1.9240e+00
36684 +2.577969130e-03 +2.577969130e-03 +3.137257797e+01 +3.137257797e+01 -2.5799e-01 +1.8926e+00 -3.8988e+00 +3.7070e+00 -1.9228e+00
40468 +2.249629395e-03 +2.249629395e-03 +3.137224963e+01 +3.137224963e+01 -2.5740e-01 +1.8944e+00 -3.8988e+00 +3.7098e+00 -1.9209e+00
45129 +1.522037222e-03 +1.522037222e-03 +3.137152204e+01 +3.137152204e+01 -2.6118e-01 +1.8863e+00 -3.8944e+00 +3.7154e+00 -1.9226e+00
49468 +9.395720159e-04 +9.395720159e-04 +3.137093957e+01 +3.137093957e+01 -2.6828e-01 +1.8848e+00 -3.8856e+00 +3.7179e+00 -1.9242e+00
% function evaluation | noise-free fitness - Fopt (-1.000000000000e+03) | best noise-free fitness - Fopt | measured fitness | best measured fitness | x1 | x2...
1 +6.416892159e+04 +6.416892159e+04 +6.316892159e+04 +6.316892159e+04 -9.7489e-01 -2.3836e+00 -1.5752e-01 +4.8150e+00 -1.3613e+00
7 +4.339163121e+04 +4.339163121e+04 +4.239163121e+04 +4.239163121e+04 -7.1421e-01 -2.0763e+00 +4.4113e+00 -7.4862e-01 +2.3992e+00
14 +3.394636303e+04 +3.394636303e+04 +3.294636303e+04 +3.294636303e+04 +1.3891e-01 -4.1301e+00 +2.3332e+00 -6.4209e-01 +3.2480e+00
30 +1.542650038e+04 +1.542650038e+04 +1.442650038e+04 +1.442650038e+04 -4.6294e+00 -4.8535e+00 +4.7822e+00 -3.8174e+00 +2.6875e+00
173 +2.044874073e+01 +2.044874073e+01 -9.795512593e+02 -9.795512593e+02 -3.3580e+00 -2.2116e+00 +3.7943e+00 +3.2223e+00 -1.7543e+00
714 +1.308140620e+01 +1.308140620e+01 -9.869185938e+02 -9.869185938e+02 -2.8893e+00 -2.8858e+00 +3.5906e+00 +3.2134e+00 -1.1334e+00
1318 +9.941176503e+00 +9.941176503e+00 -9.900588235e+02 -9.900588235e+02 -2.1042e+00 -2.4512e+00 +3.6239e+00 +3.0787e+00 -7.3891e-01
3091 +5.951332598e+00 +5.951332598e+00 -9.940486674e+02 -9.940486674e+02 -1.2403e+00 -2.9196e+00 +3.2406e+00 +3.0534e+00 -2.2420e-01
4448 +2.336283597e+00 +2.336283597e+00 -9.976637164e+02 -9.976637164e+02 -9.8884e-01 -3.1839e+00 +3.0824e+00 +3.6019e+00 -7.6848e-01
6371 +1.368490129e+00 +1.368490129e+00 -9.986315099e+02 -9.986315099e+02 -7.1796e-01 -3.3801e+00 +3.2728e+00 +3.7045e+00 -7.4546e-01
8609 +7.927792543e-01 +7.927792543e-01 -9.992072207e+02 -9.992072207e+02 -7.7676e-01 -3.3503e+00 +3.2384e+00 +3.2866e+00 -8.7411e-01
9572 +3.934423052e-01 +3.934423052e-01 -9.996065577e+02 -9.996065577e+02 -4.5435e-01 -3.2484e+00 +3.0903e+00 +3.4679e+00 -7.8685e-01
10470 +2.979940468e-02 +2.979940468e-02 -9.999702006e+02 -9.999702006e+02 -2.5407e-01 -3.2865e+00 +2.8828e+00 +3.5604e+00 -8.5372e-01
23890 +2.052089465e-02 +2.052089465e-02 -9.999794791e+02 -9.999794791e+02 -2.2105e-01 -3.2860e+00 +2.8690e+00 +3.5916e+00 -8.5893e-01
27696 +1.533441358e-02 +1.533441358e-02 -9.999846656e+02 -9.999846656e+02 -2.4618e-01 -3.3133e+00 +2.8492e+00 +3.5494e+00 -8.3864e-01
29696 +9.316092539e-03 +9.316092539e-03 -9.999906839e+02 -9.999906839e+02 -2.1885e-01 -3.3120e+00 +2.8446e+00 +3.5811e+00 -8.3808e-01
30196 +5.014478110e-03 +5.014478110e-03 -9.999949855e+02 -9.999949855e+02 -2.1446e-01 -3.3154e+00 +2.8410e+00 +3.5566e+00 -8.3691e-01
35196 +3.540531561e-03 +3.540531561e-03 -9.999964595e+02 -9.999964595e+02 -2.0981e-01 -3.3206e+00 +2.8338e+00 +3.5640e+00 -8.3837e-01
35600 +2.452698787e-03 +2.452698787e-03 -9.999975473e+02 -9.999975473e+02 -2.0269e-01 -3.3294e+00 +2.8335e+00 +3.5704e+00 -8.3541e-01
41196 +1.309179015e-03 +1.309179015e-03 -9.999986908e+02 -9.999986908e+02 -1.9793e-01 -3.3289e+00 +2.8305e+00 +3.5688e+00 -8.3621e-01
42196 +9.944841923e-04 +9.944841923e-04 -9.999990055e+02 -9.999990055e+02 -1.9663e-01 -3.3274e+00 +2.8268e+00 +3.5678e+00 -8.3761e-01
44600 +5.099096818e-04 +5.099096818e-04 -9.999994901e+02 -9.999994901e+02 -1.9130e-01 -3.3277e+00 +2.8296e+00 +3.5673e+00 -8.3744e-01
47196 +3.085772407e-04 +3.085772407e-04 -9.999996914e+02 -9.999996914e+02 -1.9024e-01 -3.3261e+00 +2.8259e+00 +3.5675e+00 -8.3853e-01
% function evaluation | noise-free fitness - Fopt (1.319200000000e+02) | best noise-free fitness - Fopt | measured fitness | best measured fitness | x1 | x2...
1 +1.980237041e+06 +1.980237041e+06 +1.980368961e+06 +1.980368961e+06 +4.0851e+00 -2.2323e+00 +2.0737e+00 +4.7841e+00 +4.3728e+00
2 +1.325107860e+06 +1.325107860e+06 +1.325239780e+06 +1.325239780e+06 +4.6663e+00 +3.5664e+00 -5.8162e-01 -4.8463e+00 +2.9316e+00
3 +2.475413603e+05 +2.475413603e+05 +2.476732803e+05 +2.476732803e+05 -8.3662e-01 -1.0621e+00 -3.2507e+00 -2.3258e+00 -2.2877e+00
21 +1.132059188e+05 +1.132059188e+05 +1.133378388e+05 +1.133378388e+05 -3.6050e+00 +2.2485e+00 -2.9966e+00 +3.7351e-01 +3.0688e+00
25 +7.598992830e+04 +7.598992830e+04 +7.612184830e+04 +7.612184830e+04 -4.0241e+00 +4.7749e+00 -2.4412e+00 +3.6766e+00 -2.4590e+00
27 +6.267960537e+04 +6.267960537e+04 +6.281152537e+04 +6.281152537e+04 -2.3118e+00 +2.4991e+00 -4.0471e+00 +1.1532e+00 -3.5046e+00
117 +2.758441925e+04 +2.758441925e+04 +2.771633925e+04 +2.771633925e+04 -4.3252e+00 +2.5360e+00 -4.2553e+00 -1.6862e+00 +9.2340e-01
199 +1.475920187e+04 +1.475920187e+04 +1.489112187e+04 +1.489112187e+04 -4.1917e+00 +2.8323e+00 -3.1027e+00 -5.9888e-01 -3.2381e+00
547 +2.215256554e+01 +2.215256554e+01 +1.540725655e+02 +1.540725655e+02 -5.0000e+00 +5.0000e+00 -3.0908e+00 +2.3898e-01 -3.9991e-01
851 +6.209652679e+00 +6.209652679e+00 +1.381296527e+02 +1.381296527e+02 -5.0000e+00 +2.8968e+00 -3.0851e+00 -6.4139e-01 -1.4645e+00
2417 +1.926289819e+00 +1.926289819e+00 +1.338462898e+02 +1.338462898e+02 -4.6306e+00 +2.0507e+00 -3.6060e+00 -4.3974e-01 -1.1035e+00
3709 +1.372092395e+00 +1.372092395e+00 +1.332920924e+02 +1.332920924e+02 -4.5847e+00 +2.0959e+00 -3.5316e+00 -3.8046e-01 -1.2285e+00
5709 +6.291826908e-01 +6.291826908e-01 +1.325491827e+02 +1.325491827e+02 -4.3675e+00 +2.1167e+00 -3.4941e+00 -4.3899e-01 -1.4164e+00
12323 +3.755679238e-01 +3.755679238e-01 +1.322955679e+02 +1.322955679e+02 -4.2129e+00 +2.0391e+00 -3.6652e+00 -4.5591e-01 -1.3343e+00
13785 +1.929591272e-01 +1.929591272e-01 +1.321129591e+02 +1.321129591e+02 -4.1062e+00 +2.0557e+00 -3.6123e+00 -3.6083e-01 -1.4837e+00
15069 +1.262873973e-01 +1.262873973e-01 +1.320462874e+02 +1.320462874e+02 -4.1617e+00 +1.9375e+00 -3.6170e+00 -4.4693e-01 -1.4732e+00
17300 +8.571574495e-02 +8.571574495e-02 +1.320057157e+02 +1.320057157e+02 -4.1246e+00 +1.9736e+00 -3.6266e+00 -4.4965e-01 -1.4234e+00
18888 +4.023404814e-02 +4.023404814e-02 +1.319602340e+02 +1.319602340e+02 -4.0499e+00 +1.9762e+00 -3.6734e+00 -4.5142e-01 -1.4927e+00
19211 +2.686402985e-02 +2.686402985e-02 +1.319468640e+02 +1.319468640e+02 -4.0346e+00 +1.9716e+00 -3.6718e+00 -4.3905e-01 -1.5124e+00
23055 +2.163364024e-02 +2.163364024e-02 +1.319416336e+02 +1.319416336e+02 -4.0149e+00 +1.9770e+00 -3.6838e+00 -4.4879e-01 -1.4992e+00
25328 +8.720368988e-03 +8.720368988e-03 +1.319287204e+02 +1.319287204e+02 -4.0068e+00 +1.9303e+00 -3.6963e+00 -4.6753e-01 -1.4769e+00
26555 +4.829045477e-03 +4.829045477e-03 +1.319248290e+02 +1.319248290e+02 -4.0066e+00 +1.9238e+00 -3.6944e+00 -4.5756e-01 -1.4936e+00
30055 +3.049770728e-03 +3.049770728e-03 +1.319230498e+02 +1.319230498e+02 -3.9981e+00 +1.9259e+00 -3.6933e+00 -4.5751e-01 -1.5076e+00
33055 +2.504457395e-03 +2.504457395e-03 +1.319225045e+02 +1.319225045e+02 -3.9983e+00 +1.9212e+00 -3.6911e+00 -4.5786e-01 -1.5045e+00
38436 +1.548107776e-03 +1.548107776e-03 +1.319215481e+02 +1.319215481e+02 -3.9985e+00 +1.9144e+00 -3.6893e+00 -4.6798e-01 -1.4913e+00
39709 +9.088226810e-04 +9.088226810e-04 +1.319209088e+02 +1.319209088e+02 -3.9939e+00 +1.9117e+00 -3.6945e+00 -4.6688e-01 -1.4990e+00
43709 +5.109827192e-04 +5.109827192e-04 +1.319205110e+02 +1.319205110e+02 -3.9904e+00 +1.9115e+00 -3.6955e+00 -4.6561e-01 -1.5005e+00
48840 +3.964960226e-04 +3.964960226e-04 +1.319203965e+02 +1.319203965e+02 -3.9882e+00 +1.9116e+00 -3.6986e+00 -4.6876e-01 -1.4991e+00
% function evaluation | noise-free fitness - Fopt (5.908400000000e+02) | best noise-free fitness - Fopt | measured fitness | best measured fitness | x1 | x2...
1 +1.081612353e+06 +1.081612353e+06 +1.082203193e+06 +1.082203193e+06 +4.3830e+00 +4.8777e+00 -2.9913e+00 +5.7582e-01 -3.0051e+00
2 +8.629785613e+05 +8.629785613e+05 +8.635694013e+05 +8.635694013e+05 +4.0493e+00 +2.7787e+00 -3.3832e+00 +2.0970e+00 -1.2573e+00
3 +1.587931406e+05 +1.587931406e+05 +1.593839806e+05 +1.593839806e+05 +2.1532e-01 -3.8611e+00 +3.3126e+00 -3.7842e+00 -3.3598e+00
5 +1.192749531e+05 +1.192749531e+05 +1.198657931e+05 +1.198657931e+05 +1.1169e+00 -1.8412e+00 -1.1714e+00 -1.1456e+00 -4.9847e-01
9 +1.264159209e+01 +1.264159209e+01 +6.034815921e+02 +6.034815921e+02 +1.2176e+00 -3.5995e+00 -2.7488e+00 -3.7407e+00 -7.8272e-01
1214 +7.295829023e+00 +7.295829023e+00 +5.981358290e+02 +5.981358290e+02 +1.7356e+00 -3.4063e+00 -3.1315e+00 -3.0571e+00 -1.3576e+00
2941 +4.254801654e+00 +4.254801654e+00 +5.950948017e+02 +5.950948017e+02 +1.7341e+00 -3.8199e+00 -3.7782e+00 -1.8556e+00 -4.6297e-01
3031 +2.505357881e+00 +2.505357881e+00 +5.933453579e+02 +5.933453579e+02 +1.6356e+00 -3.4160e+00 -3.1514e+00 -2.2865e+00 -6.3297e-01
7588 +1.353581605e+00 +1.353581605e+00 +5.921935816e+02 +5.921935816e+02 +1.7767e+00 -3.3106e+00 -3.0300e+00 -1.9252e+00 -7.4932e-01
9419 +8.175054964e-01 +8.175054964e-01 +5.916575055e+02 +5.916575055e+02 +1.4280e+00 -3.3232e+00 -3.3258e+00 -1.7735e+00 -5.3568e-01
10871 +6.042877183e-01 +6.042877183e-01 +5.914442877e+02 +5.914442877e+02 +1.5269e+00 -3.2990e+00 -3.3160e+00 -1.6579e+00 -6.0789e-01
10920 +2.675805287e-01 +2.675805287e-01 +5.911075805e+02 +5.911075805e+02 +1.4622e+00 -3.3662e+00 -3.4655e+00 -1.4084e+00 -4.3791e-01
12371 +1.650107024e-01 +1.650107024e-01 +5.910050107e+02 +5.910050107e+02 +1.4141e+00 -3.3972e+00 -3.4812e+00 -1.2396e+00 -4.0864e-01
13031 +1.565389190e-01 +1.565389190e-01 +5.909965389e+02 +5.909965389e+02 +1.4211e+00 -3.3949e+00 -3.5123e+00 -1.2434e+00 -3.8272e-01
14371 +7.961737288e-02 +7.961737288e-02 +5.909196174e+02 +5.909196174e+02 +1.5170e+00 -3.3398e+00 -3.4501e+00 -1.3174e+00 -3.6751e-01
17871 +5.479838587e-02 +5.479838587e-02 +5.908947984e+02 +5.908947984e+02 +1.4485e+00 -3.3470e+00 -3.4428e+00 -1.2622e+00 -3.7584e-01
21778 +3.166838782e-02 +3.166838782e-02 +5.908716684e+02 +5.908716684e+02 +1.4398e+00 -3.3489e+00 -3.4626e+00 -1.2143e+00 -3.5256e-01
24678 +1.990891304e-02 +1.990891304e-02 +5.908599089e+02 +5.908599089e+02 +1.4499e+00 -3.3358e+00 -3.4710e+00 -1.2161e+00 -3.4461e-01
25678 +1.575730935e-02 +1.575730935e-02 +5.908557573e+02 +5.908557573e+02 +1.4262e+00 -3.3335e+00 -3.4734e+00 -1.1935e+00 -3.4125e-01
29233 +8.435754645e-03 +8.435754645e-03 +5.908484358e+02 +5.908484358e+02 +1.4465e+00 -3.3336e+00 -3.4732e+00 -1.1911e+00 -3.2601e-01
35303 +6.081601932e-03 +6.081601932e-03 +5.908460816e+02 +5.908460816e+02 +1.4536e+00 -3.3394e+00 -3.4717e+00 -1.1915e+00 -3.0501e-01
39148 +2.652160558e-03 +2.652160558e-03 +5.908426522e+02 +5.908426522e+02 +1.4553e+00 -3.3428e+00 -3.5104e+00 -1.1600e+00 -2.8823e-01
40803 +2.480894249e-03 +2.480894249e-03 +5.908424809e+02 +5.908424809e+02 +1.4541e+00 -3.3423e+00 -3.5018e+00 -1.1686e+00 -2.8908e-01
45472 +1.092057364e-03 +1.092057364e-03 +5.908410921e+02 +5.908410921e+02 +1.4492e+00 -3.3406e+00 -3.4923e+00 -1.1624e+00 -2.9514e-01
48148 +9.829953793e-04 +9.829953793e-04 +5.908409830e+02 +5.908409830e+02 +1.4500e+00 -3.3406e+00 -3.4937e+00 -1.1636e+00 -2.9168e-01
49717 +5.509340161e-04 +5.509340161e-04 +5.908405509e+02 +5.908405509e+02 +1.4496e+00 -3.3390e+00 -3.4973e+00 -1.1607e+00 -2.9097e-01
49959 +2.460077824e-04 +2.460077824e-04 +5.908402460e+02 +5.908402460e+02 +1.4469e+00 -3.3374e+00 -3.4958e+00 -1.1579e+00 -2.9077e-01
% function evaluation | noise-free fitness - Fopt (3.098000000000e+01) | best noise-free fitness - Fopt | measured fitness | best measured fitness | x1 | x2...
1 +2.805925327e+05 +2.805925327e+05 +2.806235127e+05 +2.806235127e+05 -3.3910e+00 +2.6101e+00 +3.9071e+00 -1.5848e+00 +4.5367e+00
2 +7.300622663e+04 +7.300622663e+04 +7.303720663e+04 +7.303720663e+04 -4.9895e+00 -2.6611e+00 -2.3807e+00 +1.9820e+00 -2.0192e+00
3 +1.961372493e+03 +1.961372493e+03 +1.992352493e+03 +1.992352493e+03 -2.7913e+00 -3.4191e+00 +3.2894e+00 +1.1674e+00 -2.8892e+00
50 +1.101624076e+02 +1.101624076e+02 +1.411424076e+02 +1.411424076e+02 -1.7475e+00 -4.5247e+00 +2.5832e+00 -2.7738e+00 -2.9790e+00
64 +2.590331334e+01 +2.590331334e+01 +5.688331334e+01 +5.688331334e+01 +2.7974e+00 -2.0200e+00 -4.5963e-01 -4.9862e+00 +1.6241e+00
679 +2.237340118e+01 +2.237340118e+01 +5.335340118e+01 +5.335340118e+01 +5.8313e-01 -3.1649e+00 -3.1923e-01 -5.0000e+00 -2.3899e+00
1089 +1.239467031e+01 +1.239467031e+01 +4.337467031e+01 +4.337467031e+01 +5.7233e-01 -3.8860e+00 -2.1834e+00 -4.5310e+00 -6.8089e-01
1577 +5.255885416e+00 +5.255885416e+00 +3.623588542e+01 +3.623588542e+01 +1.7240e+00 -2.8040e+00 -1.5459e+00 -4.9066e+00 -8.5882e-01
2797 +1.661011223e+00 +1.661011223e+00 +3.264101122e+01 +3.264101122e+01 +2.2598e+00 -2.7460e+00 -1.8706e+00 -4.3057e+00 -2.0383e-01
3949 +8.093179268e-01 +8.093179268e-01 +3.178931793e+01 +3.178931793e+01 +2.0117e+00 -2.8188e+00 -2.5450e+00 -4.0560e+00 +1.8173e-01
9739 +3.778356496e-01 +3.778356496e-01 +3.135783565e+01 +3.135783565e+01 +1.9957e+00 -2.6811e+00 -2.5777e+00 -3.7532e+00 +2.6069e-02
14028 +2.438310174e-01 +2.438310174e-01 +3.122383102e+01 +3.122383102e+01 +2.0442e+00 -2.5326e+00 -2.6019e+00 -3.9389e+00 +2.8023e-02
14242 +1.517378260e-01 +1.517378260e-01 +3.113173783e+01 +3.113173783e+01 +2.0638e+00 -2.4986e+00 -2.6189e+00 -3.8005e+00 -3.0014e-03
17627 +8.389005086e-02 +8.389005086e-02 +3.106389005e+01 +3.106389005e+01 +2.1668e+00 -2.5021e+00 -2.5941e+00 -3.9402e+00 -1.4322e-03
20425 +4.154481081e-02 +4.154481081e-02 +3.102154481e+01 +3.102154481e+01 +2.1891e+00 -2.5222e+00 -2.6547e+00 -3.8760e+00 +4.1051e-02
23318 +3.948917702e-02 +3.948917702e-02 +3.101948918e+01 +3.101948918e+01 +2.2007e+00 -2.4933e+00 -2.6581e+00 -3.9088e+00 +2.8789e-02
31949 +2.412839094e-02 +2.412839094e-02 +3.100412839e+01 +3.100412839e+01 +2.1940e+00 -2.4746e+00 -2.6827e+00 -3.8900e+00 +8.0384e-02
38807 +1.414560630e-02 +1.414560630e-02 +3.099414561e+01 +3.099414561e+01 +2.1682e+00 -2.5127e+00 -2.7141e+00 -3.8564e+00 +7.1367e-02
39742 +8.772252450e-03 +8.772252450e-03 +3.098877225e+01 +3.098877225e+01 +2.1607e+00 -2.5111e+00 -2.7283e+00 -3.8237e+00 +8.5810e-02
41420 +6.296226929e-03 +6.296226929e-03 +3.098629623e+01 +3.098629623e+01 +2.1592e+00 -2.5085e+00 -2.7407e+00 -3.8190e+00 +9.2485e-02
46442 +2.534673149e-03 +2.534673149e-03 +3.098253467e+01 +3.098253467e+01 +2.1650e+00 -2.4937e+00 -2.7442e+00 -3.8231e+00 +9.0265e-02
47442 +2.343970382e-03 +2.343970382e-03 +3.098234397e+01 +3.098234397e+01 +2.1647e+00 -2.4812e+00 -2.7486e+00 -3.8219e+00 +8.9324e-02
49205 +1.012563566e-03 +1.012563566e-03 +3.098101256e+01 +3.098101256e+01 +2.1771e+00 -2.4884e+00 -2.7434e+00 -3.8226e+00 +9.4818e-02
% function evaluation | noise-free fitness - Fopt (-1.445400000000e+02) | best noise-free fitness - Fopt | measured fitness | best measured fitness | x1 | x2...
1 +2.287350095e+04 +2.287350095e+04 +2.272896095e+04 +2.272896095e+04 +8.7727e-01 -1.0448e+00 -3.7358e+00 -4.1374e+00 +1.5812e+00
19 +8.310830043e+03 +8.310830043e+03 +8.166290043e+03 +8.166290043e+03 -1.6256e+00 +2.4270e+00 -3.6600e+00 -6.2176e-01 +2.9435e+00
232 +1.031608419e+03 +1.031608419e+03 +8.870684192e+02 +8.870684192e+02 -2.5334e+00 +4.7785e+00 -4.6844e+00 -1.7792e+00 +2.6822e+00
513 +2.332859741e+01 +2.332859741e+01 -1.212114026e+02 -1.212114026e+02 -1.2120e+00 +1.3638e+00 -5.0000e+00 -7.0103e-01 +2.9703e+00
1169 +8.660601442e+00 +8.660601442e+00 -1.358793986e+02 -1.358793986e+02 -8.4838e-01 +0.0000e+00 -5.0000e+00 -2.1084e-02 +2.3126e+00
1642 +4.572617730e+00 +4.572617730e+00 -1.399673823e+02 -1.399673823e+02 -2.1149e+00 +0.0000e+00 -3.9808e+00 -5.0942e-01 +2.1496e+00
3934 +2.624213839e+00 +2.624213839e+00 -1.419157862e+02 -1.419157862e+02 -1.1727e+00 -5.2018e-01 -4.2871e+00 +4.7016e-01 +2.2465e+00
5368 +2.187317413e+00 +2.187317413e+00 -1.423526826e+02 -1.423526826e+02 -1.4539e+00 -9.0468e-01 -4.3162e+00 +2.1050e-01 +2.0613e+00
6619 +1.444988113e+00 +1.444988113e+00 -1.430950119e+02 -1.430950119e+02 -1.5257e+00 -6.6262e-01 -4.1085e+00 +4.1114e-01 +2.1994e+00
7304 +9.903243075e-01 +9.903243075e-01 -1.435496757e+02 -1.435496757e+02 -1.3547e+00 -5.7152e-01 -3.8312e+00 -9.3793e-03 +2.1293e+00
9714 +4.207156782e-01 +4.207156782e-01 -1.441192843e+02 -1.441192843e+02 -1.6438e+00 -6.4565e-01 -3.6158e+00 -1.4052e-01 +1.9349e+00
9895 +2.495279889e-01 +2.495279889e-01 -1.442904720e+02 -1.442904720e+02 -1.8838e+00 -4.0197e-01 -3.4333e+00 -6.6219e-02 +2.0956e+00
13082 +1.565944133e-01 +1.565944133e-01 -1.443834056e+02 -1.443834056e+02 -1.7400e+00 -4.8720e-01 -3.4539e+00 +1.3880e-02 +2.1031e+00
19175 +8.359910453e-02 +8.359910453e-02 -1.444564009e+02 -1.444564009e+02 -1.7786e+00 -5.4729e-01 -3.3871e+00 -2.7128e-02 +2.0789e+00
19714 +6.271021355e-02 +6.271021355e-02 -1.444772898e+02 -1.444772898e+02 -1.8240e+00 -4.8562e-01 -3.3528e+00 -6.5296e-02 +2.0725e+00
21944 +2.845583790e-02 +2.845583790e-02 -1.445115442e+02 -1.445115442e+02 -1.8935e+00 -4.9179e-01 -3.3165e+00 -2.3986e-02 +2.0841e+00
22675 +1.876113586e-02 +1.876113586e-02 -1.445212389e+02 -1.445212389e+02 -1.8552e+00 -5.0001e-01 -3.3040e+00 -2.2847e-02 +2.0916e+00
25055 +1.441019369e-02 +1.441019369e-02 -1.445255898e+02 -1.445255898e+02 -1.8543e+00 -5.2065e-01 -3.3084e+00 -2.5669e-02 +2.0782e+00
27099 +3.798222577e-03 +3.798222577e-03 -1.445362018e+02 -1.445362018e+02 -1.8826e+00 -5.1580e-01 -3.2767e+00 -3.0850e-02 +2.0751e+00
39410 +2.145736087e-03 +2.145736087e-03 -1.445378543e+02 -1.445378543e+02 -1.8884e+00 -5.1494e-01 -3.2685e+00 -2.7670e-02 +2.0777e+00
40489 +1.038611137e-03 +1.038611137e-03 -1.445389614e+02 -1.445389614e+02 -1.8964e+00 -5.1536e-01 -3.2615e+00 -2.8797e-02 +2.0774e+00
44175 +9.814366939e-04 +9.814366939e-04 -1.445390186e+02 -1.445390186e+02 -1.8955e+00 -5.1370e-01 -3.2609e+00 -3.2777e-02 +2.0759e+00
49030 +6.183268066e-04 +6.183268066e-04 -1.445393817e+02 -1.445393817e+02 -1.9033e+00 -5.0967e-01 -3.2529e+00 -3.5815e-02 +2.0751e+00
% function evaluation | noise-free fitness - Fopt (-9.649000000000e+01) | best noise-free fitness - Fopt | measured fitness | best measured fitness | x1 | x2...
1 +3.802217132e+04 +3.802217132e+04 +3.792568132e+04 +3.792568132e+04 +3.8935e+00 -5.7534e-01 -2.1102e+00 +8.0128e-01 -2.9215e+00
3 +3.116993147e+02 +3.116993147e+02 +2.152093147e+02 +2.152093147e+02 +2.9871e+00 +7.2054e-01 -4.6203e+00 -1.0449e+00 -1.4483e+00
11 +1.469911878e+02 +1.469911878e+02 +5.050118782e+01 +5.050118782e+01 -2.8358e+00 +2.5377e+00 -3.7780e+00 -2.2767e+00 -1.2448e+00
74 +4.625802931e+01 +4.625802931e+01 -5.023197069e+01 -5.023197069e+01 -3.7166e+00 +6.9916e-01 -9.4637e-01 -2.6229e+00 +2.0691e-02
111 +2.337974925e+01 +2.337974925e+01 -7.311025075e+01 -7.311025075e+01 -1.8222e+00 +2.5339e+00 +1.6083e+00 -1.9028e-01 +1.3567e+00
988 +1.276288059e+01 +1.276288059e+01 -8.372711941e+01 -8.372711941e+01 -2.8000e+00 +1.6567e+00 +1.7795e+00 -3.4604e-01 +4.1759e-01
1155 +6.968214166e+00 +6.968214166e+00 -8.952178583e+01 -8.952178583e+01 -3.3679e+00 +1.1122e+00 +2.5136e+00 +2.0240e-01 +2.1472e+00
1985 +3.216739314e+00 +3.216739314e+00 -9.327326069e+01 -9.327326069e+01 -3.2453e+00 +1.4730e+00 +2.5013e+00 -5.2543e-01 +2.1079e+00
6161 +1.317969099e+00 +1.317969099e+00 -9.517203090e+01 -9.517203090e+01 -3.2677e+00 +1.3602e+00 +2.8120e+00 -2.8039e-01 +1.8021e+00
8424 +7.732972428e-01 +7.732972428e-01 -9.571670276e+01 -9.571670276e+01 -3.0738e+00 +1.8529e+00 +3.1142e+00 -1.1151e-01 +1.8383e+00
11924 +5.259907750e-01 +5.259907750e-01 -9.596400922e+01 -9.596400922e+01 -3.2897e+00 +1.6558e+00 +3.0013e+00 -2.7960e-01 +1.7673e+00
18049 +2.545934369e-01 +2.545934369e-01 -9.623540656e+01 -9.623540656e+01 -3.1145e+00 +1.5648e+00 +2.9919e+00 -6.0656e-01 +1.7893e+00
21307 +1.750691110e-01 +1.750691110e-01 -9.631493089e+01 -9.631493089e+01 -2.9771e+00 +1.5893e+00 +3.0612e+00 -5.7611e-01 +1.8298e+00
21538 +9.028698016e-02 +9.028698016e-02 -9.639971302e+01 -9.639971302e+01 -2.9515e+00 +1.6177e+00 +3.1149e+00 -5.6148e-01 +1.8966e+00
22307 +5.000998495e-02 +5.000998495e-02 -9.643999002e+01 -9.643999002e+01 -3.0051e+00 +1.6217e+00 +3.1319e+00 -5.5545e-01 +1.9257e+00
27525 +3.179829960e-02 +3.179829960e-02 -9.645820170e+01 -9.645820170e+01 -3.0114e+00 +1.6244e+00 +3.1475e+00 -5.7558e-01 +1.8979e+00
29374 +1.648871762e-02 +1.648871762e-02 -9.647351128e+01 -9.647351128e+01 -3.0076e+00 +1.6248e+00 +3.1609e+00 -5.9152e-01 +1.9269e+00
30391 +1.248557864e-02 +1.248557864e-02 -9.647751442e+01 -9.647751442e+01 -3.0045e+00 +1.6294e+00 +3.1797e+00 -5.7833e-01 +1.9341e+00
31391 +8.296235902e-03 +8.296235902e-03 -9.648170376e+01 -9.648170376e+01 -3.0032e+00 +1.6332e+00 +3.1808e+00 -5.8116e-01 +1.9337e+00
38078 +5.525413735e-03 +5.525413735e-03 -9.648447459e+01 -9.648447459e+01 -2.9976e+00 +1.6511e+00 +3.1856e+00 -5.7729e-01 +1.9417e+00
42156 +3.806393106e-03 +3.806393106e-03 -9.648619361e+01 -9.648619361e+01 -2.9738e+00 +1.6520e+00 +3.1921e+00 -5.8428e-01 +1.9381e+00
45656 +2.491012640e-03 +2.491012640e-03 -9.648750899e+01 -9.648750899e+01 -2.9809e+00 +1.6513e+00 +3.1942e+00 -5.8286e-01 +1.9401e+00
48156 +1.560357333e-03 +1.560357333e-03 -9.648843964e+01 -9.648843964e+01 -2.9831e+00 +1.6501e+00 +3.1985e+00 -5.8195e-01 +1.9400e+00
48501 +9.411298422e-04 +9.411298422e-04 -9.648905887e+01 -9.648905887e+01 -2.9802e+00 +1.6595e+00 +3.2024e+00 -5.8092e-01 +1.9421e+00
% function evaluation | noise-free fitness - Fopt (1.000000000000e+03) | best noise-free fitness - Fopt | measured fitness | best measured fitness | x1 | x2...
1 +1.127448916e+06 +1.127448916e+06 +1.128448916e+06 +1.128448916e+06 -1.5469e+00 -4.9014e+00 +2.3630e+00 -4.1934e+00 +1.1275e+00
2 +5.871709013e+05 +5.871709013e+05 +5.881709013e+05 +5.881709013e+05 +3.5051e+00 -1.0309e+00 -4.8395e+00 +1.4104e+00 -9.1170e-01
9 +6.997546026e+03 +6.997546026e+03 +7.997546026e+03 +7.997546026e+03 +2.7912e+00 +4.7644e+00 +1.6703e+00 -2.4520e+00 +4.1253e+00
154 +2.257173861e+03 +2.257173861e+03 +3.257173861e+03 +3.257173861e+03 +2.1050e+00 +3.8617e+00 +1.3397e+00 -1.9675e+00 +4.9609e+00
684 +9.599464607e+02 +9.599464607e+02 +1.959946461e+03 +1.959946461e+03 +3.8343e+00 +3.9744e+00 +1.8697e+00 -1.3791e+00 +4.5418e+00
732 +4.488351971e+02 +4.488351971e+02 +1.448835197e+03 +1.448835197e+03 +5.0000e+00 +4.1559e+00 +6.0270e-01 -7.5047e-01 +4.8263e+00
787 +2.629609381e+01 +2.629609381e+01 +1.026296094e+03 +1.026296094e+03 +4.8576e+00 +5.0000e+00 +7.5202e-02 -1.5174e+00 +5.0000e+00
802 +1.306649084e+01 +1.306649084e+01 +1.013066491e+03 +1.013066491e+03 +2.4787e+00 +4.3637e+00 +2.3305e-01 -1.4611e+00 +5.0000e+00
1832 +8.033728410e+00 +8.033728410e+00 +1.008033728e+03 +1.008033728e+03 +1.8429e+00 +3.4563e+00 +6.6201e-01 -6.9662e-01 +5.0000e+00
2776 +3.089872013e+00 +3.089872013e+00 +1.003089872e+03 +1.003089872e+03 +2.0482e+00 +3.8125e+00 +1.6239e-01 +2.0757e-01 +4.0686e+00
3764 +1.962770120e+00 +1.962770120e+00 +1.001962770e+03 +1.001962770e+03 +2.3088e+00 +3.8709e+00 +1.9257e-01 +7.3257e-01 +3.6945e+00
3805 +1.398394944e+00 +1.398394944e+00 +1.001398395e+03 +1.001398395e+03 +1.9615e+00 +3.8580e+00 +6.7424e-01 +8.8274e-01 +3.9141e+00
8297 +8.647608269e-01 +8.647608269e-01 +1.000864761e+03 +1.000864761e+03 +1.8417e+00 +3.4369e+00 +7.6616e-01 +7.4625e-01 +3.9360e+00
9518 +5.921073246e-01 +5.921073246e-01 +1.000592107e+03 +1.000592107e+03 +2.0461e+00 +3.4454e+00 +4.1334e-01 +1.0519e+00 +3.9153e+00
12018 +3.815152181e-01 +3.815152181e-01 +1.000381515e+03 +1.000381515e+03 +1.9545e+00 +3.4156e+00 +5.1606e-01 +1.1080e+00 +3.8865e+00
14884 +1.919831632e-01 +1.919831632e-01 +1.000191983e+03 +1.000191983e+03 +1.7861e+00 +3.3067e+00 +6.6450e-01 +1.1616e+00 +3.9141e+00
16765 +9.059780788e-02 +9.059780788e-02 +1.000090598e+03 +1.000090598e+03 +1.7383e+00 +3.1732e+00 +6.8597e-01 +1.1632e+00 +3.9288e+00
21114 +5.451193979e-02 +5.451193979e-02 +1.000054512e+03 +1.000054512e+03 +1.7509e+00 +3.1829e+00 +6.6155e-01 +1.2222e+00 +3.8720e+00
26863 +2.629902647e-02 +2.629902647e-02 +1.000026299e+03 +1.000026299e+03 +1.7203e+00 +3.1458e+00 +7.1211e-01 +1.2729e+00 +3.8579e+00
27589 +1.905858088e-02 +1.905858088e-02 +1.000019059e+03 +1.000019059e+03 +1.7075e+00 +3.1390e+00 +6.8684e-01 +1.2771e+00 +3.8584e+00
29884 +1.097810643e-02 +1.097810643e-02 +1.000010978e+03 +1.000010978e+03 +1.7087e+00 +3.1105e+00 +6.8395e-01 +1.2825e+00 +3.8578e+00
31384 +9.602858353e-03 +9.602858353e-03 +1.000009603e+03 +1.000009603e+03 +1.7031e+00 +3.1050e+00 +6.8266e-01 +1.2844e+00 +3.8583e+00
36114 +4.588991180e-03 +4.588991180e-03 +1.000004589e+03 +1.000004589e+03 +1.6824e+00 +3.0779e+00 +7.2149e-01 +1.2866e+00 +3.8642e+00
40656 +3.293853757e-03 +3.293853757e-03 +1.000003294e+03 +1.000003294e+03 +1.6831e+00 +3.0817e+00 +7.1989e-01 +1.2982e+00 +3.8658e+00
41656 +2.319701709e-03 +2.319701709e-03 +1.000002320e+03 +1.000002320e+03 +1.6772e+00 +3.0750e+00 +7.2045e-01 +1.3001e+00 +3.8658e+00
49384 +1.384536613e-03 +1.384536613e-03 +1.000001385e+03 +1.000001385e+03 +1.6741e+00 +3.0780e+00 +7.1970e-01 +1.3064e+00 +3.8589e+00
% function evaluation | noise-free fitness - Fopt (-1.547600000000e+02) | best noise-free fitness - Fopt | measured fitness | best measured fitness | x1 | x2...
1 +1.757523311e+04 +1.757523311e+04 +1.742047311e+04 +1.742047311e+04 +2.5278e+00 -2.5844e-01 +3.3498e+00 +1.3682e+00 +4.1598e+00
90 +2.415083962e+03 +2.415083962e+03 +2.260323962e+03 +2.260323962e+03 +3.5526e+00 +7.8176e-01 +3.0750e+00 -3.4738e-01 +4.9777e+00
505 +1.082170415e+02 +1.082170415e+02 -4.654295853e+01 -4.654295853e+01 +3.5564e+00 +1.6253e+00 +1.5829e+00 +1.6334e-01 +5.0000e+00
535 +6.404157427e+01 +6.404157427e+01 -9.071842573e+01 -9.071842573e+01 +6.4089e-01 +7.6460e-01 +2.3070e+00 -9.0837e-01 +5.0000e+00
652 +3.133682245e+01 +3.133682245e+01 -1.234231775e+02 -1.234231775e+02 +1.7852e+00 +2.0953e+00 +2.6826e+00 +1.9108e+00 +5.0000e+00
668 +2.028613185e+01 +2.028613185e+01 -1.344738682e+02 -1.344738682e+02 +2.3409e+00 +2.4610e+00 +1.9016e+00 +1.0872e+00 +5.0000e+00
1025 +1.409145839e+01 +1.409145839e+01 -1.406685416e+02 -1.406685416e+02 +1.7842e+00 +2.3304e+00 +1.2324e+00 +0.0000e+00 +5.0000e+00
1206 +9.044826386e+00 +9.044826386e+00 -1.457151736e+02 -1.457151736e+02 +8.9388e-01 +3.6410e+00 -3.2911e-01 -1.6871e+00 +5.0000e+00
2535 +5.278599949e+00 +5.278599949e+00 -1.494814001e+02 -1.494814001e+02 +1.6372e+00 +3.5070e+00 +6.3087e-02 -1.3068e+00 +4.4124e+00
2795 +3.860911936e+00 +3.860911936e+00 -1.508990881e+02 -1.508990881e+02 +1.5010e+00 +2.9174e+00 +3.0205e-02 -1.6777e+00 +4.1259e+00
4438 +2.471143717e+00 +2.471143717e+00 -1.522888563e+02 -1.522888563e+02 +1.9439e+00 +2.6536e+00 +3.7512e-01 -1.1169e+00 +3.4491e+00
7325 +1.507378202e+00 +1.507378202e+00 -1.532526218e+02 -1.532526218e+02 +1.7213e+00 +2.9695e+00 +7.5540e-01 -1.7148e+00 +3.5634e+00
7501 +7.298451250e-01 +7.298451250e-01 -1.540301549e+02 -1.540301549e+02 +1.8327e+00 +2.8646e+00 +5.2204e-01 -1.7251e+00 +3.3051e+00
10797 +4.618034158e-01 +4.618034158e-01 -1.542981966e+02 -1.542981966e+02 +1.3570e+00 +3.0329e+00 +1.0022e-01 -1.9249e+00 +3.3558e+00
14038 +3.883417525e-01 +3.883417525e-01 -1.543716582e+02 -1.543716582e+02 +1.5974e+00 +2.8098e+00 +2.5241e-01 -1.8763e+00 +3.2130e+00
14297 +2.165257956e-01 +2.165257956e-01 -1.545434742e+02 -1.545434742e+02 +1.4818e+00 +2.9818e+00 +1.7478e-01 -1.9631e+00 +3.2355e+00
17317 +1.451738771e-01 +1.451738771e-01 -1.546148261e+02 -1.546148261e+02 +1.5784e+00 +2.9433e+00 +2.5208e-01 -1.9728e+00 +3.1526e+00
20797 +9.018347168e-02 +9.018347168e-02 -1.546698165e+02 -1.546698165e+02 +1.4953e+00 +2.9650e+00 +1.7335e-01 -1.9976e+00 +3.1356e+00
27119 +4.286811476e-02 +4.286811476e-02 -1.547171319e+02 -1.547171319e+02 +1.4868e+00 +2.9392e+00 +1.6044e-01 -2.0375e+00 +3.0725e+00
28623 +3.699362741e-02 +3.699362741e-02 -1.547230064e+02 -1.547230064e+02 +1.5114e+00 +2.9122e+00 +1.8149e-01 -2.0790e+00 +3.0676e+00
30317 +2.284827774e-02 +2.284827774e-02 -1.547371517e+02 -1.547371517e+02 +1.5109e+00 +2.9267e+00 +1.8850e-01 -2.0816e+00 +3.0543e+00
31797 +1.360033416e-02 +1.360033416e-02 -1.547463997e+02 -1.547463997e+02 +1.4888e+00 +2.9307e+00 +1.8457e-01 -2.0910e+00 +3.0353e+00
33379 +9.305990078e-03 +9.305990078e-03 -1.547506940e+02 -1.547506940e+02 +1.4903e+00 +2.9335e+00 +1.7866e-01 -2.1087e+00 +3.0326e+00
37123 +4.633919454e-03 +4.633919454e-03 -1.547553661e+02 -1.547553661e+02 +1.4845e+00 +2.9213e+00 +1.7277e-01 -2.1341e+00 +3.0181e+00
38451 +3.532460166e-03 +3.532460166e-03 -1.547564675e+02 -1.547564675e+02 +1.4857e+00 +2.9290e+00 +1.7127e-01 -2.1194e+00 +3.0131e+00
39623 +1.613944113e-03 +1.613944113e-03 -1.547583861e+02 -1.547583861e+02 +1.4774e+00 +2.9244e+00 +1.7506e-01 -2.1365e+00 +3.0052e+00
47123 +1.348743661e-03 +1.348743661e-03 -1.547586513e+02 -1.547586513e+02 +1.4790e+00 +2.9242e+00 +1.7447e-01 -2.1338e+00 +3.0031e+00
47623 +9.071786153e-04 +9.071786153e-04 -1.547590928e+02 -1.547590928e+02 +1.4825e+00 +2.9242e+00 +1.7323e-01 -2.1341e+00 +2.9994e+00
% function evaluation | noise-free fitness - Fopt (3.914000000000e+01) | best noise-free fitness - Fopt | measured fitness | best measured fitness | x1 | x2...
1 +6.605670446e+05 +6.605670446e+05 +6.606061846e+05 +6.606061846e+05 +1.7833e-01 -2.0826e+00 +3.6717e+00 +3.2743e-01 -2.7873e+00
2 +1.554906208e+04 +1.554906208e+04 +1.558820208e+04 +1.558820208e+04 -7.4447e-01 -4.0289e+00 -4.7971e+00 -4.5460e+00 +3.0173e+00
13 +6.464320433e+01 +6.464320433e+01 +1.037832043e+02 +1.037832043e+02 -8.4553e-01 -1.7478e+00 -4.8944e+00 +4.0454e+00 +4.6347e+00
402 +1.107221640e+01 +1.107221640e+01 +5.021221640e+01 +5.021221640e+01 -1.0558e+00 -1.9900e+00 -2.5793e+00 +3.7652e+00 +2.4998e+00
1893 +7.205165829e+00 +7.205165829e+00 +4.634516583e+01 +4.634516583e+01 -8.5756e-01 -2.6559e+00 -2.1924e+00 +2.3294e+00 +3.2012e+00
2191 +5.488496829e+00 +5.488496829e+00 +4.462849683e+01 +4.462849683e+01 -1.7043e+00 -2.6693e+00 -1.5849e+00 +2.1560e+00 +3.1633e+00
2583 +2.198279559e+00 +2.198279559e+00 +4.133827956e+01 +4.133827956e+01 -1.1397e+00 -2.7044e+00 -6.5992e-01 +2.0572e+00 +3.4509e+00
5033 +1.555863743e+00 +1.555863743e+00 +4.069586374e+01 +4.069586374e+01 -1.4912e+00 -2.4979e+00 -5.5392e-01 +1.9713e+00 +3.3289e+00
8685 +7.091096392e-01 +7.091096392e-01 +3.984910964e+01 +3.984910964e+01 -1.4322e+00 -2.5789e+00 -6.6177e-01 +1.8198e+00 +3.0918e+00
10886 +3.219449576e-01 +3.219449576e-01 +3.946194496e+01 +3.946194496e+01 -1.3884e+00 -2.5221e+00 -8.7459e-01 +1.5675e+00 +2.7773e+00
12667 +2.388231018e-01 +2.388231018e-01 +3.937882310e+01 +3.937882310e+01 -1.3421e+00 -2.6576e+00 -8.4811e-01 +1.6124e+00 +2.8122e+00
14451 +1.458147132e-01 +1.458147132e-01 +3.928581471e+01 +3.928581471e+01 -1.3401e+00 -2.6487e+00 -7.6291e-01 +1.5570e+00 +2.8330e+00
16467 +7.135410752e-02 +7.135410752e-02 +3.921135411e+01 +3.921135411e+01 -1.3838e+00 -2.6137e+00 -7.1853e-01 +1.6009e+00 +2.7927e+00
21314 +4.482334849e-02 +4.482334849e-02 +3.918482335e+01 +3.918482335e+01 -1.3823e+00 -2.6170e+00 -6.4063e-01 +1.6168e+00 +2.8369e+00
24987 +2.961430881e-02 +2.961430881e-02 +3.916961431e+01 +3.916961431e+01 -1.3805e+00 -2.6183e+00 -6.2533e-01 +1.5919e+00 +2.8273e+00
25048 +1.907740546e-02 +1.907740546e-02 +3.915907741e+01 +3.915907741e+01 -1.3707e+00 -2.6180e+00 -6.5012e-01 +1.5918e+00 +2.7904e+00
29605 +1.503716379e-02 +1.503716379e-02 +3.915503716e+01 +3.915503716e+01 -1.3981e+00 -2.6036e+00 -6.4877e-01 +1.5543e+00 +2.7770e+00
30933 +9.847381306e-03 +9.847381306e-03 +3.914984738e+01 +3.914984738e+01 -1.3868e+00 -2.6221e+00 -6.4670e-01 +1.5122e+00 +2.7793e+00
34354 +5.339492397e-03 +5.339492397e-03 +3.914533949e+01 +3.914533949e+01 -1.3839e+00 -2.6191e+00 -6.2992e-01 +1.5148e+00 +2.7845e+00
37605 +3.597900055e-03 +3.597900055e-03 +3.914359790e+01 +3.914359790e+01 -1.3758e+00 -2.6176e+00 -6.2873e-01 +1.5410e+00 +2.7809e+00
41605 +2.463201788e-03 +2.463201788e-03 +3.914246320e+01 +3.914246320e+01 -1.3793e+00 -2.6182e+00 -6.2473e-01 +1.5410e+00 +2.7771e+00
43105 +1.226426625e-03 +1.226426625e-03 +3.914122643e+01 +3.914122643e+01 -1.3809e+00 -2.6141e+00 -6.1808e-01 +1.5316e+00 +2.7763e+00
46048 +6.423300148e-04 +6.423300148e-04 +3.914064233e+01 +3.914064233e+01 -1.3810e+00 -2.6173e+00 -6.1955e-01 +1.5215e+00 +2.7736e+00
% function evaluation | noise-free fitness - Fopt (-1.186000000000e+01) | best noise-free fitness - Fopt | measured fitness | best measured fitness | x1 | x2...
1 +5.999711870e+05 +5.999711870e+05 +5.999593270e+05 +5.999593270e+05 -4.3991e+00 -4.3846e+00 -2.1697e+00 -2.1801e-01 +4.9498e+00
3 +2.152607042e+05 +2.152607042e+05 +2.152488442e+05 +2.152488442e+05 -1.1146e+00 +7.5501e-01 -1.4968e+00 -2.4632e+00 +2.8384e+00
4 +1.041633775e+05 +1.041633775e+05 +1.041515175e+05 +1.041515175e+05 +4.7036e+00 +2.7736e+00 -2.7901e+00 +4.1472e+00 -8.1716e-01
6 +9.937760521e+03 +9.937760521e+03 +9.925900521e+03 +9.925900521e+03 +2.8549e+00 -3.9647e+00 -5.8926e-01 -3.7017e+00 -2.8501e+00
44 +7.422746074e+02 +7.422746074e+02 +7.304146074e+02 +7.304146074e+02 +3.8146e+00 -4.5126e+00 -1.6414e+00 -3.8864e+00 -7.3242e-01
550 +5.864405410e+01 +5.864405410e+01 +4.678405410e+01 +4.678405410e+01 +5.0000e+00 -1.5463e+00 -1.2746e+00 -9.3977e-01 +1.3449e+00
696 +1.151312687e+01 +1.151312687e+01 -3.468731342e-01 -3.468731342e-01 +3.6336e+00 +1.4729e+00 -2.5588e+00 -3.7893e+00 +1.7632e+00
1622 +6.860594794e+00 +6.860594794e+00 -4.999405206e+00 -4.999405206e+00 +3.6459e+00 +3.0550e+00 -2.4966e+00 -4.0891e+00 +1.4742e+00
2437 +3.527861937e+00 +3.527861937e+00 -8.332138063e+00 -8.332138063e+00 +3.7846e+00 +3.1096e+00 -2.2347e+00 -3.3886e+00 +2.1188e+00
2787 +2.408812663e+00 +2.408812663e+00 -9.451187337e+00 -9.451187337e+00 +3.6053e+00 +2.7637e+00 -2.6618e+00 -3.3726e+00 +2.1092e+00
5259 +7.794160794e-01 +7.794160794e-01 -1.108058392e+01 -1.108058392e+01 +3.3516e+00 +2.8397e+00 -2.6302e+00 -3.6161e+00 +2.4504e+00
11482 +4.649652653e-01 +4.649652653e-01 -1.139503473e+01 -1.139503473e+01 +3.2103e+00 +2.7900e+00 -2.6944e+00 -3.6143e+00 +2.4063e+00
12601 +2.532841157e-01 +2.532841157e-01 -1.160671588e+01 -1.160671588e+01 +3.0184e+00 +2.7517e+00 -2.6784e+00 -3.5554e+00 +2.3195e+00
14625 +1.618573283e-01 +1.618573283e-01 -1.169814267e+01 -1.169814267e+01 +3.0067e+00 +2.7537e+00 -2.7140e+00 -3.4334e+00 +2.3292e+00
14688 +1.451945654e-01 +1.451945654e-01 -1.171480543e+01 -1.171480543e+01 +2.9779e+00 +2.6924e+00 -2.7000e+00 -3.4445e+00 +2.3013e+00
15188 +8.358340812e-02 +8.358340812e-02 -1.177641659e+01 -1.177641659e+01 +2.9529e+00 +2.7711e+00 -2.7240e+00 -3.4223e+00 +2.2945e+00
19674 +1.984247322e-02 +1.984247322e-02 -1.184015753e+01 -1.184015753e+01 +2.9214e+00 +2.6564e+00 -2.7721e+00 -3.3961e+00 +2.3511e+00
23644 +9.204724635e-03 +9.204724635e-03 -1.185079528e+01 -1.185079528e+01 +2.9099e+00 +2.6388e+00 -2.7993e+00 -3.4101e+00 +2.3546e+00
32837 +5.627362301e-03 +5.627362301e-03 -1.185437264e+01 -1.185437264e+01 +2.9065e+00 +2.6281e+00 -2.7926e+00 -3.3899e+00 +2.3675e+00
36564 +3.310365116e-03 +3.310365116e-03 -1.185668963e+01 -1.185668963e+01 +2.9020e+00 +2.6425e+00 -2.8030e+00 -3.3989e+00 +2.3642e+00
38116 +1.667631309e-03 +1.667631309e-03 -1.185833237e+01 -1.185833237e+01 +2.8874e+00 +2.6153e+00 -2.8072e+00 -3.3932e+00 +2.3647e+00
39616 +1.496670082e-03 +1.496670082e-03 -1.185850333e+01 -1.185850333e+01 +2.8910e+00 +2.6337e+00 -2.8026e+00 -3.3907e+00 +2.3646e+00
49116 +8.690605272e-04 +8.690605272e-04 -1.185913094e+01 -1.185913094e+01 +2.8945e+00 +2.6259e+00 -2.8083e+00 -3.3943e+00 +2.3747e+00
% function evaluation | noise-free fitness - Fopt (7.068000000000e+01) | best noise-free fitness - Fopt | measured fitness | best measured fitness | x1 | x2...
1 +4.600198607e+05 +4.600198607e+05 +4.600905407e+05 +4.600905407e+05 -1.0607e+00 +2.8669e+00 +4.9348e+00 -3.8016e-01 -8.4052e-01
2 +8.463624885e+04 +8.463624885e+04 +8.470692885e+04 +8.470692885e+04 -4.7994e-01 +4.2974e+00 +2.6970e-01 +4.3562e+00 -1.5505e+00
4 +2.574011352e+04 +2.574011352e+04 +2.581079352e+04 +2.581079352e+04 +3.6701e+00 -2.8502e+00 -3.3551e+00 +2.9419e+00 +1.8396e+00
11 +1.932093816e+04 +1.932093816e+04 +1.939161816e+04 +1.939161816e+04 -4.8951e-01 +1.7215e+00 +2.9356e-01 +1.5819e+00 +5.9498e-01
98 +2.803775977e+01 +2.803775977e+01 +9.871775977e+01 +9.871775977e+01 +5.9322e-01 +2.4591e+00 -3.0893e+00 +1.3753e+00 +3.1417e+00
1325 +1.321931771e+01 +1.321931771e+01 +8.389931771e+01 +8.389931771e+01 +3.5490e-01 +3.4681e+00 -3.8432e+00 +1.6489e+00 +1.7874e-01
1855 +7.316347781e+00 +7.316347781e+00 +7.799634778e+01 +7.799634778e+01 +0.0000e+00 +3.1435e+00 -3.4631e+00 +6.2453e-01 +5.3550e-01
3154 +4.431461537e+00 +4.431461537e+00 +7.511146154e+01 +7.511146154e+01 +2.4733e-01 +3.4411e+00 -3.1370e+00 +5.5698e-01 +5.2310e-01
4501 +3.941313459e+00 +3.941313459e+00 +7.462131346e+01 +7.462131346e+01 +3.5808e-01 +3.5448e+00 -2.5997e+00 +8.5456e-01 +6.5713e-01
6583 +2.195154161e+00 +2.195154161e+00 +7.287515416e+01 +7.287515416e+01 -2.5763e-01 +3.4320e+00 -2.5628e+00 +7.2054e-01 +4.1542e-01
7170 +1.362178779e+00 +1.362178779e+00 +7.204217878e+01 +7.204217878e+01 -3.5388e-01 +3.3791e+00 -2.0077e+00 +8.6493e-01 +4.8865e-01
8663 +7.056223297e-01 +7.056223297e-01 +7.138562233e+01 +7.138562233e+01 -7.5681e-02 +3.2845e+00 -2.2359e+00 +4.8560e-01 +2.8752e-01
11282 +4.119503531e-01 +4.119503531e-01 +7.109195035e+01 +7.109195035e+01 -1.5243e-01 +3.1280e+00 -2.1499e+00 +4.2591e-01 +2.4972e-01
11906 +2.898476657e-01 +2.898476657e-01 +7.096984767e+01 +7.096984767e+01 -3.3224e-01 +3.1079e+00 -2.0445e+00 +3.8451e-01 +1.9511e-01
12476 +1.701078476e-01 +1.701078476e-01 +7.085010785e+01 +7.085010785e+01 -2.5862e-01 +3.2305e+00 -2.1377e+00 +4.3228e-01 +1.1976e-01
16144 +9.376517315e-02 +9.376517315e-02 +7.077376517e+01 +7.077376517e+01 -2.4834e-01 +3.2416e+00 -2.0506e+00 +4.0898e-01 +1.1058e-01
20624 +5.739702884e-02 +5.739702884e-02 +7.073739703e+01 +7.073739703e+01 -2.5413e-01 +3.2074e+00 -2.0970e+00 +3.0450e-01 +7.1672e-02
27506 +3.399650550e-02 +3.399650550e-02 +7.071399651e+01 +7.071399651e+01 -2.7460e-01 +3.1715e+00 -1.9991e+00 +3.9587e-01 +1.8989e-02
35121 +1.787586012e-02 +1.787586012e-02 +7.069787586e+01 +7.069787586e+01 -2.8262e-01 +3.2200e+00 -2.0369e+00 +3.7444e-01 +1.3630e-02
36048 +9.966279032e-03 +9.966279032e-03 +7.068996628e+01 +7.068996628e+01 -2.7184e-01 +3.2117e+00 -2.0609e+00 +3.2575e-01 +2.2969e-04
37422 +5.220978466e-03 +5.220978466e-03 +7.068522098e+01 +7.068522098e+01 -2.7898e-01 +3.2077e+00 -2.0432e+00 +3.2251e-01 +4.4797e-04
41734 +1.000895591e-03 +1.000895591e-03 +7.068100090e+01 +7.068100090e+01 -2.8749e-01 +3.2163e+00 -2.0404e+00 +3.1022e-01 -1.2170e-02
49124 +7.895123772e-04 +7.895123772e-04 +7.068078951e+01 +7.068078951e+01 -2.8782e-01 +3.2174e+00 -2.0444e+00 +3.0698e-01 -1.7424e-02
% function evaluation | noise-free fitness - Fopt (-6.260000000000e+00) | best noise-free fitness - Fopt | measured fitness | best measured fitness | x1 | x2...
1 +4.731947713e+05 +4.731947713e+05 +4.731885113e+05 +4.731885113e+05 +4.8490e+00 -1.5553e+00 +6.4257e-01 +4.9163e+00 -4.7497e+00
2 +4.186301634e+04 +4.186301634e+04 +4.185675634e+04 +4.185675634e+04 +1.1890e+00 -4.1243e+00 -6.4922e-01 -5.1337e-01 -2.3200e+00
10 +3.602202945e+04 +3.602202945e+04 +3.601576945e+04 +3.601576945e+04 -2.8464e+00 +1.3524e+00 -1.0302e+00 +2.4114e+00 -3.5525e+00
52 +1.774499305e+04 +1.774499305e+04 +1.773873305e+04 +1.773873305e+04 -3.5671e+00 -4.6508e+00 -3.4054e+00 -2.8903e+00 -2.1877e+00
59 +8.007808513e+02 +8.007808513e+02 +7.945208513e+02 +7.945208513e+02 -4.0571e+00 -4.6624e+00 -2.5370e+00 +2.6177e-01 -3.7971e+00
252 +6.804461109e+01 +6.804461109e+01 +6.178461109e+01 +6.178461109e+01 -3.9530e+00 -3.1045e+00 -1.9770e+00 -2.4303e+00 +1.7017e+00
362 +3.662505672e+01 +3.662505672e+01 +3.036505672e+01 +3.036505672e+01 -2.9135e+00 -2.7803e+00 -7.1185e-01 -1.2981e+00 -1.9295e+00
502 +1.304457924e+01 +1.304457924e+01 +6.784579244e+00 +6.784579244e+00 -1.0894e+00 -5.0000e+00 -9.9384e-01 -1.4566e+00 +2.1327e-01
1926 +3.686339243e+00 +3.686339243e+00 -2.573660757e+00 -2.573660757e+00 -4.2047e-01 -3.1532e+00 -1.2600e+00 -1.7497e+00 +1.6170e-01
4629 +2.340484613e+00 +2.340484613e+00 -3.919515387e+00 -3.919515387e+00 -4.0627e-01 -2.7877e+00 -1.6491e+00 -1.1184e+00 +7.2568e-01
6554 +1.371155093e+00 +1.371155093e+00 -4.888844907e+00 -4.888844907e+00 -1.0452e-01 -2.7208e+00 -1.3781e+00 -1.1376e+00 +5.0615e-01
8756 +7.395008220e-01 +7.395008220e-01 -5.520499178e+00 -5.520499178e+00 +1.1351e-01 -2.5371e+00 -1.6564e+00 -1.0107e+00 +7.7005e-01
9378 +2.278958507e-01 +2.278958507e-01 -6.032104149e+00 -6.032104149e+00 +6.8504e-02 -2.0393e+00 -1.5590e+00 -1.0033e+00 +6.2544e-01
13705 +1.219326244e-01 +1.219326244e-01 -6.138067376e+00 -6.138067376e+00 +1.4826e-01 -1.9891e+00 -1.5438e+00 -1.0186e+00 +6.0628e-01
17205 +5.934170341e-02 +5.934170341e-02 -6.200658297e+00 -6.200658297e+00 +2.6801e-01 -2.0569e+00 -1.5644e+00 -1.0204e+00 +6.1778e-01
28279 +3.262310903e-02 +3.262310903e-02 -6.227376891e+00 -6.227376891e+00 +2.4381e-01 -1.9722e+00 -1.5887e+00 -1.0409e+00 +6.2715e-01
30095 +1.653804812e-02 +1.653804812e-02 -6.243461952e+00 -6.243461952e+00 +2.9108e-01 -1.9690e+00 -1.5929e+00 -1.0192e+00 +6.2822e-01
34779 +1.335366554e-02 +1.335366554e-02 -6.246646334e+00 -6.246646334e+00 +3.1049e-01 -1.9669e+00 -1.5967e+00 -9.9763e-01 +6.2626e-01
41661 +8.089529371e-03 +8.089529371e-03 -6.251910471e+00 -6.251910471e+00 +3.0964e-01 -1.9461e+00 -1.6029e+00 -9.9122e-01 +6.3142e-01
43265 +5.626537516e-03 +5.626537516e-03 -6.254373462e+00 -6.254373462e+00 +2.9672e-01 -1.9104e+00 -1.6110e+00 -9.7910e-01 +6.2694e-01
44416 +3.584334445e-03 +3.584334445e-03 -6.256415666e+00 -6.256415666e+00 +3.1705e-01 -1.9160e+00 -1.6070e+00 -9.7805e-01 +6.1878e-01
48525 +2.457475965e-03 +2.457475965e-03 -6.257542524e+00 -6.257542524e+00 +3.2063e-01 -1.9124e+00 -1.6127e+00 -9.7400e-01 +6.2916e-01
% function evaluation | noise-free fitness - Fopt (1.838600000000e+02) | best noise-free fitness - Fopt | measured fitness | best measured fitness | x1 | x2...
1 +5.303754424e+04 +5.303754424e+04 +5.322140424e+04 +5.322140424e+04 -2.9944e+00 +2.3561e+00 -2.8844e+00 -2.2598e+00 -1.5534e+00
6 +3.621943363e+04 +3.621943363e+04 +3.640329363e+04 +3.640329363e+04 +1.8623e+00 +2.3685e-01 -3.5430e+00 +4.4576e+00 +1.1919e+00
11 +1.150509205e+02 +1.150509205e+02 +2.989109205e+02 +2.989109205e+02 +3.0295e+00 -3.7960e-01 -3.1528e+00 -3.2388e-01 +2.3740e+00
77 +6.740648589e+01 +6.740648589e+01 +2.512664859e+02 +2.512664859e+02 +2.9405e+00 -2.1061e+00 -1.6951e+00 -2.2064e+00 +9.0737e-02
169 +5.324550960e+01 +5.324550960e+01 +2.371055096e+02 +2.371055096e+02 +2.4590e+00 -3.5740e+00 -8.9780e-01 -1.4773e+00 +1.1172e+00
194 +3.965078737e+01 +3.965078737e+01 +2.235107874e+02 +2.235107874e+02 +4.3910e+00 -4.0380e+00 +1.0946e+00 -9.0302e-01 +3.5212e+00
826 +2.404491658e+01 +2.404491658e+01 +2.079049166e+02 +2.079049166e+02 +3.4422e+00 -2.5288e+00 +1.1952e+00 -6.0124e-01 +7.0909e-01
1002 +1.538879839e+01 +1.538879839e+01 +1.992487984e+02 +1.992487984e+02 +2.4624e+00 -2.2501e+00 +2.3901e+00 -1.3736e+00 +1.3802e+00
1123 +9.217125304e+00 +9.217125304e+00 +1.930771253e+02 +1.930771253e+02 +1.4879e+00 -3.1768e+00 +2.1308e+00 -9.6581e-01 +1.1214e+00
2099 +6.222326091e+00 +6.222326091e+00 +1.900823261e+02 +1.900823261e+02 +6.6133e-01 -3.4676e+00 +2.5595e+00 -1.0618e+00 +1.6497e+00
3016 +3.723071915e+00 +3.723071915e+00 +1.875830719e+02 +1.875830719e+02 +1.3123e+00 -3.1505e+00 +3.0446e+00 -1.1316e+00 +1.4370e+00
4393 +1.401966986e+00 +1.401966986e+00 +1.852619670e+02 +1.852619670e+02 +7.7958e-01 -3.7292e+00 +3.2866e+00 -1.4182e+00 +2.1569e+00
10100 +8.091767810e-01 +8.091767810e-01 +1.846691768e+02 +1.846691768e+02 +7.7073e-01 -3.5924e+00 +3.5711e+00 -1.2084e+00 +1.9888e+00
12303 +6.069853598e-01 +6.069853598e-01 +1.844669854e+02 +1.844669854e+02 +7.0121e-01 -3.5868e+00 +3.6771e+00 -1.4616e+00 +2.0000e+00
15100 +3.842488645e-01 +3.842488645e-01 +1.842442489e+02 +1.842442489e+02 +5.5055e-01 -3.6077e+00 +3.6486e+00 -1.4605e+00 +2.1510e+00
16100 +2.501402355e-01 +2.501402355e-01 +1.841101402e+02 +1.841101402e+02 +4.6150e-01 -3.6114e+00 +3.7237e+00 -1.3943e+00 +2.2098e+00
16659 +1.394726356e-01 +1.394726356e-01 +1.839994726e+02 +1.839994726e+02 +4.6144e-01 -3.6570e+00 +3.8151e+00 -1.4532e+00 +2.2358e+00
19642 +7.893695603e-02 +7.893695603e-02 +1.839389370e+02 +1.839389370e+02 +4.1607e-01 -3.7695e+00 +3.8276e+00 -1.4518e+00 +2.3492e+00
22600 +5.702599483e-02 +5.702599483e-02 +1.839170260e+02 +1.839170260e+02 +3.3451e-01 -3.7595e+00 +3.8402e+00 -1.4765e+00 +2.4300e+00
23600 +1.740734366e-02 +1.740734366e-02 +1.838774073e+02 +1.838774073e+02 +3.2651e-01 -3.7560e+00 +3.8996e+00 -1.4750e+00 +2.4032e+00
25600 +1.398669165e-02 +1.398669165e-02 +1.838739867e+02 +1.838739867e+02 +3.2667e-01 -3.7546e+00 +3.8952e+00 -1.4799e+00 +2.3839e+00
33064 +6.454335288e-03 +6.454335288e-03 +1.838664543e+02 +1.838664543e+02 +3.1897e-01 -3.7518e+00 +3.9100e+00 -1.4684e+00 +2.3511e+00
34100 +4.961631520e-03 +4.961631520e-03 +1.838649616e+02 +1.838649616e+02 +3.1021e-01 -3.7498e+00 +3.9139e+00 -1.4657e+00 +2.3603e+00
42534 +2.507851143e-03 +2.507851143e-03 +1.838625079e+02 +1.838625079e+02 +3.0437e-01 -3.7529e+00 +3.9239e+00 -1.4703e+00 +2.3549e+00
43841 +1.156659064e-03 +1.156659064e-03 +1.838611567e+02 +1.838611567e+02 +3.0244e-01 -3.7603e+00 +3.9333e+00 -1.4713e+00 +2.3632e+00
