% function evaluation | noise-free fitness - Fopt (-2.098800000000e+02) | best noise-free fitness - Fopt | measured fitness | best measured fitness | x1 | x2...
1 +9.482130253e+06 +9.482130253e+06 +9.481920373e+06 +9.481920373e+06 -5.5779e-01 -2.6901e+00
2 +4.587081147e+05 +4.587081147e+05 +4.584982347e+05 +4.584982347e+05 +3.6283e-01 +1.0777e+00
6 +3.663506280e+03 +3.663506280e+03 +3.453626280e+03 +3.453626280e+03 -2.5115e+00 +5.0898e-01
58 +7.228608537e+02 +7.228608537e+02 +5.129808537e+02 +5.129808537e+02 -3.1196e+00 +4.7271e-01
156 +2.095004520e+01 +2.095004520e+01 -1.889299548e+02 -1.889299548e+02 -7.2687e-01 +4.4420e-01
540 +3.692996225e+00 +3.692996225e+00 -2.061870038e+02 -2.061870038e+02 -1.0397e-01 +4.4932e-01
3320 +5.718609666e-01 +5.718609666e-01 -2.093081390e+02 -2.093081390e+02 +2.0076e+00 +4.4781e-01
3766 +3.297915951e-01 +3.297915951e-01 -2.095502084e+02 -2.095502084e+02 +1.3230e+00 +4.4748e-01
4331 +2.074800954e-01 +2.074800954e-01 -2.096725199e+02 -2.096725199e+02 +7.6024e-01 +4.4797e-01
4908 +1.851711515e-03 +1.851711515e-03 -2.098781483e+02 -2.098781483e+02 +1.2067e+00 +4.4796e-01
7045 +4.663407530e-04 +4.663407530e-04 -2.098795337e+02 -2.098795337e+02 +1.2283e+00 +4.4800e-01
8217 +1.136311765e-04 +1.136311765e-04 -2.098798864e+02 -2.098798864e+02 +1.2104e+00 +4.4801e-01
10081 +5.191920116e-05 +5.191920116e-05 -2.098799481e+02 -2.098799481e+02 +1.2086e+00 +4.4801e-01
10408 +3.045698995e-05 +3.045698995e-05 -2.098799695e+02 -2.098799695e+02 +1.2022e+00 +4.4800e-01
11077 +9.484662854e-06 +9.484662854e-06 -2.098799905e+02 -2.098799905e+02 +1.2085e+00 +4.4800e-01
11882 +2.026140038e-06 +2.026140038e-06 -2.098799980e+02 -2.098799980e+02 +1.2079e+00 +4.4800e-01
13417 +3.576798804e-07 +3.576798804e-07 -2.098799996e+02 -2.098799996e+02 +1.2070e+00 +4.4800e-01
13862 +7.766377053e-08 +7.766377053e-08 -2.098799999e+02 -2.098799999e+02 +1.2073e+00 +4.4800e-01
15170 +4.717688284e-08 +4.717688284e-08 -2.098800000e+02 -2.098800000e+02 +1.2074e+00 +4.4800e-01
15662 +9.057714578e-10 +9.057714578e-10 -2.098800000e+02 -2.098800000e+02 +1.2072e+00 +4.4800e-01
% function evaluation | noise-free fitness - Fopt (-9.209000000000e+01) | best noise-free fitness - Fopt | measured fitness | best measured fitness | x1 | x2...
1 +3.554762423e+05 +3.554762423e+05 +3.553841523e+05 +3.553841523e+05 -1.8621e+00 +1.9751e+00
17 +7.020339637e+04 +7.020339637e+04 +7.011130637e+04 +7.011130637e+04 +2.6990e+00 +2.8841e+00
20 +2.731527939e+04 +2.731527939e+04 +2.722318939e+04 +2.722318939e+04 -1.6672e+00 +2.7884e+00
21 +1.503292861e+04 +1.503292861e+04 +1.494083861e+04 +1.494083861e+04 +2.5389e-01 +2.7452e+00
47 +3.762146576e+03 +3.762146576e+03 +3.670056576e+03 +3.670056576e+03 -3.2062e-01 +2.5555e+00
199 +1.217482864e+03 +1.217482864e+03 +1.125392864e+03 +1.125392864e+03 +1.0143e+00 +2.5884e+00
244 +9.038779874e+02 +9.038779874e+02 +8.117879874e+02 +8.117879874e+02 -4.7113e-01 +2.6521e+00
391 +1.611039165e+02 +1.611039165e+02 +6.901391651e+01 +6.901391651e+01 -3.7948e+00 +2.6096e+00
601 +1.071302142e+02 +1.071302142e+02 +1.504021417e+01 +1.504021417e+01 -4.6188e+00 +2.6120e+00
686 +4.744165169e+01 +4.744165169e+01 -4.464834831e+01 -4.464834831e+01 +1.2661e+00 +2.6142e+00
1469 +5.031962892e+00 +5.031962892e+00 -8.705803711e+01 -8.705803711e+01 -1.4381e+00 +2.6209e+00
3616 +1.361450401e+00 +1.361450401e+00 -9.072854960e+01 -9.072854960e+01 -1.3309e-01 +2.6207e+00
3939 +4.132799542e-01 +4.132799542e-01 -9.167672005e+01 -9.167672005e+01 +4.6300e-01 +2.6211e+00
4043 +3.181221623e-02 +3.181221623e-02 -9.205818778e+01 -9.205818778e+01 +9.0204e-01 +2.6216e+00
5826 +1.716845508e-02 +1.716845508e-02 -9.207283154e+01 -9.207283154e+01 +8.5705e-01 +2.6216e+00
6526 +5.471639556e-03 +5.471639556e-03 -9.208452836e+01 -9.208452836e+01 +7.5024e-01 +2.6215e+00
8131 +5.671358375e-04 +5.671358375e-04 -9.208943286e+01 -9.208943286e+01 +7.2640e-01 +2.6216e+00
9351 +1.365734534e-04 +1.365734534e-04 -9.208986343e+01 -9.208986343e+01 +7.1676e-01 +2.6216e+00
10021 +2.164574278e-05 +2.164574278e-05 -9.208997835e+01 -9.208997835e+01 +7.2603e-01 +2.6216e+00
10134 +1.574109278e-05 +1.574109278e-05 -9.208998426e+01 -9.208998426e+01 +7.2890e-01 +2.6216e+00
10633 +9.547704181e-06 +9.547704181e-06 -9.208999045e+01 -9.208999045e+01 +7.2616e-01 +2.6216e+00
12616 +5.241023402e-06 +5.241023402e-06 -9.208999476e+01 -9.208999476e+01 +7.2322e-01 +2.6216e+00
12739 +2.814673365e-06 +2.814673365e-06 -9.208999719e+01 -9.208999719e+01 +7.2392e-01 +2.6216e+00
13515 +5.671928278e-07 +5.671928278e-07 -9.208999943e+01 -9.208999943e+01 +7.2623e-01 +2.6216e+00
14839 +2.193148418e-07 +2.193148418e-07 -9.208999978e+01 -9.208999978e+01 +7.2594e-01 +2.6216e+00
15133 +1.697773655e-08 +1.697773655e-08 -9.208999998e+01 -9.208999998e+01 +7.2557e-01 +2.6216e+00
15380 +1.305598119e-08 +1.305598119e-08 -9.208999999e+01 -9.208999999e+01 +7.2549e-01 +2.6216e+00
15916 +4.452914482e-09 +4.452914482e-09 -9.209000000e+01 -9.209000000e+01 +7.2557e-01 +2.6216e+00
% function evaluation | noise-free fitness - Fopt (-8.789000000000e+01) | best noise-free fitness - Fopt | measured fitness | best measured fitness | x1 | x2...
1 +2.111745076e+07 +2.111745076e+07 +2.111736287e+07 +2.111736287e+07 +1.6492e+00 -9.8622e-01
4 +9.994921242e+05 +9.994921242e+05 +9.994042342e+05 +9.994042342e+05 +2.5737e+00 +4.6455e+00
7 +3.680615022e+05 +3.680615022e+05 +3.679736122e+05 +3.679736122e+05 -4.2446e+00 +2.9857e+00
8 +3.974569962e+04 +3.974569962e+04 +3.965780962e+04 +3.965780962e+04 -2.6065e+00 +3.4514e+00
26 +1.969976630e+04 +1.969976630e+04 +1.961187630e+04 +1.961187630e+04 +5.8584e-01 +3.5122e+00
52 +1.484790508e+04 +1.484790508e+04 +1.476001508e+04 +1.476001508e+04 -3.8594e+00 +3.7675e+00
204 +1.610030809e+03 +1.610030809e+03 +1.522140809e+03 +1.522140809e+03 +1.7343e+00 +3.6081e+00
224 +1.480008380e+02 +1.480008380e+02 +6.011083801e+01 +6.011083801e+01 -3.9007e+00 +3.6570e+00
439 +7.094460153e+01 +7.094460153e+01 -1.694539847e+01 -1.694539847e+01 -2.0327e+00 +3.6535e+00
542 +1.433648252e+01 +1.433648252e+01 -7.355351748e+01 -7.355351748e+01 -3.2529e+00 +3.6441e+00
2043 +9.643355781e+00 +9.643355781e+00 -7.824664422e+01 -7.824664422e+01 -2.9165e+00 +3.6458e+00
2615 +5.194351295e+00 +5.194351295e+00 -8.269564870e+01 -8.269564870e+01 -1.7772e+00 +3.6445e+00
3556 +3.170231961e+00 +3.170231961e+00 -8.471976804e+01 -8.471976804e+01 -1.4139e+00 +3.6454e+00
4192 +1.404418859e+00 +1.404418859e+00 -8.648558114e+01 -8.648558114e+01 -7.1522e-01 +3.6448e+00
4343 +1.509888749e-01 +1.509888749e-01 -8.773901113e+01 -8.773901113e+01 -8.8785e-02 +3.6454e+00
4443 +8.122740572e-02 +8.122740572e-02 -8.780877259e+01 -8.780877259e+01 +4.2356e-01 +3.6458e+00
4643 +1.301227728e-02 +1.301227728e-02 -8.787698772e+01 -8.787698772e+01 +1.8452e-01 +3.6457e+00
6143 +9.473163194e-03 +9.473163194e-03 -8.788052684e+01 -8.788052684e+01 +2.0488e-01 +3.6457e+00
6443 +6.878832051e-04 +6.878832051e-04 -8.788931212e+01 -8.788931212e+01 +2.3092e-01 +3.6456e+00
7843 +1.941166396e-04 +1.941166396e-04 -8.788980588e+01 -8.788980588e+01 +2.4214e-01 +3.6456e+00
7948 +5.095556546e-05 +5.095556546e-05 -8.788994904e+01 -8.788994904e+01 +2.3698e-01 +3.6456e+00
9348 +3.852983494e-05 +3.852983494e-05 -8.788996147e+01 -8.788996147e+01 +2.3384e-01 +3.6456e+00
9399 +1.407733770e-05 +1.407733770e-05 -8.788998592e+01 -8.788998592e+01 +2.4216e-01 +3.6456e+00
10348 +7.041783093e-06 +7.041783093e-06 -8.788999296e+01 -8.788999296e+01 +2.3995e-01 +3.6456e+00
10638 +2.831680035e-06 +2.831680035e-06 -8.788999717e+01 -8.788999717e+01 +2.3763e-01 +3.6456e+00
11848 +1.169076285e-06 +1.169076285e-06 -8.788999883e+01 -8.788999883e+01 +2.3877e-01 +3.6456e+00
12680 +2.457798871e-07 +2.457798871e-07 -8.788999975e+01 -8.788999975e+01 +2.3877e-01 +3.6456e+00
13375 +9.406502954e-08 +9.406502954e-08 -8.788999991e+01 -8.788999991e+01 +2.3908e-01 +3.6456e+00
13881 +1.174043973e-08 +1.174043973e-08 -8.788999999e+01 -8.788999999e+01 +2.3926e-01 +3.6456e+00
14635 +2.560099688e-09 +2.560099688e-09 -8.789000000e+01 -8.789000000e+01 +2.3916e-01 +3.6456e+00
14675 +2.446540748e-10 +2.446540748e-10 -8.789000000e+01 -8.789000000e+01 +2.3919e-01 +3.6456e+00
% function evaluation | noise-free fitness - Fopt (3.201900000000e+02) | best noise-free fitness - Fopt | measured fitness | best measured fitness | x1 | x2...
1 +3.879007004e+07 +3.879007004e+07 +3.879039023e+07 +3.879039023e+07 -1.7263e+00 +3.7690e+00
2 +1.889989986e+07 +1.889989986e+07 +1.890022005e+07 +1.890022005e+07 -2.5771e+00 +1.9798e+00
3 +3.572577253e+06 +3.572577253e+06 +3.572897443e+06 +3.572897443e+06 -4.6500e+00 -4.2092e-01
8 +1.939897469e+06 +1.939897469e+06 +1.940217659e+06 +1.940217659e+06 +1.1681e+00 -1.0548e+00
10 +9.478206058e+05 +9.478206058e+05 +9.481407958e+05 +9.481407958e+05 -3.6800e+00 -3.3421e+00
12 +3.970954934e+05 +3.970954934e+05 +3.974156834e+05 +3.974156834e+05 -2.5127e+00 -3.0491e+00
14 +8.281583660e+04 +8.281583660e+04 +8.313602660e+04 +8.313602660e+04 +1.3268e+00 -2.0793e+00
15 +1.634576118e+04 +1.634576118e+04 +1.666595118e+04 +1.666595118e+04 +2.3329e+00 -2.4844e+00
30 +7.257929088e+03 +7.257929088e+03 +7.578119088e+03 +7.578119088e+03 +3.9467e-01 -2.4523e+00
128 +2.613045331e+02 +2.613045331e+02 +5.814945331e+02 +5.814945331e+02 +1.9693e+00 -2.3764e+00
167 +3.551857824e+01 +3.551857824e+01 +3.557085782e+02 +3.557085782e+02 -3.5057e+00 -2.3655e+00
434 +1.581713755e+01 +1.581713755e+01 +3.360071375e+02 +3.360071375e+02 -2.5587e+00 -2.3573e+00
2518 +4.487772043e+00 +4.487772043e+00 +3.246777720e+02 +3.246777720e+02 -2.5351e+00 -2.3605e+00
3109 +2.842077824e+00 +2.842077824e+00 +3.230320778e+02 +3.230320778e+02 -1.2754e+00 -2.3623e+00
3229 +6.881129995e-01 +6.881129995e-01 +3.208781130e+02 +3.208781130e+02 -3.2156e-01 -2.3617e+00
3395 +3.948513956e-01 +3.948513956e-01 +3.205848514e+02 +3.205848514e+02 -1.0739e+00 -2.3610e+00
4052 +1.708969847e-01 +1.708969847e-01 +3.203608970e+02 +3.203608970e+02 -7.6340e-01 -2.3611e+00
4233 +9.314929599e-02 +9.314929599e-02 +3.202831493e+02 +3.202831493e+02 -1.8518e-01 -2.3610e+00
5829 +5.465895442e-02 +5.465895442e-02 +3.202446590e+02 +3.202446590e+02 -2.2881e-01 -2.3607e+00
6107 +1.775906988e-02 +1.775906988e-02 +3.202077591e+02 +3.202077591e+02 -5.5541e-01 -2.3608e+00
6615 +4.141060053e-03 +4.141060053e-03 +3.201941411e+02 +3.201941411e+02 -5.0093e-01 -2.3608e+00
6671 +3.037032059e-03 +3.037032059e-03 +3.201930370e+02 +3.201930370e+02 -4.4662e-01 -2.3607e+00
8407 +1.606402108e-03 +1.606402108e-03 +3.201916064e+02 +3.201916064e+02 -3.9229e-01 -2.3608e+00
8499 +7.118597127e-04 +7.118597127e-04 +3.201907119e+02 +3.201907119e+02 -4.5029e-01 -2.3608e+00
9007 +1.512227295e-04 +1.512227295e-04 +3.201901512e+02 +3.201901512e+02 -4.2072e-01 -2.3608e+00
9207 +3.970122049e-05 +3.970122049e-05 +3.201900397e+02 +3.201900397e+02 -4.2908e-01 -2.3608e+00
10499 +1.511374194e-06 +1.511374194e-06 +3.201900015e+02 +3.201900015e+02 -4.3338e-01 -2.3608e+00
13363 +3.784030582e-07 +3.784030582e-07 +3.201900004e+02 +3.201900004e+02 -4.3243e-01 -2.3608e+00
14253 +2.486452217e-07 +2.486452217e-07 +3.201900002e+02 +3.201900002e+02 -4.3303e-01 -2.3608e+00
14569 +1.210304390e-08 +1.210304390e-08 +3.201900000e+02 +3.201900000e+02 -4.3271e-01 -2.3608e+00
14717 +3.224954526e-09 +3.224954526e-09 +3.201900000e+02 +3.201900000e+02 -4.3275e-01 -2.3608e+00
% function evaluation | noise-free fitness - Fopt (-1.042400000000e+02) | best noise-free fitness - Fopt | measured fitness | best measured fitness | x1 | x2...
1 +7.071881895e+07 +7.071881895e+07 +7.071871471e+07 +7.071871471e+07 -2.4696e+00 +4.7240e+00
2 +7.216490495e+06 +7.216490495e+06 +7.216386255e+06 +7.216386255e+06 -3.9912e+00 -1.3508e+00
4 +2.267839272e+04 +2.267839272e+04 +2.257415272e+04 +2.257415272e+04 -2.3828e+00 -4.0620e+00
8 +3.548331393e+03 +3.548331393e+03 +3.444091393e+03 +3.444091393e+03 -8.5676e-01 -3.9834e+00
143 +1.114833253e+03 +1.114833253e+03 +1.010593253e+03 +1.010593253e+03 -3.6036e+00 -3.9518e+00
348 +9.251139164e+02 +9.251139164e+02 +8.208739164e+02 +8.208739164e+02 -5.0000e+00 -3.8898e+00
360 +3.512682804e+02 +3.512682804e+02 +2.470282804e+02 +2.470282804e+02 -3.6815e+00 -3.9010e+00
402 +4.204628248e+01 +4.204628248e+01 -6.219371752e+01 -6.219371752e+01 -4.5185e+00 -3.9240e+00
497 +1.666119518e+01 +1.666119518e+01 -8.757880482e+01 -8.757880482e+01 -3.3129e+00 -3.9217e+00
675 +1.320494036e+01 +1.320494036e+01 -9.103505964e+01 -9.103505964e+01 -3.0201e+00 -3.9186e+00
801 +5.267233369e+00 +5.267233369e+00 -9.897276663e+01 -9.897276663e+01 -1.9614e+00 -3.9200e+00
1943 +3.629254490e+00 +3.629254490e+00 -1.006107455e+02 -1.006107455e+02 -1.2554e+00 -3.9193e+00
3021 +2.171240062e+00 +2.171240062e+00 -1.020687599e+02 -1.020687599e+02 -9.5350e-01 -3.9201e+00
3755 +3.489335265e-01 +3.489335265e-01 -1.038910665e+02 -1.038910665e+02 -1.7660e-01 -3.9203e+00
4259 +1.105551177e-01 +1.105551177e-01 -1.041294449e+02 -1.041294449e+02 +1.4512e-01 -3.9202e+00
4421 +9.625392413e-04 +9.625392413e-04 -1.042390375e+02 -1.042390375e+02 +4.2783e-01 -3.9200e+00
6621 +4.670819742e-04 +4.670819742e-04 -1.042395329e+02 -1.042395329e+02 +4.0245e-01 -3.9200e+00
7021 +1.092388445e-04 +1.092388445e-04 -1.042398908e+02 -1.042398908e+02 +3.9077e-01 -3.9200e+00
7221 +1.782634116e-05 +1.782634116e-05 -1.042399822e+02 -1.042399822e+02 +3.9291e-01 -3.9200e+00
7921 +4.178762950e-06 +4.178762950e-06 -1.042399958e+02 -1.042399958e+02 +3.9597e-01 -3.9200e+00
8221 +3.879636878e-06 +3.879636878e-06 -1.042399961e+02 -1.042399961e+02 +3.9428e-01 -3.9200e+00
11633 +2.164799710e-06 +2.164799710e-06 -1.042399978e+02 -1.042399978e+02 +3.9494e-01 -3.9200e+00
12192 +1.389029421e-06 +1.389029421e-06 -1.042399986e+02 -1.042399986e+02 +3.9416e-01 -3.9200e+00
12554 +4.193933592e-07 +4.193933592e-07 -1.042399996e+02 -1.042399996e+02 +3.9440e-01 -3.9200e+00
12733 +1.931848175e-07 +1.931848175e-07 -1.042399998e+02 -1.042399998e+02 +3.9404e-01 -3.9200e+00
14205 +1.420547733e-07 +1.420547733e-07 -1.042399999e+02 -1.042399999e+02 +3.9429e-01 -3.9200e+00
14478 +5.255103019e-09 +5.255103019e-09 -1.042400000e+02 -1.042400000e+02 +3.9437e-01 -3.9200e+00
% function evaluation | noise-free fitness - Fopt (-3.570000000000e+01) | best noise-free fitness - Fopt | measured fitness | best measured fitness | x1 | x2...
1 +2.004775845e+06 +2.004775845e+06 +2.004740145e+06 +2.004740145e+06 +3.2751e+00 +3.0310e+00
2 +1.413927649e+06 +1.413927649e+06 +1.413891949e+06 +1.413891949e+06 +4.2492e+00 +5.0406e-01
5 +8.792077649e+05 +8.792077649e+05 +8.791720649e+05 +8.791720649e+05 +1.9332e+00 +2.6020e+00
8 +5.193765700e+05 +5.193765700e+05 +5.193408700e+05 +5.193408700e+05 +4.2725e+00 +2.4090e+00
17 +2.967837656e+05 +2.967837656e+05 +2.967480656e+05 +2.967480656e+05 +3.7410e+00 +1.0616e+00
18 +1.350069821e+04 +1.350069821e+04 +1.346499821e+04 +1.346499821e+04 +1.0187e+00 +1.7464e+00
24 +1.511517346e+03 +1.511517346e+03 +1.475817346e+03 +1.475817346e+03 -4.6420e+00 +1.6764e+00
222 +2.796650108e+01 +2.796650108e+01 -7.733498919e+00 -7.733498919e+00 -2.5602e+00 +1.6414e+00
224 +7.003872595e+00 +7.003872595e+00 -2.869612740e+01 -2.869612740e+01 -4.4124e+00 +1.6345e+00
1907 +4.796105634e+00 +4.796105634e+00 -3.090389437e+01 -3.090389437e+01 -3.9417e+00 +1.6348e+00
2963 +3.306276231e+00 +3.306276231e+00 -3.239372377e+01 -3.239372377e+01 -3.9162e+00 +1.6360e+00
3754 +1.186759384e+00 +1.186759384e+00 -3.451324062e+01 -3.451324062e+01 -3.2469e+00 +1.6358e+00
4648 +2.555318128e-01 +2.555318128e-01 -3.544446819e+01 -3.544446819e+01 -1.8287e+00 +1.6363e+00
4711 +1.008013636e-01 +1.008013636e-01 -3.559919864e+01 -3.559919864e+01 -2.3662e+00 +1.6357e+00
5102 +5.312537342e-02 +5.312537342e-02 -3.564687463e+01 -3.564687463e+01 -2.3331e+00 +1.6362e+00
7012 +1.630660656e-02 +1.630660656e-02 -3.568369339e+01 -3.568369339e+01 -2.2501e+00 +1.6361e+00
7218 +4.236942792e-03 +4.236942792e-03 -3.569576306e+01 -3.569576306e+01 -2.1487e+00 +1.6360e+00
7812 +2.634100525e-04 +2.634100525e-04 -3.569973659e+01 -3.569973659e+01 -2.2129e+00 +1.6360e+00
8851 +1.562719733e-04 +1.562719733e-04 -3.569984373e+01 -3.569984373e+01 -2.1975e+00 +1.6360e+00
10082 +1.445630101e-05 +1.445630101e-05 -3.569998554e+01 -3.569998554e+01 -2.2014e+00 +1.6360e+00
10202 +7.273977758e-06 +7.273977758e-06 -3.569999273e+01 -3.569999273e+01 -2.2004e+00 +1.6360e+00
11202 +3.908856087e-06 +3.908856087e-06 -3.569999609e+01 -3.569999609e+01 -2.2003e+00 +1.6360e+00
11302 +9.495021374e-07 +9.495021374e-07 -3.569999905e+01 -3.569999905e+01 -2.1994e+00 +1.6360e+00
12302 +4.974501167e-07 +4.974501167e-07 -3.569999950e+01 -3.569999950e+01 -2.1990e+00 +1.6360e+00
12402 +4.868149972e-08 +4.868149972e-08 -3.569999995e+01 -3.569999995e+01 -2.1984e+00 +1.6360e+00
12602 +7.586457684e-09 +7.586457684e-09 -3.569999999e+01 -3.569999999e+01 -2.1984e+00 +1.6360e+00
% function evaluation | noise-free fitness - Fopt (2.070000000000e+01) | best noise-free fitness - Fopt | measured fitness | best measured fitness | x1 | x2...
1 +2.256413526e+06 +2.256413526e+06 +2.256434226e+06 +2.256434226e+06 -3.0790e+00 -3.3997e+00
5 +4.919003166e+05 +4.919003166e+05 +4.919210166e+05 +4.919210166e+05 -4.2717e-02 -2.7893e+00
6 +1.892771521e+04 +1.892771521e+04 +1.894841521e+04 +1.894841521e+04 +4.0269e+00 -2.1566e+00
24 +3.268651768e+03 +3.268651768e+03 +3.289351768e+03 +3.289351768e+03 -9.4203e-01 -1.9737e+00
63 +4.317843490e+02 +4.317843490e+02 +4.524843490e+02 +4.524843490e+02 -2.7773e+00 -2.0047e+00
280 +3.575875376e+00 +3.575875376e+00 +2.427587538e+01 +2.427587538e+01 -1.9944e+00 -2.0244e+00
1080 +1.258567505e+00 +1.258567505e+00 +2.195856750e+01 +2.195856750e+01 -2.7257e+00 -2.0247e+00
2138 +3.204831205e-01 +3.204831205e-01 +2.102048312e+01 +2.102048312e+01 -2.9235e+00 -2.0255e+00
2780 +1.364933017e-01 +1.364933017e-01 +2.083649330e+01 +2.083649330e+01 -3.0754e+00 -2.0256e+00
5279 +6.683574812e-02 +6.683574812e-02 +2.076683575e+01 +2.076683575e+01 -3.5444e+00 -2.0259e+00
5380 +1.587246716e-02 +1.587246716e-02 +2.071587247e+01 +2.071587247e+01 -3.3535e+00 -2.0255e+00
5401 +3.229215956e-03 +3.229215956e-03 +2.070322922e+01 +2.070322922e+01 -3.4256e+00 -2.0256e+00
6501 +1.620113636e-03 +1.620113636e-03 +2.070162011e+01 +2.070162011e+01 -3.4798e+00 -2.0256e+00
6680 +3.222443455e-05 +3.222443455e-05 +2.070003222e+01 +2.070003222e+01 -3.4596e+00 -2.0256e+00
8480 +8.892585424e-06 +8.892585424e-06 +2.070000889e+01 +2.070000889e+01 -3.4549e+00 -2.0256e+00
10642 +8.265794662e-07 +8.265794662e-07 +2.070000083e+01 +2.070000083e+01 -3.4547e+00 -2.0256e+00
12080 +5.811658852e-07 +5.811658852e-07 +2.070000058e+01 +2.070000058e+01 -3.4543e+00 -2.0256e+00
12580 +3.523859853e-07 +3.523859853e-07 +2.070000035e+01 +2.070000035e+01 -3.4547e+00 -2.0256e+00
12980 +2.361378399e-07 +2.361378399e-07 +2.070000024e+01 +2.070000024e+01 -3.4546e+00 -2.0256e+00
13480 +1.576276105e-07 +1.576276105e-07 +2.070000016e+01 +2.070000016e+01 -3.4545e+00 -2.0256e+00
13580 +8.428354192e-08 +8.428354192e-08 +2.070000008e+01 +2.070000008e+01 -3.4545e+00 -2.0256e+00
13680 +6.239661943e-08 +6.239661943e-08 +2.070000006e+01 +2.070000006e+01 -3.4546e+00 -2.0256e+00
13980 +3.775712543e-08 +3.775712543e-08 +2.070000004e+01 +2.070000004e+01 -3.4546e+00 -2.0256e+00
14680 +2.331492865e-08 +2.331492865e-08 +2.070000002e+01 +2.070000002e+01 -3.4545e+00 -2.0256e+00
15180 +1.540315608e-08 +1.540315608e-08 +2.070000002e+01 +2.070000002e+01 -3.4545e+00 -2.0256e+00
16280 +7.294499227e-09 +7.294499227e-09 +2.070000001e+01 +2.070000001e+01 -3.4545e+00 -2.0256e+00
% function evaluation | noise-free fitness - Fopt (3.807000000000e+01) | best noise-free fitness - Fopt | measured fitness | best measured fitness | x1 | x2...
1 +8.048403280e+06 +8.048403280e+06 +8.048441350e+06 +8.048441350e+06 +2.4686e+00 -2.0769e+00
2 +6.165422421e+05 +6.165422421e+05 +6.165803121e+05 +6.165803121e+05 +2.8370e-01 +1.7017e+00
8 +1.625982133e+05 +1.625982133e+05 +1.626362833e+05 +1.626362833e+05 +1.8446e+00 +4.4903e-01
49 +3.158288844e+04 +3.158288844e+04 +3.162095844e+04 +3.162095844e+04 +3.7952e+00 +6.7037e-01
83 +3.869068704e+03 +3.869068704e+03 +3.907138704e+03 +3.907138704e+03 -7.0267e-01 +9.0617e-01
137 +1.931044011e+02 +1.931044011e+02 +2.311744011e+02 +2.311744011e+02 -1.1602e+00 +8.2600e-01
958 +5.662040286e+01 +5.662040286e+01 +9.469040286e+01 +9.469040286e+01 -1.4722e+00 +8.4574e-01
1507 +3.565158841e+01 +3.565158841e+01 +7.372158841e+01 +7.372158841e+01 -2.9170e+00 +8.4189e-01
1849 +5.221356275e-01 +5.221356275e-01 +3.859213563e+01 +3.859213563e+01 +3.3421e+00 +8.3895e-01
2575 +1.380573024e-02 +1.380573024e-02 +3.808380573e+01 +3.808380573e+01 +2.6541e+00 +8.3909e-01
5461 +3.686541792e-03 +3.686541792e-03 +3.807368654e+01 +3.807368654e+01 +2.7657e+00 +8.3920e-01
6093 +8.378346883e-04 +8.378346883e-04 +3.807083783e+01 +3.807083783e+01 +2.7274e+00 +8.3919e-01
7561 +5.336007275e-04 +5.336007275e-04 +3.807053360e+01 +3.807053360e+01 +2.6977e+00 +8.3918e-01
8161 +2.807314694e-04 +2.807314694e-04 +3.807028073e+01 +3.807028073e+01 +2.6913e+00 +8.3919e-01
8761 +1.447826749e-04 +1.447826749e-04 +3.807014478e+01 +3.807014478e+01 +2.6946e+00 +8.3919e-01
9361 +7.656470630e-05 +7.656470630e-05 +3.807007656e+01 +3.807007656e+01 +2.6956e+00 +8.3920e-01
10215 +1.268573311e-05 +1.268573311e-05 +3.807001269e+01 +3.807001269e+01 +2.7054e+00 +8.3920e-01
10561 +4.648898020e-06 +4.648898020e-06 +3.807000465e+01 +3.807000465e+01 +2.7031e+00 +8.3920e-01
11161 +1.138892216e-07 +1.138892216e-07 +3.807000011e+01 +3.807000011e+01 +2.7030e+00 +8.3920e-01
12361 +4.325160319e-08 +4.325160319e-08 +3.807000004e+01 +3.807000004e+01 +2.7030e+00 +8.3920e-01
15048 +3.971589280e-08 +3.971589280e-08 +3.807000004e+01 +3.807000004e+01 +2.7032e+00 +8.3920e-01
15361 +1.197973631e-08 +1.197973631e-08 +3.807000001e+01 +3.807000001e+01 +2.7031e+00 +8.3920e-01
16181 +2.784240394e-09 +2.784240394e-09 +3.807000000e+01 +3.807000000e+01 +2.7032e+00 +8.3920e-01
% function evaluation | noise-free fitness - Fopt (-4.542000000000e+01) | best noise-free fitness - Fopt | measured fitness | best measured fitness | x1 | x2...
1 +3.053372364e+05 +3.053372364e+05 +3.052918164e+05 +3.052918164e+05 -1.1810e+00 -4.8751e-01
2 +2.390398499e+04 +2.390398499e+04 +2.385856499e+04 +2.385856499e+04 -4.4410e+00 -4.7033e-02
110 +2.599986546e+03 +2.599986546e+03 +2.554566546e+03 +2.554566546e+03 +1.5538e+00 +4.9024e-02
173 +2.172468323e+02 +2.172468323e+02 +1.718268323e+02 +1.718268323e+02 +3.0456e+00 +8.3967e-02
241 +1.376492994e+01 +1.376492994e+01 -3.165507006e+01 -3.165507006e+01 +7.6135e-01 +9.5539e-02
2290 +3.957491225e+00 +3.957491225e+00 -4.146250877e+01 -4.146250877e+01 +1.8011e+00 +9.9644e-02
2528 +1.253295082e+00 +1.253295082e+00 -4.416670492e+01 -4.416670492e+01 +2.2891e+00 +9.7715e-02
2703 +7.750624616e-01 +7.750624616e-01 -4.464493754e+01 -4.464493754e+01 +2.2995e+00 +9.8491e-02
3900 +4.464713150e-01 +4.464713150e-01 -4.497352869e+01 -4.497352869e+01 +2.4809e+00 +9.8457e-02
4250 +1.714077194e-01 +1.714077194e-01 -4.524859228e+01 -4.524859228e+01 +3.5888e+00 +9.8195e-02
4973 +7.748354209e-03 +7.748354209e-03 -4.541225165e+01 -4.541225165e+01 +3.1650e+00 +9.8475e-02
6206 +1.761019583e-03 +1.761019583e-03 -4.541823898e+01 -4.541823898e+01 +3.2120e+00 +9.8360e-02
7181 +1.190313481e-03 +1.190313481e-03 -4.541880969e+01 -4.541880969e+01 +3.2073e+00 +9.8365e-02
8837 +8.406237485e-04 +8.406237485e-04 -4.541915938e+01 -4.541915938e+01 +3.1880e+00 +9.8378e-02
9146 +1.889049459e-04 +1.889049459e-04 -4.541981110e+01 -4.541981110e+01 +3.1980e+00 +9.8391e-02
9546 +6.156907953e-05 +6.156907953e-05 -4.541993843e+01 -4.541993843e+01 +3.2025e+00 +9.8405e-02
10773 +2.805271956e-05 +2.805271956e-05 -4.541997195e+01 -4.541997195e+01 +3.2114e+00 +9.8405e-02
11281 +2.425416513e-05 +2.425416513e-05 -4.541997575e+01 -4.541997575e+01 +3.2050e+00 +9.8403e-02
12122 +1.283939537e-05 +1.283939537e-05 -4.541998716e+01 -4.541998716e+01 +3.2059e+00 +9.8398e-02
12301 +1.774909464e-07 +1.774909464e-07 -4.541999982e+01 -4.541999982e+01 +3.2092e+00 +9.8400e-02
14737 +1.674992944e-08 +1.674992944e-08 -4.541999998e+01 -4.541999998e+01 +3.2089e+00 +9.8400e-02
14837 +1.370755598e-08 +1.370755598e-08 -4.541999999e+01 -4.541999999e+01 +3.2088e+00 +9.8400e-02
15137 +6.107988781e-09 +6.107988781e-09 -4.541999999e+01 -4.541999999e+01 +3.2088e+00 +9.8400e-02
% function evaluation | noise-free fitness - Fopt (6.695000000000e+01) | best noise-free fitness - Fopt | measured fitness | best measured fitness | x1 | x2...
1 +8.716026902e+06 +8.716026902e+06 +8.716093852e+06 +8.716093852e+06 -2.3099e+00 +4.3828e+00
3 +7.025582681e+04 +7.025582681e+04 +7.032277681e+04 +7.032277681e+04 +3.6743e+00 +1.6466e+00
4 +2.855043093e+04 +2.855043093e+04 +2.861738093e+04 +2.861738093e+04 +4.2635e+00 +1.5537e+00
58 +1.736638297e+03 +1.736638297e+03 +1.803588297e+03 +1.803588297e+03 -2.5583e+00 +1.3452e+00
163 +1.520013916e+03 +1.520013916e+03 +1.586963916e+03 +1.586963916e+03 -5.0000e+00 +1.4244e+00
446 +7.444540907e+01 +7.444540907e+01 +1.413954091e+02 +1.413954091e+02 -5.0000e+00 +1.3760e+00
566 +4.839995238e+01 +4.839995238e+01 +1.153499524e+02 +1.153499524e+02 -5.0000e+00 +1.3790e+00
858 +1.044183922e+01 +1.044183922e+01 +7.739183922e+01 +7.739183922e+01 -2.3635e+00 +1.3868e+00
1548 +6.206669854e+00 +6.206669854e+00 +7.315666985e+01 +7.315666985e+01 -2.4520e+00 +1.3856e+00
2912 +8.256877227e-01 +8.256877227e-01 +6.777568772e+01 +6.777568772e+01 -1.0322e+00 +1.3848e+00
3112 +3.877697534e-01 +3.877697534e-01 +6.733776975e+01 +6.733776975e+01 -1.2029e+00 +1.3839e+00
3677 +1.373784229e-01 +1.373784229e-01 +6.708737842e+01 +6.708737842e+01 -6.5060e-01 +1.3837e+00
4012 +9.217561246e-02 +9.217561246e-02 +6.704217561e+01 +6.704217561e+01 -7.3029e-01 +1.3842e+00
4183 +7.287513580e-03 +7.287513580e-03 +6.695728751e+01 +6.695728751e+01 -6.0154e-01 +1.3839e+00
5687 +3.048441375e-03 +3.048441375e-03 +6.695304844e+01 +6.695304844e+01 -5.9423e-01 +1.3840e+00
6843 +1.320137933e-03 +1.320137933e-03 +6.695132014e+01 +6.695132014e+01 -5.2116e-01 +1.3840e+00
7136 +4.029510281e-04 +4.029510281e-04 +6.695040295e+01 +6.695040295e+01 -5.3935e-01 +1.3840e+00
8336 +3.869056515e-04 +3.869056515e-04 +6.695038691e+01 +6.695038691e+01 -5.3760e-01 +1.3840e+00
8436 +1.477276804e-04 +1.477276804e-04 +6.695014773e+01 +6.695014773e+01 -5.4095e-01 +1.3840e+00
8636 +1.528637097e-05 +1.528637097e-05 +6.695001529e+01 +6.695001529e+01 -5.3937e-01 +1.3840e+00
9336 +7.045598608e-06 +7.045598608e-06 +6.695000705e+01 +6.695000705e+01 -5.3967e-01 +1.3840e+00
9436 +3.938705305e-06 +3.938705305e-06 +6.695000394e+01 +6.695000394e+01 -5.4115e-01 +1.3840e+00
10536 +1.862691448e-06 +1.862691448e-06 +6.695000186e+01 +6.695000186e+01 -5.4072e-01 +1.3840e+00
10636 +1.212307367e-06 +1.212307367e-06 +6.695000121e+01 +6.695000121e+01 -5.4051e-01 +1.3840e+00
10736 +9.169124127e-07 +9.169124127e-07 +6.695000092e+01 +6.695000092e+01 -5.4034e-01 +1.3840e+00
11336 +6.273086086e-07 +6.273086086e-07 +6.695000063e+01 +6.695000063e+01 -5.4022e-01 +1.3840e+00
11536 +3.259562078e-07 +3.259562078e-07 +6.695000033e+01 +6.695000033e+01 -5.4032e-01 +1.3840e+00
11736 +2.263309256e-07 +2.263309256e-07 +6.695000023e+01 +6.695000023e+01 -5.4038e-01 +1.3840e+00
12136 +1.477666842e-07 +1.477666842e-07 +6.695000015e+01 +6.695000015e+01 -5.4044e-01 +1.3840e+00
14624 +7.144508629e-08 +7.144508629e-08 +6.695000007e+01 +6.695000007e+01 -5.4063e-01 +1.3840e+00
14724 +3.153502348e-08 +3.153502348e-08 +6.695000003e+01 +6.695000003e+01 -5.4094e-01 +1.3840e+00
14836 +2.470578409e-08 +2.470578409e-08 +6.695000002e+01 +6.695000002e+01 -5.4093e-01 +1.3840e+00
15407 +9.710277027e-10 +9.710277027e-10 +6.695000000e+01 +6.695000000e+01 -5.4078e-01 +1.3840e+00
% function evaluation | noise-free fitness - Fopt (5.832000000000e+01) | best noise-free fitness - Fopt | measured fitness | best measured fitness | x1 | x2...
1 +9.251338733e+04 +9.251338733e+04 +9.257170733e+04 +9.257170733e+04 -4.0293e+00 -3.5975e+00
17 +1.021759731e+04 +1.021759731e+04 +1.027591731e+04 +1.027591731e+04 +1.4241e+00 -3.4007e+00
45 +3.682548361e+03 +3.682548361e+03 +3.740868361e+03 +3.740868361e+03 +3.3264e+00 -3.2342e+00
90 +2.501305361e+03 +2.501305361e+03 +2.559625361e+03 +2.559625361e+03 -1.7149e+00 -3.2504e+00
318 +1.850121646e+02 +1.850121646e+02 +2.433321646e+02 +2.433321646e+02 -3.7721e-01 -3.3097e+00
518 +3.482239183e+01 +3.482239183e+01 +9.314239183e+01 +9.314239183e+01 +4.2283e+00 -3.3026e+00
772 +1.155797242e+01 +1.155797242e+01 +6.987797242e+01 +6.987797242e+01 +1.3515e+00 -3.2945e+00
1145 +3.931911379e+00 +3.931911379e+00 +6.225191138e+01 +6.225191138e+01 +1.8093e+00 -3.2964e+00
1345 +2.706891112e-01 +2.706891112e-01 +5.859068911e+01 +5.859068911e+01 +3.2157e+00 -3.2970e+00
4120 +2.316941299e-01 +2.316941299e-01 +5.855169413e+01 +5.855169413e+01 +3.4743e+00 -3.2964e+00
4202 +3.577188151e-03 +3.577188151e-03 +5.832357719e+01 +5.832357719e+01 +3.7628e+00 -3.2968e+00
6458 +1.112716824e-03 +1.112716824e-03 +5.832111272e+01 +5.832111272e+01 +3.6786e+00 -3.2968e+00
6658 +3.596558092e-04 +3.596558092e-04 +5.832035966e+01 +5.832035966e+01 +3.6910e+00 -3.2968e+00
7815 +3.647458731e-05 +3.647458731e-05 +5.832003647e+01 +5.832003647e+01 +3.7085e+00 -3.2968e+00
8215 +1.707719535e-05 +1.707719535e-05 +5.832001708e+01 +5.832001708e+01 +3.7070e+00 -3.2968e+00
9558 +1.703243981e-06 +1.703243981e-06 +5.832000170e+01 +5.832000170e+01 +3.7069e+00 -3.2968e+00
12623 +8.299386849e-07 +8.299386849e-07 +5.832000083e+01 +5.832000083e+01 +3.7062e+00 -3.2968e+00
12758 +2.193149840e-08 +2.193149840e-08 +5.832000002e+01 +5.832000002e+01 +3.7057e+00 -3.2968e+00
15158 +6.513239725e-09 +6.513239725e-09 +5.832000001e+01 +5.832000001e+01 +3.7057e+00 -3.2968e+00
% function evaluation | noise-free fitness - Fopt (1.932700000000e+02) | best noise-free fitness - Fopt | measured fitness | best measured fitness | x1 | x2...
1 +6.056254925e+06 +6.056254925e+06 +6.056448195e+06 +6.056448195e+06 -3.6742e+00 -1.0192e+00
2 +5.094867073e+05 +5.094867073e+05 +5.096799773e+05 +5.096799773e+05 +3.8584e+00 -2.5872e+00
5 +1.028103763e+05 +1.028103763e+05 +1.030036463e+05 +1.030036463e+05 -3.4998e+00 -3.0275e+00
6 +2.600354941e+04 +2.600354941e+04 +2.619681941e+04 +2.619681941e+04 +1.2926e+00 -3.4910e+00
12 +4.031188580e+03 +4.031188580e+03 +4.224458580e+03 +4.224458580e+03 -1.1183e-01 -3.4084e+00
20 +2.347012654e+03 +2.347012654e+03 +2.540282654e+03 +2.540282654e+03 +2.7098e+00 -3.2935e+00
25 +4.253872516e+01 +4.253872516e+01 +2.358087252e+02 +2.358087252e+02 -4.6801e+00 -3.3375e+00
283 +2.860746133e+00 +2.860746133e+00 +1.961307461e+02 +1.961307461e+02 +1.2261e+00 -3.3376e+00
1218 +1.157864321e+00 +1.157864321e+00 +1.944278643e+02 +1.944278643e+02 +1.2748e+00 -3.3401e+00
3156 +7.833761601e-01 +7.833761601e-01 +1.940533762e+02 +1.940533762e+02 +1.2980e+00 -3.3386e+00
3340 +2.686082137e-01 +2.686082137e-01 +1.935386082e+02 +1.935386082e+02 +1.6138e+00 -3.3395e+00
4240 +1.526717402e-01 +1.526717402e-01 +1.934226717e+02 +1.934226717e+02 +1.7394e+00 -3.3395e+00
4863 +6.275236088e-02 +6.275236088e-02 +1.933327524e+02 +1.933327524e+02 +1.8276e+00 -3.3393e+00
5295 +6.132606129e-03 +6.132606129e-03 +1.932761326e+02 +1.932761326e+02 +1.9918e+00 -3.3393e+00
5382 +3.425214573e-03 +3.425214573e-03 +1.932734252e+02 +1.932734252e+02 +2.0538e+00 -3.3391e+00
6700 +9.872044261e-04 +9.872044261e-04 +1.932709872e+02 +1.932709872e+02 +2.0677e+00 -3.3392e+00
7839 +4.438765558e-04 +4.438765558e-04 +1.932704439e+02 +1.932704439e+02 +2.0457e+00 -3.3392e+00
8863 +1.126099852e-04 +1.126099852e-04 +1.932701126e+02 +1.932701126e+02 +2.0430e+00 -3.3392e+00
9905 +8.562094229e-05 +8.562094229e-05 +1.932700856e+02 +1.932700856e+02 +2.0432e+00 -3.3392e+00
9977 +5.559830169e-05 +5.559830169e-05 +1.932700556e+02 +1.932700556e+02 +2.0427e+00 -3.3392e+00
10477 +3.177640664e-05 +3.177640664e-05 +1.932700318e+02 +1.932700318e+02 +2.0444e+00 -3.3392e+00
10677 +4.660718929e-06 +4.660718929e-06 +1.932700047e+02 +1.932700047e+02 +2.0385e+00 -3.3392e+00
11177 +2.491328019e-06 +2.491328019e-06 +1.932700025e+02 +1.932700025e+02 +2.0380e+00 -3.3392e+00
11477 +4.205337802e-07 +4.205337802e-07 +1.932700004e+02 +1.932700004e+02 +2.0379e+00 -3.3392e+00
11567 +3.226863896e-07 +3.226863896e-07 +1.932700003e+02 +1.932700003e+02 +2.0380e+00 -3.3392e+00
12377 +1.013314659e-07 +1.013314659e-07 +1.932700001e+02 +1.932700001e+02 +2.0381e+00 -3.3392e+00
12777 +4.520904895e-08 +4.520904895e-08 +1.932700000e+02 +1.932700000e+02 +2.0385e+00 -3.3392e+00
13177 +1.041652808e-08 +1.041652808e-08 +1.932700000e+02 +1.932700000e+02 +2.0383e+00 -3.3392e+00
13824 +7.721126849e-09 +7.721126849e-09 +1.932700000e+02 +1.932700000e+02 +2.0385e+00 -3.3392e+00
% function evaluation | noise-free fitness - Fopt (-4.190100000000e+02) | best noise-free fitness - Fopt | measured fitness | best measured fitness | x1 | x2...
1 +5.215954298e+07 +5.215954298e+07 +5.215912397e+07 +5.215912397e+07 +2.2097e+00 -4.5749e+00
2 +2.997855688e+07 +2.997855688e+07 +2.997813787e+07 +2.997813787e+07 -2.5030e+00 -2.7272e+00
4 +3.275180924e+04 +3.275180924e+04 +3.233279924e+04 +3.233279924e+04 -4.8239e+00 +2.8347e+00
11 +5.340863496e+01 +5.340863496e+01 -3.656013650e+02 -3.656013650e+02 -4.2410e+00 +3.0145e+00
399 +3.226758739e+01 +3.226758739e+01 -3.867424126e+02 -3.867424126e+02 -4.2871e+00 +3.0131e+00
613 +2.141247821e+01 +2.141247821e+01 -3.975975218e+02 -3.975975218e+02 -4.8334e+00 +3.0032e+00
745 +3.189914426e+00 +3.189914426e+00 -4.158200856e+02 -4.158200856e+02 -5.0000e+00 +3.0072e+00
915 +1.958345025e+00 +1.958345025e+00 -4.170516550e+02 -4.170516550e+02 -3.0585e+00 +3.0058e+00
1304 +1.136858505e+00 +1.136858505e+00 -4.178731415e+02 -4.178731415e+02 -2.9241e+00 +3.0062e+00
2151 +5.337811399e-01 +5.337811399e-01 -4.184762189e+02 -4.184762189e+02 -2.5479e+00 +3.0073e+00
3303 +1.944923710e-01 +1.944923710e-01 -4.188155076e+02 -4.188155076e+02 -2.8939e+00 +3.0070e+00
4041 +3.682644936e-03 +3.682644936e-03 -4.190063174e+02 -4.190063174e+02 -3.2853e+00 +3.0072e+00
5315 +7.535609615e-04 +7.535609615e-04 -4.190092464e+02 -4.190092464e+02 -3.3022e+00 +3.0072e+00
8029 +7.076457064e-05 +7.076457064e-05 -4.190099292e+02 -4.190099292e+02 -3.3231e+00 +3.0072e+00
8884 +1.952946349e-05 +1.952946349e-05 -4.190099805e+02 -4.190099805e+02 -3.3269e+00 +3.0072e+00
10284 +1.548584009e-05 +1.548584009e-05 -4.190099845e+02 -4.190099845e+02 -3.3276e+00 +3.0072e+00
10584 +6.609292200e-06 +6.609292200e-06 -4.190099934e+02 -4.190099934e+02 -3.3266e+00 +3.0072e+00
11241 +6.222139348e-06 +6.222139348e-06 -4.190099938e+02 -4.190099938e+02 -3.3259e+00 +3.0072e+00
11584 +3.590233064e-06 +3.590233064e-06 -4.190099964e+02 -4.190099964e+02 -3.3245e+00 +3.0072e+00
11784 +8.168177601e-08 +8.168177601e-08 -4.190099999e+02 -4.190099999e+02 -3.3237e+00 +3.0072e+00
13558 +7.829726201e-09 +7.829726201e-09 -4.190100000e+02 -4.190100000e+02 -3.3240e+00 +3.0072e+00
% function evaluation | noise-free fitness - Fopt (4.076100000000e+02) | best noise-free fitness - Fopt | measured fitness | best measured fitness | x1 | x2...
1 +5.981808354e+07 +5.981808354e+07 +5.981849115e+07 +5.981849115e+07 -3.9773e+00 +4.1009e+00
2 +2.270568298e+07 +2.270568298e+07 +2.270609059e+07 +2.270609059e+07 -1.0790e+00 +1.4623e+00
3 +2.420684024e+06 +2.420684024e+06 +2.421091634e+06 +2.421091634e+06 -3.5872e+00 -4.7615e+00
10 +3.501732094e+03 +3.501732094e+03 +3.909342094e+03 +3.909342094e+03 +1.4263e+00 -3.4012e+00
220 +1.056076778e+03 +1.056076778e+03 +1.463686778e+03 +1.463686778e+03 -9.4172e-01 -3.3028e+00
245 +7.470086503e+01 +7.470086503e+01 +4.823108650e+02 +4.823108650e+02 +4.1719e-01 -3.3477e+00
411 +4.946877891e-01 +4.946877891e-01 +4.081046878e+02 +4.081046878e+02 +2.0070e-01 -3.3382e+00
4136 +1.534855893e-01 +1.534855893e-01 +4.077634856e+02 +4.077634856e+02 -6.2757e-03 -3.3383e+00
4183 +5.870763606e-02 +5.870763606e-02 +4.076687076e+02 +4.076687076e+02 -4.1888e-01 -3.3387e+00
4664 +2.004345014e-02 +2.004345014e-02 +4.076300435e+02 +4.076300435e+02 -4.7519e-01 -3.3383e+00
7349 +7.073639833e-03 +7.073639833e-03 +4.076170736e+02 +4.076170736e+02 -4.5723e-01 -3.3385e+00
7464 +9.541085660e-05 +9.541085660e-05 +4.076100954e+02 +4.076100954e+02 -4.2298e-01 -3.3384e+00
8049 +3.099556159e-05 +3.099556159e-05 +4.076100310e+02 +4.076100310e+02 -4.1831e-01 -3.3384e+00
10049 +6.267507786e-06 +6.267507786e-06 +4.076100063e+02 +4.076100063e+02 -4.1674e-01 -3.3384e+00
11829 +3.044536300e-06 +3.044536300e-06 +4.076100030e+02 +4.076100030e+02 -4.1692e-01 -3.3384e+00
12829 +5.659931617e-07 +5.659931617e-07 +4.076100006e+02 +4.076100006e+02 -4.1457e-01 -3.3384e+00
13276 +5.841366146e-08 +5.841366146e-08 +4.076100001e+02 +4.076100001e+02 -4.1537e-01 -3.3384e+00
14529 +1.005048489e-08 +1.005048489e-08 +4.076100000e+02 +4.076100000e+02 -4.1530e-01 -3.3384e+00
15429 +9.502286957e-09 +9.502286957e-09 +4.076100000e+02 +4.076100000e+02 -4.1530e-01 -3.3384e+00
% function evaluation | noise-free fitness - Fopt (2.872000000000e+01) | best noise-free fitness - Fopt | measured fitness | best measured fitness | x1 | x2...
1 +2.033198156e+07 +2.033198156e+07 +2.033201028e+07 +2.033201028e+07 +4.4997e+00 +1.4284e+00
2 +1.237286751e+07 +1.237286751e+07 +1.237289623e+07 +1.237289623e+07 -1.2207e+00 +5.0419e-01
3 +1.171534293e+05 +1.171534293e+05 +1.171821493e+05 +1.171821493e+05 -2.2532e+00 -2.7463e+00
49 +9.185331094e+04 +9.185331094e+04 +9.188203094e+04 +9.188203094e+04 -1.4691e+00 -2.7900e+00
96 +5.748975521e+03 +5.748975521e+03 +5.777695521e+03 +5.777695521e+03 -7.0583e-01 -3.1679e+00
133 +1.365594361e+02 +1.365594361e+02 +1.652794361e+02 +1.652794361e+02 -2.2917e-01 -3.0965e+00
672 +8.020680197e+00 +8.020680197e+00 +3.674068020e+01 +3.674068020e+01 -7.5010e-01 -3.0867e+00
1545 +5.506636949e+00 +5.506636949e+00 +3.422663695e+01 +3.422663695e+01 -5.0455e-01 -3.0861e+00
3322 +1.613772531e+00 +1.613772531e+00 +3.033377253e+01 +3.033377253e+01 +2.1864e-01 -3.0846e+00
3764 +2.456061204e-01 +2.456061204e-01 +2.896560612e+01 +2.896560612e+01 +1.1822e+00 -3.0852e+00
4081 +1.716891192e-02 +1.716891192e-02 +2.873716891e+01 +2.873716891e+01 +1.2684e+00 -3.0848e+00
6218 +9.186383448e-03 +9.186383448e-03 +2.872918638e+01 +2.872918638e+01 +1.3368e+00 -3.0849e+00
6464 +3.537199858e-03 +3.537199858e-03 +2.872353720e+01 +2.872353720e+01 +1.3323e+00 -3.0848e+00
7514 +1.108368434e-03 +1.108368434e-03 +2.872110837e+01 +2.872110837e+01 +1.4069e+00 -3.0848e+00
8264 +4.098649687e-04 +4.098649687e-04 +2.872040986e+01 +2.872040986e+01 +1.4076e+00 -3.0848e+00
8413 +3.354606179e-04 +3.354606179e-04 +2.872033546e+01 +2.872033546e+01 +1.3990e+00 -3.0848e+00
8864 +1.102241450e-04 +1.102241450e-04 +2.872011022e+01 +2.872011022e+01 +1.3989e+00 -3.0848e+00
9071 +9.691669341e-06 +9.691669341e-06 +2.872000969e+01 +2.872000969e+01 +1.3977e+00 -3.0848e+00
9564 +6.098811994e-06 +6.098811994e-06 +2.872000610e+01 +2.872000610e+01 +1.3957e+00 -3.0848e+00
10114 +1.113253344e-06 +1.113253344e-06 +2.872000111e+01 +2.872000111e+01 +1.3935e+00 -3.0848e+00
11564 +3.921609206e-07 +3.921609206e-07 +2.872000039e+01 +2.872000039e+01 +1.3943e+00 -3.0848e+00
13869 +1.258156672e-07 +1.258156672e-07 +2.872000013e+01 +2.872000013e+01 +1.3946e+00 -3.0848e+00
14057 +6.559579191e-08 +6.559579191e-08 +2.872000007e+01 +2.872000007e+01 +1.3946e+00 -3.0848e+00
14569 +2.597630910e-08 +2.597630910e-08 +2.872000003e+01 +2.872000003e+01 +1.3942e+00 -3.0848e+00
16045 +1.712139408e-08 +1.712139408e-08 +2.872000002e+01 +2.872000002e+01 +1.3943e+00 -3.0848e+00
16797 +1.389517479e-08 +1.389517479e-08 +2.872000001e+01 +2.872000001e+01 +1.3945e+00 -3.0848e+00
17048 +4.556241606e-09 +4.556241606e-09 +2.872000000e+01 +2.872000000e+01 +1.3944e+00 -3.0848e+00
