% function evaluation | noise-free fitness - Fopt (-1.025500000000e+02) | best noise-free fitness - Fopt | measured fitness | best measured fitness | x1 | x2...
1 +3.958983983e+00 +3.958983983e+00 -9.859101602e+01 -9.859101602e+01 +1.5498e+00 +4.1219e+00
35 +9.975935050e-01 +9.975935050e-01 -1.015524065e+02 -1.015524065e+02 +6.8757e-02 +3.2986e+00
78 +3.573122939e-01 +3.573122939e-01 -1.021926877e+02 -1.021926877e+02 +5.3975e-01 +2.2195e+00
131 +1.340245975e-01 +1.340245975e-01 -1.024159754e+02 -1.024159754e+02 +7.2394e-02 +1.7157e+00
259 +2.425105842e-02 +2.425105842e-02 -1.025257489e+02 -1.025257489e+02 -1.2820e-01 +6.5458e-01
352 +8.944853180e-05 +8.944853180e-05 -1.025499106e+02 -1.025499106e+02 -1.2820e-01 +7.2613e-01
621 +2.367202036e-05 +2.367202036e-05 -1.025499763e+02 -1.025499763e+02 -1.2820e-01 +7.3301e-01
1145 +2.439985721e-06 +2.439985721e-06 -1.025499976e+02 -1.025499976e+02 -1.3333e-01 +7.0104e-01
1161 +7.277367899e-07 +7.277367899e-07 -1.025499993e+02 -1.025499993e+02 -1.3369e-01 +7.0104e-01
1365 +1.601116537e-07 +1.601116537e-07 -1.025499998e+02 -1.025499998e+02 -1.3374e-01 +7.0707e-01
1426 +8.210598423e-08 +8.210598423e-08 -1.025499999e+02 -1.025499999e+02 -1.3368e-01 +7.0618e-01
1439 +1.670025540e-08 +1.670025540e-08 -1.025500000e+02 -1.025500000e+02 -1.3464e-01 +6.9901e-01
1451 +1.322403875e-08 +1.322403875e-08 -1.025500000e+02 -1.025500000e+02 -1.3461e-01 +6.9901e-01
1476 +7.529990853e-09 +7.529990853e-09 -1.025500000e+02 -1.025500000e+02 -1.3505e-01 +6.9493e-01
% function evaluation | noise-free fitness - Fopt (7.169000000000e+01) | best noise-free fitness - Fopt | measured fitness | best measured fitness | x1 | x2...
1 +3.089705401e+00 +3.089705401e+00 +7.477970540e+01 +7.477970540e+01 -2.8521e+00 +1.8149e+00
8 +1.254473903e+00 +1.254473903e+00 +7.294447390e+01 +7.294447390e+01 -6.7738e-01 +1.5221e+00
14 +6.179038121e-01 +6.179038121e-01 +7.230790381e+01 +7.230790381e+01 -2.1895e+00 +2.7446e+00
15 +2.761179828e-01 +2.761179828e-01 +7.196611798e+01 +7.196611798e+01 +9.3101e-01 -1.0704e+00
126 +7.305006304e-02 +7.305006304e-02 +7.176305006e+01 +7.176305006e+01 +1.2854e+00 +8.4317e-01
264 +5.488751771e-02 +5.488751771e-02 +7.174488752e+01 +7.174488752e+01 -2.1895e+00 +2.3519e+00
418 +1.945813737e-03 +1.945813737e-03 +7.169194581e+01 +7.169194581e+01 -8.6061e-01 +5.0976e-01
899 +5.126621674e-05 +5.126621674e-05 +7.169005127e+01 +7.169005127e+01 -5.6236e-01 +2.2455e-01
905 +1.627328007e-05 +1.627328007e-05 +7.169001627e+01 +7.169001627e+01 -6.3202e-01 +2.8958e-01
974 +5.122872423e-06 +5.122872423e-06 +7.169000512e+01 +7.169000512e+01 -6.0786e-01 +2.6585e-01
1155 +8.203217874e-07 +8.203217874e-07 +7.169000082e+01 +7.169000082e+01 -6.6166e-01 +3.1567e-01
1231 +2.932158480e-07 +2.932158480e-07 +7.169000029e+01 +7.169000029e+01 -6.5808e-01 +3.1176e-01
1261 +1.192557164e-07 +1.192557164e-07 +7.169000012e+01 +7.169000012e+01 -6.3582e-01 +2.9107e-01
1262 +7.861501672e-09 +7.861501672e-09 +7.169000001e+01 +7.169000001e+01 -6.4435e-01 +2.9869e-01
% function evaluation | noise-free fitness - Fopt (2.140100000000e+02) | best noise-free fitness - Fopt | measured fitness | best measured fitness | x1 | x2...
1 +7.048891680e+01 +7.048891680e+01 +2.844989168e+02 +2.844989168e+02 -1.5208e+00 -4.3678e+00
2 +1.059409234e+01 +1.059409234e+01 +2.246040923e+02 +2.246040923e+02 +3.3786e+00 -1.3709e+00
6 +3.087529490e+00 +3.087529490e+00 +2.170975295e+02 +2.170975295e+02 -1.5002e+00 -2.3425e+00
81 +1.178221852e+00 +1.178221852e+00 +2.151882219e+02 +2.151882219e+02 +6.5313e-01 +2.9522e-01
96 +5.716656225e-01 +5.716656225e-01 +2.145816656e+02 +2.145816656e+02 -1.0891e+00 +9.9912e-01
173 +2.992869839e-01 +2.992869839e-01 +2.143092870e+02 +2.143092870e+02 +9.6930e-01 -3.6744e-01
236 +1.388137574e-01 +1.388137574e-01 +2.141488138e+02 +2.141488138e+02 -6.0528e-01 -9.1040e-01
552 +2.418654940e-02 +2.418654940e-02 +2.140341865e+02 +2.140341865e+02 -1.8718e+00 -1.6240e+00
1554 +1.572172763e-02 +1.572172763e-02 +2.140257217e+02 +2.140257217e+02 -2.0552e+00 -1.6647e+00
2702 +5.530935043e-03 +5.530935043e-03 +2.140155309e+02 +2.140155309e+02 -7.1831e-01 +7.9479e-01
2913 +4.422099209e-04 +4.422099209e-04 +2.140104422e+02 +2.140104422e+02 -2.4482e-01 +4.5272e-01
3082 +4.273049299e-05 +4.273049299e-05 +2.140100427e+02 +2.140100427e+02 -4.3139e-01 +5.9676e-01
3115 +8.953833373e-06 +8.953833373e-06 +2.140100090e+02 +2.140100090e+02 -4.3497e-01 +5.9498e-01
3122 +3.517018087e-06 +3.517018087e-06 +2.140100035e+02 +2.140100035e+02 -4.3361e-01 +5.9676e-01
3165 +1.565938476e-06 +1.565938476e-06 +2.140100016e+02 +2.140100016e+02 -4.3450e-01 +5.9696e-01
3226 +6.550102398e-07 +6.550102398e-07 +2.140100007e+02 +2.140100007e+02 -3.8481e-01 +5.6012e-01
3308 +8.541590546e-08 +8.541590546e-08 +2.140100001e+02 +2.140100001e+02 -4.1284e-01 +5.8080e-01
3312 +1.944999894e-08 +1.944999894e-08 +2.140100000e+02 +2.140100000e+02 -4.1339e-01 +5.8092e-01
3753 +1.539754635e-08 +1.539754635e-08 +2.140100000e+02 +2.140100000e+02 -4.1267e-01 +5.8043e-01
3813 +9.706866422e-09 +9.706866422e-09 +2.140100000e+02 +2.140100000e+02 -4.1185e-01 +5.7982e-01
% function evaluation | noise-free fitness - Fopt (-5.848000000000e+01) | best noise-free fitness - Fopt | measured fitness | best measured fitness | x1 | x2...
1 +5.385597673e+01 +5.385597673e+01 -4.624023274e+00 -4.624023274e+00 +3.1323e-01 -3.1987e+00
4 +5.938402036e+00 +5.938402036e+00 -5.254159796e+01 -5.254159796e+01 +1.4488e+00 -1.2717e+00
5 +3.159040338e+00 +3.159040338e+00 -5.532095966e+01 -5.532095966e+01 +1.7139e+00 +1.7444e+00
7 +1.267334134e+00 +1.267334134e+00 -5.721266587e+01 -5.721266587e+01 -9.7422e-01 +1.4395e+00
38 +1.640053645e-02 +1.640053645e-02 -5.846359946e+01 -5.846359946e+01 +6.1198e-01 +1.6194e+00
3184 +1.448651014e-02 +1.448651014e-02 -5.846551349e+01 -5.846551349e+01 +1.0177e+00 -7.2815e-01
3396 +9.049928707e-03 +9.049928707e-03 -5.847095007e+01 -5.847095007e+01 +8.5675e-01 -6.6729e-01
3579 +5.519183231e-03 +5.519183231e-03 -5.847448082e+01 -5.847448082e+01 +8.7326e-01 -6.6640e-01
3603 +1.780088474e-03 +1.780088474e-03 -5.847821991e+01 -5.847821991e+01 +7.9312e-01 -6.3436e-01
3620 +5.511780687e-04 +5.511780687e-04 -5.847944882e+01 -5.847944882e+01 +6.9297e-01 -5.8794e-01
3735 +9.037612207e-05 +9.037612207e-05 -5.847990962e+01 -5.847990962e+01 +4.9432e-01 -4.9236e-01
3969 +6.238737378e-05 +6.238737378e-05 -5.847993761e+01 -5.847993761e+01 +4.3948e-01 -4.6537e-01
4126 +3.315947549e-05 +3.315947549e-05 -5.847996684e+01 -5.847996684e+01 +4.5542e-01 -4.7380e-01
4138 +3.485277695e-06 +3.485277695e-06 -5.847999651e+01 -5.847999651e+01 +4.5573e-01 -4.7664e-01
4160 +7.877413566e-08 +7.877413566e-08 -5.847999992e+01 -5.847999992e+01 +5.0263e-01 -4.9992e-01
4205 +4.274124166e-08 +4.274124166e-08 -5.847999996e+01 -5.847999996e+01 +5.0829e-01 -5.0256e-01
4212 +3.155307127e-08 +3.155307127e-08 -5.847999997e+01 -5.847999997e+01 +5.0762e-01 -5.0220e-01
4276 +1.404538352e-08 +1.404538352e-08 -5.847999999e+01 -5.847999999e+01 +4.9647e-01 -4.9662e-01
4285 +3.078895361e-09 +3.078895361e-09 -5.848000000e+01 -5.848000000e+01 +5.0252e-01 -4.9965e-01
% function evaluation | noise-free fitness - Fopt (-6.130800000000e+02) | best noise-free fitness - Fopt | measured fitness | best measured fitness | x1 | x2...
1 +6.313576567e+00 +6.313576567e+00 -6.067664234e+02 -6.067664234e+02 +3.8747e+00 +3.4914e+00
3 +5.934950937e+00 +5.934950937e+00 -6.071450491e+02 -6.071450491e+02 -2.7787e+00 -2.6961e+00
5 +3.155487234e+00 +3.155487234e+00 -6.099245128e+02 -6.099245128e+02 +2.7745e+00 +2.6167e+00
48 +1.535971939e-01 +1.535971939e-01 -6.129264028e+02 -6.129264028e+02 -1.1597e+00 +6.9388e+00
274 +3.197137858e-02 +3.197137858e-02 -6.130480286e+02 -6.130480286e+02 -1.1902e+00 +1.2233e+00
814 +1.674489717e-02 +1.674489717e-02 -6.130632551e+02 -6.130632551e+02 -1.2488e+00 +1.1777e+00
2623 +1.570811090e-02 +1.570811090e-02 -6.130642919e+02 -6.130642919e+02 -1.2866e+00 +5.4980e-01
% function evaluation | noise-free fitness - Fopt (7.346000000000e+01) | best noise-free fitness - Fopt | measured fitness | best measured fitness | x1 | x2...
1 +2.758155883e+01 +2.758155883e+01 +1.010415588e+02 +1.010415588e+02 +2.8414e+00 +2.3756e+00
2 +3.182270800e+00 +3.182270800e+00 +7.664227080e+01 +7.664227080e+01 +2.3036e+00 -1.8632e+00
6 +2.245713058e+00 +2.245713058e+00 +7.570571306e+01 +7.570571306e+01 +1.7504e-01 -6.4666e-01
90 +8.319748293e-01 +8.319748293e-01 +7.429197483e+01 +7.429197483e+01 +4.0060e-01 +1.0626e+00
237 +4.564998222e-01 +4.564998222e-01 +7.391649982e+01 +7.391649982e+01 +1.0557e+00 +9.0522e-01
328 +3.154200180e-02 +3.154200180e-02 +7.349154200e+01 +7.349154200e+01 -2.1091e-01 -6.8368e-01
341 +1.967896034e-02 +1.967896034e-02 +7.347967896e+01 +7.347967896e+01 -2.9162e-01 -7.7163e-01
350 +4.319289886e-03 +4.319289886e-03 +7.346431929e+01 +7.346431929e+01 +9.3378e-01 +5.5581e-01
2018 +1.990462948e-03 +1.990462948e-03 +7.346199046e+01 +7.346199046e+01 +7.0281e-01 +4.8891e-01
2125 +7.511744241e-04 +7.511744241e-04 +7.346075117e+01 +7.346075117e+01 +6.2884e-01 +4.6370e-01
2134 +5.200950535e-04 +5.200950535e-04 +7.346052010e+01 +7.346052010e+01 +7.7506e-01 +5.0714e-01
2135 +1.399614014e-05 +1.399614014e-05 +7.346001400e+01 +7.346001400e+01 +6.3398e-01 +4.6126e-01
2287 +5.083646101e-06 +5.083646101e-06 +7.346000508e+01 +7.346000508e+01 +5.6248e-01 +4.3470e-01
2318 +8.539218470e-07 +8.539218470e-07 +7.346000085e+01 +7.346000085e+01 +5.2968e-01 +4.2404e-01
2424 +2.665572651e-09 +2.665572651e-09 +7.346000000e+01 +7.346000000e+01 +5.5699e-01 +4.3414e-01
% function evaluation | noise-free fitness - Fopt (4.560000000000e+00) | best noise-free fitness - Fopt | measured fitness | best measured fitness | x1 | x2...
1 +2.048515749e+02 +2.048515749e+02 +2.094115749e+02 +2.094115749e+02 +3.4319e+00 -4.7093e+00
2 +1.423996451e+01 +1.423996451e+01 +1.879996451e+01 +1.879996451e+01 +1.8367e+00 +3.6722e+00
3 +2.736902533e+00 +2.736902533e+00 +7.296902533e+00 +7.296902533e+00 -5.7391e-01 -3.1429e-02
42 +1.822889545e+00 +1.822889545e+00 +6.382889545e+00 +6.382889545e+00 -1.3591e+00 -1.1578e+00
93 +6.765258602e-01 +6.765258602e-01 +5.236525860e+00 +5.236525860e+00 -5.7391e-01 -2.1091e+00
97 +5.675807563e-01 +5.675807563e-01 +5.127580756e+00 +5.127580756e+00 -1.4714e-01 -3.0027e-01
111 +2.867114073e-01 +2.867114073e-01 +4.846711407e+00 +4.846711407e+00 -1.4714e-01 +4.8133e-01
131 +1.574440465e-01 +1.574440465e-01 +4.717444047e+00 +4.717444047e+00 -1.4714e-01 +1.0995e-01
168 +5.600226137e-02 +5.600226137e-02 +4.616002261e+00 +4.616002261e+00 +8.8123e-02 +1.3355e+00
229 +5.312343496e-03 +5.312343496e-03 +4.565312343e+00 +4.565312343e+00 +1.8733e-02 +1.1210e+00
489 +3.004249342e-03 +3.004249342e-03 +4.563004249e+00 +4.563004249e+00 -1.3948e-01 +3.8300e-01
671 +1.341970521e-03 +1.341970521e-03 +4.561341971e+00 +4.561341971e+00 -1.2049e-01 +4.7962e-01
721 +8.592311221e-04 +8.592311221e-04 +4.560859231e+00 +4.560859231e+00 -1.1751e-01 +5.0076e-01
734 +5.744907364e-04 +5.744907364e-04 +4.560574491e+00 +4.560574491e+00 -1.0538e-01 +5.6606e-01
761 +5.178020269e-05 +5.178020269e-05 +4.560051780e+00 +4.560051780e+00 -1.0587e-01 +5.8526e-01
823 +1.471102325e-05 +1.471102325e-05 +4.560014711e+00 +4.560014711e+00 -9.8035e-02 +6.3063e-01
861 +9.071956974e-06 +9.071956974e-06 +4.560009072e+00 +4.560009072e+00 -9.7349e-02 +6.3063e-01
876 +2.054800007e-06 +2.054800007e-06 +4.560002055e+00 +4.560002055e+00 -9.0730e-02 +6.6587e-01
891 +1.031544215e-06 +1.031544215e-06 +4.560001032e+00 +4.560001032e+00 -8.5078e-02 +6.9431e-01
937 +8.014755615e-08 +8.014755615e-08 +4.560000080e+00 +4.560000080e+00 -8.5200e-02 +6.9025e-01
1014 +2.026311030e-08 +2.026311030e-08 +4.560000020e+00 +4.560000020e+00 -8.3166e-02 +6.9946e-01
1107 +1.231717661e-08 +1.231717661e-08 +4.560000012e+00 +4.560000012e+00 -8.3423e-02 +6.9915e-01
1127 +1.601799582e-09 +1.601799582e-09 +4.560000002e+00 +4.560000002e+00 -8.2336e-02 +7.0401e-01
% function evaluation | noise-free fitness - Fopt (1.000000000000e+03) | best noise-free fitness - Fopt | measured fitness | best measured fitness | x1 | x2...
1 +9.847426954e-01 +9.847426954e-01 +1.000984743e+03 +1.000984743e+03 +1.5282e+00 +4.9381e+00
174 +5.236916504e-01 +5.236916504e-01 +1.000523692e+03 +1.000523692e+03 -1.5393e+00 +6.9614e-01
274 +2.515514856e-01 +2.515514856e-01 +1.000251551e+03 +1.000251551e+03 +1.0701e+00 +6.2255e-01
410 +1.037186553e-01 +1.037186553e-01 +1.000103719e+03 +1.000103719e+03 -6.2455e-01 +2.1563e+00
579 +4.256892181e-02 +4.256892181e-02 +1.000042569e+03 +1.000042569e+03 +1.3274e-01 -1.4633e-01
1060 +2.928152802e-02 +2.928152802e-02 +1.000029282e+03 +1.000029282e+03 -7.2517e-01 +1.0539e+00
2067 +9.479263088e-03 +9.479263088e-03 +1.000009479e+03 +1.000009479e+03 +2.9894e-01 -1.1408e-01
2462 +4.110721257e-03 +4.110721257e-03 +1.000004111e+03 +1.000004111e+03 +3.7113e-01 -9.5424e-02
2487 +3.424495242e-03 +3.424495242e-03 +1.000003424e+03 +1.000003424e+03 +3.9552e-01 -9.0583e-02
2571 +2.029600642e-03 +2.029600642e-03 +1.000002030e+03 +1.000002030e+03 +4.2875e-01 -8.0744e-02
2593 +1.424148065e-03 +1.424148065e-03 +1.000001424e+03 +1.000001424e+03 +4.4792e-01 -7.4598e-02
2621 +8.691349173e-04 +8.691349173e-04 +1.000000869e+03 +1.000000869e+03 +4.7725e-01 -6.4613e-02
2641 +5.662614719e-04 +5.662614719e-04 +1.000000566e+03 +1.000000566e+03 +4.9920e-01 -5.9135e-02
2655 +2.003631196e-04 +2.003631196e-04 +1.000000200e+03 +1.000000200e+03 +5.5457e-01 -4.0627e-02
2671 +5.464832441e-05 +5.464832441e-05 +1.000000055e+03 +1.000000055e+03 +6.4270e-01 -1.5583e-02
2681 +6.337132390e-06 +6.337132390e-06 +1.000000006e+03 +1.000000006e+03 +6.6278e-01 -7.6452e-03
2715 +5.734768706e-06 +5.734768706e-06 +1.000000006e+03 +1.000000006e+03 +6.4701e-01 -1.1671e-02
2735 +4.538287612e-07 +4.538287612e-07 +1.000000000e+03 +1.000000000e+03 +6.8752e-01 +1.4579e-03
2759 +2.057264510e-07 +2.057264510e-07 +1.000000000e+03 +1.000000000e+03 +7.0358e-01 +7.7484e-03
2869 +1.044252258e-07 +1.044252258e-07 +1.000000000e+03 +1.000000000e+03 +6.9450e-01 +4.1285e-03
2884 +9.072709872e-08 +9.072709872e-08 +1.000000000e+03 +1.000000000e+03 +7.0477e-01 +8.0382e-03
2978 +4.292337508e-08 +4.292337508e-08 +1.000000000e+03 +1.000000000e+03 +7.1568e-01 +1.1569e-02
2981 +3.653440217e-08 +3.653440217e-08 +1.000000000e+03 +1.000000000e+03 +7.0991e-01 +9.3892e-03
3038 +2.483693606e-08 +2.483693606e-08 +1.000000000e+03 +1.000000000e+03 +7.0967e-01 +9.3341e-03
3084 +4.492676453e-09 +4.492676453e-09 +1.000000000e+03 +1.000000000e+03 +7.0968e-01 +9.4508e-03
% function evaluation | noise-free fitness - Fopt (1.577000000000e+01) | best noise-free fitness - Fopt | measured fitness | best measured fitness | x1 | x2...
1 +3.089766070e+02 +3.089766070e+02 +3.247466070e+02 +3.247466070e+02 +4.2578e+00 -4.7702e+00
2 +1.693558461e+01 +1.693558461e+01 +3.270558461e+01 +3.270558461e+01 -4.9408e+00 -4.7130e+00
4 +6.387220817e+00 +6.387220817e+00 +2.215722082e+01 +2.215722082e+01 +3.1821e+00 +3.0409e+00
18 +5.075978162e+00 +5.075978162e+00 +2.084597816e+01 +2.084597816e+01 +3.7817e+00 +3.1794e+00
36 +2.106752465e-01 +2.106752465e-01 +1.598067525e+01 +1.598067525e+01 +7.4696e-01 +2.4118e-01
338 +1.334892621e-01 +1.334892621e-01 +1.590348926e+01 +1.590348926e+01 +3.2371e-01 -7.4578e-01
397 +5.868578325e-02 +5.868578325e-02 +1.582868578e+01 +1.582868578e+01 +1.3376e-01 +3.9454e-01
531 +3.246931669e-02 +3.246931669e-02 +1.580246932e+01 +1.580246932e+01 +5.7573e-01 +3.9454e-01
1333 +6.599623573e-03 +6.599623573e-03 +1.577659962e+01 +1.577659962e+01 -4.0445e-01 +9.9007e-02
1403 +1.467241245e-04 +1.467241245e-04 +1.577014672e+01 +1.577014672e+01 -5.8683e-01 +6.2732e-02
1591 +1.973893331e-05 +1.973893331e-05 +1.577001974e+01 +1.577001974e+01 -6.2775e-01 +4.8590e-02
1666 +1.558797285e-05 +1.558797285e-05 +1.577001559e+01 +1.577001559e+01 -6.2493e-01 +5.0623e-02
1720 +5.165034473e-06 +5.165034473e-06 +1.577000517e+01 +1.577000517e+01 -6.4787e-01 +4.3641e-02
1762 +2.296106905e-06 +2.296106905e-06 +1.577000230e+01 +1.577000230e+01 -6.6374e-01 +3.9066e-02
1790 +1.445216267e-06 +1.445216267e-06 +1.577000145e+01 +1.577000145e+01 -7.4294e-01 +1.6747e-02
1864 +6.307602867e-07 +6.307602867e-07 +1.577000063e+01 +1.577000063e+01 -6.7959e-01 +3.4707e-02
1865 +9.183810334e-08 +9.183810334e-08 +1.577000009e+01 +1.577000009e+01 -6.9485e-01 +3.0450e-02
1954 +4.378887830e-08 +4.378887830e-08 +1.577000004e+01 +1.577000004e+01 -7.0040e-01 +2.8800e-02
2005 +2.545138855e-08 +2.545138855e-08 +1.577000003e+01 +1.577000003e+01 -7.0948e-01 +2.6157e-02
2029 +1.731017285e-08 +1.731017285e-08 +1.577000002e+01 +1.577000002e+01 -7.0256e-01 +2.8226e-02
2048 +1.524260007e-08 +1.524260007e-08 +1.577000002e+01 +1.577000002e+01 -7.0680e-01 +2.6960e-02
2067 +5.599154917e-09 +5.599154917e-09 +1.577000001e+01 +1.577000001e+01 -7.0463e-01 +2.7652e-02
% function evaluation | noise-free fitness - Fopt (-1.697500000000e+02) | best noise-free fitness - Fopt | measured fitness | best measured fitness | x1 | x2...
1 +1.698573885e+01 +1.698573885e+01 -1.527642612e+02 -1.527642612e+02 -1.7120e+00 -2.1277e+00
5 +1.534290329e+01 +1.534290329e+01 -1.544070967e+02 -1.544070967e+02 +8.3239e-01 +1.0584e-01
11 +3.150172984e+00 +3.150172984e+00 -1.665998270e+02 -1.665998270e+02 +8.3239e-01 +2.1981e+00
12 +1.238391973e+00 +1.238391973e+00 -1.685116080e+02 -1.685116080e+02 -2.0476e+00 -4.7387e+00
32 +5.426999731e-01 +5.426999731e-01 -1.692073000e+02 -1.692073000e+02 -2.4082e+00 -7.6997e+00
56 +8.865220337e-03 +8.865220337e-03 -1.697411348e+02 -1.697411348e+02 -6.5229e-01 -8.5157e-01
382 +4.601331208e-03 +4.601331208e-03 -1.697453987e+02 -1.697453987e+02 -6.4235e-01 -8.4852e-01
401 +3.567498874e-03 +3.567498874e-03 -1.697464325e+02 -1.697464325e+02 -6.4235e-01 -8.4571e-01
1189 +2.501170921e-03 +2.501170921e-03 -1.697474988e+02 -1.697474988e+02 -6.3737e-01 -8.2809e-01
1256 +1.495878428e-03 +1.495878428e-03 -1.697485041e+02 -1.697485041e+02 -6.1420e-01 -7.6966e-01
1325 +9.749693111e-04 +9.749693111e-04 -1.697490250e+02 -1.697490250e+02 -5.9597e-01 -7.2629e-01
1382 +5.665976259e-04 +5.665976259e-04 -1.697494334e+02 -1.697494334e+02 -5.6792e-01 -6.6102e-01
1393 +2.521062337e-04 +2.521062337e-04 -1.697497479e+02 -1.697497479e+02 -5.6039e-01 -6.4648e-01
1413 +8.929753801e-05 +8.929753801e-05 -1.697499107e+02 -1.697499107e+02 -5.3305e-01 -5.8640e-01
1491 +4.478619641e-05 +4.478619641e-05 -1.697499552e+02 -1.697499552e+02 -5.0252e-01 -5.2118e-01
1494 +2.437828010e-05 +2.437828010e-05 -1.697499756e+02 -1.697499756e+02 -5.1502e-01 -5.4886e-01
1514 +1.077888643e-05 +1.077888643e-05 -1.697499892e+02 -1.697499892e+02 -4.9408e-01 -5.0530e-01
1524 +6.901565172e-06 +6.901565172e-06 -1.697499931e+02 -1.697499931e+02 -4.9368e-01 -5.0491e-01
1543 +6.124219539e-06 +6.124219539e-06 -1.697499939e+02 -1.697499939e+02 -4.7214e-01 -4.6185e-01
1555 +3.797113294e-06 +3.797113294e-06 -1.697499962e+02 -1.697499962e+02 -4.6927e-01 -4.5893e-01
1607 +2.403229132e-06 +2.403229132e-06 -1.697499976e+02 -1.697499976e+02 -5.1181e-01 -5.4710e-01
1620 +6.883287540e-07 +6.883287540e-07 -1.697499993e+02 -1.697499993e+02 -4.7986e-01 -4.8001e-01
1660 +1.469808808e-07 +1.469808808e-07 -1.697499999e+02 -1.697499999e+02 -4.8868e-01 -4.9716e-01
1718 +2.698104140e-08 +2.698104140e-08 -1.697500000e+02 -1.697500000e+02 -4.9124e-01 -5.0276e-01
1754 +2.099514518e-08 +2.099514518e-08 -1.697500000e+02 -1.697500000e+02 -4.9397e-01 -5.0896e-01
1785 +4.076326832e-09 +4.076326832e-09 -1.697500000e+02 -1.697500000e+02 -4.9260e-01 -5.0597e-01
% function evaluation | noise-free fitness - Fopt (-4.190000000000e+00) | best noise-free fitness - Fopt | measured fitness | best measured fitness | x1 | x2...
1 +7.689262779e+00 +7.689262779e+00 +3.499262779e+00 +3.499262779e+00 +1.0009e+00 -3.2400e+00
6 +4.610359194e+00 +4.610359194e+00 +4.203591943e-01 +4.203591943e-01 -4.7390e+00 +8.3191e-01
13 +2.499235327e+00 +2.499235327e+00 -1.690764673e+00 -1.690764673e+00 -1.9975e+00 +7.8683e-01
15 +1.035818993e+00 +1.035818993e+00 -3.154181007e+00 -3.154181007e+00 -1.6370e+00 -7.2697e-01
191 +3.544129288e-01 +3.544129288e-01 -3.835587071e+00 -3.835587071e+00 +2.9571e-01 -7.2697e-01
420 +2.388393874e-01 +2.388393874e-01 -3.951160613e+00 -3.951160613e+00 +2.6836e+00 +4.1677e-01
488 +9.569506319e-02 +9.569506319e-02 -4.094304937e+00 -4.094304937e+00 -9.5024e-01 +1.5348e-01
608 +6.526925785e-03 +6.526925785e-03 -4.183473074e+00 -4.183473074e+00 +3.4309e-01 +2.7997e-01
1032 +1.550999579e-03 +1.550999579e-03 -4.188449000e+00 -4.188449000e+00 +9.1008e-01 +3.9883e-01
1107 +3.642375050e-04 +3.642375050e-04 -4.189635762e+00 -4.189635762e+00 +8.1794e-01 +3.8238e-01
1120 +7.212551880e-05 +7.212551880e-05 -4.189927874e+00 -4.189927874e+00 +7.0216e-01 +3.6171e-01
1128 +5.275176852e-06 +5.275176852e-06 -4.189994725e+00 -4.189994725e+00 +6.1127e-01 +3.4549e-01
1361 +2.206748050e-06 +2.206748050e-06 -4.189997793e+00 -4.189997793e+00 +6.5211e-01 +3.5395e-01
1422 +3.682176892e-07 +3.682176892e-07 -4.189999632e+00 -4.189999632e+00 +6.3926e-01 +3.5226e-01
1561 +8.354305692e-08 +8.354305692e-08 -4.189999916e+00 -4.189999916e+00 +6.2466e-01 +3.4954e-01
1573 +5.124772784e-08 +5.124772784e-08 -4.189999949e+00 -4.189999949e+00 +6.2080e-01 +3.4880e-01
1593 +3.238883473e-08 +3.238883473e-08 -4.189999968e+00 -4.189999968e+00 +6.2022e-01 +3.4865e-01
1595 +2.277979938e-08 +2.277979938e-08 -4.189999977e+00 -4.189999977e+00 +6.2143e-01 +3.4868e-01
1689 +2.045638325e-09 +2.045638325e-09 -4.189999998e+00 -4.189999998e+00 +6.1481e-01 +3.4743e-01
% function evaluation | noise-free fitness - Fopt (-1.816800000000e+02) | best noise-free fitness - Fopt | measured fitness | best measured fitness | x1 | x2...
1 +2.110509040e+01 +2.110509040e+01 -1.605749096e+02 -1.605749096e+02 +4.8248e+00 -4.9577e+00
5 +9.010405619e+00 +9.010405619e+00 -1.726695944e+02 -1.726695944e+02 +2.5458e-01 +3.0007e+00
7 +4.939131419e+00 +4.939131419e+00 -1.767408686e+02 -1.767408686e+02 +9.3800e-01 -3.6091e+00
8 +1.207448563e+00 +1.207448563e+00 -1.804725514e+02 -1.804725514e+02 -8.8839e-01 +2.5718e+00
36 +3.206033647e-01 +3.206033647e-01 -1.813593966e+02 -1.813593966e+02 -3.3760e+00 +9.4698e-01
379 +2.316492156e-01 +2.316492156e-01 -1.814483508e+02 -1.814483508e+02 -4.5555e-01 +3.1020e+00
513 +9.913392050e-02 +9.913392050e-02 -1.815808661e+02 -1.815808661e+02 -1.2615e-01 +1.4071e+00
594 +3.154540016e-02 +3.154540016e-02 -1.816484546e+02 -1.816484546e+02 -3.7464e-02 +4.7817e-01
665 +1.675017882e-02 +1.675017882e-02 -1.816632498e+02 -1.816632498e+02 +6.0353e-02 +9.6525e-01
962 +7.914939153e-04 +7.914939153e-04 -1.816792085e+02 -1.816792085e+02 +7.1797e-02 +9.4698e-01
1245 +1.780486971e-04 +1.780486971e-04 -1.816798220e+02 -1.816798220e+02 +9.4750e-02 +8.4072e-01
1332 +6.811041280e-05 +6.811041280e-05 -1.816799319e+02 -1.816799319e+02 +9.5124e-02 +8.2968e-01
1427 +3.239383418e-05 +3.239383418e-05 -1.816799676e+02 -1.816799676e+02 +1.0480e-01 +7.8128e-01
1459 +1.547876747e-05 +1.547876747e-05 -1.816799845e+02 -1.816799845e+02 +1.0495e-01 +7.7688e-01
1515 +9.602167040e-06 +9.602167040e-06 -1.816799904e+02 -1.816799904e+02 +1.0484e-01 +7.7126e-01
1521 +1.380215963e-06 +1.380215963e-06 -1.816799986e+02 -1.816799986e+02 +1.1465e-01 +7.1840e-01
1572 +1.150878575e-07 +1.150878575e-07 -1.816799999e+02 -1.816799999e+02 +1.1849e-01 +6.9144e-01
1677 +2.120799536e-08 +2.120799536e-08 -1.816800000e+02 -1.816800000e+02 +1.1808e-01 +6.9301e-01
1709 +5.789388524e-09 +5.789388524e-09 -1.816800000e+02 -1.816800000e+02 +1.1781e-01 +6.9402e-01
% function evaluation | noise-free fitness - Fopt (9.367000000000e+01) | best noise-free fitness - Fopt | measured fitness | best measured fitness | x1 | x2...
1 +5.408677625e+00 +5.408677625e+00 +9.907867762e+01 +9.907867762e+01 -1.3236e+00 +3.1917e+00
41 +2.476444109e+00 +2.476444109e+00 +9.614644411e+01 +9.614644411e+01 +7.4848e-01 +1.5574e+00
48 +9.837169203e-01 +9.837169203e-01 +9.465371692e+01 +9.465371692e+01 -4.2003e-01 +1.3464e+00
65 +2.063027307e-01 +2.063027307e-01 +9.387630273e+01 +9.387630273e+01 -1.8996e-01 -2.0840e+00
312 +6.820873179e-02 +6.820873179e-02 +9.373820873e+01 +9.373820873e+01 +7.1272e-01 +1.0114e+00
626 +4.391638025e-02 +4.391638025e-02 +9.371391638e+01 +9.371391638e+01 +6.7447e-01 +5.7426e-01
938 +1.647283497e-02 +1.647283497e-02 +9.368647283e+01 +9.368647283e+01 +1.2799e+00 +5.8832e-01
2517 +1.573971892e-02 +1.573971892e-02 +9.368573972e+01 +9.368573972e+01 +8.7769e-01 +5.4300e-01
6356 +2.137933190e-03 +2.137933190e-03 +9.367213793e+01 +9.367213793e+01 -1.6886e-01 -8.1821e-01
6595 +2.967844903e-04 +2.967844903e-04 +9.367029678e+01 +9.367029678e+01 -1.6117e-01 -8.1011e-01
6648 +8.100948678e-05 +8.100948678e-05 +9.367008101e+01 +9.367008101e+01 -1.7781e-01 -6.0120e-01
6693 +1.798736555e-05 +1.798736555e-05 +9.367001799e+01 +9.367001799e+01 -1.7964e-01 -6.3263e-01
6701 +1.235756135e-05 +1.235756135e-05 +9.367001236e+01 +9.367001236e+01 -1.7964e-01 -6.2716e-01
6731 +4.989348298e-06 +4.989348298e-06 +9.367000499e+01 +9.367000499e+01 -1.7804e-01 -6.2716e-01
6749 +3.436176002e-07 +3.436176002e-07 +9.367000034e+01 +9.367000034e+01 -1.7620e-01 -6.6549e-01
6817 +4.419591448e-08 +4.419591448e-08 +9.367000004e+01 +9.367000004e+01 -1.7382e-01 -6.9416e-01
6864 +1.098712232e-09 +1.098712232e-09 +9.367000000e+01 +9.367000000e+01 -1.7442e-01 -6.8667e-01
% function evaluation | noise-free fitness - Fopt (2.165000000000e+01) | best noise-free fitness - Fopt | measured fitness | best measured fitness | x1 | x2...
1 +1.944969296e+01 +1.944969296e+01 +4.109969296e+01 +4.109969296e+01 +1.3200e-01 +9.2885e-01
7 +8.600868466e+00 +8.600868466e+00 +3.025086847e+01 +3.025086847e+01 +1.6763e+00 +4.9060e+00
11 +4.698310844e+00 +4.698310844e+00 +2.634831084e+01 +2.634831084e+01 +8.8115e-01 +4.9060e+00
16 +2.653995078e+00 +2.653995078e+00 +2.430399508e+01 +2.430399508e+01 +4.8971e+00 +4.2670e+00
40 +1.017353786e+00 +1.017353786e+00 +2.266735379e+01 +2.266735379e+01 +1.4742e+00 +9.7488e-01
57 +8.075767353e-02 +8.075767353e-02 +2.173075767e+01 +2.173075767e+01 -6.1830e-01 +2.5983e+00
332 +4.715918679e-02 +4.715918679e-02 +2.169715919e+01 +2.169715919e+01 -3.5884e-01 +6.0106e+00
695 +1.987543428e-02 +1.987543428e-02 +2.166987543e+01 +2.166987543e+01 +2.1170e-01 +1.0340e+01
1768 +1.579695669e-02 +1.579695669e-02 +2.166579696e+01 +2.166579696e+01 +4.1583e-01 +1.1713e+01
% function evaluation | noise-free fitness - Fopt (1.161100000000e+02) | best noise-free fitness - Fopt | measured fitness | best measured fitness | x1 | x2...
1 +1.920757557e+01 +1.920757557e+01 +1.353175756e+02 +1.353175756e+02 -5.0123e-01 +1.4730e+00
3 +1.615755735e+00 +1.615755735e+00 +1.177257557e+02 +1.177257557e+02 -2.1615e+00 +4.6173e+00
13 +1.258618515e+00 +1.258618515e+00 +1.173686185e+02 +1.173686185e+02 -1.2447e+00 +2.0960e+00
78 +7.700619527e-01 +7.700619527e-01 +1.168800620e+02 +1.168800620e+02 -5.4962e-01 -1.4678e-01
100 +2.905992086e-01 +2.905992086e-01 +1.164005992e+02 +1.164005992e+02 +4.0266e-01 +4.1489e-01
152 +1.737945637e-01 +1.737945637e-01 +1.162837946e+02 +1.162837946e+02 +5.9395e-01 +4.1489e-01
346 +2.962650180e-02 +2.962650180e-02 +1.161396265e+02 +1.161396265e+02 +1.3956e+00 +3.7123e-01
1906 +1.618741317e-02 +1.618741317e-02 +1.161261874e+02 +1.161261874e+02 +9.3252e-01 -3.3291e-03
3066 +1.577729775e-02 +1.577729775e-02 +1.161257773e+02 +1.161257773e+02 +1.4177e+00 +4.3055e-01
