% function evaluation | noise-free fitness - Fopt (7.948000000000e+01) | best noise-free fitness - Fopt | measured fitness | best measured fitness | x1 | x2...
1 +1.916637927e+01 +1.916637927e+01 +9.864637927e+01 +9.864637927e+01 -2.0088e+00 -3.9448e+00 -2.9744e+00 +1.7392e+00 -3.7668e+00
17 +1.168837422e+01 +1.168837422e+01 +9.116837422e+01 +9.116837422e+01 +2.2410e+00 -8.3188e-01 -1.2613e+00 +3.0341e-01 -5.1123e-01
25 +2.422260473e+00 +2.422260473e+00 +8.190226047e+01 +8.190226047e+01 -2.3537e-01 -1.5551e+00 +4.3406e-02 +2.7350e+00 -3.5654e+00
218 +1.052500952e+00 +1.052500952e+00 +8.053250095e+01 +8.053250095e+01 +1.1969e+00 -1.4362e+00 -9.5968e-01 +1.9440e+00 -2.5159e+00
412 +6.297186100e-01 +6.297186100e-01 +8.010971861e+01 +8.010971861e+01 -6.1618e-02 -7.2631e-01 -7.2334e-01 +1.4349e+00 -2.3584e+00
518 +1.595559365e-01 +1.595559365e-01 +7.963955594e+01 +7.963955594e+01 +1.0747e-01 -8.0909e-01 -8.2209e-01 +1.8534e+00 -2.6301e+00
740 +6.587381332e-02 +6.587381332e-02 +7.954587381e+01 +7.954587381e+01 +4.9242e-02 -1.1288e+00 -7.0604e-01 +1.7923e+00 -2.6077e+00
890 +4.555506257e-02 +4.555506257e-02 +7.952555506e+01 +7.952555506e+01 +2.5086e-01 -1.0708e+00 -6.6614e-01 +1.7424e+00 -2.6497e+00
1040 +2.616203720e-02 +2.616203720e-02 +7.950616204e+01 +7.950616204e+01 +2.2565e-01 -1.1665e+00 -7.0944e-01 +1.7681e+00 -2.6726e+00
1073 +2.455091260e-02 +2.455091260e-02 +7.950455091e+01 +7.950455091e+01 +3.9468e-01 -1.1886e+00 -7.6884e-01 +1.9560e+00 -2.6579e+00
1314 +1.197067463e-02 +1.197067463e-02 +7.949197067e+01 +7.949197067e+01 +2.9677e-01 -1.1610e+00 -7.0110e-01 +2.0081e+00 -2.6276e+00
1463 +5.611749259e-03 +5.611749259e-03 +7.948561175e+01 +7.948561175e+01 +2.6250e-01 -1.1746e+00 -7.1269e-01 +1.9585e+00 -2.7444e+00
1550 +2.907053896e-03 +2.907053896e-03 +7.948290705e+01 +7.948290705e+01 +2.6015e-01 -1.2082e+00 -7.3042e-01 +1.9137e+00 -2.6840e+00
1667 +1.859902587e-03 +1.859902587e-03 +7.948185990e+01 +7.948185990e+01 +2.7540e-01 -1.1585e+00 -7.3187e-01 +1.9046e+00 -2.7092e+00
1863 +7.197102839e-04 +7.197102839e-04 +7.948071971e+01 +7.948071971e+01 +2.6422e-01 -1.1580e+00 -7.2026e-01 +1.9025e+00 -2.6793e+00
1987 +3.024976171e-04 +3.024976171e-04 +7.948030250e+01 +7.948030250e+01 +2.3686e-01 -1.1603e+00 -7.2382e-01 +1.9255e+00 -2.6749e+00
2169 +1.926383152e-04 +1.926383152e-04 +7.948019264e+01 +7.948019264e+01 +2.5482e-01 -1.1454e+00 -7.2381e-01 +1.9340e+00 -2.6800e+00
2314 +9.465350503e-05 +9.465350503e-05 +7.948009465e+01 +7.948009465e+01 +2.6041e-01 -1.1580e+00 -7.2100e-01 +1.9235e+00 -2.6766e+00
2519 +6.229407651e-05 +6.229407651e-05 +7.948006229e+01 +7.948006229e+01 +2.4644e-01 -1.1548e+00 -7.2356e-01 +1.9274e+00 -2.6767e+00
2744 +2.229117428e-06 +2.229117428e-06 +7.948000223e+01 +7.948000223e+01 +2.5260e-01 -1.1577e+00 -7.2317e-01 +1.9261e+00 -2.6816e+00
3518 +1.538669835e-06 +1.538669835e-06 +7.948000154e+01 +7.948000154e+01 +2.5324e-01 -1.1567e+00 -7.2300e-01 +1.9259e+00 -2.6812e+00
3650 +8.827919800e-07 +8.827919800e-07 +7.948000088e+01 +7.948000088e+01 +2.5294e-01 -1.1560e+00 -7.2373e-01 +1.9259e+00 -2.6807e+00
3918 +5.396154990e-07 +5.396154990e-07 +7.948000054e+01 +7.948000054e+01 +2.5257e-01 -1.1567e+00 -7.2363e-01 +1.9259e+00 -2.6804e+00
4300 +3.054935007e-07 +3.054935007e-07 +7.948000031e+01 +7.948000031e+01 +2.5259e-01 -1.1570e+00 -7.2406e-01 +1.9259e+00 -2.6807e+00
4414 +2.194271644e-07 +2.194271644e-07 +7.948000022e+01 +7.948000022e+01 +2.5268e-01 -1.1566e+00 -7.2384e-01 +1.9263e+00 -2.6804e+00
4568 +5.287711247e-08 +5.287711247e-08 +7.948000005e+01 +7.948000005e+01 +2.5267e-01 -1.1569e+00 -7.2385e-01 +1.9264e+00 -2.6808e+00
4664 +2.463612248e-08 +2.463612248e-08 +7.948000002e+01 +7.948000002e+01 +2.5284e-01 -1.1568e+00 -7.2398e-01 +1.9263e+00 -2.6809e+00
4814 +1.573914687e-08 +1.573914687e-08 +7.948000002e+01 +7.948000002e+01 +2.5282e-01 -1.1569e+00 -7.2399e-01 +1.9263e+00 -2.6808e+00
5243 +2.670446975e-09 +2.670446975e-09 +7.948000000e+01 +7.948000000e+01 +2.5279e-01 -1.1568e+00 -7.2398e-01 +1.9264e+00 -2.6808e+00
% function evaluation | noise-free fitness - Fopt (3.944800000000e+02) | best noise-free fitness - Fopt | measured fitness | best measured fitness | x1 | x2...
1 +1.375069405e+02 +1.375069405e+02 +5.319869405e+02 +5.319869405e+02 +4.2223e+00 -4.2670e+00 +1.8630e+00 -1.0744e+00 +4.4327e+00
5 +5.866899117e+01 +5.866899117e+01 +4.531489912e+02 +4.531489912e+02 +1.2398e+00 -1.0359e+00 -2.9253e+00 +2.3679e+00 -4.2098e+00
13 +3.475994204e+01 +3.475994204e+01 +4.292399420e+02 +4.292399420e+02 -4.4842e+00 -7.0492e-01 +1.1621e+00 +1.7363e+00 +1.3962e+00
15 +6.276577159e+00 +6.276577159e+00 +4.007565772e+02 +4.007565772e+02 -3.2423e+00 -8.3851e-01 -3.2772e+00 +2.8185e+00 +1.2814e+00
115 +3.954102468e+00 +3.954102468e+00 +3.984341025e+02 +3.984341025e+02 -3.6027e+00 -1.7766e+00 -4.3190e+00 +2.4468e+00 +1.3400e+00
196 +2.385696261e+00 +2.385696261e+00 +3.968656963e+02 +3.968656963e+02 -3.3096e+00 -2.9447e+00 -4.7717e+00 +3.4414e+00 -7.9454e-02
233 +1.528927218e+00 +1.528927218e+00 +3.960089272e+02 +3.960089272e+02 -4.0385e+00 -2.8687e+00 -4.4608e+00 +2.8878e+00 +1.0577e+00
388 +4.231013834e-01 +4.231013834e-01 +3.949031014e+02 +3.949031014e+02 -3.9778e+00 -2.3222e+00 -4.0981e+00 +3.8654e+00 +7.8932e-01
451 +2.028518994e-01 +2.028518994e-01 +3.946828519e+02 +3.946828519e+02 -3.8481e+00 -2.6567e+00 -4.1253e+00 +4.1010e+00 +9.1641e-01
625 +7.537154984e-02 +7.537154984e-02 +3.945553715e+02 +3.945553715e+02 -3.7209e+00 -2.9654e+00 -3.6707e+00 +4.0183e+00 +9.4974e-01
772 +1.613234281e-02 +1.613234281e-02 +3.944961323e+02 +3.944961323e+02 -3.8620e+00 -2.9022e+00 -3.8381e+00 +3.9211e+00 +9.7388e-01
927 +1.012906040e-02 +1.012906040e-02 +3.944901291e+02 +3.944901291e+02 -3.9302e+00 -2.9153e+00 -3.8329e+00 +3.9221e+00 +9.4464e-01
1179 +9.794606893e-03 +9.794606893e-03 +3.944897946e+02 +3.944897946e+02 -3.8455e+00 -2.9413e+00 -3.8485e+00 +3.9436e+00 +8.8798e-01
1277 +5.564345260e-03 +5.564345260e-03 +3.944855643e+02 +3.944855643e+02 -3.9064e+00 -2.8706e+00 -3.8670e+00 +3.8812e+00 +8.4078e-01
1329 +1.365659542e-03 +1.365659542e-03 +3.944813657e+02 +3.944813657e+02 -3.9053e+00 -2.8696e+00 -3.8092e+00 +3.8807e+00 +8.7405e-01
1456 +8.990218992e-04 +8.990218992e-04 +3.944808990e+02 +3.944808990e+02 -3.9116e+00 -2.8761e+00 -3.8056e+00 +3.8996e+00 +8.8099e-01
1975 +3.789065460e-04 +3.789065460e-04 +3.944803789e+02 +3.944803789e+02 -3.8852e+00 -2.9004e+00 -3.8075e+00 +3.8994e+00 +8.5279e-01
2099 +1.987792484e-04 +1.987792484e-04 +3.944801988e+02 +3.944801988e+02 -3.8998e+00 -2.8928e+00 -3.8096e+00 +3.8946e+00 +8.6333e-01
2281 +1.031810073e-04 +1.031810073e-04 +3.944801032e+02 +3.944801032e+02 -3.9013e+00 -2.8899e+00 -3.8088e+00 +3.9073e+00 +8.6635e-01
2377 +6.647781271e-05 +6.647781271e-05 +3.944800665e+02 +3.944800665e+02 -3.8964e+00 -2.8939e+00 -3.8087e+00 +3.9063e+00 +8.5610e-01
2536 +3.138904884e-05 +3.138904884e-05 +3.944800314e+02 +3.944800314e+02 -3.8960e+00 -2.8913e+00 -3.8073e+00 +3.9054e+00 +8.5827e-01
2747 +1.169265960e-05 +1.169265960e-05 +3.944800117e+02 +3.944800117e+02 -3.8979e+00 -2.8874e+00 -3.8012e+00 +3.9062e+00 +8.5855e-01
2974 +1.861725423e-06 +1.861725423e-06 +3.944800019e+02 +3.944800019e+02 -3.8990e+00 -2.8892e+00 -3.8023e+00 +3.9052e+00 +8.5923e-01
3236 +1.295962647e-06 +1.295962647e-06 +3.944800013e+02 +3.944800013e+02 -3.8988e+00 -2.8902e+00 -3.8027e+00 +3.9050e+00 +8.5998e-01
3665 +9.021692904e-07 +9.021692904e-07 +3.944800009e+02 +3.944800009e+02 -3.8990e+00 -2.8910e+00 -3.8024e+00 +3.9060e+00 +8.5923e-01
3747 +6.032736906e-07 +6.032736906e-07 +3.944800006e+02 +3.944800006e+02 -3.8978e+00 -2.8908e+00 -3.8024e+00 +3.9055e+00 +8.5907e-01
3824 +1.120429829e-07 +1.120429829e-07 +3.944800001e+02 +3.944800001e+02 -3.8983e+00 -2.8904e+00 -3.8024e+00 +3.9058e+00 +8.5944e-01
3980 +9.551519042e-08 +9.551519042e-08 +3.944800001e+02 +3.944800001e+02 -3.8985e+00 -2.8903e+00 -3.8026e+00 +3.9057e+00 +8.5900e-01
4536 +6.219653415e-08 +6.219653415e-08 +3.944800001e+02 +3.944800001e+02 -3.8984e+00 -2.8902e+00 -3.8023e+00 +3.9057e+00 +8.5935e-01
4724 +2.515491815e-08 +2.515491815e-08 +3.944800000e+02 +3.944800000e+02 -3.8983e+00 -2.8904e+00 -3.8023e+00 +3.9056e+00 +8.5923e-01
4796 +2.136954436e-08 +2.136954436e-08 +3.944800000e+02 +3.944800000e+02 -3.8985e+00 -2.8903e+00 -3.8024e+00 +3.9056e+00 +8.5918e-01
4896 +7.243272648e-09 +7.243272648e-09 +3.944800000e+02 +3.944800000e+02 -3.8984e+00 -2.8903e+00 -3.8024e+00 +3.9056e+00 +8.5921e-01
% function evaluation | noise-free fitness - Fopt (-2.471100000000e+02) | best noise-free fitness - Fopt | measured fitness | best measured fitness | x1 | x2...
1 +1.343485428e+02 +1.343485428e+02 -1.127614572e+02 -1.127614572e+02 +2.8950e+00 -1.8587e+00 -1.4300e+00 +4.5470e+00 +1.0095e+00
2 +3.248687292e+01 +3.248687292e+01 -2.146231271e+02 -2.146231271e+02 -3.8642e+00 +4.9599e-01 +2.2410e+00 +1.1809e+00 -3.3469e+00
19 +1.430249690e+01 +1.430249690e+01 -2.328075031e+02 -2.328075031e+02 -3.4575e+00 -7.1950e-01 -3.2811e+00 -1.1182e+00 -3.0139e+00
23 +4.862010030e+00 +4.862010030e+00 -2.422479900e+02 -2.422479900e+02 -3.8177e+00 -1.3162e+00 -1.3294e+00 -4.6851e+00 -2.0232e+00
119 +8.259530022e-01 +8.259530022e-01 -2.462840470e+02 -2.462840470e+02 -4.1464e+00 +2.9500e-01 -1.0778e+00 -3.2869e+00 -2.4799e+00
312 +5.249705875e-01 +5.249705875e-01 -2.465850294e+02 -2.465850294e+02 -3.8958e+00 +7.1416e-01 -1.1739e+00 -3.5804e+00 -3.0036e+00
415 +3.523599646e-01 +3.523599646e-01 -2.467576400e+02 -2.467576400e+02 -3.9835e+00 +4.0393e-01 -1.1237e+00 -3.7753e+00 -3.3884e+00
597 +8.189428124e-02 +8.189428124e-02 -2.470281057e+02 -2.470281057e+02 -3.9909e+00 +1.3309e-01 -5.9669e-01 -3.6626e+00 -2.9255e+00
675 +3.533541605e-02 +3.533541605e-02 -2.470746646e+02 -2.470746646e+02 -3.9156e+00 +2.0941e-01 -5.5276e-01 -3.7273e+00 -3.0662e+00
1001 +1.702090468e-02 +1.702090468e-02 -2.470929791e+02 -2.470929791e+02 -3.6696e+00 +2.1029e-01 -6.8790e-01 -3.7009e+00 -3.0825e+00
1117 +1.459234745e-02 +1.459234745e-02 -2.470954077e+02 -2.470954077e+02 -3.9004e+00 +1.7847e-01 -6.7059e-01 -3.7388e+00 -3.0696e+00
1151 +5.584084255e-03 +5.584084255e-03 -2.471044159e+02 -2.471044159e+02 -3.7395e+00 +2.1486e-01 -7.2270e-01 -3.7223e+00 -3.0956e+00
1339 +3.923197522e-03 +3.923197522e-03 -2.471060768e+02 -2.471060768e+02 -3.7807e+00 +2.0876e-01 -6.9585e-01 -3.7485e+00 -3.0826e+00
1486 +2.444709277e-03 +2.444709277e-03 -2.471075553e+02 -2.471075553e+02 -3.7879e+00 +2.0176e-01 -6.9621e-01 -3.7347e+00 -3.0788e+00
1612 +5.343250427e-04 +5.343250427e-04 -2.471094657e+02 -2.471094657e+02 -3.8081e+00 +2.0585e-01 -6.8148e-01 -3.6948e+00 -3.0811e+00
1757 +1.890648907e-04 +1.890648907e-04 -2.471098109e+02 -2.471098109e+02 -3.8049e+00 +2.0452e-01 -6.8468e-01 -3.6884e+00 -3.0895e+00
1811 +1.307847425e-04 +1.307847425e-04 -2.471098692e+02 -2.471098692e+02 -3.8052e+00 +2.0497e-01 -6.8464e-01 -3.6861e+00 -3.1027e+00
2199 +2.099690039e-05 +2.099690039e-05 -2.471099790e+02 -2.471099790e+02 -3.8005e+00 +2.0096e-01 -6.9034e-01 -3.6945e+00 -3.0996e+00
2436 +1.557618501e-05 +1.557618501e-05 -2.471099844e+02 -2.471099844e+02 -3.7953e+00 +2.0240e-01 -6.9109e-01 -3.6919e+00 -3.0969e+00
2586 +5.210216301e-06 +5.210216301e-06 -2.471099948e+02 -2.471099948e+02 -3.8000e+00 +2.0224e-01 -6.9032e-01 -3.6916e+00 -3.0983e+00
2686 +3.252847364e-06 +3.252847364e-06 -2.471099967e+02 -2.471099967e+02 -3.7984e+00 +2.0305e-01 -6.8982e-01 -3.6922e+00 -3.0997e+00
2712 +1.701905290e-06 +1.701905290e-06 -2.471099983e+02 -2.471099983e+02 -3.7980e+00 +2.0320e-01 -6.9027e-01 -3.6920e+00 -3.0993e+00
3239 +1.500824254e-06 +1.500824254e-06 -2.471099985e+02 -2.471099985e+02 -3.7978e+00 +2.0332e-01 -6.9022e-01 -3.6914e+00 -3.0988e+00
3361 +3.801989124e-07 +3.801989124e-07 -2.471099996e+02 -2.471099996e+02 -3.7982e+00 +2.0363e-01 -6.9082e-01 -3.6913e+00 -3.0992e+00
3762 +2.145352767e-07 +2.145352767e-07 -2.471099998e+02 -2.471099998e+02 -3.7981e+00 +2.0336e-01 -6.9097e-01 -3.6910e+00 -3.0991e+00
3803 +1.276718820e-07 +1.276718820e-07 -2.471099999e+02 -2.471099999e+02 -3.7984e+00 +2.0355e-01 -6.9122e-01 -3.6913e+00 -3.0992e+00
3827 +9.085070474e-08 +9.085070474e-08 -2.471099999e+02 -2.471099999e+02 -3.7986e+00 +2.0318e-01 -6.9107e-01 -3.6910e+00 -3.0993e+00
4162 +4.161546485e-08 +4.161546485e-08 -2.471100000e+02 -2.471100000e+02 -3.7985e+00 +2.0311e-01 -6.9105e-01 -3.6911e+00 -3.0992e+00
4312 +2.678510214e-08 +2.678510214e-08 -2.471100000e+02 -2.471100000e+02 -3.7984e+00 +2.0315e-01 -6.9107e-01 -3.6912e+00 -3.0993e+00
4486 +2.295453783e-08 +2.295453783e-08 -2.471100000e+02 -2.471100000e+02 -3.7984e+00 +2.0318e-01 -6.9127e-01 -3.6911e+00 -3.0991e+00
4527 +1.091754598e-08 +1.091754598e-08 -2.471100000e+02 -2.471100000e+02 -3.7985e+00 +2.0317e-01 -6.9120e-01 -3.6911e+00 -3.0992e+00
4662 +9.643855492e-09 +9.643855492e-09 -2.471100000e+02 -2.471100000e+02 -3.7984e+00 +2.0323e-01 -6.9126e-01 -3.6911e+00 -3.0992e+00
% function evaluation | noise-free fitness - Fopt (-1.520400000000e+02) | best noise-free fitness - Fopt | measured fitness | best measured fitness | x1 | x2...
1 +9.608091765e+01 +9.608091765e+01 -5.595908235e+01 -5.595908235e+01 -2.9956e-01 -3.6946e+00 +3.9609e+00 +3.2217e+00 -3.5386e-01
3 +3.198096117e+01 +3.198096117e+01 -1.200590388e+02 -1.200590388e+02 -4.3243e+00 +1.7131e+00 -3.3059e-01 +4.6646e+00 +1.6142e+00
9 +1.959637170e+01 +1.959637170e+01 -1.324436283e+02 -1.324436283e+02 +2.2217e+00 +2.8989e+00 -4.7912e+00 +4.3329e+00 -6.4716e-01
11 +8.119030679e+00 +8.119030679e+00 -1.439209693e+02 -1.439209693e+02 -9.6406e-01 -1.2010e+00 -4.3075e+00 +2.6605e+00 +1.9817e+00
67 +3.416436287e+00 +3.416436287e+00 -1.486235637e+02 -1.486235637e+02 +7.2606e-01 +1.5678e+00 -5.0000e+00 +3.4264e+00 +1.3073e+00
185 +2.364880461e+00 +2.364880461e+00 -1.496751195e+02 -1.496751195e+02 +5.2051e-01 +8.1791e-01 -5.0000e+00 +3.1798e+00 +1.9639e+00
306 +1.287608816e+00 +1.287608816e+00 -1.507523912e+02 -1.507523912e+02 +0.0000e+00 +1.1987e+00 -5.0000e+00 +3.2912e+00 +2.5160e+00
439 +9.068473500e-01 +9.068473500e-01 -1.511331527e+02 -1.511331527e+02 -1.0454e+00 +9.6635e-01 -4.0386e+00 +3.5023e+00 +2.2277e+00
489 +2.932427592e-01 +2.932427592e-01 -1.517467572e+02 -1.517467572e+02 -3.7286e-01 +1.3956e+00 -4.3276e+00 +3.6374e+00 +2.3643e+00
552 +1.462609284e-01 +1.462609284e-01 -1.518937391e+02 -1.518937391e+02 -3.5886e-01 +1.2726e+00 -4.0021e+00 +3.5023e+00 +2.1608e+00
829 +6.602493140e-02 +6.602493140e-02 -1.519739751e+02 -1.519739751e+02 -2.6405e-01 +1.2201e+00 -3.8363e+00 +3.3963e+00 +2.3373e+00
887 +5.542553807e-02 +5.542553807e-02 -1.519845745e+02 -1.519845745e+02 -4.1384e-01 +1.5454e+00 -4.0598e+00 +3.3259e+00 +2.4297e+00
899 +3.652038942e-02 +3.652038942e-02 -1.520034796e+02 -1.520034796e+02 -2.9965e-01 +1.3958e+00 -4.0787e+00 +3.2621e+00 +2.5182e+00
968 +1.465739289e-02 +1.465739289e-02 -1.520253426e+02 -1.520253426e+02 -3.5738e-01 +1.4227e+00 -3.8623e+00 +3.3282e+00 +2.3788e+00
987 +7.507727505e-03 +7.507727505e-03 -1.520324923e+02 -1.520324923e+02 -2.6610e-01 +1.4001e+00 -3.8874e+00 +3.3568e+00 +2.3753e+00
1187 +6.224948169e-03 +6.224948169e-03 -1.520337751e+02 -1.520337751e+02 -2.5649e-01 +1.4654e+00 -3.9197e+00 +3.3588e+00 +2.3964e+00
1412 +3.553235673e-03 +3.553235673e-03 -1.520364468e+02 -1.520364468e+02 -3.0850e-01 +1.4020e+00 -3.9344e+00 +3.2911e+00 +2.3840e+00
1609 +2.164589874e-03 +2.164589874e-03 -1.520378354e+02 -1.520378354e+02 -2.5185e-01 +1.4209e+00 -3.9412e+00 +3.3372e+00 +2.4147e+00
1759 +5.464424527e-04 +5.464424527e-04 -1.520394536e+02 -1.520394536e+02 -2.5237e-01 +1.4198e+00 -3.9253e+00 +3.3139e+00 +2.4232e+00
2120 +2.184893338e-04 +2.184893338e-04 -1.520397815e+02 -1.520397815e+02 -2.6993e-01 +1.4355e+00 -3.9225e+00 +3.3009e+00 +2.4116e+00
2376 +9.787103818e-05 +9.787103818e-05 -1.520399021e+02 -1.520399021e+02 -2.6295e-01 +1.4281e+00 -3.9223e+00 +3.2912e+00 +2.4141e+00
2451 +2.257031696e-05 +2.257031696e-05 -1.520399774e+02 -1.520399774e+02 -2.6789e-01 +1.4230e+00 -3.9211e+00 +3.2945e+00 +2.4206e+00
2701 +9.502963422e-06 +9.502963422e-06 -1.520399905e+02 -1.520399905e+02 -2.6867e-01 +1.4228e+00 -3.9234e+00 +3.2949e+00 +2.4197e+00
2937 +4.527838570e-06 +4.527838570e-06 -1.520399955e+02 -1.520399955e+02 -2.6730e-01 +1.4230e+00 -3.9266e+00 +3.2964e+00 +2.4196e+00
2987 +1.678592184e-06 +1.678592184e-06 -1.520399983e+02 -1.520399983e+02 -2.6726e-01 +1.4234e+00 -3.9245e+00 +3.2959e+00 +2.4198e+00
3137 +1.573761438e-06 +1.573761438e-06 -1.520399984e+02 -1.520399984e+02 -2.6729e-01 +1.4234e+00 -3.9250e+00 +3.2959e+00 +2.4197e+00
3531 +9.155690464e-07 +9.155690464e-07 -1.520399991e+02 -1.520399991e+02 -2.6720e-01 +1.4235e+00 -3.9245e+00 +3.2961e+00 +2.4189e+00
3731 +4.165504492e-07 +4.165504492e-07 -1.520399996e+02 -1.520399996e+02 -2.6742e-01 +1.4241e+00 -3.9248e+00 +3.2963e+00 +2.4188e+00
3754 +3.599917306e-07 +3.599917306e-07 -1.520399996e+02 -1.520399996e+02 -2.6733e-01 +1.4239e+00 -3.9247e+00 +3.2962e+00 +2.4192e+00
3804 +1.795461344e-07 +1.795461344e-07 -1.520399998e+02 -1.520399998e+02 -2.6743e-01 +1.4240e+00 -3.9247e+00 +3.2965e+00 +2.4192e+00
3854 +1.419046782e-07 +1.419046782e-07 -1.520399999e+02 -1.520399999e+02 -2.6751e-01 +1.4240e+00 -3.9247e+00 +3.2966e+00 +2.4191e+00
4104 +9.580116966e-08 +9.580116966e-08 -1.520399999e+02 -1.520399999e+02 -2.6731e-01 +1.4241e+00 -3.9248e+00 +3.2965e+00 +2.4191e+00
4158 +2.140049560e-08 +2.140049560e-08 -1.520400000e+02 -1.520400000e+02 -2.6716e-01 +1.4239e+00 -3.9248e+00 +3.2967e+00 +2.4192e+00
4458 +1.061638955e-08 +1.061638955e-08 -1.520400000e+02 -1.520400000e+02 -2.6719e-01 +1.4240e+00 -3.9248e+00 +3.2967e+00 +2.4192e+00
4713 +8.476291669e-09 +8.476291669e-09 -1.520400000e+02 -1.520400000e+02 -2.6718e-01 +1.4240e+00 -3.9248e+00 +3.2967e+00 +2.4192e+00
% function evaluation | noise-free fitness - Fopt (-2.525000000000e+01) | best noise-free fitness - Fopt | measured fitness | best measured fitness | x1 | x2...
1 +1.023069495e+02 +1.023069495e+02 +7.705694946e+01 +7.705694946e+01 -4.8961e+00 -3.3912e-01 +3.5695e+00 -8.1799e-01 +1.8014e+00
2 +6.339647735e+01 +6.339647735e+01 +3.814647735e+01 +3.814647735e+01 -5.5696e-01 -1.1685e+00 -3.8404e+00 +7.3657e-01 -2.0458e+00
3 +2.462751153e+01 +2.462751153e+01 -6.224884658e-01 -6.224884658e-01 +2.5668e+00 -4.8822e-01 -4.7554e+00 -2.6905e+00 +6.2929e-04
55 +1.483342347e+01 +1.483342347e+01 -1.041657653e+01 -1.041657653e+01 +2.9206e+00 -1.9608e+00 -3.8419e+00 -2.2557e+00 +1.9761e+00
64 +9.077644020e+00 +9.077644020e+00 -1.617235598e+01 -1.617235598e+01 +5.0000e+00 -8.9497e-01 -5.8486e-01 -1.8026e+00 +1.2984e+00
158 +5.263377944e+00 +5.263377944e+00 -1.998662206e+01 -1.998662206e+01 +4.4282e+00 +2.0019e+00 -2.6707e+00 -2.3242e+00 +4.3662e+00
161 +3.533155564e+00 +3.533155564e+00 -2.171684444e+01 -2.171684444e+01 +5.0000e+00 +8.2499e-01 -2.3784e+00 -2.1652e+00 +4.1102e+00
275 +1.649516054e+00 +1.649516054e+00 -2.360048395e+01 -2.360048395e+01 +3.9700e+00 +1.3453e+00 -1.2751e+00 -1.3117e+00 +3.8352e+00
315 +1.512493661e+00 +1.512493661e+00 -2.373750634e+01 -2.373750634e+01 +3.6253e+00 +8.4889e-01 -1.2842e+00 -1.8335e+00 +4.4569e+00
329 +6.222773786e-01 +6.222773786e-01 -2.462772262e+01 -2.462772262e+01 +4.1114e+00 +8.8241e-01 -1.7553e+00 -1.8765e+00 +2.9413e+00
563 +1.972141882e-01 +1.972141882e-01 -2.505278581e+01 -2.505278581e+01 +3.8109e+00 +5.6082e-01 -1.6089e+00 -1.9445e+00 +3.5699e+00
575 +1.173281749e-01 +1.173281749e-01 -2.513267183e+01 -2.513267183e+01 +3.7954e+00 +7.9276e-01 -1.6088e+00 -2.0443e+00 +3.1831e+00
655 +8.639852428e-02 +8.639852428e-02 -2.516360148e+01 -2.516360148e+01 +3.7348e+00 +4.2691e-01 -1.4975e+00 -2.2159e+00 +3.1598e+00
825 +5.535700345e-02 +5.535700345e-02 -2.519464300e+01 -2.519464300e+01 +3.6938e+00 +6.2590e-01 -1.6366e+00 -2.1262e+00 +3.3417e+00
885 +3.128668396e-02 +3.128668396e-02 -2.521871332e+01 -2.521871332e+01 +3.6840e+00 +6.3359e-01 -1.5695e+00 -2.2111e+00 +3.2625e+00
1016 +2.039586899e-02 +2.039586899e-02 -2.522960413e+01 -2.522960413e+01 +3.7264e+00 +6.6503e-01 -1.4740e+00 -2.2080e+00 +3.2626e+00
1116 +1.327892847e-02 +1.327892847e-02 -2.523672107e+01 -2.523672107e+01 +3.7034e+00 +6.5833e-01 -1.4107e+00 -2.2201e+00 +3.2840e+00
1266 +9.348778746e-03 +9.348778746e-03 -2.524065122e+01 -2.524065122e+01 +3.6222e+00 +5.7507e-01 -1.4137e+00 -2.2242e+00 +3.3194e+00
1314 +5.145295668e-03 +5.145295668e-03 -2.524485470e+01 -2.524485470e+01 +3.6624e+00 +6.2752e-01 -1.4074e+00 -2.1868e+00 +3.2591e+00
1655 +2.369946562e-03 +2.369946562e-03 -2.524763005e+01 -2.524763005e+01 +3.6127e+00 +6.4943e-01 -1.4452e+00 -2.1128e+00 +3.2946e+00
1752 +6.769134635e-04 +6.769134635e-04 -2.524932309e+01 -2.524932309e+01 +3.6233e+00 +6.3343e-01 -1.4322e+00 -2.1654e+00 +3.3148e+00
1831 +1.900750913e-04 +1.900750913e-04 -2.524980992e+01 -2.524980992e+01 +3.6139e+00 +6.3891e-01 -1.4253e+00 -2.1425e+00 +3.3043e+00
2102 +1.119846942e-04 +1.119846942e-04 -2.524988802e+01 -2.524988802e+01 +3.6055e+00 +6.3770e-01 -1.4192e+00 -2.1489e+00 +3.2993e+00
2244 +2.705807089e-05 +2.705807089e-05 -2.524997294e+01 -2.524997294e+01 +3.6123e+00 +6.3823e-01 -1.4245e+00 -2.1543e+00 +3.2952e+00
2690 +1.621599713e-05 +1.621599713e-05 -2.524998378e+01 -2.524998378e+01 +3.6120e+00 +6.3826e-01 -1.4225e+00 -2.1525e+00 +3.2967e+00
2790 +9.443482828e-06 +9.443482828e-06 -2.524999056e+01 -2.524999056e+01 +3.6117e+00 +6.3662e-01 -1.4214e+00 -2.1527e+00 +3.2964e+00
2946 +2.860365946e-06 +2.860365946e-06 -2.524999714e+01 -2.524999714e+01 +3.6139e+00 +6.3528e-01 -1.4215e+00 -2.1533e+00 +3.2983e+00
3183 +2.397731983e-06 +2.397731983e-06 -2.524999760e+01 -2.524999760e+01 +3.6142e+00 +6.3534e-01 -1.4215e+00 -2.1541e+00 +3.2977e+00
3510 +6.647699529e-07 +6.647699529e-07 -2.524999934e+01 -2.524999934e+01 +3.6142e+00 +6.3486e-01 -1.4215e+00 -2.1532e+00 +3.2962e+00
3583 +4.203989690e-07 +4.203989690e-07 -2.524999958e+01 -2.524999958e+01 +3.6139e+00 +6.3515e-01 -1.4214e+00 -2.1531e+00 +3.2969e+00
3950 +1.867623922e-07 +1.867623922e-07 -2.524999981e+01 -2.524999981e+01 +3.6141e+00 +6.3515e-01 -1.4213e+00 -2.1527e+00 +3.2968e+00
4259 +1.161114831e-07 +1.161114831e-07 -2.524999988e+01 -2.524999988e+01 +3.6142e+00 +6.3518e-01 -1.4214e+00 -2.1526e+00 +3.2967e+00
4402 +2.970515922e-08 +2.970515922e-08 -2.524999997e+01 -2.524999997e+01 +3.6143e+00 +6.3521e-01 -1.4215e+00 -2.1529e+00 +3.2969e+00
4544 +2.366529017e-08 +2.366529017e-08 -2.524999998e+01 -2.524999998e+01 +3.6143e+00 +6.3518e-01 -1.4215e+00 -2.1528e+00 +3.2969e+00
4934 +1.514440129e-08 +1.514440129e-08 -2.524999998e+01 -2.524999998e+01 +3.6143e+00 +6.3522e-01 -1.4215e+00 -2.1527e+00 +3.2968e+00
5032 +6.577007383e-09 +6.577007383e-09 -2.524999999e+01 -2.524999999e+01 +3.6144e+00 +6.3524e-01 -1.4216e+00 -2.1527e+00 +3.2968e+00
% function evaluation | noise-free fitness - Fopt (-2.017200000000e+02) | best noise-free fitness - Fopt | measured fitness | best measured fitness | x1 | x2...
1 +6.198282637e+01 +6.198282637e+01 -1.397371736e+02 -1.397371736e+02 +1.8574e+00 -3.8376e+00 -2.3641e+00 +4.1567e+00 -4.6983e+00
2 +3.750366067e+01 +3.750366067e+01 -1.642163393e+02 -1.642163393e+02 -4.0032e+00 +5.4950e-01 -1.2030e+00 -1.9928e+00 +2.3588e+00
5 +2.154044869e+01 +2.154044869e+01 -1.801795513e+02 -1.801795513e+02 -3.2967e+00 -1.2178e+00 -3.7872e-01 -1.3437e+00 +8.5674e-01
27 +7.466726408e+00 +7.466726408e+00 -1.942532736e+02 -1.942532736e+02 -3.5999e-01 -3.6524e+00 -1.0867e+00 +4.6749e+00 +1.4846e+00
146 +6.041501203e+00 +6.041501203e+00 -1.956784988e+02 -1.956784988e+02 -3.3807e-01 -2.9294e+00 +5.8979e-01 +3.6771e+00 +2.8510e+00
166 +1.972164569e+00 +1.972164569e+00 -1.997478354e+02 -1.997478354e+02 -1.6795e+00 -3.9083e+00 -1.2500e-01 +2.2802e+00 +2.4849e+00
313 +1.054937039e+00 +1.054937039e+00 -2.006650630e+02 -2.006650630e+02 -1.2739e+00 -3.5020e+00 -3.8060e-01 +1.7349e+00 +2.0430e+00
360 +9.271139250e-01 +9.271139250e-01 -2.007928861e+02 -2.007928861e+02 -1.6569e+00 -2.9439e+00 -2.4378e-01 +2.7275e+00 +1.5413e+00
421 +3.189523648e-01 +3.189523648e-01 -2.014010476e+02 -2.014010476e+02 -1.7903e+00 -2.7469e+00 -5.9779e-01 +2.2239e+00 +1.8557e+00
629 +1.674205826e-01 +1.674205826e-01 -2.015525794e+02 -2.015525794e+02 -1.7097e+00 -2.7379e+00 -7.6996e-01 +2.3666e+00 +1.8575e+00
684 +7.529213907e-02 +7.529213907e-02 -2.016447079e+02 -2.016447079e+02 -1.4790e+00 -2.7748e+00 -8.7116e-01 +2.4596e+00 +1.8299e+00
879 +5.206002598e-02 +5.206002598e-02 -2.016679400e+02 -2.016679400e+02 -1.4181e+00 -2.9648e+00 -8.2845e-01 +2.2456e+00 +1.8470e+00
947 +3.210821769e-02 +3.210821769e-02 -2.016878918e+02 -2.016878918e+02 -1.3777e+00 -2.8254e+00 -8.2078e-01 +2.2864e+00 +1.9339e+00
1135 +2.080665159e-02 +2.080665159e-02 -2.016991933e+02 -2.016991933e+02 -1.3496e+00 -2.9753e+00 -9.3852e-01 +2.3866e+00 +1.9228e+00
1229 +1.171582179e-02 +1.171582179e-02 -2.017082842e+02 -2.017082842e+02 -1.4578e+00 -2.9249e+00 -9.3165e-01 +2.3706e+00 +1.9206e+00
1379 +9.933161455e-03 +9.933161455e-03 -2.017100668e+02 -2.017100668e+02 -1.4815e+00 -2.8856e+00 -9.0719e-01 +2.3743e+00 +1.9605e+00
1729 +6.013208232e-03 +6.013208232e-03 -2.017139868e+02 -2.017139868e+02 -1.4441e+00 -2.8874e+00 -9.1620e-01 +2.3807e+00 +1.9675e+00
1790 +3.777253755e-03 +3.777253755e-03 -2.017162227e+02 -2.017162227e+02 -1.4230e+00 -2.8877e+00 -9.3098e-01 +2.3178e+00 +1.9571e+00
1906 +2.025305703e-03 +2.025305703e-03 -2.017179747e+02 -2.017179747e+02 -1.4378e+00 -2.9128e+00 -9.7472e-01 +2.3252e+00 +1.9841e+00
1958 +1.529967823e-03 +1.529967823e-03 -2.017184700e+02 -2.017184700e+02 -1.4197e+00 -2.8781e+00 -9.3793e-01 +2.3270e+00 +1.9859e+00
2008 +7.998079448e-04 +7.998079448e-04 -2.017192002e+02 -2.017192002e+02 -1.4032e+00 -2.9045e+00 -9.4676e-01 +2.3237e+00 +1.9919e+00
2329 +5.400158231e-04 +5.400158231e-04 -2.017194600e+02 -2.017194600e+02 -1.4311e+00 -2.9053e+00 -9.4814e-01 +2.3210e+00 +1.9950e+00
2379 +3.265380659e-04 +3.265380659e-04 -2.017196735e+02 -2.017196735e+02 -1.4315e+00 -2.9040e+00 -9.4397e-01 +2.3379e+00 +1.9985e+00
2458 +1.726036721e-04 +1.726036721e-04 -2.017198274e+02 -2.017198274e+02 -1.4262e+00 -2.9036e+00 -9.4163e-01 +2.3334e+00 +2.0009e+00
2461 +1.517752362e-04 +1.517752362e-04 -2.017198482e+02 -2.017198482e+02 -1.4247e+00 -2.9155e+00 -9.4572e-01 +2.3288e+00 +2.0072e+00
2589 +9.672939350e-05 +9.672939350e-05 -2.017199033e+02 -2.017199033e+02 -1.4281e+00 -2.9069e+00 -9.4775e-01 +2.3278e+00 +2.0086e+00
2656 +4.066113974e-05 +4.066113974e-05 -2.017199593e+02 -2.017199593e+02 -1.4169e+00 -2.9096e+00 -9.4478e-01 +2.3312e+00 +2.0095e+00
2929 +3.450715815e-05 +3.450715815e-05 -2.017199655e+02 -2.017199655e+02 -1.4202e+00 -2.9089e+00 -9.4930e-01 +2.3301e+00 +2.0106e+00
3182 +2.301545530e-05 +2.301545530e-05 -2.017199770e+02 -2.017199770e+02 -1.4176e+00 -2.9088e+00 -9.4474e-01 +2.3337e+00 +2.0128e+00
3293 +1.242053781e-05 +1.242053781e-05 -2.017199876e+02 -2.017199876e+02 -1.4190e+00 -2.9080e+00 -9.4500e-01 +2.3334e+00 +2.0136e+00
3356 +9.355192361e-06 +9.355192361e-06 -2.017199906e+02 -2.017199906e+02 -1.4228e+00 -2.9076e+00 -9.4517e-01 +2.3322e+00 +2.0130e+00
3393 +5.067885780e-06 +5.067885780e-06 -2.017199949e+02 -2.017199949e+02 -1.4198e+00 -2.9063e+00 -9.4598e-01 +2.3338e+00 +2.0105e+00
3606 +2.173822025e-06 +2.173822025e-06 -2.017199978e+02 -2.017199978e+02 -1.4211e+00 -2.9052e+00 -9.4536e-01 +2.3341e+00 +2.0115e+00
3656 +1.050146267e-06 +1.050146267e-06 -2.017199989e+02 -2.017199989e+02 -1.4213e+00 -2.9061e+00 -9.4519e-01 +2.3330e+00 +2.0126e+00
3806 +3.919661538e-07 +3.919661538e-07 -2.017199996e+02 -2.017199996e+02 -1.4205e+00 -2.9059e+00 -9.4598e-01 +2.3328e+00 +2.0117e+00
4256 +1.253045809e-07 +1.253045809e-07 -2.017199999e+02 -2.017199999e+02 -1.4206e+00 -2.9057e+00 -9.4580e-01 +2.3327e+00 +2.0121e+00
4348 +9.041562521e-08 +9.041562521e-08 -2.017199999e+02 -2.017199999e+02 -1.4208e+00 -2.9055e+00 -9.4579e-01 +2.3330e+00 +2.0119e+00
4393 +6.060895430e-08 +6.060895430e-08 -2.017199999e+02 -2.017199999e+02 -1.4208e+00 -2.9058e+00 -9.4554e-01 +2.3328e+00 +2.0120e+00
4539 +2.986894287e-08 +2.986894287e-08 -2.017200000e+02 -2.017200000e+02 -1.4210e+00 -2.9056e+00 -9.4567e-01 +2.3329e+00 +2.0120e+00
4580 +2.264994237e-08 +2.264994237e-08 -2.017200000e+02 -2.017200000e+02 -1.4209e+00 -2.9057e+00 -9.4569e-01 +2.3328e+00 +2.0120e+00
4780 +1.412860229e-08 +1.412860229e-08 -2.017200000e+02 -2.017200000e+02 -1.4209e+00 -2.9057e+00 -9.4560e-01 +2.3328e+00 +2.0120e+00
4980 +6.198661140e-09 +6.198661140e-09 -2.017200000e+02 -2.017200000e+02 -1.4208e+00 -2.9056e+00 -9.4562e-01 +2.3329e+00 +2.0120e+00
% function evaluation | noise-free fitness - Fopt (-1.000000000000e+03) | best noise-free fitness - Fopt | measured fitness | best measured fitness | x1 | x2...
1 +7.770316312e+01 +7.770316312e+01 -9.222968369e+02 -9.222968369e+02 -3.2760e+00 -4.0547e+00 +8.9437e-01 +4.8152e+00 -1.4047e+00
2 +3.613998657e+01 +3.613998657e+01 -9.638600134e+02 -9.638600134e+02 -8.9071e-01 -1.1123e+00 +4.5979e+00 -1.9175e+00 +8.3629e-01
4 +1.339727756e+01 +1.339727756e+01 -9.866027224e+02 -9.866027224e+02 +2.7091e+00 +7.5653e-03 -1.5163e+00 +1.5926e+00 +2.5264e+00
43 +8.332701761e+00 +8.332701761e+00 -9.916672982e+02 -9.916672982e+02 +1.0545e+00 +1.2489e+00 +7.5345e-01 -6.1993e-01 +1.4060e+00
95 +5.643504626e+00 +5.643504626e+00 -9.943564954e+02 -9.943564954e+02 +9.4003e-01 +6.5338e-01 +6.1855e-01 +5.1818e-01 +1.6990e+00
167 +3.187732523e+00 +3.187732523e+00 -9.968122675e+02 -9.968122675e+02 -4.9580e-01 -2.3754e-01 +6.2760e-01 +1.2612e+00 +2.7714e+00
292 +1.457749752e+00 +1.457749752e+00 -9.985422502e+02 -9.985422502e+02 -5.2291e-02 -3.3685e-01 +3.8383e-01 +9.5827e-01 +3.5432e+00
390 +9.164245819e-01 +9.164245819e-01 -9.990835754e+02 -9.990835754e+02 +1.4064e-01 -6.2527e-01 +1.8696e-01 -6.3413e-02 +3.8053e+00
447 +2.947810269e-01 +2.947810269e-01 -9.997052190e+02 -9.997052190e+02 -1.4354e-01 +2.9842e-01 +9.6098e-02 +5.0809e-01 +3.6266e+00
732 +2.289481721e-01 +2.289481721e-01 -9.997710518e+02 -9.997710518e+02 +1.1006e-01 +1.0518e-01 +1.9583e-01 +2.9845e-01 +3.5649e+00
734 +2.145452449e-02 +2.145452449e-02 -9.999785455e+02 -9.999785455e+02 -7.0937e-02 +1.8823e-01 -6.2001e-02 +3.8489e-02 +3.7326e+00
1008 +7.401908143e-03 +7.401908143e-03 -9.999925981e+02 -9.999925981e+02 -1.0828e-01 +2.8940e-01 -1.5523e-01 -1.7107e-02 +3.6104e+00
1356 +4.751158990e-03 +4.751158990e-03 -9.999952488e+02 -9.999952488e+02 -4.8232e-02 +2.5965e-01 -8.7206e-02 -1.0456e-02 +3.6361e+00
1534 +3.545192530e-03 +3.545192530e-03 -9.999964548e+02 -9.999964548e+02 -6.7223e-02 +2.2603e-01 -7.1469e-02 -1.3047e-02 +3.6041e+00
1669 +1.703425777e-03 +1.703425777e-03 -9.999982966e+02 -9.999982966e+02 -1.0385e-01 +2.2304e-01 -1.1605e-01 -1.0274e-02 +3.6017e+00
1675 +1.038846079e-03 +1.038846079e-03 -9.999989612e+02 -9.999989612e+02 -9.3622e-02 +2.4057e-01 -1.2802e-01 +1.0360e-03 +3.6188e+00
1725 +6.646721661e-04 +6.646721661e-04 -9.999993353e+02 -9.999993353e+02 -8.0202e-02 +2.2167e-01 -1.4208e-01 +1.7803e-02 +3.6166e+00
1925 +5.636279939e-04 +5.636279939e-04 -9.999994364e+02 -9.999994364e+02 -7.9137e-02 +2.3957e-01 -1.3427e-01 +1.0935e-02 +3.6174e+00
2035 +3.782365284e-04 +3.782365284e-04 -9.999996218e+02 -9.999996218e+02 -8.3960e-02 +2.3309e-01 -1.2640e-01 +3.5782e-02 +3.6023e+00
2214 +2.420050533e-04 +2.420050533e-04 -9.999997580e+02 -9.999997580e+02 -7.8104e-02 +2.3419e-01 -1.1768e-01 +2.0561e-02 +3.6196e+00
2306 +1.453395879e-04 +1.453395879e-04 -9.999998547e+02 -9.999998547e+02 -8.1217e-02 +2.3163e-01 -1.2481e-01 +1.9672e-02 +3.6151e+00
2452 +9.047033279e-05 +9.047033279e-05 -9.999999095e+02 -9.999999095e+02 -7.3942e-02 +2.2488e-01 -1.1699e-01 +1.5950e-02 +3.6125e+00
2602 +6.061487193e-05 +6.061487193e-05 -9.999999394e+02 -9.999999394e+02 -7.5221e-02 +2.2422e-01 -1.1919e-01 +1.9556e-02 +3.6122e+00
2735 +3.825236479e-05 +3.825236479e-05 -9.999999617e+02 -9.999999617e+02 -7.6028e-02 +2.2549e-01 -1.2044e-01 +1.6072e-02 +3.6096e+00
2785 +8.847785011e-06 +8.847785011e-06 -9.999999912e+02 -9.999999912e+02 -7.6021e-02 +2.2639e-01 -1.1978e-01 +2.1582e-02 +3.6038e+00
2959 +5.347762112e-06 +5.347762112e-06 -9.999999947e+02 -9.999999947e+02 -7.6935e-02 +2.2914e-01 -1.2060e-01 +1.9236e-02 +3.6074e+00
3035 +3.189217296e-06 +3.189217296e-06 -9.999999968e+02 -9.999999968e+02 -7.6124e-02 +2.2771e-01 -1.2094e-01 +2.0649e-02 +3.6044e+00
3052 +2.388298753e-06 +2.388298753e-06 -9.999999976e+02 -9.999999976e+02 -7.5933e-02 +2.2799e-01 -1.1908e-01 +1.9172e-02 +3.6059e+00
3152 +1.085645181e-06 +1.085645181e-06 -9.999999989e+02 -9.999999989e+02 -7.6475e-02 +2.2818e-01 -1.1911e-01 +1.9601e-02 +3.6056e+00
3400 +9.669405472e-07 +9.669405472e-07 -9.999999990e+02 -9.999999990e+02 -7.7121e-02 +2.2760e-01 -1.1990e-01 +2.0577e-02 +3.6062e+00
3402 +5.204336730e-07 +5.204336730e-07 -9.999999995e+02 -9.999999995e+02 -7.6721e-02 +2.2794e-01 -1.1942e-01 +2.0350e-02 +3.6058e+00
3550 +2.931845984e-07 +2.931845984e-07 -9.999999997e+02 -9.999999997e+02 -7.6946e-02 +2.2797e-01 -1.2027e-01 +2.0425e-02 +3.6057e+00
3702 +1.762628017e-07 +1.762628017e-07 -9.999999998e+02 -9.999999998e+02 -7.6666e-02 +2.2796e-01 -1.1966e-01 +1.9902e-02 +3.6058e+00
3799 +5.120773494e-08 +5.120773494e-08 -9.999999999e+02 -9.999999999e+02 -7.6949e-02 +2.2792e-01 -1.1988e-01 +2.0053e-02 +3.6057e+00
4150 +3.671323157e-08 +3.671323157e-08 -1.000000000e+03 -1.000000000e+03 -7.6832e-02 +2.2804e-01 -1.1995e-01 +1.9907e-02 +3.6058e+00
4500 +2.094930096e-08 +2.094930096e-08 -1.000000000e+03 -1.000000000e+03 -7.6836e-02 +2.2805e-01 -1.1998e-01 +1.9894e-02 +3.6057e+00
4543 +9.648374544e-09 +9.648374544e-09 -1.000000000e+03 -1.000000000e+03 -7.6814e-02 +2.2799e-01 -1.1998e-01 +1.9965e-02 +3.6057e+00
% function evaluation | noise-free fitness - Fopt (-4.290000000000e+01) | best noise-free fitness - Fopt | measured fitness | best measured fitness | x1 | x2...
1 +6.326957185e+01 +6.326957185e+01 +2.036957185e+01 +2.036957185e+01 -9.5969e-01 -7.2285e-01 +3.6535e+00 -1.5869e+00 +3.6817e+00
6 +2.614143374e+01 +2.614143374e+01 -1.675856626e+01 -1.675856626e+01 +1.7717e+00 +3.4390e+00 +6.1923e-01 -1.6635e+00 +9.9347e-01
7 +2.336482628e+01 +2.336482628e+01 -1.953517372e+01 -1.953517372e+01 +4.8687e+00 +3.4732e+00 +2.9480e+00 +3.1420e+00 -2.0432e+00
53 +1.392803747e+01 +1.392803747e+01 -2.897196253e+01 -2.897196253e+01 +1.8076e+00 -5.1734e-01 +3.1313e+00 +3.5372e-01 -1.0400e+00
57 +9.091567039e+00 +9.091567039e+00 -3.380843296e+01 -3.380843296e+01 +4.1183e+00 +2.1451e+00 +5.0000e+00 +1.4789e+00 -2.8225e+00
76 +3.626825987e+00 +3.626825987e+00 -3.927317401e+01 -3.927317401e+01 +1.5453e+00 +2.4711e+00 +5.0000e+00 -1.0056e+00 -1.5585e+00
136 +2.027181072e+00 +2.027181072e+00 -4.087281893e+01 -4.087281893e+01 +1.8949e+00 +1.8813e+00 +2.8908e+00 -1.3150e+00 -2.5000e+00
199 +1.058137004e+00 +1.058137004e+00 -4.184186300e+01 -4.184186300e+01 +2.6172e+00 +1.7618e+00 +3.5520e+00 -1.2406e+00 -3.2424e+00
251 +7.232203664e-01 +7.232203664e-01 -4.217677963e+01 -4.217677963e+01 +2.8748e+00 +2.3788e+00 +3.9949e+00 -1.0531e+00 -1.8500e+00
401 +3.669046406e-01 +3.669046406e-01 -4.253309536e+01 -4.253309536e+01 +2.7965e+00 +2.6922e+00 +3.6871e+00 -1.0800e+00 -2.1975e+00
477 +2.108611738e-01 +2.108611738e-01 -4.268913883e+01 -4.268913883e+01 +2.4598e+00 +2.0614e+00 +3.8287e+00 -9.0436e-01 -2.8418e+00
560 +1.252985196e-01 +1.252985196e-01 -4.277470148e+01 -4.277470148e+01 +2.6675e+00 +2.5779e+00 +3.8420e+00 -1.1364e+00 -2.4670e+00
613 +9.260891904e-02 +9.260891904e-02 -4.280739108e+01 -4.280739108e+01 +2.4055e+00 +2.4642e+00 +4.0349e+00 -7.8423e-01 -2.7153e+00
710 +5.102018133e-02 +5.102018133e-02 -4.284897982e+01 -4.284897982e+01 +2.6184e+00 +2.4010e+00 +3.9987e+00 -8.2737e-01 -2.4513e+00
900 +2.346700988e-02 +2.346700988e-02 -4.287653299e+01 -4.287653299e+01 +2.7351e+00 +2.3582e+00 +3.7841e+00 -8.5180e-01 -2.6374e+00
1110 +7.873045035e-03 +7.873045035e-03 -4.289212695e+01 -4.289212695e+01 +2.6744e+00 +2.4052e+00 +3.8967e+00 -9.3417e-01 -2.6558e+00
1165 +3.141085990e-03 +3.141085990e-03 -4.289685891e+01 -4.289685891e+01 +2.6637e+00 +2.3880e+00 +3.8485e+00 -8.6176e-01 -2.6312e+00
1460 +2.487195434e-03 +2.487195434e-03 -4.289751280e+01 -4.289751280e+01 +2.6696e+00 +2.3980e+00 +3.8861e+00 -8.5889e-01 -2.6408e+00
1560 +1.474400226e-03 +1.474400226e-03 -4.289852560e+01 -4.289852560e+01 +2.6437e+00 +2.3927e+00 +3.8770e+00 -8.5527e-01 -2.6386e+00
1564 +8.952961965e-04 +8.952961965e-04 -4.289910470e+01 -4.289910470e+01 +2.6263e+00 +2.3988e+00 +3.8676e+00 -8.6359e-01 -2.6329e+00
1810 +6.266211849e-04 +6.266211849e-04 -4.289937338e+01 -4.289937338e+01 +2.6320e+00 +2.4068e+00 +3.8726e+00 -8.7482e-01 -2.6446e+00
2013 +1.833185439e-04 +1.833185439e-04 -4.289981668e+01 -4.289981668e+01 +2.6437e+00 +2.4259e+00 +3.8756e+00 -8.6644e-01 -2.6251e+00
2063 +1.482664054e-04 +1.482664054e-04 -4.289985173e+01 -4.289985173e+01 +2.6424e+00 +2.4321e+00 +3.8750e+00 -8.6529e-01 -2.6381e+00
2527 +8.072082218e-05 +8.072082218e-05 -4.289991928e+01 -4.289991928e+01 +2.6334e+00 +2.4260e+00 +3.8648e+00 -8.6734e-01 -2.6316e+00
2558 +4.432549552e-05 +4.432549552e-05 -4.289995567e+01 -4.289995567e+01 +2.6337e+00 +2.4243e+00 +3.8742e+00 -8.6687e-01 -2.6387e+00
2560 +2.902934499e-05 +2.902934499e-05 -4.289997097e+01 -4.289997097e+01 +2.6372e+00 +2.4274e+00 +3.8760e+00 -8.6524e-01 -2.6345e+00
2616 +5.143733247e-06 +5.143733247e-06 -4.289999486e+01 -4.289999486e+01 +2.6337e+00 +2.4264e+00 +3.8734e+00 -8.6502e-01 -2.6341e+00
3063 +2.970560274e-06 +2.970560274e-06 -4.289999703e+01 -4.289999703e+01 +2.6342e+00 +2.4272e+00 +3.8739e+00 -8.6679e-01 -2.6336e+00
3213 +2.158847188e-06 +2.158847188e-06 -4.289999784e+01 -4.289999784e+01 +2.6336e+00 +2.4267e+00 +3.8725e+00 -8.6656e-01 -2.6328e+00
3313 +1.331709491e-06 +1.331709491e-06 -4.289999867e+01 -4.289999867e+01 +2.6330e+00 +2.4267e+00 +3.8726e+00 -8.6619e-01 -2.6326e+00
3788 +6.955311491e-07 +6.955311491e-07 -4.289999930e+01 -4.289999930e+01 +2.6330e+00 +2.4265e+00 +3.8735e+00 -8.6676e-01 -2.6327e+00
3915 +2.737508353e-07 +2.737508353e-07 -4.289999973e+01 -4.289999973e+01 +2.6330e+00 +2.4273e+00 +3.8738e+00 -8.6606e-01 -2.6330e+00
4263 +1.636744074e-07 +1.636744074e-07 -4.289999984e+01 -4.289999984e+01 +2.6330e+00 +2.4269e+00 +3.8738e+00 -8.6636e-01 -2.6329e+00
4313 +8.185774192e-08 +8.185774192e-08 -4.289999992e+01 -4.289999992e+01 +2.6330e+00 +2.4271e+00 +3.8737e+00 -8.6646e-01 -2.6328e+00
4463 +5.860913888e-08 +5.860913888e-08 -4.289999994e+01 -4.289999994e+01 +2.6330e+00 +2.4272e+00 +3.8737e+00 -8.6647e-01 -2.6329e+00
4713 +3.469986609e-08 +3.469986609e-08 -4.289999997e+01 -4.289999997e+01 +2.6329e+00 +2.4271e+00 +3.8736e+00 -8.6647e-01 -2.6329e+00
4810 +9.505306764e-09 +9.505306764e-09 -4.289999999e+01 -4.289999999e+01 +2.6328e+00 +2.4271e+00 +3.8736e+00 -8.6644e-01 -2.6328e+00
% function evaluation | noise-free fitness - Fopt (-1.013200000000e+02) | best noise-free fitness - Fopt | measured fitness | best measured fitness | x1 | x2...
1 +4.914887831e+01 +4.914887831e+01 -5.217112169e+01 -5.217112169e+01 -1.1205e+00 +6.8299e-01 +4.6579e+00 +1.5694e+00 -3.1599e-01
2 +3.909028319e+01 +3.909028319e+01 -6.222971681e+01 -6.222971681e+01 +8.3126e-01 +2.3155e+00 -2.3331e+00 +1.0748e+00 -1.6264e+00
4 +2.231343373e+01 +2.231343373e+01 -7.900656627e+01 -7.900656627e+01 -1.7566e+00 +3.3780e+00 +2.3828e+00 -3.8021e-02 -2.3879e+00
7 +1.269056650e+01 +1.269056650e+01 -8.862943350e+01 -8.862943350e+01 +1.5329e+00 +1.3476e+00 +4.9396e+00 -2.3395e+00 -2.0106e+00
73 +6.879391999e+00 +6.879391999e+00 -9.444060800e+01 -9.444060800e+01 +2.8217e+00 +1.2090e+00 +2.8944e+00 -3.4120e+00 -1.6665e+00
76 +5.135259890e+00 +5.135259890e+00 -9.618474011e+01 -9.618474011e+01 +1.5180e+00 +4.7904e+00 +2.3186e+00 -2.1644e+00 -3.2897e+00
179 +2.081013764e+00 +2.081013764e+00 -9.923898624e+01 -9.923898624e+01 +2.4641e+00 +1.9722e+00 +1.3902e+00 -2.6819e+00 -2.5500e+00
260 +1.511718231e+00 +1.511718231e+00 -9.980828177e+01 -9.980828177e+01 +5.8475e-01 +2.6635e+00 +1.6493e+00 -3.1808e+00 -3.5579e+00
297 +3.638562396e-01 +3.638562396e-01 -1.009561438e+02 -1.009561438e+02 +1.8674e+00 +3.0493e+00 +1.6722e+00 -2.7488e+00 -3.3970e+00
572 +9.508947888e-02 +9.508947888e-02 -1.012249105e+02 -1.012249105e+02 +1.7014e+00 +2.6636e+00 +1.8099e+00 -3.2903e+00 -3.2856e+00
627 +3.820352781e-02 +3.820352781e-02 -1.012817965e+02 -1.012817965e+02 +1.8086e+00 +2.8805e+00 +1.9643e+00 -3.1132e+00 -3.2621e+00
819 +8.858975570e-03 +8.858975570e-03 -1.013111410e+02 -1.013111410e+02 +1.7100e+00 +2.8207e+00 +2.0320e+00 -3.0947e+00 -3.1945e+00
1267 +4.754583829e-03 +4.754583829e-03 -1.013152454e+02 -1.013152454e+02 +1.7167e+00 +2.7527e+00 +1.9960e+00 -3.1043e+00 -3.1160e+00
1315 +3.638685135e-03 +3.638685135e-03 -1.013163613e+02 -1.013163613e+02 +1.7171e+00 +2.7671e+00 +1.9575e+00 -3.1095e+00 -3.1304e+00
1425 +8.650234809e-04 +8.650234809e-04 -1.013191350e+02 -1.013191350e+02 +1.7159e+00 +2.7677e+00 +1.9788e+00 -3.0647e+00 -3.1554e+00
1620 +4.209914982e-04 +4.209914982e-04 -1.013195790e+02 -1.013195790e+02 +1.7140e+00 +2.7560e+00 +1.9806e+00 -3.0810e+00 -3.1647e+00
1715 +3.191017682e-04 +3.191017682e-04 -1.013196809e+02 -1.013196809e+02 +1.6899e+00 +2.7656e+00 +1.9810e+00 -3.0727e+00 -3.1807e+00
1770 +1.272747730e-04 +1.272747730e-04 -1.013198727e+02 -1.013198727e+02 +1.6973e+00 +2.7568e+00 +1.9807e+00 -3.0687e+00 -3.1639e+00
1920 +8.585991239e-05 +8.585991239e-05 -1.013199141e+02 -1.013199141e+02 +1.6961e+00 +2.7582e+00 +1.9781e+00 -3.0803e+00 -3.1657e+00
2143 +6.287051410e-05 +6.287051410e-05 -1.013199371e+02 -1.013199371e+02 +1.7028e+00 +2.7559e+00 +1.9694e+00 -3.0771e+00 -3.1716e+00
2180 +6.242614361e-06 +6.242614361e-06 -1.013199938e+02 -1.013199938e+02 +1.6964e+00 +2.7561e+00 +1.9754e+00 -3.0733e+00 -3.1694e+00
2870 +3.250152375e-06 +3.250152375e-06 -1.013199967e+02 -1.013199967e+02 +1.6980e+00 +2.7552e+00 +1.9745e+00 -3.0746e+00 -3.1713e+00
2876 +6.831513559e-07 +6.831513559e-07 -1.013199993e+02 -1.013199993e+02 +1.6966e+00 +2.7548e+00 +1.9733e+00 -3.0738e+00 -3.1705e+00
3650 +5.763102848e-07 +5.763102848e-07 -1.013199994e+02 -1.013199994e+02 +1.6965e+00 +2.7554e+00 +1.9739e+00 -3.0742e+00 -3.1698e+00
3776 +1.741814373e-07 +1.741814373e-07 -1.013199998e+02 -1.013199998e+02 +1.6967e+00 +2.7549e+00 +1.9734e+00 -3.0743e+00 -3.1704e+00
4100 +1.569850809e-07 +1.569850809e-07 -1.013199998e+02 -1.013199998e+02 +1.6967e+00 +2.7550e+00 +1.9733e+00 -3.0743e+00 -3.1704e+00
4150 +8.604338575e-08 +8.604338575e-08 -1.013199999e+02 -1.013199999e+02 +1.6966e+00 +2.7550e+00 +1.9735e+00 -3.0744e+00 -3.1703e+00
4600 +5.821556215e-08 +5.821556215e-08 -1.013199999e+02 -1.013199999e+02 +1.6966e+00 +2.7551e+00 +1.9735e+00 -3.0745e+00 -3.1704e+00
4706 +3.710604801e-08 +3.710604801e-08 -1.013200000e+02 -1.013200000e+02 +1.6967e+00 +2.7551e+00 +1.9735e+00 -3.0745e+00 -3.1705e+00
4830 +1.467293487e-08 +1.467293487e-08 -1.013200000e+02 -1.013200000e+02 +1.6967e+00 +2.7552e+00 +1.9735e+00 -3.0744e+00 -3.1704e+00
5249 +8.209397606e-09 +8.209397606e-09 -1.013200000e+02 -1.013200000e+02 +1.6968e+00 +2.7552e+00 +1.9735e+00 -3.0744e+00 -3.1704e+00
% function evaluation | noise-free fitness - Fopt (3.650000000000e+00) | best noise-free fitness - Fopt | measured fitness | best measured fitness | x1 | x2...
1 +3.798322150e+01 +3.798322150e+01 +4.163322150e+01 +4.163322150e+01 +2.7236e+00 -1.6278e+00 -4.8994e+00 +4.2643e+00 -4.5488e-01
7 +1.897412872e+01 +1.897412872e+01 +2.262412872e+01 +2.262412872e+01 +2.9261e+00 -1.2245e+00 -1.7309e-01 +4.8428e+00 +1.0519e+00
9 +8.918165160e+00 +8.918165160e+00 +1.256816516e+01 +1.256816516e+01 +1.6539e+00 +7.0138e-01 +2.6784e-01 +3.2992e+00 -1.7452e+00
71 +5.541131041e+00 +5.541131041e+00 +9.191131041e+00 +9.191131041e+00 -5.3850e-01 -2.4657e+00 +9.8191e-01 +1.6898e+00 -1.8458e+00
123 +3.723929155e+00 +3.723929155e+00 +7.373929155e+00 +7.373929155e+00 +7.3238e-02 -3.5440e+00 -2.6762e-01 +3.9364e+00 -1.5944e+00
163 +6.268933851e-01 +6.268933851e-01 +4.276893385e+00 +4.276893385e+00 +8.6499e-02 -1.6867e+00 +3.6282e-02 +3.4481e+00 -2.5040e+00
536 +3.234270488e-01 +3.234270488e-01 +3.973427049e+00 +3.973427049e+00 +8.5666e-01 -2.0848e+00 +7.5783e-01 +3.5524e+00 -2.5456e+00
647 +2.287845949e-01 +2.287845949e-01 +3.878784595e+00 +3.878784595e+00 +6.6360e-01 -2.2108e+00 +6.1992e-01 +3.2958e+00 -2.2254e+00
749 +8.850789938e-02 +8.850789938e-02 +3.738507899e+00 +3.738507899e+00 +3.5612e-01 -1.8330e+00 +3.8083e-01 +3.5091e+00 -2.1472e+00
1090 +5.431631680e-02 +5.431631680e-02 +3.704316317e+00 +3.704316317e+00 +5.1831e-01 -2.0706e+00 +5.2080e-01 +3.4937e+00 -2.3307e+00
1172 +1.855908490e-02 +1.855908490e-02 +3.668559085e+00 +3.668559085e+00 +4.1195e-01 -1.9190e+00 +5.2422e-01 +3.7451e+00 -2.2522e+00
1268 +1.325487468e-02 +1.325487468e-02 +3.663254875e+00 +3.663254875e+00 +4.7551e-01 -1.9757e+00 +5.1770e-01 +3.7724e+00 -2.1745e+00
1379 +3.606934705e-03 +3.606934705e-03 +3.653606935e+00 +3.653606935e+00 +5.3195e-01 -1.9467e+00 +5.5096e-01 +3.6419e+00 -2.1853e+00
1468 +1.715589846e-03 +1.715589846e-03 +3.651715590e+00 +3.651715590e+00 +4.7952e-01 -1.9441e+00 +5.2481e-01 +3.6403e+00 -2.2051e+00
1906 +1.546612232e-03 +1.546612232e-03 +3.651546612e+00 +3.651546612e+00 +4.9065e-01 -1.9947e+00 +5.4033e-01 +3.6394e+00 -2.1869e+00
2122 +2.543855430e-04 +2.543855430e-04 +3.650254386e+00 +3.650254386e+00 +5.0060e-01 -1.9799e+00 +5.2538e-01 +3.6616e+00 -2.2194e+00
2211 +4.537327068e-05 +4.537327068e-05 +3.650045373e+00 +3.650045373e+00 +4.9458e-01 -1.9773e+00 +5.3020e-01 +3.6607e+00 -2.2113e+00
2506 +1.959703686e-05 +1.959703686e-05 +3.650019597e+00 +3.650019597e+00 +4.9474e-01 -1.9780e+00 +5.2808e-01 +3.6631e+00 -2.2087e+00
2784 +1.211916447e-05 +1.211916447e-05 +3.650012119e+00 +3.650012119e+00 +4.9454e-01 -1.9720e+00 +5.2827e-01 +3.6655e+00 -2.2083e+00
2883 +9.407337447e-06 +9.407337447e-06 +3.650009407e+00 +3.650009407e+00 +4.9344e-01 -1.9739e+00 +5.2677e-01 +3.6656e+00 -2.2077e+00
2984 +4.977479373e-06 +4.977479373e-06 +3.650004977e+00 +3.650004977e+00 +4.9400e-01 -1.9737e+00 +5.2741e-01 +3.6639e+00 -2.2079e+00
3287 +2.366130842e-06 +2.366130842e-06 +3.650002366e+00 +3.650002366e+00 +4.9464e-01 -1.9743e+00 +5.2813e-01 +3.6637e+00 -2.2077e+00
3884 +1.577003789e-06 +1.577003789e-06 +3.650001577e+00 +3.650001577e+00 +4.9498e-01 -1.9742e+00 +5.2836e-01 +3.6636e+00 -2.2073e+00
4022 +5.451722513e-07 +5.451722513e-07 +3.650000545e+00 +3.650000545e+00 +4.9473e-01 -1.9745e+00 +5.2894e-01 +3.6642e+00 -2.2070e+00
4106 +2.829344252e-07 +2.829344252e-07 +3.650000283e+00 +3.650000283e+00 +4.9463e-01 -1.9743e+00 +5.2907e-01 +3.6638e+00 -2.2067e+00
4107 +1.587788163e-07 +1.587788163e-07 +3.650000159e+00 +3.650000159e+00 +4.9438e-01 -1.9743e+00 +5.2844e-01 +3.6641e+00 -2.2064e+00
4172 +5.286937865e-08 +5.286937865e-08 +3.650000053e+00 +3.650000053e+00 +4.9447e-01 -1.9743e+00 +5.2870e-01 +3.6642e+00 -2.2065e+00
4386 +3.382510183e-08 +3.382510183e-08 +3.650000034e+00 +3.650000034e+00 +4.9445e-01 -1.9743e+00 +5.2894e-01 +3.6640e+00 -2.2063e+00
4534 +1.047902565e-08 +1.047902565e-08 +3.650000010e+00 +3.650000010e+00 +4.9440e-01 -1.9743e+00 +5.2877e-01 +3.6640e+00 -2.2063e+00
4837 +1.241363901e-09 +1.241363901e-09 +3.650000001e+00 +3.650000001e+00 +4.9440e-01 -1.9744e+00 +5.2877e-01 +3.6640e+00 -2.2064e+00
% function evaluation | noise-free fitness - Fopt (2.205300000000e+02) | best noise-free fitness - Fopt | measured fitness | best measured fitness | x1 | x2...
1 +4.867877994e+01 +4.867877994e+01 +2.692087799e+02 +2.692087799e+02 -1.5964e+00 -3.1890e+00 -3.5515e+00 +4.7370e-01 +9.5438e-01
8 +3.823330357e+01 +3.823330357e+01 +2.587633036e+02 +2.587633036e+02 -5.1407e-01 +5.5955e-01 +1.2615e+00 +1.6958e+00 +1.5253e+00
13 +2.381639205e+01 +2.381639205e+01 +2.443463921e+02 +2.443463921e+02 +4.1149e+00 -4.5231e+00 +1.2597e+00 -1.5920e+00 -7.8009e-01
47 +1.447154688e+01 +1.447154688e+01 +2.350015469e+02 +2.350015469e+02 +1.4040e+00 -1.0157e+00 -3.9326e-02 +1.6521e+00 +4.4560e+00
72 +6.469059698e+00 +6.469059698e+00 +2.269990597e+02 +2.269990597e+02 +1.0171e+00 -3.6594e+00 +2.4282e+00 +5.3630e-01 +4.0285e+00
74 +1.655709839e+00 +1.655709839e+00 +2.221857098e+02 +2.221857098e+02 +2.1547e+00 -4.0282e+00 +1.4928e+00 +8.7797e-01 +3.1629e+00
222 +6.484778208e-01 +6.484778208e-01 +2.211784778e+02 +2.211784778e+02 +3.4578e+00 -4.2551e+00 +1.1312e+00 +4.5659e-01 +3.1461e+00
332 +6.268277063e-01 +6.268277063e-01 +2.211568277e+02 +2.211568277e+02 +2.6498e+00 -4.0248e+00 +1.2949e+00 +7.1153e-01 +3.8609e+00
393 +2.980365722e-01 +2.980365722e-01 +2.208280366e+02 +2.208280366e+02 +3.1697e+00 -4.2164e+00 +7.2539e-01 -7.5518e-02 +3.6445e+00
506 +2.452225969e-01 +2.452225969e-01 +2.207752226e+02 +2.207752226e+02 +3.0818e+00 -4.2331e+00 +8.4327e-01 +1.3591e-01 +3.8308e+00
719 +1.071341458e-01 +1.071341458e-01 +2.206371341e+02 +2.206371341e+02 +2.9254e+00 -3.9267e+00 +1.0718e+00 +9.8709e-02 +3.8274e+00
815 +9.395595237e-02 +9.395595237e-02 +2.206239560e+02 +2.206239560e+02 +3.1824e+00 -3.9534e+00 +9.3437e-01 +1.0370e-01 +3.3592e+00
923 +4.543924860e-02 +4.543924860e-02 +2.205754392e+02 +2.205754392e+02 +2.8261e+00 -3.8212e+00 +1.0003e+00 +1.3267e-01 +3.6555e+00
1069 +3.595530855e-02 +3.595530855e-02 +2.205659553e+02 +2.205659553e+02 +3.0118e+00 -3.9427e+00 +8.6247e-01 +6.1092e-02 +3.5335e+00
1073 +2.172830261e-02 +2.172830261e-02 +2.205517283e+02 +2.205517283e+02 +2.8790e+00 -3.8311e+00 +9.9280e-01 +1.2967e-01 +3.5993e+00
1218 +1.004114587e-02 +1.004114587e-02 +2.205400411e+02 +2.205400411e+02 +3.0442e+00 -3.7769e+00 +9.9084e-01 +1.8685e-01 +3.5234e+00
1353 +4.300944078e-03 +4.300944078e-03 +2.205343009e+02 +2.205343009e+02 +2.9928e+00 -3.8493e+00 +9.5318e-01 +2.2564e-01 +3.5005e+00
1438 +3.010022792e-03 +3.010022792e-03 +2.205330100e+02 +2.205330100e+02 +3.0233e+00 -3.8828e+00 +9.6045e-01 +1.6745e-01 +3.5419e+00
1538 +1.403467614e-03 +1.403467614e-03 +2.205314035e+02 +2.205314035e+02 +2.9869e+00 -3.8803e+00 +9.5414e-01 +1.8345e-01 +3.5694e+00
1607 +5.858851928e-04 +5.858851928e-04 +2.205305859e+02 +2.205305859e+02 +2.9761e+00 -3.8483e+00 +9.5037e-01 +1.8385e-01 +3.5633e+00
1767 +2.539263213e-04 +2.539263213e-04 +2.205302539e+02 +2.205302539e+02 +3.0023e+00 -3.8438e+00 +9.6043e-01 +1.8408e-01 +3.5633e+00
1957 +1.535400871e-04 +1.535400871e-04 +2.205301535e+02 +2.205301535e+02 +3.0000e+00 -3.8447e+00 +9.4294e-01 +1.8931e-01 +3.5590e+00
2260 +6.579277283e-05 +6.579277283e-05 +2.205300658e+02 +2.205300658e+02 +2.9992e+00 -3.8486e+00 +9.4619e-01 +1.9121e-01 +3.5588e+00
2419 +3.629895068e-05 +3.629895068e-05 +2.205300363e+02 +2.205300363e+02 +3.0002e+00 -3.8492e+00 +9.5459e-01 +1.9072e-01 +3.5582e+00
2557 +2.108625691e-05 +2.108625691e-05 +2.205300211e+02 +2.205300211e+02 +3.0012e+00 -3.8484e+00 +9.5403e-01 +1.9542e-01 +3.5583e+00
2817 +1.442483230e-05 +1.442483230e-05 +2.205300144e+02 +2.205300144e+02 +2.9943e+00 -3.8491e+00 +9.5345e-01 +1.9779e-01 +3.5587e+00
3006 +8.593102763e-06 +8.593102763e-06 +2.205300086e+02 +2.205300086e+02 +2.9970e+00 -3.8467e+00 +9.5401e-01 +1.9425e-01 +3.5605e+00
3156 +5.406993381e-06 +5.406993381e-06 +2.205300054e+02 +2.205300054e+02 +2.9963e+00 -3.8457e+00 +9.5280e-01 +1.9546e-01 +3.5584e+00
3357 +3.839971612e-06 +3.839971612e-06 +2.205300038e+02 +2.205300038e+02 +2.9962e+00 -3.8489e+00 +9.5295e-01 +1.9360e-01 +3.5588e+00
3401 +1.148947860e-06 +1.148947860e-06 +2.205300011e+02 +2.205300011e+02 +2.9966e+00 -3.8480e+00 +9.5352e-01 +1.9485e-01 +3.5577e+00
3607 +7.589829352e-07 +7.589829352e-07 +2.205300008e+02 +2.205300008e+02 +2.9965e+00 -3.8483e+00 +9.5348e-01 +1.9487e-01 +3.5583e+00
3657 +5.432590626e-07 +5.432590626e-07 +2.205300005e+02 +2.205300005e+02 +2.9963e+00 -3.8482e+00 +9.5327e-01 +1.9519e-01 +3.5583e+00
3863 +8.431686638e-08 +8.431686638e-08 +2.205300001e+02 +2.205300001e+02 +2.9968e+00 -3.8480e+00 +9.5293e-01 +1.9497e-01 +3.5585e+00
4157 +3.053148134e-08 +3.053148134e-08 +2.205300000e+02 +2.205300000e+02 +2.9968e+00 -3.8480e+00 +9.5295e-01 +1.9521e-01 +3.5583e+00
4461 +2.090254725e-08 +2.090254725e-08 +2.205300000e+02 +2.205300000e+02 +2.9968e+00 -3.8480e+00 +9.5287e-01 +1.9528e-01 +3.5583e+00
4707 +1.578780484e-08 +1.578780484e-08 +2.205300000e+02 +2.205300000e+02 +2.9968e+00 -3.8480e+00 +9.5286e-01 +1.9517e-01 +3.5583e+00
5186 +8.571959143e-09 +8.571959143e-09 +2.205300000e+02 +2.205300000e+02 +2.9968e+00 -3.8480e+00 +9.5276e-01 +1.9524e-01 +3.5583e+00
% function evaluation | noise-free fitness - Fopt (4.212900000000e+02) | best noise-free fitness - Fopt | measured fitness | best measured fitness | x1 | x2...
1 +8.195521013e+01 +8.195521013e+01 +5.032452101e+02 +5.032452101e+02 +3.1811e-01 +5.6618e-01 +3.6186e+00 +2.6595e+00 +3.7906e+00
4 +3.116525055e+01 +3.116525055e+01 +4.524552506e+02 +4.524552506e+02 -2.2502e-01 -1.0356e-02 +2.5651e+00 -3.3695e+00 -2.4669e+00
20 +1.386924187e+01 +1.386924187e+01 +4.351592419e+02 +4.351592419e+02 -3.8254e+00 +2.2192e-01 +8.5616e-01 -3.8872e+00 -2.3496e+00
52 +9.342600586e+00 +9.342600586e+00 +4.306326006e+02 +4.306326006e+02 -3.5052e+00 +1.2295e+00 +1.5429e+00 -3.6353e+00 -2.5380e+00
158 +2.785355284e+00 +2.785355284e+00 +4.240753553e+02 +4.240753553e+02 -5.0000e+00 +3.5662e+00 +8.6534e-01 -2.7520e+00 -1.7653e+00
190 +1.688104413e+00 +1.688104413e+00 +4.229781044e+02 +4.229781044e+02 -4.1075e+00 +3.0356e+00 +1.2637e-01 -2.1827e+00 -9.3581e-01
303 +1.399521694e+00 +1.399521694e+00 +4.226895217e+02 +4.226895217e+02 -4.2902e+00 +4.2097e+00 +1.3570e+00 -2.3172e+00 -6.6897e-01
329 +5.288888279e-01 +5.288888279e-01 +4.218188888e+02 +4.218188888e+02 -4.4796e+00 +3.1667e+00 +1.5017e+00 -2.7785e+00 -3.7471e-01
634 +1.392379017e-01 +1.392379017e-01 +4.214292379e+02 +4.214292379e+02 -4.0076e+00 +3.5308e+00 +9.8322e-01 -2.6943e+00 -3.4489e-01
734 +7.078533654e-02 +7.078533654e-02 +4.213607853e+02 +4.213607853e+02 -3.9398e+00 +3.2738e+00 +1.0549e+00 -2.7225e+00 -6.9483e-01
882 +5.572323012e-02 +5.572323012e-02 +4.213457232e+02 +4.213457232e+02 -3.9653e+00 +3.3016e+00 +1.1763e+00 -2.7377e+00 -6.1867e-01
1003 +2.811690058e-02 +2.811690058e-02 +4.213181169e+02 +4.213181169e+02 -3.9955e+00 +3.2892e+00 +1.0944e+00 -2.8924e+00 -6.7381e-01
1111 +1.757900499e-02 +1.757900499e-02 +4.213075790e+02 +4.213075790e+02 -4.0606e+00 +3.3214e+00 +1.0800e+00 -2.9353e+00 -4.4487e-01
1153 +1.398977291e-02 +1.398977291e-02 +4.213039898e+02 +4.213039898e+02 -4.0181e+00 +3.3603e+00 +1.0708e+00 -2.8513e+00 -5.6730e-01
1254 +7.117618769e-03 +7.117618769e-03 +4.212971176e+02 +4.212971176e+02 -3.9552e+00 +3.3070e+00 +1.0810e+00 -2.9892e+00 -4.7704e-01
1319 +5.738633626e-03 +5.738633626e-03 +4.212957386e+02 +4.212957386e+02 -3.9578e+00 +3.3440e+00 +1.0930e+00 -2.9756e+00 -5.1526e-01
1569 +1.339967823e-03 +1.339967823e-03 +4.212913400e+02 +4.212913400e+02 -3.9610e+00 +3.3134e+00 +1.0940e+00 -2.9326e+00 -5.1376e-01
1678 +7.906449043e-04 +7.906449043e-04 +4.212907906e+02 +4.212907906e+02 -3.9678e+00 +3.2976e+00 +1.0834e+00 -2.9261e+00 -5.1794e-01
1813 +5.008950719e-04 +5.008950719e-04 +4.212905009e+02 +4.212905009e+02 -3.9345e+00 +3.3022e+00 +1.0692e+00 -2.9195e+00 -5.2594e-01
1863 +3.772535006e-04 +3.772535006e-04 +4.212903773e+02 +4.212903773e+02 -3.9398e+00 +3.2969e+00 +1.0671e+00 -2.9191e+00 -5.2607e-01
2313 +1.841597842e-04 +1.841597842e-04 +4.212901842e+02 +4.212901842e+02 -3.9418e+00 +3.3064e+00 +1.0648e+00 -2.9183e+00 -5.2372e-01
2363 +1.540708673e-04 +1.540708673e-04 +4.212901541e+02 +4.212901541e+02 -3.9439e+00 +3.3129e+00 +1.0611e+00 -2.9173e+00 -5.2150e-01
2370 +4.039804764e-05 +4.039804764e-05 +4.212900404e+02 +4.212900404e+02 -3.9495e+00 +3.3050e+00 +1.0580e+00 -2.9187e+00 -5.1867e-01
2613 +2.680187475e-05 +2.680187475e-05 +4.212900268e+02 +4.212900268e+02 -3.9513e+00 +3.3030e+00 +1.0597e+00 -2.9181e+00 -5.1916e-01
2763 +2.200695934e-05 +2.200695934e-05 +4.212900220e+02 +4.212900220e+02 -3.9527e+00 +3.3053e+00 +1.0582e+00 -2.9171e+00 -5.1899e-01
2828 +1.081392725e-05 +1.081392725e-05 +4.212900108e+02 +4.212900108e+02 -3.9515e+00 +3.3076e+00 +1.0606e+00 -2.9189e+00 -5.1755e-01
2869 +9.632074466e-06 +9.632074466e-06 +4.212900096e+02 +4.212900096e+02 -3.9530e+00 +3.3082e+00 +1.0604e+00 -2.9172e+00 -5.1908e-01
2919 +4.226500209e-06 +4.226500209e-06 +4.212900042e+02 +4.212900042e+02 -3.9533e+00 +3.3078e+00 +1.0614e+00 -2.9181e+00 -5.1859e-01
2969 +2.961031385e-06 +2.961031385e-06 +4.212900030e+02 +4.212900030e+02 -3.9535e+00 +3.3075e+00 +1.0622e+00 -2.9187e+00 -5.1820e-01
3051 +1.504504326e-06 +1.504504326e-06 +4.212900015e+02 +4.212900015e+02 -3.9534e+00 +3.3068e+00 +1.0619e+00 -2.9178e+00 -5.1860e-01
3284 +4.054992360e-07 +4.054992360e-07 +4.212900004e+02 +4.212900004e+02 -3.9533e+00 +3.3068e+00 +1.0622e+00 -2.9179e+00 -5.1779e-01
3351 +3.560152209e-07 +3.560152209e-07 +4.212900004e+02 +4.212900004e+02 -3.9533e+00 +3.3064e+00 +1.0622e+00 -2.9179e+00 -5.1797e-01
3619 +2.409248054e-07 +2.409248054e-07 +4.212900002e+02 +4.212900002e+02 -3.9535e+00 +3.3065e+00 +1.0623e+00 -2.9179e+00 -5.1795e-01
3813 +1.543327244e-07 +1.543327244e-07 +4.212900002e+02 +4.212900002e+02 -3.9535e+00 +3.3064e+00 +1.0624e+00 -2.9179e+00 -5.1783e-01
3970 +6.244692941e-08 +6.244692941e-08 +4.212900001e+02 +4.212900001e+02 -3.9536e+00 +3.3063e+00 +1.0625e+00 -2.9178e+00 -5.1761e-01
4513 +3.878795951e-08 +3.878795951e-08 +4.212900000e+02 +4.212900000e+02 -3.9537e+00 +3.3064e+00 +1.0625e+00 -2.9177e+00 -5.1766e-01
4684 +2.456044967e-08 +2.456044967e-08 +4.212900000e+02 +4.212900000e+02 -3.9536e+00 +3.3064e+00 +1.0624e+00 -2.9178e+00 -5.1760e-01
4815 +6.529944585e-09 +6.529944585e-09 +4.212900000e+02 +4.212900000e+02 -3.9536e+00 +3.3064e+00 +1.0623e+00 -2.9176e+00 -5.1760e-01
% function evaluation | noise-free fitness - Fopt (-7.900000000000e+01) | best noise-free fitness - Fopt | measured fitness | best measured fitness | x1 | x2...
1 +8.723202684e+01 +8.723202684e+01 +8.232026839e+00 +8.232026839e+00 +3.2743e+00 -3.3577e+00 +3.0121e+00 -2.2439e+00 -2.7882e-01
2 +7.720771586e+00 +7.720771586e+00 -7.127922841e+01 -7.127922841e+01 -3.7327e+00 +3.3797e+00 +1.5937e+00 -5.5226e-01 -4.2889e+00
102 +3.764604078e+00 +3.764604078e+00 -7.523539592e+01 -7.523539592e+01 -1.5430e+00 +1.2842e+00 +3.1185e-01 +1.4238e+00 -4.5805e+00
152 +2.378920976e+00 +2.378920976e+00 -7.662107902e+01 -7.662107902e+01 -1.7560e+00 +1.6225e+00 +9.2543e-01 +8.3555e-01 -4.2483e+00
160 +1.331425677e+00 +1.331425677e+00 -7.766857432e+01 -7.766857432e+01 -3.2656e+00 +2.1825e+00 +5.5526e-01 +5.5073e-01 -4.3901e+00
260 +9.392853722e-01 +9.392853722e-01 -7.806071463e+01 -7.806071463e+01 -2.7701e+00 +1.7245e+00 -2.6837e-01 +5.7183e-01 -3.9050e+00
328 +5.726985346e-01 +5.726985346e-01 -7.842730147e+01 -7.842730147e+01 -3.5189e+00 +1.6812e+00 +6.4366e-01 +2.6961e-01 -4.0920e+00
492 +2.443563846e-01 +2.443563846e-01 -7.875564362e+01 -7.875564362e+01 -3.1352e+00 +1.2086e+00 +8.4968e-01 +6.6134e-01 -4.0676e+00
507 +1.179912548e-01 +1.179912548e-01 -7.888200875e+01 -7.888200875e+01 -3.1891e+00 +1.3564e+00 +3.5278e-01 +5.8276e-01 -4.0643e+00
697 +6.501572313e-02 +6.501572313e-02 -7.893498428e+01 -7.893498428e+01 -3.1486e+00 +1.2230e+00 +6.4375e-01 +5.2607e-01 -3.9930e+00
826 +3.581894414e-02 +3.581894414e-02 -7.896418106e+01 -7.896418106e+01 -3.0922e+00 +1.2579e+00 +5.2590e-01 +2.7400e-01 -3.8748e+00
957 +1.873663873e-02 +1.873663873e-02 -7.898126336e+01 -7.898126336e+01 -3.1140e+00 +1.2775e+00 +4.6313e-01 +4.4346e-01 -3.9551e+00
1001 +1.538760423e-02 +1.538760423e-02 -7.898461240e+01 -7.898461240e+01 -3.0809e+00 +1.1113e+00 +5.4947e-01 +4.0595e-01 -3.9577e+00
1097 +8.458581285e-03 +8.458581285e-03 -7.899154142e+01 -7.899154142e+01 -3.1067e+00 +1.1480e+00 +4.0019e-01 +4.2025e-01 -3.9313e+00
1136 +2.838525430e-03 +2.838525430e-03 -7.899716147e+01 -7.899716147e+01 -3.0182e+00 +1.1729e+00 +4.6970e-01 +4.2512e-01 -3.9478e+00
1553 +8.547367175e-04 +8.547367175e-04 -7.899914526e+01 -7.899914526e+01 -3.0540e+00 +1.1759e+00 +4.8018e-01 +4.1065e-01 -3.8857e+00
1710 +5.874071737e-04 +5.874071737e-04 -7.899941259e+01 -7.899941259e+01 -3.0404e+00 +1.1836e+00 +4.5427e-01 +4.0745e-01 -3.8920e+00
2058 +3.509166547e-04 +3.509166547e-04 -7.899964908e+01 -7.899964908e+01 -3.0450e+00 +1.1602e+00 +4.7343e-01 +4.1307e-01 -3.9105e+00
2224 +1.582217018e-04 +1.582217018e-04 -7.899984178e+01 -7.899984178e+01 -3.0499e+00 +1.1713e+00 +4.6927e-01 +4.1118e-01 -3.9090e+00
2408 +8.428178747e-05 +8.428178747e-05 -7.899991572e+01 -7.899991572e+01 -3.0447e+00 +1.1639e+00 +4.6454e-01 +4.1874e-01 -3.9018e+00
2557 +4.812935757e-05 +4.812935757e-05 -7.899995187e+01 -7.899995187e+01 -3.0457e+00 +1.1750e+00 +4.6425e-01 +4.1584e-01 -3.9029e+00
2658 +3.938994512e-05 +3.938994512e-05 -7.899996061e+01 -7.899996061e+01 -3.0462e+00 +1.1740e+00 +4.6442e-01 +4.1552e-01 -3.9043e+00
2753 +2.251266810e-05 +2.251266810e-05 -7.899997749e+01 -7.899997749e+01 -3.0486e+00 +1.1703e+00 +4.5867e-01 +4.1939e-01 -3.9013e+00
2997 +1.053423169e-05 +1.053423169e-05 -7.899998947e+01 -7.899998947e+01 -3.0483e+00 +1.1727e+00 +4.6165e-01 +4.2218e-01 -3.9030e+00
3097 +6.920063285e-06 +6.920063285e-06 -7.899999308e+01 -7.899999308e+01 -3.0483e+00 +1.1706e+00 +4.6168e-01 +4.2116e-01 -3.9025e+00
3147 +6.161619936e-06 +6.161619936e-06 -7.899999384e+01 -7.899999384e+01 -3.0483e+00 +1.1719e+00 +4.6070e-01 +4.2099e-01 -3.9028e+00
3347 +2.828579753e-06 +2.828579753e-06 -7.899999717e+01 -7.899999717e+01 -3.0482e+00 +1.1713e+00 +4.6247e-01 +4.2104e-01 -3.9038e+00
3399 +1.569670843e-06 +1.569670843e-06 -7.899999843e+01 -7.899999843e+01 -3.0476e+00 +1.1708e+00 +4.6185e-01 +4.2089e-01 -3.9042e+00
3999 +9.049262815e-07 +9.049262815e-07 -7.899999910e+01 -7.899999910e+01 -3.0480e+00 +1.1703e+00 +4.6172e-01 +4.2010e-01 -3.9047e+00
4305 +3.321842286e-07 +3.321842286e-07 -7.899999967e+01 -7.899999967e+01 -3.0484e+00 +1.1714e+00 +4.6151e-01 +4.2012e-01 -3.9045e+00
4371 +1.764974797e-07 +1.764974797e-07 -7.899999982e+01 -7.899999982e+01 -3.0482e+00 +1.1709e+00 +4.6157e-01 +4.2012e-01 -3.9047e+00
4599 +1.140845427e-07 +1.140845427e-07 -7.899999989e+01 -7.899999989e+01 -3.0482e+00 +1.1713e+00 +4.6146e-01 +4.2020e-01 -3.9049e+00
4621 +9.003558432e-08 +9.003558432e-08 -7.899999991e+01 -7.899999991e+01 -3.0482e+00 +1.1711e+00 +4.6150e-01 +4.2010e-01 -3.9046e+00
4897 +4.064827408e-08 +4.064827408e-08 -7.899999996e+01 -7.899999996e+01 -3.0480e+00 +1.1712e+00 +4.6156e-01 +4.2019e-01 -3.9048e+00
4997 +3.722453812e-08 +3.722453812e-08 -7.899999996e+01 -7.899999996e+01 -3.0480e+00 +1.1712e+00 +4.6160e-01 +4.2019e-01 -3.9048e+00
5008 +2.095214313e-08 +2.095214313e-08 -7.899999998e+01 -7.899999998e+01 -3.0480e+00 +1.1713e+00 +4.6148e-01 +4.2000e-01 -3.9048e+00
5065 +1.470297661e-08 +1.470297661e-08 -7.899999999e+01 -7.899999999e+01 -3.0480e+00 +1.1712e+00 +4.6151e-01 +4.2008e-01 -3.9048e+00
5197 +9.504177001e-09 +9.504177001e-09 -7.899999999e+01 -7.899999999e+01 -3.0480e+00 +1.1712e+00 +4.6153e-01 +4.2005e-01 -3.9048e+00
% function evaluation | noise-free fitness - Fopt (-4.133000000000e+01) | best noise-free fitness - Fopt | measured fitness | best measured fitness | x1 | x2...
1 +6.611916819e+01 +6.611916819e+01 +2.478916819e+01 +2.478916819e+01 -2.8554e+00 -1.3679e+00 -2.8564e+00 +2.8742e+00 -3.0470e+00
2 +2.328295986e+01 +2.328295986e+01 -1.804704014e+01 -1.804704014e+01 -3.0804e+00 +2.4341e-01 -2.8083e-01 -3.1433e+00 +3.9465e-01
56 +1.519325211e+01 +1.519325211e+01 -2.613674789e+01 -2.613674789e+01 -6.7785e-01 -1.3301e+00 -3.6638e+00 -8.1666e-02 +5.3938e-01
58 +2.485817505e+00 +2.485817505e+00 -3.884418249e+01 -3.884418249e+01 +1.3713e+00 -1.7525e+00 -1.0837e+00 -2.7467e+00 +2.8327e+00
243 +1.460112090e+00 +1.460112090e+00 -3.986988791e+01 -3.986988791e+01 +9.0334e-01 -2.3298e+00 -9.3269e-01 -1.0363e+00 +3.0985e+00
306 +4.837981773e-01 +4.837981773e-01 -4.084620182e+01 -4.084620182e+01 +9.3206e-01 -1.0916e+00 -9.7630e-01 -1.7031e+00 +2.3036e+00
395 +3.760570198e-01 +3.760570198e-01 -4.095394298e+01 -4.095394298e+01 +6.5456e-01 -1.1186e+00 -5.4898e-01 -1.4393e+00 +2.8894e+00
543 +1.363046591e-01 +1.363046591e-01 -4.119369534e+01 -4.119369534e+01 +2.9670e-01 -1.2188e+00 -8.2082e-01 -1.7260e+00 +2.7121e+00
706 +7.944492508e-02 +7.944492508e-02 -4.125055507e+01 -4.125055507e+01 +5.3405e-01 -1.2819e+00 -8.4590e-01 -1.7102e+00 +2.6947e+00
828 +5.922772097e-02 +5.922772097e-02 -4.127077228e+01 -4.127077228e+01 +3.4914e-01 -1.4471e+00 -9.2560e-01 -1.5666e+00 +2.8289e+00
952 +2.704003682e-02 +2.704003682e-02 -4.130295996e+01 -4.130295996e+01 +6.0593e-01 -1.4695e+00 -8.7558e-01 -1.5607e+00 +2.6227e+00
1131 +1.656572937e-02 +1.656572937e-02 -4.131343427e+01 -4.131343427e+01 +4.4236e-01 -1.4835e+00 -9.1180e-01 -1.6350e+00 +2.6774e+00
1332 +1.194111833e-02 +1.194111833e-02 -4.131805888e+01 -4.131805888e+01 +5.2094e-01 -1.4904e+00 -9.4181e-01 -1.4581e+00 +2.6053e+00
1432 +5.715000030e-03 +5.715000030e-03 -4.132428500e+01 -4.132428500e+01 +4.6021e-01 -1.4905e+00 -8.7892e-01 -1.5721e+00 +2.5996e+00
1461 +1.216664233e-03 +1.216664233e-03 -4.132878334e+01 -4.132878334e+01 +4.7721e-01 -1.4464e+00 -9.4282e-01 -1.5368e+00 +2.6293e+00
1659 +8.038204095e-04 +8.038204095e-04 -4.132919618e+01 -4.132919618e+01 +4.5471e-01 -1.4348e+00 -9.1491e-01 -1.5254e+00 +2.6338e+00
1959 +5.952455958e-04 +5.952455958e-04 -4.132940475e+01 -4.132940475e+01 +4.6341e-01 -1.4524e+00 -9.1440e-01 -1.5423e+00 +2.5960e+00
2019 +2.238528826e-04 +2.238528826e-04 -4.132977615e+01 -4.132977615e+01 +4.6304e-01 -1.4434e+00 -9.3301e-01 -1.5374e+00 +2.6122e+00
2326 +1.458841350e-04 +1.458841350e-04 -4.132985412e+01 -4.132985412e+01 +4.5603e-01 -1.4476e+00 -9.2805e-01 -1.5209e+00 +2.6074e+00
2361 +9.377414221e-05 +9.377414221e-05 -4.132990623e+01 -4.132990623e+01 +4.5756e-01 -1.4475e+00 -9.2227e-01 -1.5391e+00 +2.6148e+00
2611 +4.575741436e-05 +4.575741436e-05 -4.132995424e+01 -4.132995424e+01 +4.5259e-01 -1.4473e+00 -9.2240e-01 -1.5370e+00 +2.6139e+00
2661 +2.844473698e-05 +2.844473698e-05 -4.132997156e+01 -4.132997156e+01 +4.5638e-01 -1.4467e+00 -9.2159e-01 -1.5329e+00 +2.6137e+00
2932 +2.137861642e-05 +2.137861642e-05 -4.132997862e+01 -4.132997862e+01 +4.5688e-01 -1.4480e+00 -9.2180e-01 -1.5322e+00 +2.6121e+00
3015 +1.271185814e-05 +1.271185814e-05 -4.132998729e+01 -4.132998729e+01 +4.5556e-01 -1.4497e+00 -9.2643e-01 -1.5327e+00 +2.6102e+00
3068 +7.438000011e-06 +7.438000011e-06 -4.132999256e+01 -4.132999256e+01 +4.5500e-01 -1.4470e+00 -9.2483e-01 -1.5317e+00 +2.6106e+00
3103 +4.395754424e-06 +4.395754424e-06 -4.132999560e+01 -4.132999560e+01 +4.5486e-01 -1.4482e+00 -9.2549e-01 -1.5326e+00 +2.6117e+00
3203 +3.510355661e-06 +3.510355661e-06 -4.132999649e+01 -4.132999649e+01 +4.5431e-01 -1.4480e+00 -9.2425e-01 -1.5326e+00 +2.6117e+00
3553 +2.101040806e-06 +2.101040806e-06 -4.132999790e+01 -4.132999790e+01 +4.5334e-01 -1.4481e+00 -9.2494e-01 -1.5321e+00 +2.6112e+00
3632 +1.512924406e-06 +1.512924406e-06 -4.132999849e+01 -4.132999849e+01 +4.5339e-01 -1.4481e+00 -9.2549e-01 -1.5311e+00 +2.6113e+00
3703 +9.820571094e-07 +9.820571094e-07 -4.132999902e+01 -4.132999902e+01 +4.5346e-01 -1.4484e+00 -9.2515e-01 -1.5310e+00 +2.6112e+00
3878 +5.284408360e-07 +5.284408360e-07 -4.132999947e+01 -4.132999947e+01 +4.5339e-01 -1.4493e+00 -9.2481e-01 -1.5313e+00 +2.6115e+00
4113 +3.669079547e-07 +3.669079547e-07 -4.132999963e+01 -4.132999963e+01 +4.5373e-01 -1.4483e+00 -9.2503e-01 -1.5313e+00 +2.6119e+00
4161 +2.490796263e-07 +2.490796263e-07 -4.132999975e+01 -4.132999975e+01 +4.5361e-01 -1.4483e+00 -9.2473e-01 -1.5311e+00 +2.6119e+00
4265 +1.139311934e-07 +1.139311934e-07 -4.132999989e+01 -4.132999989e+01 +4.5356e-01 -1.4486e+00 -9.2452e-01 -1.5313e+00 +2.6120e+00
4315 +8.907124283e-08 +8.907124283e-08 -4.132999991e+01 -4.132999991e+01 +4.5348e-01 -1.4489e+00 -9.2466e-01 -1.5311e+00 +2.6119e+00
4453 +5.385940938e-08 +5.385940938e-08 -4.132999995e+01 -4.132999995e+01 +4.5348e-01 -1.4489e+00 -9.2464e-01 -1.5312e+00 +2.6120e+00
4461 +4.748237359e-09 +4.748237359e-09 -4.133000000e+01 -4.133000000e+01 +4.5359e-01 -1.4488e+00 -9.2475e-01 -1.5312e+00 +2.6120e+00
% function evaluation | noise-free fitness - Fopt (2.127500000000e+02) | best noise-free fitness - Fopt | measured fitness | best measured fitness | x1 | x2...
1 +1.092002380e+02 +1.092002380e+02 +3.219502380e+02 +3.219502380e+02 +6.6305e-01 +4.0720e+00 +2.3195e+00 -4.1508e+00 +1.4028e-01
3 +4.333194547e+01 +4.333194547e+01 +2.560819455e+02 +2.560819455e+02 -2.4667e+00 -2.8740e+00 +1.0033e-01 -3.6878e+00 +3.2213e+00
5 +1.859713487e+01 +1.859713487e+01 +2.313471349e+02 +2.313471349e+02 -2.4498e-01 -2.8986e+00 -2.2933e+00 +6.9270e-01 -2.0890e+00
34 +1.214454020e+01 +1.214454020e+01 +2.248945402e+02 +2.248945402e+02 -1.8962e+00 -1.5567e+00 -3.7038e+00 -3.9736e+00 -2.0791e+00
62 +6.534731659e+00 +6.534731659e+00 +2.192847317e+02 +2.192847317e+02 -3.7867e+00 -6.0374e-01 -2.2474e+00 -9.9218e-01 -7.4553e-01
78 +2.884775329e+00 +2.884775329e+00 +2.156347753e+02 +2.156347753e+02 -4.7809e+00 -2.3614e+00 -3.4798e+00 -7.1669e-01 -2.8970e+00
203 +2.068293054e+00 +2.068293054e+00 +2.148182931e+02 +2.148182931e+02 -3.1710e+00 -3.4067e+00 -2.3854e+00 -1.3901e+00 -2.0162e+00
207 +1.525133572e+00 +1.525133572e+00 +2.142751336e+02 +2.142751336e+02 -4.1035e+00 -1.6388e+00 -2.8093e+00 -1.4019e+00 -1.9702e+00
313 +8.626523361e-01 +8.626523361e-01 +2.136126523e+02 +2.136126523e+02 -3.9269e+00 -3.0753e+00 -3.6254e+00 -7.7505e-01 -1.1518e+00
405 +4.654528525e-01 +4.654528525e-01 +2.132154529e+02 +2.132154529e+02 -3.8143e+00 -2.5400e+00 -3.7241e+00 -8.3893e-01 -1.8719e+00
419 +2.002699436e-01 +2.002699436e-01 +2.129502699e+02 +2.129502699e+02 -3.6623e+00 -2.7245e+00 -3.4629e+00 -1.6863e+00 -1.4560e+00
819 +7.223769511e-02 +7.223769511e-02 +2.128222377e+02 +2.128222377e+02 -3.6241e+00 -2.6303e+00 -3.3001e+00 -1.4898e+00 -1.6799e+00
1073 +5.778866916e-02 +5.778866916e-02 +2.128077887e+02 +2.128077887e+02 -3.6931e+00 -2.7055e+00 -3.4772e+00 -1.3116e+00 -1.5524e+00
1216 +3.085261023e-02 +3.085261023e-02 +2.127808526e+02 +2.127808526e+02 -3.7026e+00 -2.7467e+00 -3.3931e+00 -1.3435e+00 -1.6323e+00
1367 +1.485949265e-02 +1.485949265e-02 +2.127648595e+02 +2.127648595e+02 -3.7317e+00 -2.6693e+00 -3.3390e+00 -1.3535e+00 -1.6673e+00
1547 +3.674009918e-03 +3.674009918e-03 +2.127536740e+02 +2.127536740e+02 -3.8122e+00 -2.6942e+00 -3.3378e+00 -1.3686e+00 -1.6432e+00
1864 +1.890428421e-03 +1.890428421e-03 +2.127518904e+02 +2.127518904e+02 -3.8106e+00 -2.6759e+00 -3.3648e+00 -1.3686e+00 -1.6609e+00
1920 +1.157655527e-03 +1.157655527e-03 +2.127511577e+02 +2.127511577e+02 -3.8255e+00 -2.6852e+00 -3.3633e+00 -1.3770e+00 -1.6934e+00
1970 +5.244981471e-04 +5.244981471e-04 +2.127505245e+02 +2.127505245e+02 -3.8418e+00 -2.6641e+00 -3.3450e+00 -1.3676e+00 -1.6678e+00
2120 +1.040045655e-04 +1.040045655e-04 +2.127501040e+02 +2.127501040e+02 -3.8465e+00 -2.6738e+00 -3.3555e+00 -1.3725e+00 -1.6789e+00
2480 +9.380974032e-05 +9.380974032e-05 +2.127500938e+02 +2.127500938e+02 -3.8481e+00 -2.6754e+00 -3.3558e+00 -1.3722e+00 -1.6754e+00
2534 +5.654471269e-05 +5.654471269e-05 +2.127500565e+02 +2.127500565e+02 -3.8483e+00 -2.6757e+00 -3.3558e+00 -1.3671e+00 -1.6803e+00
2686 +2.196163899e-05 +2.196163899e-05 +2.127500220e+02 +2.127500220e+02 -3.8475e+00 -2.6711e+00 -3.3602e+00 -1.3664e+00 -1.6748e+00
2750 +1.565582278e-05 +1.565582278e-05 +2.127500157e+02 +2.127500157e+02 -3.8492e+00 -2.6710e+00 -3.3644e+00 -1.3638e+00 -1.6774e+00
2900 +5.374142859e-06 +5.374142859e-06 +2.127500054e+02 +2.127500054e+02 -3.8494e+00 -2.6713e+00 -3.3626e+00 -1.3649e+00 -1.6768e+00
3250 +3.310162072e-06 +3.310162072e-06 +2.127500033e+02 +2.127500033e+02 -3.8497e+00 -2.6730e+00 -3.3615e+00 -1.3654e+00 -1.6760e+00
3500 +1.936146077e-06 +1.936146077e-06 +2.127500019e+02 +2.127500019e+02 -3.8495e+00 -2.6721e+00 -3.3614e+00 -1.3649e+00 -1.6772e+00
3713 +1.335916124e-06 +1.335916124e-06 +2.127500013e+02 +2.127500013e+02 -3.8498e+00 -2.6723e+00 -3.3617e+00 -1.3648e+00 -1.6779e+00
4044 +6.910883315e-07 +6.910883315e-07 +2.127500007e+02 +2.127500007e+02 -3.8503e+00 -2.6730e+00 -3.3619e+00 -1.3649e+00 -1.6778e+00
4166 +4.651762993e-07 +4.651762993e-07 +2.127500005e+02 +2.127500005e+02 -3.8504e+00 -2.6730e+00 -3.3619e+00 -1.3654e+00 -1.6782e+00
4380 +2.820366092e-07 +2.820366092e-07 +2.127500003e+02 +2.127500003e+02 -3.8501e+00 -2.6728e+00 -3.3616e+00 -1.3655e+00 -1.6780e+00
4613 +2.232933412e-07 +2.232933412e-07 +2.127500002e+02 +2.127500002e+02 -3.8503e+00 -2.6725e+00 -3.3618e+00 -1.3653e+00 -1.6775e+00
4663 +1.462298087e-07 +1.462298087e-07 +2.127500001e+02 +2.127500001e+02 -3.8503e+00 -2.6727e+00 -3.3618e+00 -1.3653e+00 -1.6776e+00
4805 +9.456263683e-08 +9.456263683e-08 +2.127500001e+02 +2.127500001e+02 -3.8502e+00 -2.6727e+00 -3.3617e+00 -1.3654e+00 -1.6777e+00
4816 +5.133122727e-08 +5.133122727e-08 +2.127500001e+02 +2.127500001e+02 -3.8502e+00 -2.6728e+00 -3.3618e+00 -1.3656e+00 -1.6777e+00
4963 +3.763099699e-08 +3.763099699e-08 +2.127500000e+02 +2.127500000e+02 -3.8503e+00 -2.6728e+00 -3.3617e+00 -1.3656e+00 -1.6776e+00
5116 +2.430240897e-08 +2.430240897e-08 +2.127500000e+02 +2.127500000e+02 -3.8503e+00 -2.6729e+00 -3.3617e+00 -1.3656e+00 -1.6777e+00
5205 +1.408434969e-08 +1.408434969e-08 +2.127500000e+02 +2.127500000e+02 -3.8503e+00 -2.6728e+00 -3.3617e+00 -1.3656e+00 -1.6776e+00
5251 +9.215654018e-09 +9.215654018e-09 +2.127500000e+02 +2.127500000e+02 -3.8505e+00 -2.6728e+00 -3.3616e+00 -1.3656e+00 -1.6776e+00
5265 +4.727382930e-09 +4.727382930e-09 +2.127500000e+02 +2.127500000e+02 -3.8504e+00 -2.6728e+00 -3.3616e+00 -1.3656e+00 -1.6777e+00
