% function evaluation | noise-free fitness - Fopt (1.026100000000e+02) | best noise-free fitness - Fopt | measured fitness | best measured fitness | x1 | x2...
1 +2.413071210e+02 +2.413071210e+02 +3.439171210e+02 +3.439171210e+02 +2.3276e-01 -2.9923e+00 -5.5903e-01 +6.7924e-01 +2.7272e+00 +1.6526e+00 -7.5434e-01 +3.1605e+00 +2.3494e+00 -2.7254e-02
227 +1.505636043e+02 +1.505636043e+02 +2.531736043e+02 +2.531736043e+02 -1.9883e+00 +2.9586e-01 +0.0000e+00 +7.4632e-01 -2.9114e+00 +2.8298e+00 +2.5813e+00 -3.4871e+00 -1.1135e+00 -5.2857e-01
760 +9.709420078e+01 +9.709420078e+01 +1.997042008e+02 +1.997042008e+02 -2.8429e+00 -1.9813e+00 -1.0790e+00 +5.2793e-01 -2.2829e+00 +2.1369e-01 +4.0616e+00 -2.7172e+00 +8.2740e-01 +8.5594e-01
1243 +5.563461675e+01 +5.563461675e+01 +1.582446168e+02 +1.582446168e+02 -2.4609e+00 -1.1274e+00 -1.1328e+00 +9.6041e-01 -1.0718e+00 +2.3730e+00 +3.9431e+00 -9.8552e-01 +9.2925e-01 +9.4953e-01
4559 +3.826116301e+01 +3.826116301e+01 +1.408711630e+02 +1.408711630e+02 -2.4689e+00 -1.1162e+00 -1.1286e+00 +9.7120e-01 -1.0770e+00 +2.3623e+00 +3.9407e+00 -1.0045e+00 +9.5145e-01 +9.5155e-01
% function evaluation | noise-free fitness - Fopt (9.330000000000e+01) | best noise-free fitness - Fopt | measured fitness | best measured fitness | x1 | x2...
1 +4.461283873e+02 +4.461283873e+02 +5.394283873e+02 +5.394283873e+02 +3.5842e+00 -4.1187e+00 +1.9055e+00 -2.6957e+00 -2.9603e+00 -4.6321e+00 -1.3519e+00 -2.2922e-01 +4.1254e+00 +4.8525e+00
3 +2.674365446e+02 +2.674365446e+02 +3.607365446e+02 +3.607365446e+02 -3.8136e+00 -3.2483e+00 +1.1404e-01 -3.8793e+00 +2.9352e+00 -1.7529e+00 +2.5124e+00 -2.2918e+00 +1.8446e+00 +1.9404e+00
4 +1.860840508e+02 +1.860840508e+02 +2.793840508e+02 +2.793840508e+02 -2.8511e+00 -3.3553e+00 -3.7090e+00 -3.1629e-02 +1.5341e+00 -1.1718e+00 +8.0573e-01 +1.4557e+00 +5.0010e-01 +2.9483e+00
74 +1.560831087e+02 +1.560831087e+02 +2.493831087e+02 +2.493831087e+02 -7.1504e-01 +3.7775e+00 -9.8656e-01 -1.9294e+00 +6.0014e-01 -1.3692e+00 -4.4836e-01 +2.3254e-02 +1.5880e+00 +1.5877e+00
631 +7.960753428e+01 +7.960753428e+01 +1.729075343e+02 +1.729075343e+02 -1.6523e+00 +3.8459e+00 -8.5672e-01 -2.9244e+00 +4.2984e-01 -1.4832e+00 +2.3964e+00 +1.6094e-01 +2.0378e+00 +1.7981e+00
6995 +6.037177168e+01 +6.037177168e+01 +1.536717717e+02 +1.536717717e+02 -1.8432e+00 +3.8645e+00 -1.7583e+00 -2.2243e+00 +7.2530e-01 -1.1799e+00 +3.3810e+00 +3.8863e-03 +2.8447e+00 +2.8574e+00
% function evaluation | noise-free fitness - Fopt (1.364000000000e+01) | best noise-free fitness - Fopt | measured fitness | best measured fitness | x1 | x2...
1 +3.478904612e+02 +3.478904612e+02 +3.615304612e+02 +3.615304612e+02 +4.4100e+00 -3.8189e+00 +4.5917e+00 -4.4658e-01 -9.2733e-01 +3.2176e+00 +3.7949e+00 +2.6384e+00 +8.0019e-01 +1.9558e+00
3 +1.728212502e+02 +1.728212502e+02 +1.864612502e+02 +1.864612502e+02 +2.3550e+00 +7.4553e-01 -1.9095e+00 -1.3132e+00 +7.5912e-01 +5.2137e-01 +5.1980e-01 -1.2460e+00 +4.8292e-02 -1.5342e+00
137 +1.357938101e+02 +1.357938101e+02 +1.494338101e+02 +1.494338101e+02 -4.0330e-01 -2.2555e+00 +9.1716e-01 +8.3508e-01 +5.6420e-01 +4.1198e-01 -1.3812e+00 +6.7931e-01 -9.8848e-01 +1.7735e+00
888 +9.716087093e+01 +9.716087093e+01 +1.108008709e+02 +1.108008709e+02 -7.8445e-01 -2.2780e+00 +2.3267e+00 +7.3059e-01 +1.4409e+00 -2.3654e+00 -3.1763e-01 +9.0275e-01 -1.9433e-01 +1.6807e+00
2500 +5.795766478e+01 +5.795766478e+01 +7.159766478e+01 +7.159766478e+01 -7.5389e-01 -2.0152e+00 +1.1687e+00 +3.2113e+00 +2.7356e+00 -1.5255e+00 +2.5351e-01 +1.2513e+00 +2.3438e+00 +1.5616e+00
6488 +3.666456462e+01 +3.666456462e+01 +5.030456462e+01 +5.030456462e+01 -1.1893e+00 -2.2036e+00 +1.2534e+00 +2.2755e+00 +2.4119e+00 -1.4429e+00 -8.2300e-01 +1.1785e+00 +2.5124e+00 +1.4345e+00
16377 +2.496524067e+01 +2.496524067e+01 +3.860524067e+01 +3.860524067e+01 -1.2178e+00 -2.2242e+00 +1.2484e+00 +2.2569e+00 +2.4004e+00 -1.4455e+00 -8.2327e-01 +1.2024e+00 +2.5119e+00 +1.4304e+00
% function evaluation | noise-free fitness - Fopt (1.948000000000e+02) | best noise-free fitness - Fopt | measured fitness | best measured fitness | x1 | x2...
1 +2.625874744e+02 +2.625874744e+02 +4.573874744e+02 +4.573874744e+02 -6.8288e-01 +3.7266e+00 +2.0273e+00 -3.8712e+00 -1.9414e+00 +2.8643e+00 +3.2651e+00 +8.1912e-02 +3.1310e+00 +4.1082e-01
20 +1.995527646e+02 +1.995527646e+02 +3.943527646e+02 +3.943527646e+02 +3.9728e-01 -8.7725e-01 +3.9893e+00 -1.3669e+00 -4.6387e+00 +3.3102e+00 +1.5617e+00 +6.1072e-01 -3.3812e+00 +1.3554e+00
154 +1.545757702e+02 +1.545757702e+02 +3.493757702e+02 +3.493757702e+02 -2.2726e+00 +0.0000e+00 +3.4162e+00 -8.3560e-01 -2.7293e+00 +3.4676e+00 +9.5988e-01 +3.7013e+00 -2.0789e+00 -2.4150e-01
200 +9.693910000e+01 +9.693910000e+01 +2.917391000e+02 +2.917391000e+02 -1.4399e+00 +9.8225e-02 +3.1525e+00 -1.4792e+00 -3.4573e+00 +3.2126e+00 +1.6400e+00 +1.6687e+00 -2.0836e+00 +1.2529e+00
2243 +6.228684684e+01 +6.228684684e+01 +2.570868468e+02 +2.570868468e+02 -1.3156e+00 -1.6042e+00 +8.0181e-01 -5.2582e-01 -2.9454e-01 +1.8890e+00 +2.0102e+00 -1.1484e-01 -7.6325e-01 -3.4090e+00
5801 +3.882740681e+01 +3.882740681e+01 +2.336274068e+02 +2.336274068e+02 -1.3067e+00 -1.5971e+00 +1.2965e+00 -7.3769e-01 -1.0786e+00 +1.9702e+00 +1.2319e+00 +7.4081e-01 -6.9204e-01 -2.6256e+00
10006 +2.496143755e+01 +2.496143755e+01 +2.197614375e+02 +2.197614375e+02 -1.3014e+00 -1.5927e+00 +1.3225e+00 -7.6171e-01 -1.0833e+00 +1.9746e+00 +1.2352e+00 +7.4489e-01 -6.7649e-01 -2.6385e+00
% function evaluation | noise-free fitness - Fopt (-1.335900000000e+02) | best noise-free fitness - Fopt | measured fitness | best measured fitness | x1 | x2...
1 +3.499738382e+02 +3.499738382e+02 +2.163838382e+02 +2.163838382e+02 -4.9570e-01 +5.1240e-01 -3.6462e+00 +1.4105e+00 -1.8019e+00 -3.6076e+00 +4.4871e+00 -4.5416e+00 -4.8822e+00 +2.8957e+00
2 +1.907211235e+02 +1.907211235e+02 +5.713112350e+01 +5.713112350e+01 -2.2573e+00 +4.1202e+00 -1.4203e+00 -3.5283e+00 -1.9245e+00 -9.9691e-01 +3.4330e+00 +2.6672e+00 +9.5918e-01 +1.4375e+00
14 +1.406266914e+02 +1.406266914e+02 +7.036691381e+00 +7.036691381e+00 -2.0457e+00 -6.4828e-01 +3.1777e+00 -1.0788e+00 -2.4916e+00 +7.3909e-01 +2.5237e+00 -1.3136e+00 -7.1174e-01 -5.0533e-01
839 +9.099907705e+01 +9.099907705e+01 -4.259092295e+01 -4.259092295e+01 -6.5624e-01 +1.5372e+00 +8.1578e-01 -3.1650e-01 +6.2636e-01 +6.9517e-01 +2.5309e+00 -6.4628e-01 -5.9643e-01 -4.2193e-01
1593 +5.877404303e+01 +5.877404303e+01 -7.481595697e+01 -7.481595697e+01 -2.2838e+00 +1.0093e+00 +1.1578e+00 -1.7657e+00 -1.1947e+00 +1.1210e+00 +1.9475e+00 -2.0392e+00 -8.0245e-01 -1.8075e-01
7533 +3.961729481e+01 +3.961729481e+01 -9.397270519e+01 -9.397270519e+01 -2.1654e+00 +8.6586e-01 +1.3763e+00 -1.1121e+00 -1.6596e+00 +9.3083e-01 +1.4030e+00 -2.3178e+00 -1.1638e+00 +2.1205e-01
11849 +2.501412921e+01 +2.501412921e+01 -1.085758708e+02 -1.085758708e+02 -2.1656e+00 +8.4208e-01 +1.3624e+00 -1.1226e+00 -1.6751e+00 +9.1660e-01 +1.4051e+00 -2.3231e+00 -1.1507e+00 +2.3513e-01
% function evaluation | noise-free fitness - Fopt (1.543700000000e+02) | best noise-free fitness - Fopt | measured fitness | best measured fitness | x1 | x2...
1 +4.251530331e+02 +4.251530331e+02 +5.795230331e+02 +5.795230331e+02 -2.1075e-01 -2.0417e+00 -4.8074e+00 +1.0421e+00 -2.4721e+00 +4.1357e+00 -4.5030e+00 +1.5438e+00 +3.3852e+00 +2.9880e+00
3 +2.829637456e+02 +2.829637456e+02 +4.373337456e+02 +4.373337456e+02 +1.1082e+00 -6.7165e-01 -3.8849e+00 -3.1310e+00 +1.2980e+00 +2.5801e+00 +4.6001e+00 -1.9089e+00 +1.0043e+00 -1.9463e+00
9 +2.119700719e+02 +2.119700719e+02 +3.663400719e+02 +3.663400719e+02 -3.5709e+00 +2.9457e+00 +1.6091e+00 +1.0284e-01 -1.0993e-01 +1.3754e-01 +3.6542e+00 +1.5263e+00 +4.6335e+00 +3.0514e-02
158 +1.529129737e+02 +1.529129737e+02 +3.072829737e+02 +3.072829737e+02 +9.9702e-01 -6.4249e-01 +9.9098e-02 +3.3877e-02 +1.5451e+00 +3.7687e-01 +3.3856e+00 -3.5921e+00 +2.3191e+00 -7.3619e-01
813 +9.825823146e+01 +9.825823146e+01 +2.526282315e+02 +2.526282315e+02 -3.1959e-01 +2.7113e-01 +1.3939e+00 -7.7771e-01 +1.0721e+00 -6.2268e-01 +3.2266e+00 -1.4125e+00 +5.1879e-01 -3.4068e-01
2261 +5.545509323e+01 +5.545509323e+01 +2.098250932e+02 +2.098250932e+02 -7.2067e-01 +2.0979e+00 +9.8723e-01 -1.4585e+00 +7.9888e-01 -1.4542e-01 +1.7130e+00 -1.6794e+00 +1.1842e+00 -5.8279e-02
6205 +3.836417341e+01 +3.836417341e+01 +1.927341734e+02 +1.927341734e+02 -6.8110e-01 +2.0997e+00 +9.8804e-01 -1.4602e+00 +1.4828e+00 -1.5581e-01 +1.7229e+00 -1.6929e+00 +1.1673e+00 -5.9853e-02
11962 +2.511279758e+01 +2.511279758e+01 +1.794827976e+02 +1.794827976e+02 -6.7699e-01 +2.0885e+00 +9.8668e-01 -1.4388e+00 +1.4899e+00 -1.5664e-01 +1.7278e+00 -1.6881e+00 +1.1531e+00 -6.1071e-02
% function evaluation | noise-free fitness - Fopt (-2.883300000000e+02) | best noise-free fitness - Fopt | measured fitness | best measured fitness | x1 | x2...
1 +3.312602320e+02 +3.312602320e+02 +4.293023195e+01 +4.293023195e+01 -1.7021e+00 +4.1718e+00 +4.3839e+00 -1.4587e+00 -3.3841e+00 +2.0491e+00 +1.0131e+00 +1.0320e-01 +6.1640e-01 +4.1653e+00
2 +2.374295494e+02 +2.374295494e+02 -5.090045059e+01 -5.090045059e+01 -3.3033e+00 +1.1448e+00 +2.9357e+00 +2.7117e+00 -1.3191e+00 -2.0798e+00 -2.6727e+00 -8.5845e-01 +4.8065e+00 +7.3157e-01
206 +1.581220297e+02 +1.581220297e+02 -1.302079703e+02 -1.302079703e+02 +4.1502e-01 +1.9127e+00 +3.2765e+00 +0.0000e+00 +2.2716e+00 -9.7260e-01 +3.5099e-01 -9.1583e-01 +5.0000e+00 -2.4121e+00
854 +7.173139284e+01 +7.173139284e+01 -2.165986072e+02 -2.165986072e+02 -1.6724e+00 +2.6682e-01 +1.5719e+00 -9.2930e-02 +2.9460e-01 -9.2624e-01 -1.0445e+00 +1.2141e+00 +1.8256e+00 -1.1482e+00
1159 +6.006426643e+01 +6.006426643e+01 -2.282657336e+02 -2.282657336e+02 -4.1686e-01 -7.5049e-01 +1.2962e+00 -9.1581e-01 +1.0216e+00 -1.5307e+00 -1.3463e+00 -7.2717e-01 +1.5198e+00 -7.9257e-01
5208 +3.937394055e+01 +3.937394055e+01 -2.489560595e+02 -2.489560595e+02 -1.5336e+00 +8.5656e-01 +1.3065e+00 -1.0214e+00 +1.3338e+00 -1.2275e+00 -1.3256e+00 +5.2600e-01 +1.4635e+00 -7.1649e-01
12121 +2.511870429e+01 +2.511870429e+01 -2.632112957e+02 -2.632112957e+02 -1.5488e+00 +9.0031e-01 +1.3137e+00 -1.0194e+00 +1.3298e+00 -1.2338e+00 -1.3315e+00 +5.4194e-01 +1.4582e+00 -7.2326e-01
% function evaluation | noise-free fitness - Fopt (-5.381100000000e+02) | best noise-free fitness - Fopt | measured fitness | best measured fitness | x1 | x2...
1 +2.857217157e+02 +2.857217157e+02 -2.523882843e+02 -2.523882843e+02 +3.4024e+00 +1.6685e+00 +3.2976e+00 -1.3298e+00 -2.7029e+00 +8.3962e-01 -7.7898e-01 -1.2674e+00 +4.0202e+00 +3.8987e+00
20 +2.294326599e+02 +2.294326599e+02 -3.086773401e+02 -3.086773401e+02 -3.3450e+00 +2.4587e-01 +1.8033e+00 +1.8624e-01 -1.5695e+00 +4.3303e+00 -4.3221e+00 -2.5813e+00 +3.8109e+00 +1.9275e+00
178 +1.089736334e+02 +1.089736334e+02 -4.291363666e+02 -4.291363666e+02 -5.1210e-01 -2.5330e+00 +1.1723e+00 -3.4160e+00 -2.2405e+00 +2.7500e+00 -3.0755e+00 -6.5287e-01 +0.0000e+00 -6.5760e-01
466 +9.452938061e+01 +9.452938061e+01 -4.435806194e+02 -4.435806194e+02 -6.0405e-01 -2.8995e+00 -1.0232e+00 -2.3866e+00 -1.8372e+00 +2.8204e+00 -3.3115e+00 -7.7856e-01 -1.8822e+00 -2.0172e-01
5051 +6.233877249e+01 +6.233877249e+01 -4.757712275e+02 -4.757712275e+02 -1.9052e+00 -2.7000e+00 +2.0559e-01 -2.3727e+00 -1.5815e+00 +1.6597e+00 -3.1973e+00 -5.9157e-02 -1.3816e+00 +2.0451e+00
14957 +3.969137293e+01 +3.969137293e+01 -4.984186271e+02 -4.984186271e+02 -1.5791e+00 -2.7135e+00 +4.0534e-01 -2.3650e+00 -1.6246e+00 +1.7925e+00 -3.2373e+00 -3.5104e-01 -1.3790e+00 +2.2176e+00
% function evaluation | noise-free fitness - Fopt (7.478200000000e+02) | best noise-free fitness - Fopt | measured fitness | best measured fitness | x1 | x2...
1 +2.849812330e+02 +2.849812330e+02 +1.032801233e+03 +1.032801233e+03 -1.9938e+00 -7.7289e-01 +1.8517e+00 +1.4643e+00 +2.9893e+00 +2.0140e-01 -1.6538e+00 -5.4911e-01 -4.5255e+00 -3.0607e+00
6 +2.455941022e+02 +2.455941022e+02 +9.934141022e+02 +9.934141022e+02 -1.5696e-01 -2.5392e+00 -4.4843e+00 +4.4971e-01 -3.4141e-01 +2.1922e+00 +3.3955e+00 -3.2009e+00 -2.4103e+00 +1.0739e+00
199 +1.282417771e+02 +1.282417771e+02 +8.760617771e+02 +8.760617771e+02 -1.5678e+00 -1.7675e+00 -2.5250e+00 +4.3971e-01 -3.6444e-01 +0.0000e+00 +3.6933e+00 -4.5554e-01 -1.2487e+00 +4.0948e+00
282 +9.649130522e+01 +9.649130522e+01 +8.443113052e+02 +8.443113052e+02 +0.0000e+00 -2.5234e+00 -2.9397e+00 +2.6197e-01 -3.4849e-01 +2.0517e-01 +3.8115e+00 -4.4947e-01 -1.4979e+00 +1.6998e+00
4356 +5.950131185e+01 +5.950131185e+01 +8.073213119e+02 +8.073213119e+02 -1.7978e+00 -1.5886e+00 -9.1117e-01 +6.2716e-01 -5.9571e-01 -1.6080e+00 +2.3732e+00 -2.1598e+00 -7.0293e-01 +1.9853e+00
9354 +3.651692543e+01 +3.651692543e+01 +7.843369254e+02 +7.843369254e+02 -1.8591e+00 -1.5804e+00 -8.5282e-01 +8.4731e-01 -1.8460e-01 -1.3710e+00 +2.9123e+00 -1.8381e+00 -8.1494e-01 +1.4133e+00
12204 +2.506420918e+01 +2.506420918e+01 +7.728842092e+02 +7.728842092e+02 -1.8601e+00 -1.5712e+00 -8.5335e-01 +8.7024e-01 -1.8338e-01 -1.3974e+00 +2.9093e+00 -1.8150e+00 -8.1551e-01 +1.4295e+00
% function evaluation | noise-free fitness - Fopt (1.667000000000e+01) | best noise-free fitness - Fopt | measured fitness | best measured fitness | x1 | x2...
1 +3.449048874e+02 +3.449048874e+02 +3.615748874e+02 +3.615748874e+02 +4.5469e+00 +3.7690e+00 -5.4488e-01 -3.5695e+00 -1.5279e+00 -2.6133e+00 +1.0089e+00 +1.2141e+00 +4.8074e+00 +4.2350e+00
6 +2.207764562e+02 +2.207764562e+02 +2.374464562e+02 +2.374464562e+02 -2.6344e-01 +2.6337e+00 +2.6396e-01 -1.1437e+00 +4.5701e+00 -1.3660e-02 +1.6884e-01 -8.8931e-01 -9.1792e-02 +3.3146e-01
84 +1.396430385e+02 +1.396430385e+02 +1.563130385e+02 +1.563130385e+02 -1.6729e+00 -2.2806e-01 +2.2484e+00 -9.2665e-01 -1.4802e+00 +8.0023e-01 +1.8631e+00 +1.9826e+00 +5.9771e-01 +1.8883e+00
219 +9.345585126e+01 +9.345585126e+01 +1.101258513e+02 +1.101258513e+02 -2.0013e+00 +4.1516e-02 +1.9063e+00 -1.2693e+00 -9.9726e-01 +6.1912e-01 +2.0066e+00 +2.9851e+00 -6.2068e-01 +9.1531e-01
1227 +5.622108780e+01 +5.622108780e+01 +7.289108780e+01 +7.289108780e+01 -8.4418e-01 -6.0911e-01 +2.2396e+00 -3.9009e-01 -1.5142e+00 +1.2636e+00 -7.2580e-02 +2.2204e+00 -4.2866e-01 +1.2228e+00
8230 +3.873743944e+01 +3.873743944e+01 +5.540743944e+01 +5.540743944e+01 -1.4472e+00 -1.2109e+00 +1.6048e+00 -7.8923e-01 -1.5963e+00 +1.3303e+00 +3.2513e-01 +2.0223e+00 -5.3289e-01 +1.3246e+00
13002 +2.428255685e+01 +2.428255685e+01 +4.095255685e+01 +4.095255685e+01 -1.3446e+00 -6.9060e-01 +1.4845e+00 -7.7253e-01 -1.7078e+00 +1.3462e+00 +4.1528e-01 +1.9752e+00 -5.3385e-01 +1.2705e+00
16326 +1.579246983e+01 +1.579246983e+01 +3.246246983e+01 +3.246246983e+01 -1.3455e+00 -6.8865e-01 +1.4847e+00 -7.7937e-01 -1.6907e+00 +1.3388e+00 +4.1574e-01 +1.9768e+00 -5.1732e-01 +1.2696e+00
% function evaluation | noise-free fitness - Fopt (-6.277000000000e+01) | best noise-free fitness - Fopt | measured fitness | best measured fitness | x1 | x2...
1 +4.079196112e+02 +4.079196112e+02 +3.451496112e+02 +3.451496112e+02 -2.4536e+00 +4.8498e+00 -3.2428e+00 +3.4787e+00 -4.2675e+00 +3.6563e+00 +2.5431e+00 +3.6626e+00 -2.2570e+00 +1.7842e+00
2 +2.880744328e+02 +2.880744328e+02 +2.253044328e+02 +2.253044328e+02 -2.3578e+00 -2.1456e+00 -1.3052e+00 -3.0523e+00 +1.1288e+00 +3.4258e+00 -4.1474e+00 -6.2325e-01 -9.6411e-01 +3.8495e+00
4 +2.273349960e+02 +2.273349960e+02 +1.645649960e+02 +1.645649960e+02 +1.5393e-01 +3.3136e+00 +3.8588e+00 -1.9505e+00 +2.7269e+00 +1.4386e-01 +1.0574e+00 +1.0295e+00 -1.8162e-01 -4.3384e+00
212 +1.562009060e+02 +1.562009060e+02 +9.343090600e+01 +9.343090600e+01 -5.0000e+00 +3.6204e+00 -8.6946e-01 -4.0253e-02 -1.0202e+00 +3.2115e+00 -9.4291e-01 -4.3730e-01 -1.7784e+00 -2.6233e+00
1082 +9.221842200e+01 +9.221842200e+01 +2.944842200e+01 +2.944842200e+01 -2.0818e+00 -2.1783e-01 +1.4690e+00 -2.5029e+00 -3.3149e+00 +1.1336e+00 -1.1870e+00 -7.3498e-01 -2.5088e+00 -3.0550e+00
5492 +5.055029284e+01 +5.055029284e+01 -1.221970716e+01 -1.221970716e+01 -1.3517e+00 +1.0362e+00 +8.7127e-01 -2.9928e+00 -2.9950e-01 +1.4437e+00 -2.6958e+00 -6.5267e-01 -2.5397e+00 -2.6386e+00
9261 +3.977711329e+01 +3.977711329e+01 -2.299288671e+01 -2.299288671e+01 -1.3168e+00 +1.0399e+00 +8.8487e-01 -2.9920e+00 -2.8980e-01 +1.4553e+00 -2.7003e+00 -6.5390e-01 -2.5448e+00 -2.6337e+00
% function evaluation | noise-free fitness - Fopt (1.096000000000e+01) | best noise-free fitness - Fopt | measured fitness | best measured fitness | x1 | x2...
1 +4.333880290e+02 +4.333880290e+02 +4.443480290e+02 +4.443480290e+02 -3.5402e+00 -3.0586e+00 +1.3815e+00 +4.4768e+00 -1.1023e+00 +1.2811e+00 +2.1688e+00 -3.7837e+00 +4.7423e+00 +1.4018e+00
2 +3.340845201e+02 +3.340845201e+02 +3.450445201e+02 +3.450445201e+02 -1.3413e+00 -5.7131e-01 +4.5107e+00 -3.5128e+00 +3.2102e+00 -3.5082e+00 +1.8592e+00 -3.7330e+00 -2.1184e+00 -8.9002e-01
11 +2.330204598e+02 +2.330204598e+02 +2.439804598e+02 +2.439804598e+02 +3.1531e+00 -1.8875e+00 -1.5912e+00 -1.7259e-01 +3.8929e+00 +2.7457e+00 -2.9998e+00 -2.4818e+00 -2.8706e+00 -2.8620e+00
129 +1.332605453e+02 +1.332605453e+02 +1.442205453e+02 +1.442205453e+02 -2.6647e+00 +3.1256e-01 +1.1473e+00 -2.7754e-01 +1.1706e+00 -2.8538e+00 +1.6236e+00 -1.0631e+00 +1.8796e+00 -2.1648e-01
330 +7.626641322e+01 +7.626641322e+01 +8.722641322e+01 +8.722641322e+01 -1.3742e+00 +4.0435e-02 +9.8002e-02 +5.5889e-01 -1.8206e+00 -1.3821e+00 +5.3020e-01 +3.5253e-01 +1.5840e+00 -2.2942e+00
1483 +6.305168484e+01 +6.305168484e+01 +7.401168484e+01 +7.401168484e+01 -6.9811e-01 +1.7115e+00 +9.1457e-01 +2.7193e-01 -7.1995e-01 -1.0585e+00 -1.7663e-01 -5.7550e-01 +6.8246e-01 -1.7445e+00
4985 +3.912259323e+01 +3.912259323e+01 +5.008259323e+01 +5.008259323e+01 -7.8467e-01 +1.1758e+00 +7.5503e-01 -4.7220e-01 -1.2467e+00 -1.3853e+00 +2.6457e-01 +3.5856e-02 +6.4849e-01 -1.1112e+00
11650 +2.507831718e+01 +2.507831718e+01 +3.603831718e+01 +3.603831718e+01 -7.9246e-01 +1.1807e+00 +7.5487e-01 -4.8193e-01 -1.2678e+00 -1.3623e+00 +2.8471e-01 +5.8329e-02 +6.3081e-01 -1.1136e+00
% function evaluation | noise-free fitness - Fopt (9.038000000000e+01) | best noise-free fitness - Fopt | measured fitness | best measured fitness | x1 | x2...
1 +4.584010911e+02 +4.584010911e+02 +5.487810911e+02 +5.487810911e+02 -4.4467e-01 +2.6144e+00 -2.0930e+00 -4.9612e+00 -2.2605e+00 +8.2277e-01 +4.2404e+00 +4.9836e+00 -3.8264e+00 +3.1471e+00
2 +3.439626448e+02 +3.439626448e+02 +4.343426448e+02 +4.343426448e+02 -3.8905e+00 -1.8236e+00 +3.2958e+00 -3.2240e+00 +4.4074e+00 +2.7562e+00 -1.2485e+00 +3.9113e+00 +3.6789e+00 +2.6947e+00
6 +2.342524888e+02 +2.342524888e+02 +3.246324888e+02 +3.246324888e+02 -1.7267e+00 -2.6314e+00 -2.2528e+00 -3.8342e+00 -2.8598e+00 +3.1707e+00 -1.5933e+00 -1.0621e+00 -3.7835e+00 -2.3131e+00
236 +1.373011914e+02 +1.373011914e+02 +2.276811914e+02 +2.276811914e+02 +2.2365e+00 +1.4352e+00 +2.6274e+00 +8.1512e-01 +2.1984e+00 -1.2005e+00 +2.7158e+00 +7.1166e-01 -9.0382e-01 +1.5750e+00
253 +9.239877466e+01 +9.239877466e+01 +1.827787747e+02 +1.827787747e+02 +2.4541e+00 +2.7651e+00 +7.0792e-01 +1.7154e+00 +2.8550e+00 -1.0087e+00 +2.1885e+00 -2.2673e+00 -2.9163e+00 +7.2811e-01
1663 +5.828137006e+01 +5.828137006e+01 +1.486613701e+02 +1.486613701e+02 +1.4534e+00 +2.1554e+00 +4.1861e-01 +1.4408e+00 +1.4583e+00 -9.1980e-01 +1.3027e+00 -1.2904e+00 -2.4760e+00 +2.0530e+00
2682 +3.979936037e+01 +3.979936037e+01 +1.301793604e+02 +1.301793604e+02 +1.4970e+00 +1.8713e+00 +3.6375e-01 +1.0179e+00 +1.1815e+00 -1.2408e+00 +1.1444e+00 -1.2043e+00 -1.6766e+00 +1.5642e+00
5045 +2.432406457e+01 +2.432406457e+01 +1.147040646e+02 +1.147040646e+02 +4.8356e-01 +2.1856e+00 +1.0275e+00 +1.0056e+00 +9.6677e-01 -1.1418e+00 +1.1408e+00 -1.1574e+00 -1.5061e+00 +1.9065e+00
11926 +1.534631450e+01 +1.534631450e+01 +1.057263145e+02 +1.057263145e+02 +4.8775e-01 +2.1934e+00 +1.0266e+00 +1.0005e+00 +9.6444e-01 -1.1705e+00 +1.1603e+00 -1.1569e+00 -1.4937e+00 +1.9085e+00
17719 +9.793080734e+00 +9.793080734e+00 +1.001730807e+02 +1.001730807e+02 +4.9633e-01 +2.1903e+00 +1.0155e+00 +1.0128e+00 +9.6858e-01 -1.1467e+00 +1.1506e+00 -1.1587e+00 -1.4687e+00 +1.9061e+00
% function evaluation | noise-free fitness - Fopt (-2.635200000000e+02) | best noise-free fitness - Fopt | measured fitness | best measured fitness | x1 | x2...
1 +3.575807392e+02 +3.575807392e+02 +9.406073923e+01 +9.406073923e+01 +1.9260e+00 -3.9445e+00 +3.6849e+00 -3.6810e-01 -8.2856e-01 +4.3368e+00 -4.4277e+00 -2.4521e+00 +3.7031e+00 -1.3007e+00
4 +2.452006565e+02 +2.452006565e+02 -1.831934346e+01 -1.831934346e+01 +8.6751e-01 +6.4568e-01 -9.0366e-01 +2.6969e+00 +4.5749e+00 -1.4369e-01 -1.6637e-01 -3.2558e+00 -4.1672e+00 -3.5037e+00
85 +1.540931275e+02 +1.540931275e+02 -1.094268725e+02 -1.094268725e+02 -3.4229e+00 -1.8507e+00 +7.3914e-01 +3.6372e+00 +3.1598e+00 -8.9889e-01 +4.9339e-01 +1.5006e+00 -5.5535e-01 +1.0809e+00
552 +9.320712495e+01 +9.320712495e+01 -1.703128751e+02 -1.703128751e+02 -2.9388e+00 +1.6576e+00 -1.2067e+00 +4.0395e+00 +1.0721e+00 +8.3556e-01 -2.8859e+00 +6.8459e-01 +3.4898e-01 +1.6326e-02
4599 +5.924831811e+01 +5.924831811e+01 -2.042716819e+02 -2.042716819e+02 -2.8566e+00 +1.0663e+00 -1.8030e+00 +2.4346e+00 +1.3977e+00 -7.2524e-01 -2.1409e+00 +1.4258e+00 -7.4149e-01 -1.9242e+00
9116 +3.887522671e+01 +3.887522671e+01 -2.246447733e+02 -2.246447733e+02 -1.8649e+00 +1.0223e+00 -8.5787e-01 +2.5169e+00 +1.4091e+00 -7.0330e-01 -2.2282e+00 +1.1669e+00 -7.4094e-01 -1.7934e+00
12325 +2.484509067e+01 +2.484509067e+01 -2.386749093e+02 -2.386749093e+02 -1.8064e+00 +1.0189e+00 -8.1819e-01 +2.5797e+00 +1.3900e+00 -7.4248e-01 -2.2253e+00 +1.1708e+00 -7.9201e-01 -1.8571e+00
% function evaluation | noise-free fitness - Fopt (3.101900000000e+02) | best noise-free fitness - Fopt | measured fitness | best measured fitness | x1 | x2...
1 +3.924425500e+02 +3.924425500e+02 +7.026325500e+02 +7.026325500e+02 +4.2540e+00 -8.1419e-02 -2.7073e+00 -1.5663e+00 -5.4126e-02 +3.5338e+00 +2.5378e+00 -1.9975e+00 -3.4860e+00 -3.7399e+00
20 +2.178956187e+02 +2.178956187e+02 +5.280856187e+02 +5.280856187e+02 +2.3484e+00 +9.0200e-01 +6.2474e-01 +8.7927e-01 +3.0885e+00 +7.1978e-01 -2.6303e-01 +1.9724e+00 -1.5381e+00 +2.1269e-01
99 +1.266826766e+02 +1.266826766e+02 +4.368726766e+02 +4.368726766e+02 +1.3639e+00 -2.3856e+00 -3.2408e-01 -1.3114e-01 -5.2353e-01 -2.0114e-01 -2.9706e+00 -5.8179e-01 -1.1005e+00 +8.1869e-01
534 +9.837262371e+01 +9.837262371e+01 +4.085626237e+02 +4.085626237e+02 +7.2129e-01 -8.0383e-01 +1.4459e+00 +1.5068e-01 +2.8545e-01 +1.9635e+00 -1.1946e+00 -9.5911e-01 +2.8126e-01 -8.1653e-01
626 +5.959465840e+01 +5.959465840e+01 +3.697846584e+02 +3.697846584e+02 +6.2805e-01 -9.2102e-01 +2.4261e-01 -1.0070e-02 -1.7573e+00 +2.1375e+00 -7.3058e-01 -1.2922e+00 +2.5952e-01 -4.1610e-01
6837 +3.909641973e+01 +3.909641973e+01 +3.492864197e+02 +3.492864197e+02 +8.4352e-01 -1.5531e+00 +5.1115e-01 -5.5535e-02 -1.7950e+00 +2.0912e+00 -7.8414e-01 -1.2181e+00 +4.0481e-01 +6.3319e-01
