% function evaluation | noise-free fitness - Fopt (4.078000000000e+01) | best noise-free fitness - Fopt | measured fitness | best measured fitness | x1 | x2...
1 +8.610730899e+01 +8.610730899e+01 +1.268873090e+02 +1.268873090e+02 +2.6241e+00 -4.6509e+00 +4.1130e+00 -2.0243e+00 -4.5884e+00 -4.8874e+00 +1.2159e+00 +1.0921e+00 -4.9770e+00 -4.2214e+00
19 +4.980778586e+01 +4.980778586e+01 +9.058778586e+01 +9.058778586e+01 -4.0266e+00 +2.9049e-01 -2.5035e+00 -3.8180e+00 -1.6253e+00 -1.9590e+00 -4.4768e+00 +4.9416e+00 -3.5048e+00 +2.9944e-01
96 +3.355955291e+01 +3.355955291e+01 +7.433955291e+01 +7.433955291e+01 -2.6485e+00 -5.9091e-01 -1.2207e+00 -3.8435e+00 -9.6704e-01 -9.5834e-01 -4.5943e+00 +4.9228e+00 -2.5958e+00 +1.7486e+00
133 +2.413019806e+01 +2.413019806e+01 +6.491019806e+01 +6.491019806e+01 -2.4248e+00 -1.0426e+00 -1.8828e+00 -3.8185e+00 -1.4331e+00 -1.4882e+00 -4.5775e+00 +4.9348e+00 -2.9026e+00 +1.8733e+00
515 +1.565358297e+01 +1.565358297e+01 +5.643358297e+01 +5.643358297e+01 -1.7987e+00 -2.9046e+00 -1.7430e+00 -3.4555e+00 -8.5035e-01 -3.2361e+00 -3.4273e+00 +4.2108e+00 -2.9061e+00 +1.7130e+00
532 +9.730290272e+00 +9.730290272e+00 +5.051029027e+01 +5.051029027e+01 -1.8408e+00 -2.9095e+00 -1.0755e+00 -3.5175e+00 -1.2992e+00 -3.1691e+00 -4.6399e+00 +3.5435e+00 -3.0089e+00 +1.9402e+00
% function evaluation | noise-free fitness - Fopt (-1.600000000000e+00) | best noise-free fitness - Fopt | measured fitness | best measured fitness | x1 | x2...
1 +7.395153193e+01 +7.395153193e+01 +7.235153193e+01 +7.235153193e+01 -8.4779e-01 -1.9303e+00 +1.6042e+00 +4.3302e+00 +2.6799e+00 +1.6442e+00 +5.8112e-01 +4.0657e+00 -2.9444e+00 +3.8957e+00
28 +5.761880429e+01 +5.761880429e+01 +5.601880429e+01 +5.601880429e+01 +2.3602e-01 -4.6141e+00 -6.3900e-01 +4.8224e+00 +5.0000e+00 -7.2019e-02 +1.6528e+00 +5.0000e+00 +3.1096e+00 +3.1143e+00
42 +2.658099155e+01 +2.658099155e+01 +2.498099155e+01 +2.498099155e+01 +3.6871e+00 -2.1904e+00 +4.4919e+00 +3.5340e+00 +3.2152e+00 +7.9500e-01 +1.2076e+00 +4.7128e+00 +2.1453e+00 +4.7632e+00
69 +2.221877349e+01 +2.221877349e+01 +2.061877349e+01 +2.061877349e+01 +3.7525e+00 -1.8299e+00 +3.5482e+00 +3.7881e+00 +4.1209e+00 +1.5197e-01 +8.7427e-01 +5.0000e+00 +8.3411e-01 +4.9213e+00
78 +1.218418809e+01 +1.218418809e+01 +1.058418809e+01 +1.058418809e+01 +2.4328e+00 -2.8575e+00 +3.0572e+00 +3.9665e+00 +4.1398e+00 +5.8061e-01 +6.8820e-01 +5.0000e+00 +1.8062e+00 +4.1972e+00
142 +8.185352028e+00 +8.185352028e+00 +6.585352028e+00 +6.585352028e+00 +2.7023e+00 -2.2290e+00 +2.8696e+00 +3.5980e+00 +4.4072e+00 +2.0092e-01 +7.4815e-01 +4.9988e+00 +1.6548e+00 +3.9630e+00
205 +5.354948430e+00 +5.354948430e+00 +3.754948430e+00 +3.754948430e+00 +2.6802e+00 -2.7590e+00 +2.3869e+00 +3.4793e+00 +3.7171e+00 +9.0121e-01 +8.2798e-01 +4.8191e+00 +2.1162e+00 +2.8949e+00
277 +3.144595814e+00 +3.144595814e+00 +1.544595814e+00 +1.544595814e+00 +3.6638e+00 -2.4191e+00 +2.4182e+00 +3.7226e+00 +3.8800e+00 +5.9737e-01 +5.6196e-01 +4.7233e+00 +1.6330e+00 +2.7997e+00
427 +2.393142584e+00 +2.393142584e+00 +7.931425838e-01 +7.931425838e-01 +3.2743e+00 -2.2912e+00 +2.1130e+00 +3.6022e+00 +4.1135e+00 +7.1782e-01 +9.7525e-01 +4.7404e+00 +1.9131e+00 +2.6691e+00
% function evaluation | noise-free fitness - Fopt (-3.708400000000e+02) | best noise-free fitness - Fopt | measured fitness | best measured fitness | x1 | x2...
1 +8.050821011e+01 +8.050821011e+01 -2.903317899e+02 -2.903317899e+02 +3.7393e+00 +3.5001e+00 -1.3641e+00 +1.4505e+00 -2.0852e+00 +1.4052e+00 -3.3285e+00 -5.0339e-01 +3.4934e-01 +1.8859e+00
34 +5.662837757e+01 +5.662837757e+01 -3.142116224e+02 -3.142116224e+02 -3.8141e+00 -5.0000e+00 +4.9262e+00 +1.2956e+00 +2.8374e-01 -3.1950e+00 +1.1164e+00 +4.7246e+00 -1.8324e+00 +3.0156e+00
69 +3.525558144e+01 +3.525558144e+01 -3.355844186e+02 -3.355844186e+02 -4.6486e+00 -4.3767e+00 +4.9401e+00 -1.1827e+00 -1.1005e+00 -2.5877e+00 -2.6653e-01 +4.5887e+00 +0.0000e+00 +1.5840e+00
211 +2.349522259e+01 +2.349522259e+01 -3.473447774e+02 -3.473447774e+02 -3.6636e+00 -5.0000e+00 +4.3332e+00 -3.4718e-01 -3.5937e-01 -3.1948e+00 -1.5774e+00 +4.1961e+00 -9.6573e-01 +3.1183e+00
477 +1.578742641e+01 +1.578742641e+01 -3.550525736e+02 -3.550525736e+02 -3.4197e+00 -4.8658e+00 +4.3616e+00 -1.0551e+00 -1.5092e+00 -4.4331e+00 -6.5624e-01 +3.8967e+00 -1.0422e+00 +2.2685e+00
% function evaluation | noise-free fitness - Fopt (-3.256000000000e+01) | best noise-free fitness - Fopt | measured fitness | best measured fitness | x1 | x2...
1 +7.215187149e+01 +7.215187149e+01 +3.959187149e+01 +3.959187149e+01 +4.2469e+00 +2.8212e+00 +2.2102e+00 -1.9997e+00 -2.3542e+00 +2.8244e+00 -4.3680e+00 -3.2341e+00 -2.7468e+00 -4.5213e+00
33 +6.006245879e+01 +6.006245879e+01 +2.750245879e+01 +2.750245879e+01 +3.6957e+00 +2.8995e+00 +1.8817e+00 -2.3034e-01 -3.8483e+00 +2.3027e+00 -4.4946e+00 +0.0000e+00 -3.7398e+00 -4.7285e+00
59 +2.371470354e+01 +2.371470354e+01 -8.845296464e+00 -8.845296464e+00 +4.1479e+00 +3.5078e+00 +9.6100e-01 -1.0083e+00 -4.3275e+00 +4.5711e+00 -4.7059e+00 -1.6262e+00 -3.8583e+00 -4.1026e+00
499 +1.568635079e+01 +1.568635079e+01 -1.687364921e+01 -1.687364921e+01 +4.1552e+00 +3.6130e+00 +2.2176e+00 +1.5084e+00 -3.7862e+00 +4.6499e+00 -3.6888e+00 -9.9435e-01 -4.3206e+00 -3.8068e+00
% function evaluation | noise-free fitness - Fopt (5.154000000000e+02) | best noise-free fitness - Fopt | measured fitness | best measured fitness | x1 | x2...
1 +8.448095790e+01 +8.448095790e+01 +5.998809579e+02 +5.998809579e+02 +2.4465e+00 -3.7903e+00 -4.4488e+00 +2.3405e+00 +4.5620e+00 +1.3906e+00 +3.4907e+00 +4.8034e+00 +4.8902e+00 +1.8313e+00
18 +6.218819423e+01 +6.218819423e+01 +5.775881942e+02 +5.775881942e+02 +2.5351e+00 +2.5147e+00 -3.0902e+00 +1.8024e-01 +1.9346e+00 +2.5219e+00 -5.0000e+00 +1.5728e+00 +3.1198e-01 -3.7975e-01
98 +3.977807257e+01 +3.977807257e+01 +5.551780726e+02 +5.551780726e+02 +2.1977e-02 +2.4743e+00 -2.9273e+00 -1.0106e+00 +3.9531e+00 +1.0816e-01 -5.0000e+00 +1.8025e+00 +9.3095e-01 +1.1202e+00
150 +2.354726871e+01 +2.354726871e+01 +5.389472687e+02 +5.389472687e+02 +0.0000e+00 +2.0210e+00 -3.3374e+00 -2.8951e+00 +3.9184e+00 -8.1214e-01 -4.1908e+00 +3.4709e+00 -1.3202e-01 +2.8531e-01
288 +1.513866199e+01 +1.513866199e+01 +5.305386620e+02 +5.305386620e+02 +1.5461e+00 +2.9061e+00 -3.9255e+00 -1.9473e+00 +3.5191e+00 +6.1778e-01 -4.9946e+00 +2.6013e+00 +1.0053e-01 +1.0004e+00
372 +8.974515557e+00 +8.974515557e+00 +5.243745156e+02 +5.243745156e+02 +1.5442e+00 +3.0933e+00 -3.6841e+00 -1.8647e+00 +3.7488e+00 +3.1616e-01 -4.9277e+00 +3.5792e+00 -3.2650e-01 +9.1227e-02
612 +6.271516623e+00 +6.271516623e+00 +5.216715166e+02 +5.216715166e+02 +1.4199e+00 +4.5036e+00 -3.6287e+00 -2.4236e+00 +3.9937e+00 +4.5316e-02 -4.9976e+00 +3.7724e+00 -2.3571e-02 -5.7684e-02
% function evaluation | noise-free fitness - Fopt (9.862300000000e+02) | best noise-free fitness - Fopt | measured fitness | best measured fitness | x1 | x2...
1 +7.107932647e+01 +7.107932647e+01 +1.057309326e+03 +1.057309326e+03 +1.4039e+00 +1.3040e+00 -4.0725e+00 -3.7358e+00 +9.9488e-01 +3.1022e+00 -1.3081e+00 +1.9508e+00 -7.2909e-01 -1.2035e+00
7 +5.559192699e+01 +5.559192699e+01 +1.041821927e+03 +1.041821927e+03 +2.7528e+00 +2.4908e+00 -4.2552e+00 +2.1812e+00 -2.6997e+00 +4.3722e+00 +1.7598e+00 +1.9237e+00 -2.5289e+00 +4.0106e+00
70 +3.258773285e+01 +3.258773285e+01 +1.018817733e+03 +1.018817733e+03 +4.4063e+00 +2.7117e+00 -2.2947e+00 +2.0403e+00 -2.6527e+00 +3.9647e+00 +1.2433e+00 +1.4075e+00 -1.9596e+00 +3.5390e+00
120 +1.622688146e+01 +1.622688146e+01 +1.002456881e+03 +1.002456881e+03 +2.5966e+00 +3.6741e+00 -3.2437e+00 +3.0674e+00 -2.7367e+00 +3.1516e+00 +7.6761e-01 +2.7656e+00 -2.4537e+00 +3.5074e+00
157 +1.493237038e+01 +1.493237038e+01 +1.001162370e+03 +1.001162370e+03 +2.4104e+00 +3.3249e+00 -3.2641e+00 +2.6203e+00 -2.9647e+00 +3.0713e+00 +4.0428e-01 +2.6957e+00 -2.6369e+00 +3.5366e+00
311 +9.760574273e+00 +9.760574273e+00 +9.959905743e+02 +9.959905743e+02 +2.6636e+00 +3.4010e+00 -3.3055e+00 +3.2789e+00 -1.9283e+00 +3.0878e+00 +4.1011e-01 +2.2703e+00 -2.9740e+00 +3.4644e+00
1547 +6.240345899e+00 +6.240345899e+00 +9.924703459e+02 +9.924703459e+02 +2.0713e+00 +3.4893e+00 -3.2302e+00 +3.6711e+00 -1.1048e+00 +2.7896e+00 -2.9376e-01 +2.8778e+00 -2.4644e+00 +3.1568e+00
2453 +3.929198483e+00 +3.929198483e+00 +9.901591985e+02 +9.901591985e+02 +2.1723e+00 +3.3879e+00 -3.3170e+00 +4.0414e+00 +4.3328e-01 +1.6597e+00 -5.6427e-01 +3.1977e+00 -2.1149e+00 +3.1448e+00
% function evaluation | noise-free fitness - Fopt (1.240800000000e+02) | best noise-free fitness - Fopt | measured fitness | best measured fitness | x1 | x2...
1 +8.537667916e+01 +8.537667916e+01 +2.094566792e+02 +2.094566792e+02 +4.2341e-01 +4.2345e+00 +4.4720e+00 -4.9634e+00 +6.5848e-01 +2.7522e+00 -2.5586e+00 -2.4020e+00 +3.1862e+00 +4.9021e+00
22 +6.283744093e+01 +6.283744093e+01 +1.869174409e+02 +1.869174409e+02 -5.0000e+00 +4.6896e+00 +0.0000e+00 -2.1904e+00 +1.0509e+00 -1.5243e+00 +3.3150e+00 +1.6797e-01 +3.0062e+00 +5.0756e-01
110 +3.914633624e+01 +3.914633624e+01 +1.632263362e+02 +1.632263362e+02 -3.8813e+00 +4.3158e+00 -1.7007e+00 -2.7877e+00 +0.0000e+00 +2.2245e+00 +2.3147e+00 +9.5114e-01 +3.2319e+00 -1.8578e-01
155 +2.486239684e+01 +2.486239684e+01 +1.489423968e+02 +1.489423968e+02 -4.3307e+00 +4.7672e+00 -2.7922e-01 -2.3775e+00 +4.6826e-01 +1.8560e+00 +3.4082e+00 +0.0000e+00 +4.3923e+00 -2.1410e+00
267 +1.581592089e+01 +1.581592089e+01 +1.398959209e+02 +1.398959209e+02 -4.6509e+00 +4.4950e+00 -7.8255e-01 -3.0703e+00 +9.0001e-01 +3.7107e-01 +3.1087e+00 -1.8301e+00 +4.3345e+00 -9.6075e-01
422 +9.533993774e+00 +9.533993774e+00 +1.336139938e+02 +1.336139938e+02 -3.3126e+00 +4.4195e+00 -2.3872e-01 -3.2053e+00 +5.0921e-01 +9.5573e-01 +3.3394e+00 -1.9300e+00 +4.2894e+00 -1.5079e+00
1092 +6.289091010e+00 +6.289091010e+00 +1.303690910e+02 +1.303690910e+02 -2.4416e+00 +4.6257e+00 -1.2955e+00 -3.6617e+00 +6.2434e-02 +1.1841e+00 +3.7166e+00 -9.3512e-01 +3.9425e+00 -1.8867e+00
% function evaluation | noise-free fitness - Fopt (-4.683100000000e+02) | best noise-free fitness - Fopt | measured fitness | best measured fitness | x1 | x2...
1 +8.250607235e+01 +8.250607235e+01 -3.858039277e+02 -3.858039277e+02 -3.3479e+00 -2.1751e+00 -3.7826e+00 -2.2723e+00 -9.2061e-01 +4.9650e+00 -1.8836e+00 -1.6127e+00 +4.0335e+00 +1.2040e+00
33 +6.049159631e+01 +6.049159631e+01 -4.078184037e+02 -4.078184037e+02 +0.0000e+00 +1.6406e+00 -1.3790e+00 +0.0000e+00 -2.6063e+00 +2.8462e+00 +3.9186e+00 -1.1525e+00 +9.2942e-01 -1.9770e+00
66 +1.957286960e+01 +1.957286960e+01 -4.487371304e+02 -4.487371304e+02 +2.8115e-01 -1.5967e+00 -6.7733e-01 -8.1232e-03 -1.8133e+00 +4.8518e+00 +1.9583e+00 +1.7178e+00 +1.1675e+00 -1.0124e-01
106 +1.321239490e+01 +1.321239490e+01 -4.550976051e+02 -4.550976051e+02 +3.9549e-01 -5.1915e-02 -3.6087e-01 -8.5943e-03 -2.6944e+00 +4.9829e+00 +2.0849e+00 +8.2107e-01 +7.5267e-01 +6.5744e-02
209 +8.326200776e+00 +8.326200776e+00 -4.599837992e+02 -4.599837992e+02 -4.8480e-02 +2.8717e-01 +2.0163e-01 -7.4943e-02 -1.6391e+00 +5.0000e+00 +1.8936e+00 +2.1378e+00 +1.5551e+00 +4.0637e-01
708 +6.288670117e+00 +6.288670117e+00 -4.620213299e+02 -4.620213299e+02 -7.1030e-02 +3.7725e-02 +3.4290e-01 -8.5648e-01 -1.8159e+00 +5.0000e+00 +2.1958e+00 +1.3948e+00 +1.5371e+00 +7.5251e-01
% function evaluation | noise-free fitness - Fopt (-6.062000000000e+01) | best noise-free fitness - Fopt | measured fitness | best measured fitness | x1 | x2...
1 +7.397469899e+01 +7.397469899e+01 +1.335469899e+01 +1.335469899e+01 -1.9928e+00 -3.4808e+00 -1.6524e+00 -4.1810e+00 -3.8178e+00 -1.7878e+00 -2.2465e+00 +3.9020e-02 +1.4195e+00 -4.4350e+00
12 +5.857961071e+01 +5.857961071e+01 -2.040389287e+00 -2.040389287e+00 +4.3321e+00 -2.4106e+00 -2.4912e-01 +3.1938e+00 +1.1010e+00 -3.4376e+00 +2.5456e+00 -2.6522e+00 +3.5567e+00 +9.2683e-01
32 +2.382616718e+01 +2.382616718e+01 -3.679383282e+01 -3.679383282e+01 +2.1770e+00 -4.6356e-01 +3.7769e+00 +0.0000e+00 +8.8781e-01 -3.0390e+00 +2.2812e+00 -2.7801e+00 -8.0700e-01 +4.8409e+00
96 +1.081842844e+01 +1.081842844e+01 -4.980157156e+01 -4.980157156e+01 +2.1471e+00 -8.9613e-01 +4.5018e+00 +1.4109e+00 +1.0610e+00 -3.2071e-01 +2.4699e+00 -3.1718e+00 +4.4475e-01 +4.8828e+00
185 +9.983574717e+00 +9.983574717e+00 -5.063642528e+01 -5.063642528e+01 +2.5131e+00 -3.3480e-01 +4.4155e+00 +1.2891e+00 +1.0763e+00 -2.4864e-01 +2.2267e+00 -3.3611e+00 -4.0954e-01 +4.8645e+00
203 +5.303136669e+00 +5.303136669e+00 -5.531686333e+01 -5.531686333e+01 +2.2962e+00 -1.6688e+00 +4.7142e+00 +1.0559e+00 +1.0482e+00 -7.5696e-01 +1.6947e+00 -3.8221e+00 -9.0201e-01 +4.8716e+00
301 +2.441747830e+00 +2.441747830e+00 -5.817825217e+01 -5.817825217e+01 +1.9976e+00 -1.6650e+00 +4.7959e+00 +7.2128e-01 +1.5824e+00 -4.9147e-01 +2.1749e+00 -3.8163e+00 -8.8960e-01 +4.8066e+00
613 +1.439036592e+00 +1.439036592e+00 -5.918096341e+01 -5.918096341e+01 +7.9942e-01 -1.2126e+00 +4.9844e+00 +7.2903e-01 +1.4503e+00 -7.0051e-01 +1.8570e+00 -3.5526e+00 -1.6526e+00 +4.7249e+00
916 +9.698739535e-01 +9.698739535e-01 -5.965012605e+01 -5.965012605e+01 +1.0439e+00 -1.1704e+00 +4.9585e+00 +6.6912e-01 +1.4531e+00 -6.1155e-01 +2.0633e+00 -3.5320e+00 -1.2223e+00 +4.5054e+00
% function evaluation | noise-free fitness - Fopt (2.864600000000e+02) | best noise-free fitness - Fopt | measured fitness | best measured fitness | x1 | x2...
1 +7.978663582e+01 +7.978663582e+01 +3.662466358e+02 +3.662466358e+02 -2.3317e+00 -2.5442e+00 +4.4214e+00 +2.1889e+00 -4.1454e+00 +2.8207e+00 +3.1070e+00 +1.8489e+00 -1.8731e+00 -1.4617e+00
76 +6.069295610e+01 +6.069295610e+01 +3.471529561e+02 +3.471529561e+02 -3.0904e+00 +2.6241e-01 -1.7387e+00 -2.4392e-01 -4.1782e-02 +2.1757e+00 -2.0431e+00 +1.2121e+00 +0.0000e+00 -5.4058e-01
82 +3.946231941e+01 +3.946231941e+01 +3.259223194e+02 +3.259223194e+02 +1.8495e+00 +1.3102e+00 -2.1631e+00 -3.0485e+00 +2.0003e+00 -3.0642e+00 -2.1124e+00 +4.1922e+00 +1.4932e+00 -2.6325e+00
180 +2.107247587e+01 +2.107247587e+01 +3.075324759e+02 +3.075324759e+02 +1.8869e+00 +1.6188e+00 -4.0560e+00 -2.6036e+00 +2.4306e+00 -1.2770e+00 -2.2460e+00 +5.0000e+00 +8.5254e-01 -1.6057e+00
194 +6.002728507e+00 +6.002728507e+00 +2.924627285e+02 +2.924627285e+02 +3.1493e+00 +1.4172e+00 -3.4371e+00 -5.0000e+00 +3.9564e+00 -1.7141e+00 -2.1064e+00 +4.6312e+00 +7.5924e-01 -1.1165e+00
248 +3.339108008e+00 +3.339108008e+00 +2.897991080e+02 +2.897991080e+02 +3.8464e+00 +1.3455e+00 -4.2958e+00 -5.0000e+00 +3.7677e+00 -1.6905e+00 -7.8288e-01 +4.8465e+00 +2.0876e-01 -1.5160e+00
252 +2.443219755e+00 +2.443219755e+00 +2.889032198e+02 +2.889032198e+02 +3.6901e+00 +1.2392e+00 -4.2364e+00 -4.9675e+00 +3.8444e+00 -1.8710e+00 -1.1104e+00 +4.7957e+00 -1.0406e-01 -9.7817e-01
1326 +1.582496762e+00 +1.582496762e+00 +2.880424968e+02 +2.880424968e+02 +3.8655e+00 +1.3533e+00 -4.5081e+00 -4.9994e+00 +3.3970e+00 -1.5204e+00 -2.0057e+00 +4.5138e+00 +6.4949e-02 -1.4272e+00
% function evaluation | noise-free fitness - Fopt (1.134200000000e+02) | best noise-free fitness - Fopt | measured fitness | best measured fitness | x1 | x2...
1 +7.982981625e+01 +7.982981625e+01 +1.932498163e+02 +1.932498163e+02 -1.5724e+00 -2.8758e+00 +4.3312e+00 +2.9027e+00 -2.3055e+00 +3.1792e+00 -4.7316e+00 -1.5206e-01 -2.9146e+00 -3.8950e+00
42 +5.560276504e+01 +5.560276504e+01 +1.690227650e+02 +1.690227650e+02 -1.0223e+00 +2.6771e+00 +7.7144e-01 -2.8247e+00 -8.0085e-01 +5.0000e+00 -1.2376e+00 -2.0741e+00 +2.6871e+00 -2.8500e+00
92 +3.768275953e+01 +3.768275953e+01 +1.511027595e+02 +1.511027595e+02 -2.6918e+00 +2.8847e+00 +4.6705e-01 -2.0954e+00 +8.6729e-02 +5.0000e+00 -1.7876e+00 -2.1898e+00 +1.1079e+00 -8.5245e-01
129 +2.139993382e+01 +2.139993382e+01 +1.348199338e+02 +1.348199338e+02 -1.3374e+00 +3.3767e+00 +9.8556e-01 -2.0857e+00 -5.5379e-01 +5.0000e+00 -3.5720e+00 -2.2105e+00 +1.8168e+00 -1.3975e+00
226 +1.153006091e+01 +1.153006091e+01 +1.249500609e+02 +1.249500609e+02 -1.7718e+00 +3.4772e+00 +1.2742e+00 -2.0926e+00 -2.2206e+00 +4.7140e+00 -2.0208e+00 -3.3441e+00 +1.9591e+00 -8.4017e-01
246 +9.939860934e+00 +9.939860934e+00 +1.233598609e+02 +1.233598609e+02 -1.3183e+00 +4.3608e+00 +0.0000e+00 -1.9315e+00 -2.1162e+00 +4.5818e+00 -2.3894e+00 -3.1885e+00 +5.0752e-01 -8.9029e-01
396 +5.997443721e+00 +5.997443721e+00 +1.194174437e+02 +1.194174437e+02 -2.6930e+00 +3.0474e+00 +1.1512e+00 -1.7113e+00 -2.1729e+00 +4.4922e+00 -2.9446e+00 -3.2531e+00 +3.0499e-01 -8.0073e-01
462 +3.367369226e+00 +3.367369226e+00 +1.167873692e+02 +1.167873692e+02 -2.1713e+00 +2.8112e+00 +1.2788e+00 -1.3162e+00 -1.9225e+00 +4.2549e+00 -2.6165e+00 -3.8255e+00 +4.6057e-01 -9.9015e-01
557 +2.450348771e+00 +2.450348771e+00 +1.158703488e+02 +1.158703488e+02 -2.5565e+00 +2.8318e+00 +1.2389e+00 -1.7022e+00 -1.9781e+00 +4.3035e+00 -3.3723e+00 -3.9696e+00 +5.8118e-01 -8.8011e-01
% function evaluation | noise-free fitness - Fopt (-1.958600000000e+02) | best noise-free fitness - Fopt | measured fitness | best measured fitness | x1 | x2...
1 +8.345511683e+01 +8.345511683e+01 -1.124048832e+02 -1.124048832e+02 -2.1982e+00 -2.7249e+00 -2.2702e-01 -1.3006e+00 +1.4796e+00 -8.6511e-02 +3.2229e+00 +1.2988e+00 -7.6048e-01 -3.1605e+00
11 +5.820457486e+01 +5.820457486e+01 -1.376554251e+02 -1.376554251e+02 -5.0000e+00 -5.0000e+00 -2.9905e+00 -1.4318e+00 -3.5204e+00 -2.5385e+00 -1.7771e+00 -9.8097e-01 -3.9369e-01 +1.8395e+00
125 +3.447691269e+01 +3.447691269e+01 -1.613830873e+02 -1.613830873e+02 -4.9775e+00 -3.4200e+00 -3.0636e+00 -2.6814e+00 -4.4799e+00 -2.3768e+00 +3.1125e+00 +5.2564e-01 +2.2141e-01 +2.0040e+00
191 +2.356127579e+01 +2.356127579e+01 -1.722987242e+02 -1.722987242e+02 -4.5000e+00 -2.7248e+00 -3.4638e+00 -3.2678e+00 -3.5355e+00 -2.0523e+00 +1.0166e+00 +2.2980e-01 +1.6229e-01 +4.7907e+00
295 +1.184846656e+01 +1.184846656e+01 -1.840115334e+02 -1.840115334e+02 -4.2450e+00 -2.6651e+00 -1.8396e+00 -1.9604e+00 -3.9095e+00 -3.7006e+00 +8.9182e-01 +1.1217e+00 +6.3655e-02 +3.8828e+00
394 +9.845828864e+00 +9.845828864e+00 -1.860141711e+02 -1.860141711e+02 -4.2744e+00 -2.6853e+00 -2.7546e+00 -2.2920e+00 -4.1509e+00 -3.3995e+00 +5.6653e-01 +9.8133e-01 -4.4604e-01 +4.0707e+00
1042 +6.234348906e+00 +6.234348906e+00 -1.896256511e+02 -1.896256511e+02 -4.2182e+00 -2.7096e+00 -2.1307e+00 -3.2127e+00 -4.3211e+00 -2.6703e+00 +8.9900e-02 +1.5206e+00 -3.3762e-01 +3.3831e+00
% function evaluation | noise-free fitness - Fopt (-5.760000000000e+00) | best noise-free fitness - Fopt | measured fitness | best measured fitness | x1 | x2...
1 +7.975789606e+01 +7.975789606e+01 +7.399789606e+01 +7.399789606e+01 -1.9345e+00 +3.7715e+00 +3.1279e+00 -1.0492e+00 -1.7467e+00 +4.0848e+00 -5.6208e-02 +2.8678e+00 -2.4225e+00 -1.3069e+00
31 +5.847083915e+01 +5.847083915e+01 +5.271083915e+01 +5.271083915e+01 +4.8709e+00 -8.7453e-01 +3.0697e+00 +5.4013e-01 +2.0695e+00 -1.7350e+00 -1.9661e+00 +4.3108e+00 +5.3123e-01 -6.4711e-01
60 +3.125557934e+01 +3.125557934e+01 +2.549557934e+01 +2.549557934e+01 +2.2422e+00 +4.4061e-02 +2.1534e+00 -2.3226e+00 -8.0453e-02 -4.2681e+00 -1.7392e+00 -6.2338e-01 +1.3744e+00 -6.3148e-01
146 +1.677427057e+01 +1.677427057e+01 +1.101427057e+01 +1.101427057e+01 +2.7141e+00 -2.0885e-01 +2.5499e-02 -2.6909e+00 -1.6205e-01 -4.2217e+00 -1.5411e+00 -7.5667e-01 +1.4747e+00 -1.7823e+00
152 +8.457111632e+00 +8.457111632e+00 +2.697111632e+00 +2.697111632e+00 +1.5845e+00 -4.0736e-01 -4.0647e-01 -2.3999e+00 +7.7120e-02 -4.6587e+00 -2.6032e+00 -1.9097e+00 +1.9185e+00 -2.3153e+00
298 +2.030302393e+00 +2.030302393e+00 -3.729697607e+00 -3.729697607e+00 +2.7196e+00 -4.2514e-01 -4.7612e-01 -1.9096e+00 +9.6214e-01 -3.9520e+00 -1.5356e+00 -1.3608e+00 +2.1016e+00 -2.2881e+00
307 +1.400256965e+00 +1.400256965e+00 -4.359743035e+00 -4.359743035e+00 +2.9994e+00 -6.4593e-01 -1.6532e-01 -1.5204e+00 +1.4857e+00 -3.9550e+00 -1.8084e+00 -1.8394e+00 +2.3569e+00 -2.1376e+00
569 +6.149988149e-01 +6.149988149e-01 -5.145001185e+00 -5.145001185e+00 +3.0179e+00 -6.9049e-01 -6.8693e-01 -2.2285e+00 +1.9723e+00 -4.2410e+00 -2.1234e+00 -2.1433e+00 +1.4055e+00 -1.9703e+00
702 +3.907780765e-01 +3.907780765e-01 -5.369221924e+00 -5.369221924e+00 +3.1934e+00 -7.4770e-01 -1.2303e-01 -1.8449e+00 +1.9745e+00 -4.0081e+00 -1.9492e+00 -2.3010e+00 +1.4737e+00 -1.7611e+00
784 +2.484757698e-01 +2.484757698e-01 -5.511524230e+00 -5.511524230e+00 +3.1480e+00 -7.5228e-01 -5.9624e-02 -1.8232e+00 +2.0539e+00 -3.9330e+00 -1.8733e+00 -2.4346e+00 +1.5746e+00 -1.9112e+00
824 +1.552488194e-01 +1.552488194e-01 -5.604751181e+00 -5.604751181e+00 +3.2671e+00 -7.5441e-01 -1.1150e-01 -1.8278e+00 +2.4445e+00 -3.7926e+00 -1.7925e+00 -2.5999e+00 +1.5808e+00 -1.9263e+00
853 +6.505572747e-02 +6.505572747e-02 -5.694944273e+00 -5.694944273e+00 +3.6063e+00 -1.3416e+00 -2.2222e-01 -1.7395e+00 +2.2866e+00 -3.5211e+00 -1.7514e+00 -2.6259e+00 +1.6024e+00 -1.9132e+00
885 +6.119423861e-02 +6.119423861e-02 -5.698805761e+00 -5.698805761e+00 +3.6077e+00 -1.6681e+00 +2.6183e-02 -1.7817e+00 +2.3660e+00 -3.5904e+00 -1.7095e+00 -2.7171e+00 +1.5389e+00 -2.4341e+00
945 +3.834309980e-02 +3.834309980e-02 -5.721656900e+00 -5.721656900e+00 +3.5674e+00 -1.3614e+00 +8.9559e-02 -1.7907e+00 +2.3950e+00 -3.6242e+00 -1.7603e+00 -2.8576e+00 +1.5604e+00 -2.1712e+00
996 +2.159974712e-02 +2.159974712e-02 -5.738400253e+00 -5.738400253e+00 +3.5131e+00 -1.1460e+00 -2.5411e-01 -1.6892e+00 +2.3641e+00 -3.5383e+00 -1.7516e+00 -2.8677e+00 +1.6418e+00 -2.1850e+00
1071 +1.578036059e-02 +1.578036059e-02 -5.744219639e+00 -5.744219639e+00 +3.4335e+00 -1.1956e+00 -1.8577e-01 -1.7183e+00 +2.3764e+00 -3.5830e+00 -1.7283e+00 -2.8520e+00 +1.6352e+00 -2.2547e+00
1221 +9.500011540e-03 +9.500011540e-03 -5.750499988e+00 -5.750499988e+00 +3.4790e+00 -1.3937e+00 -8.5455e-02 -1.6776e+00 +2.4368e+00 -3.5477e+00 -1.6726e+00 -2.8849e+00 +1.7252e+00 -2.4479e+00
1272 +4.726360118e-03 +4.726360118e-03 -5.755273640e+00 -5.755273640e+00 +3.4836e+00 -1.3837e+00 -8.8557e-02 -1.7401e+00 +2.4521e+00 -3.5108e+00 -1.7145e+00 -2.9082e+00 +1.7521e+00 -2.4624e+00
1324 +3.843604350e-03 +3.843604350e-03 -5.756156396e+00 -5.756156396e+00 +3.4739e+00 -1.3943e+00 -1.2083e-01 -1.7466e+00 +2.4656e+00 -3.5411e+00 -1.7126e+00 -2.9682e+00 +1.8397e+00 -2.5177e+00
1464 +2.340116218e-03 +2.340116218e-03 -5.757659884e+00 -5.757659884e+00 +3.4731e+00 -1.4147e+00 -3.1438e-03 -1.7718e+00 +2.5505e+00 -3.5202e+00 -1.6337e+00 -3.0066e+00 +1.9338e+00 -2.6762e+00
1631 +1.574712725e-03 +1.574712725e-03 -5.758425287e+00 -5.758425287e+00 +3.4844e+00 -1.4254e+00 -2.2399e-02 -1.7590e+00 +2.5661e+00 -3.5068e+00 -1.5275e+00 -2.9629e+00 +2.0164e+00 -2.6776e+00
1725 +9.855418953e-04 +9.855418953e-04 -5.759014458e+00 -5.759014458e+00 +3.4786e+00 -1.4541e+00 +7.5789e-03 -1.7747e+00 +2.5972e+00 -3.4924e+00 -1.5879e+00 -2.9741e+00 +1.9866e+00 -2.7074e+00
1881 +3.771876803e-04 +3.771876803e-04 -5.759622812e+00 -5.759622812e+00 +3.4817e+00 -1.4454e+00 -3.8932e-02 -1.7813e+00 +2.6331e+00 -3.4259e+00 -1.5725e+00 -2.9941e+00 +2.0723e+00 -2.6765e+00
1936 +2.486393055e-04 +2.486393055e-04 -5.759751361e+00 -5.759751361e+00 +3.4721e+00 -1.4523e+00 -2.1960e-02 -1.7828e+00 +2.6353e+00 -3.4023e+00 -1.5151e+00 -2.9978e+00 +2.0967e+00 -2.7215e+00
2096 +1.568182437e-04 +1.568182437e-04 -5.759843182e+00 -5.759843182e+00 +3.4818e+00 -1.4499e+00 -1.8821e-02 -1.7707e+00 +2.6253e+00 -3.3642e+00 -1.5318e+00 -3.0344e+00 +2.0734e+00 -2.7078e+00
2176 +5.699620739e-05 +5.699620739e-05 -5.759943004e+00 -5.759943004e+00 +3.4826e+00 -1.4510e+00 -2.3659e-02 -1.7750e+00 +2.6346e+00 -3.3207e+00 -1.5379e+00 -3.0948e+00 +2.1167e+00 -2.7116e+00
2310 +3.751334181e-05 +3.751334181e-05 -5.759962487e+00 -5.759962487e+00 +3.4785e+00 -1.4525e+00 -2.5524e-02 -1.7745e+00 +2.6388e+00 -3.2995e+00 -1.5550e+00 -3.1276e+00 +2.1234e+00 -2.7092e+00
2520 +2.495801178e-05 +2.495801178e-05 -5.759975042e+00 -5.759975042e+00 +3.4690e+00 -1.4475e+00 -2.6406e-02 -1.7762e+00 +2.6432e+00 -3.2592e+00 -1.5486e+00 -3.1765e+00 +2.1531e+00 -2.7251e+00
2600 +1.120563942e-05 +1.120563942e-05 -5.759988794e+00 -5.759988794e+00 +3.4646e+00 -1.4467e+00 -2.7550e-02 -1.7757e+00 +2.6426e+00 -3.2627e+00 -1.5523e+00 -3.1858e+00 +2.1547e+00 -2.7602e+00
2626 +9.404935016e-06 +9.404935016e-06 -5.759990595e+00 -5.759990595e+00 +3.4622e+00 -1.4478e+00 -2.7236e-02 -1.7748e+00 +2.6424e+00 -3.2662e+00 -1.5565e+00 -3.1794e+00 +2.1641e+00 -2.7770e+00
2730 +6.201810948e-06 +6.201810948e-06 -5.759993798e+00 -5.759993798e+00 +3.4406e+00 -1.4457e+00 -3.0390e-02 -1.7647e+00 +2.6457e+00 -3.2371e+00 -1.5480e+00 -3.2063e+00 +2.2015e+00 -2.8059e+00
2890 +3.795417755e-06 +3.795417755e-06 -5.759996205e+00 -5.759996205e+00 +3.4399e+00 -1.4450e+00 -2.5389e-02 -1.7518e+00 +2.6434e+00 -3.2342e+00 -1.5646e+00 -3.2156e+00 +2.2004e+00 -2.8040e+00
2894 +2.337948577e-06 +2.337948577e-06 -5.759997662e+00 -5.759997662e+00 +3.4345e+00 -1.4236e+00 -2.5036e-02 -1.7572e+00 +2.6419e+00 -3.2359e+00 -1.5604e+00 -3.2157e+00 +2.2011e+00 -2.8103e+00
2971 +1.566808125e-06 +1.566808125e-06 -5.759998433e+00 -5.759998433e+00 +3.4255e+00 -1.4250e+00 -1.8591e-02 -1.7581e+00 +2.6422e+00 -3.2211e+00 -1.5595e+00 -3.2255e+00 +2.2199e+00 -2.8099e+00
3044 +9.202983469e-07 +9.202983469e-07 -5.759999080e+00 -5.759999080e+00 +3.4198e+00 -1.4169e+00 -2.1865e-03 -1.7651e+00 +2.6414e+00 -3.2336e+00 -1.5765e+00 -3.2208e+00 +2.2164e+00 -2.8057e+00
3046 +6.092838651e-07 +6.092838651e-07 -5.759999391e+00 -5.759999391e+00 +3.4179e+00 -1.4116e+00 +6.2548e-03 -1.7608e+00 +2.6416e+00 -3.2284e+00 -1.5742e+00 -3.2229e+00 +2.2108e+00 -2.8035e+00
3217 +3.596742282e-07 +3.596742282e-07 -5.759999640e+00 -5.759999640e+00 +3.4183e+00 -1.4175e+00 +1.3354e-02 -1.7531e+00 +2.6336e+00 -3.2320e+00 -1.5859e+00 -3.2129e+00 +2.2031e+00 -2.8001e+00
3252 +2.432533623e-07 +2.432533623e-07 -5.759999757e+00 -5.759999757e+00 +3.4165e+00 -1.4204e+00 +8.8204e-03 -1.7525e+00 +2.6245e+00 -3.2300e+00 -1.5946e+00 -3.2146e+00 +2.2000e+00 -2.8017e+00
3296 +5.215115451e-08 +5.215115451e-08 -5.759999948e+00 -5.759999948e+00 +3.4205e+00 -1.4170e+00 +6.7206e-03 -1.7403e+00 +2.6155e+00 -3.2099e+00 -1.5965e+00 -3.2148e+00 +2.2040e+00 -2.7951e+00
3346 +3.406300397e-08 +3.406300397e-08 -5.759999966e+00 -5.759999966e+00 +3.4210e+00 -1.4120e+00 +8.5065e-03 -1.7358e+00 +2.6101e+00 -3.2091e+00 -1.5967e+00 -3.2150e+00 +2.2035e+00 -2.7943e+00
3402 +1.772304969e-08 +1.772304969e-08 -5.759999982e+00 -5.759999982e+00 +3.4172e+00 -1.4190e+00 +1.2815e-02 -1.7331e+00 +2.6105e+00 -3.2064e+00 -1.6046e+00 -3.2228e+00 +2.2073e+00 -2.8008e+00
3432 +1.388261950e-08 +1.388261950e-08 -5.759999986e+00 -5.759999986e+00 +3.4168e+00 -1.4131e+00 +1.1426e-02 -1.7341e+00 +2.6099e+00 -3.2065e+00 -1.6091e+00 -3.2210e+00 +2.2073e+00 -2.8034e+00
3621 +7.888561804e-09 +7.888561804e-09 -5.759999992e+00 -5.759999992e+00 +3.4099e+00 -1.4166e+00 +1.6643e-02 -1.7366e+00 +2.5962e+00 -3.2071e+00 -1.5979e+00 -3.2106e+00 +2.2144e+00 -2.8024e+00
% function evaluation | noise-free fitness - Fopt (-4.986500000000e+02) | best noise-free fitness - Fopt | measured fitness | best measured fitness | x1 | x2...
1 +7.697328112e+01 +7.697328112e+01 -4.216767189e+02 -4.216767189e+02 -1.0031e-01 +4.6796e+00 -2.7533e+00 +4.1799e+00 +3.2880e+00 +2.1686e+00 -1.0657e+00 +1.1454e+00 +4.7415e+00 -1.1131e+00
59 +5.514441200e+01 +5.514441200e+01 -4.435055880e+02 -4.435055880e+02 +2.3919e+00 +2.5860e+00 +2.9502e+00 -4.2943e+00 +2.4945e+00 -1.2867e+00 -3.5384e+00 -1.2693e+00 -1.3189e+00 -2.6757e+00
155 +3.930045823e+01 +3.930045823e+01 -4.593495418e+02 -4.593495418e+02 +1.4892e+00 +1.6662e+00 +4.3124e+00 -4.5152e+00 +3.6014e+00 -1.9618e+00 -2.3967e+00 -1.3960e+00 -1.9012e+00 -5.0000e+00
232 +2.416020556e+01 +2.416020556e+01 -4.744897944e+02 -4.744897944e+02 +2.3367e+00 +1.6857e+00 +4.2947e+00 -3.7134e+00 +2.7627e+00 -7.0053e-01 -3.6795e+00 -8.1305e-01 +2.1401e-01 -4.2228e+00
1083 +1.584759447e+01 +1.584759447e+01 -4.828024055e+02 -4.828024055e+02 +2.7455e+00 +1.2857e+00 +4.9097e+00 -3.8416e+00 +3.3249e+00 -1.7007e+00 -2.8685e+00 +2.5573e-01 -1.2111e-02 -4.8607e+00
% function evaluation | noise-free fitness - Fopt (-4.286000000000e+01) | best noise-free fitness - Fopt | measured fitness | best measured fitness | x1 | x2...
1 +7.831874690e+01 +7.831874690e+01 +3.545874690e+01 +3.545874690e+01 +4.3082e+00 -1.4030e+00 +4.3574e+00 +1.3974e+00 +1.3102e-01 +4.8323e-01 +2.2790e+00 +3.4660e+00 +4.3822e+00 +2.5731e+00
54 +5.446312666e+01 +5.446312666e+01 +1.160312666e+01 +1.160312666e+01 -5.0000e+00 -1.3491e-01 +2.4640e+00 +3.1060e+00 +2.3374e+00 +1.1738e+00 -3.4296e+00 +0.0000e+00 -4.6785e+00 -2.7990e-01
228 +3.806077442e+01 +3.806077442e+01 -4.799225580e+00 -4.799225580e+00 -4.9898e+00 -3.0004e-01 +1.3185e+00 +2.6316e+00 +2.4465e+00 +6.3611e-01 -3.9435e+00 -1.5449e-01 -5.0000e+00 +1.0268e+00
527 +2.410620215e+01 +2.410620215e+01 -1.875379785e+01 -1.875379785e+01 -3.7928e+00 -8.3271e-01 +1.6981e+00 +2.5010e+00 +3.5283e+00 -8.6168e-01 -2.3887e+00 +6.6356e-01 -4.9950e+00 +1.5014e+00
1216 +1.542021856e+01 +1.542021856e+01 -2.743978144e+01 -2.743978144e+01 -3.0267e+00 -1.9537e+00 +3.0451e+00 +2.5131e+00 +3.8312e+00 -5.2708e-01 -1.9441e+00 -1.4799e-01 -5.0000e+00 +1.7141e+00
