% function evaluation | noise-free fitness - Fopt (-1.000000000000e+03) | best noise-free fitness - Fopt | measured fitness | best measured fitness | x1 | x2...
1 +8.648360562e+01 +8.648360562e+01 -9.135163944e+02 -9.135163944e+02 -4.2089e+00 -3.3701e+00 +2.4402e+00 +4.1190e+00 +3.3729e+00 +4.3996e+00 -2.8186e-01 +9.1618e-01 -3.5557e+00 +4.0125e+00 +1.1119e+00 -4.3773e+00 -1.8571e+00 -4.2767e+00 +4.2207e+00 +9.6959e-01 +2.8930e+00 +4.7626e+00 -3.1407e+00 +4.6574e+00
445 +5.412509434e+01 +5.412509434e+01 -9.458749057e+02 -9.458749057e+02 +2.4154e+00 +5.0000e+00 -1.5698e-01 +2.2475e+00 -9.8959e-01 -2.1455e-01 +4.2307e+00 -3.4082e+00 +8.0503e-01 +1.6393e+00 +5.0000e+00 +4.8662e+00 -1.6796e+00 -1.7607e+00 -7.0131e-01 +2.6076e+00 +0.0000e+00 +2.8781e-01 -1.3796e+00 -1.7083e+00
647 +3.843219555e+01 +3.843219555e+01 -9.615678044e+02 -9.615678044e+02 +5.0000e+00 +2.6881e+00 -2.9357e-01 +3.5289e+00 +8.2695e-01 +1.3758e+00 +2.6908e+00 -2.7157e+00 +3.5877e+00 +3.2401e+00 +4.3208e+00 +4.7888e+00 -1.0022e+00 -2.2173e+00 -6.5538e-01 +2.9888e+00 -1.8545e-01 +6.4774e-01 -2.2981e-01 -4.4969e+00
72826 +2.379539452e+01 +2.379539452e+01 -9.762046055e+02 -9.762046055e+02 +4.3236e+00 +3.8156e+00 -5.1768e-01 +2.9440e+00 -3.8850e-01 +1.7012e+00 +2.8381e+00 -1.8187e+00 +1.6832e+00 +2.1393e+00 +4.3015e+00 +5.0000e+00 +7.9155e-01 -3.9705e+00 -1.1336e+00 +3.5723e+00 -7.9866e-01 +1.1517e+00 -1.2438e+00 -3.9111e+00
% function evaluation | noise-free fitness - Fopt (1.000000000000e+03) | best noise-free fitness - Fopt | measured fitness | best measured fitness | x1 | x2...
1 +8.644904256e+01 +8.644904256e+01 +1.086449043e+03 +1.086449043e+03 -2.5306e+00 +5.6555e-01 +7.3761e-01 +4.8476e+00 -3.4127e+00 -4.7474e+00 -1.8976e+00 +1.8395e+00 +1.8125e+00 -1.2865e+00 +1.8129e+00 -4.8307e+00 +3.8044e+00 -3.8569e+00 +2.8140e+00 +3.2731e+00 +5.6556e-02 -3.9024e+00 -3.3442e+00 +3.6687e+00
513 +6.105789442e+01 +6.105789442e+01 +1.061057894e+03 +1.061057894e+03 -2.1889e+00 -3.3298e+00 -7.5632e-01 -3.0254e+00 -2.5898e+00 -5.0000e+00 +3.3940e+00 +2.3208e+00 -5.0000e+00 -3.1991e+00 -3.8555e+00 -1.0460e+00 +1.0090e+00 -3.5663e+00 -5.0000e+00 -3.0827e+00 +1.3718e+00 -4.6985e+00 +4.2311e+00 +4.0010e+00
1019 +2.907274541e+01 +2.907274541e+01 +1.029072745e+03 +1.029072745e+03 -4.0253e+00 -4.6785e+00 -8.1238e-01 -3.3113e+00 +9.9783e-01 -5.0000e+00 +1.7098e+00 +1.3401e+00 -5.0000e+00 -3.4161e+00 -1.6444e+00 -6.4443e-01 -1.1608e+00 -4.1317e+00 -3.3684e+00 -4.6450e+00 +1.2218e+00 -5.0000e+00 +3.8290e+00 +3.4306e+00
1619 +2.353746337e+01 +2.353746337e+01 +1.023537463e+03 +1.023537463e+03 -3.5976e+00 -4.5972e+00 +1.5651e+00 -3.4056e+00 +0.0000e+00 -5.0000e+00 +1.9825e+00 +1.0402e+00 -5.0000e+00 -5.0000e+00 -1.8388e+00 -1.8533e+00 +2.9172e-01 -4.6214e+00 -3.3910e+00 -4.5474e+00 +3.2793e+00 -5.0000e+00 +2.6167e+00 +3.1443e+00
13755 +1.487953819e+01 +1.487953819e+01 +1.014879538e+03 +1.014879538e+03 -2.1215e+00 -3.9258e+00 +5.5073e-01 -2.9469e+00 +0.0000e+00 -5.0000e+00 +1.2755e+00 +1.1818e-02 -5.0000e+00 -5.0000e+00 -3.9112e+00 -2.4324e+00 -1.7201e+00 -4.7287e+00 -3.6214e+00 -4.5490e+00 +2.9648e+00 -4.1904e+00 +1.8242e+00 +2.4941e+00
% function evaluation | noise-free fitness - Fopt (-4.913000000000e+01) | best noise-free fitness - Fopt | measured fitness | best measured fitness | x1 | x2...
1 +8.492500907e+01 +8.492500907e+01 +3.579500907e+01 +3.579500907e+01 -2.5578e+00 +4.7756e+00 -1.6146e+00 -2.6493e-02 +2.2126e+00 -2.5583e+00 -8.5422e-01 -9.6033e-01 -3.0354e+00 +2.0121e+00 -2.7310e+00 -9.0660e-01 -2.7822e+00 +1.8692e+00 +3.1990e+00 +3.9048e+00 +4.4554e+00 -4.5307e+00 -7.7747e-01 -4.9501e+00
610 +5.833471394e+01 +5.833471394e+01 +9.204713939e+00 +9.204713939e+00 -1.3535e+00 -2.0308e-01 +1.8404e+00 -1.9739e+00 -1.6247e+00 -2.6957e-02 +3.1235e+00 +5.0000e+00 -1.6224e+00 +1.7549e+00 -2.1383e+00 +1.5235e+00 +4.6328e+00 -4.0751e+00 +2.1203e+00 +2.7250e+00 +5.0000e+00 +4.3578e+00 +3.3976e+00 -1.2599e+00
1608 +3.655768482e+01 +3.655768482e+01 -1.257231518e+01 -1.257231518e+01 -4.8780e+00 +1.2560e+00 +2.5643e+00 -5.0000e+00 -3.0881e+00 -1.3768e+00 +5.0000e+00 +5.0000e+00 -2.2413e+00 +1.6816e+00 -2.4235e+00 +4.8537e+00 +4.3803e+00 +7.9628e-01 -1.5985e+00 -1.0072e+00 +5.0000e+00 +3.3637e+00 +2.6904e+00 +5.7319e-01
4498 +2.491414651e+01 +2.491414651e+01 -2.421585349e+01 -2.421585349e+01 -3.7814e+00 +2.2525e+00 +9.6886e-01 -2.1441e+00 -3.2593e+00 -2.3338e+00 +4.2260e+00 +5.0000e+00 -2.4485e+00 +1.5558e+00 -8.5880e-01 +5.0000e+00 +4.1893e+00 +1.4275e+00 -1.2016e+00 +3.2990e-01 +3.5010e+00 +4.8795e+00 +5.0000e+00 -1.6022e-01
% function evaluation | noise-free fitness - Fopt (2.977300000000e+02) | best noise-free fitness - Fopt | measured fitness | best measured fitness | x1 | x2...
1 +8.572421881e+01 +8.572421881e+01 +3.834542188e+02 +3.834542188e+02 -1.0846e+00 -1.1357e+00 +7.5416e-01 -4.5093e-01 +2.2993e+00 +5.1956e-01 +4.6552e+00 +3.0358e+00 +1.3805e+00 +3.8367e-01 -4.7226e+00 -7.6482e-01 +3.7052e+00 -3.3643e+00 -3.2726e+00 -1.8106e+00 -3.2795e+00 +7.2104e-01 -4.5316e+00 -1.6284e+00
256 +4.580861681e+01 +4.580861681e+01 +3.435386168e+02 +3.435386168e+02 -3.7916e+00 +2.2885e+00 -1.9118e+00 -2.3520e+00 +1.7072e+00 +0.0000e+00 +1.2475e+00 -7.2129e-01 +2.3620e+00 -2.1803e+00 -1.0919e+00 +2.1519e+00 +1.4319e+00 -9.9971e-01 +3.1987e+00 -1.2598e-01 +2.5737e+00 +1.0735e+00 -1.7208e+00 +3.0505e+00
556 +3.539009396e+01 +3.539009396e+01 +3.331200940e+02 +3.331200940e+02 -3.9178e+00 +2.7575e+00 -1.4649e+00 -1.9889e+00 +3.0372e+00 -1.2688e+00 -3.6059e-01 +2.3154e-02 +8.5197e-01 -2.0261e+00 +1.1405e+00 +1.8276e+00 +2.4893e+00 -2.6438e+00 +3.4250e+00 +1.3002e-01 +1.6849e+00 -1.3702e+00 -2.2191e+00 +3.3000e+00
692 +2.462106726e+01 +2.462106726e+01 +3.223510673e+02 +3.223510673e+02 -3.3720e+00 +2.7698e+00 -3.6209e-01 -2.9074e+00 +2.5298e+00 -1.9652e-01 +6.0194e-01 +2.3279e-01 +2.8142e+00 -2.9336e+00 -1.1399e+00 +1.5801e+00 +9.0942e-01 +0.0000e+00 +3.5117e+00 -6.3814e-01 +2.8972e+00 +1.2663e+00 -2.9199e+00 +3.8588e+00
14511 +1.578056845e+01 +1.578056845e+01 +3.135105684e+02 +3.135105684e+02 -4.1860e+00 +3.2360e+00 +5.4223e-01 -2.2680e+00 +4.8547e+00 -2.1991e+00 -1.3962e+00 +4.3661e-01 +1.7353e+00 -3.6940e+00 +0.0000e+00 +1.0400e+00 +5.3054e-01 +1.2528e-01 +3.0089e+00 -3.3171e-01 +4.6450e-01 -9.4973e-01 -4.9979e+00 +2.3823e+00
53898 +9.778413332e+00 +9.778413332e+00 +3.075084133e+02 +3.075084133e+02 -2.2225e+00 +3.9865e+00 +8.0987e-01 -2.3935e+00 +5.0000e+00 -2.5288e+00 -7.3908e-01 -5.2533e-02 +2.9661e+00 -3.6914e+00 -4.4691e-01 +1.6728e+00 +1.0958e+00 -1.1206e+00 +5.0000e+00 +9.5881e-01 +1.1705e+00 +6.3161e-01 -5.0000e+00 +3.6858e+00
% function evaluation | noise-free fitness - Fopt (5.157000000000e+01) | best noise-free fitness - Fopt | measured fitness | best measured fitness | x1 | x2...
1 +8.643497502e+01 +8.643497502e+01 +1.380049750e+02 +1.380049750e+02 +4.6643e+00 -2.1980e+00 -6.6986e-01 +2.3137e+00 +2.6026e+00 -4.2183e-01 -3.2880e+00 -3.0831e+00 -1.3513e-01 -8.8805e-01 -1.2014e+00 +1.7736e+00 -4.4905e+00 +4.6310e+00 +3.4223e+00 -4.4577e+00 -3.4001e+00 -2.9091e+00 -3.2088e+00 +2.8961e+00
638 +6.118447117e+01 +6.118447117e+01 +1.127544712e+02 +1.127544712e+02 -3.8076e+00 +2.0966e+00 -1.2997e+00 +2.3633e+00 +4.0415e-01 +0.0000e+00 +4.1022e+00 -5.0000e+00 +8.8005e-01 -1.0169e+00 +1.0239e+00 +2.6482e+00 +3.6087e+00 -4.2413e+00 +3.4083e+00 -1.3323e+00 -3.3674e+00 -4.9539e+00 -5.0000e+00 -8.7996e-02
1544 +3.711236593e+01 +3.711236593e+01 +8.868236593e+01 +8.868236593e+01 -2.0199e+00 +5.0404e-01 -3.8075e-01 +2.6467e+00 +2.3874e+00 -1.8320e+00 +5.0000e+00 -4.9334e+00 +2.1208e+00 +1.2992e+00 +2.9774e+00 +2.7576e+00 +1.7146e+00 -5.0000e+00 +2.8310e+00 -1.1860e+00 -3.4165e+00 -1.6913e+00 -4.5754e+00 -1.5418e+00
11472 +2.413003169e+01 +2.413003169e+01 +7.570003169e+01 +7.570003169e+01 +4.1273e-01 +6.4871e-01 +4.7055e-02 +2.5463e+00 +1.1479e+00 +4.3193e-01 +3.8906e+00 -5.0000e+00 +4.3634e-01 -6.0130e-01 +3.0802e+00 +3.9364e+00 +3.2224e+00 -5.0000e+00 +4.2906e+00 -3.1493e+00 -1.7517e+00 -1.9672e+00 -5.0000e+00 -5.6896e-01
90561 +1.492059341e+01 +1.492059341e+01 +6.649059341e+01 +6.649059341e+01 -3.8883e-01 +1.6590e+00 -3.9948e-01 +2.7178e+00 +2.2602e+00 -1.3108e+00 +3.8041e+00 -4.3295e+00 -8.4792e-01 -3.9410e-03 +2.4896e+00 +2.5752e+00 +1.6286e+00 -5.0000e+00 +2.9094e+00 -1.5813e+00 -3.3606e+00 -2.1113e+00 -5.0000e+00 -8.6146e-01
% function evaluation | noise-free fitness - Fopt (3.943000000000e+01) | best noise-free fitness - Fopt | measured fitness | best measured fitness | x1 | x2...
1 +8.638999379e+01 +8.638999379e+01 +1.258199938e+02 +1.258199938e+02 +1.8228e+00 +1.1294e+00 +3.1753e+00 +2.2913e+00 -2.2688e+00 -4.6470e+00 -4.1840e-01 +3.5287e+00 -2.5718e+00 +3.5970e+00 +2.9362e+00 +4.6604e+00 +4.9123e+00 -1.8620e-01 -2.9175e+00 +3.8607e+00 -3.3265e+00 -4.9142e+00 +4.1721e+00 +3.1298e+00
485 +6.306484836e+01 +6.306484836e+01 +1.024948484e+02 +1.024948484e+02 -1.5481e+00 -7.7910e-01 +5.0000e+00 -1.3728e+00 +2.2360e+00 +3.2130e+00 -4.6200e+00 -1.1349e+00 +4.1237e+00 -2.4452e+00 +3.9007e+00 +9.9408e-01 -4.5611e+00 -5.0000e+00 +3.0674e+00 -5.2529e-01 -3.8425e+00 +2.8255e+00 +5.0000e+00 -2.8437e+00
742 +3.755273251e+01 +3.755273251e+01 +7.698273251e+01 +7.698273251e+01 -4.5105e+00 -3.7954e+00 +3.1139e+00 -2.1698e+00 +3.5267e+00 +1.5352e+00 -3.2801e-01 -3.3181e+00 +5.0000e+00 -5.0000e+00 +5.0000e+00 +1.5263e+00 -2.6456e-01 -5.0000e+00 +2.6988e+00 +2.2303e+00 -4.1306e+00 +5.0000e+00 +3.1404e+00 -3.0190e+00
1126 +1.889543902e+01 +1.889543902e+01 +5.832543902e+01 +5.832543902e+01 -3.5463e+00 -1.0889e+00 +4.3940e+00 -3.4428e+00 +2.2237e+00 +2.3975e+00 -9.5162e-01 -4.8492e+00 +5.0000e+00 -5.0000e+00 +2.9370e+00 -4.6785e-01 +0.0000e+00 -4.9268e+00 +2.8151e+00 +1.4219e+00 -5.0000e+00 +3.9640e+00 +5.0000e+00 -2.9575e+00
1237 +1.229176096e+01 +1.229176096e+01 +5.172176096e+01 +5.172176096e+01 -1.4053e+00 -1.5126e+00 +4.0835e+00 -1.1961e+00 +2.9508e+00 +3.8559e+00 +5.7425e-01 -5.0000e+00 +4.0124e+00 -5.0000e+00 +5.0000e+00 -5.3330e-01 -1.0179e+00 -4.9881e+00 +3.4931e+00 +2.6690e+00 -3.6048e+00 +3.4815e+00 +4.9433e+00 -2.4102e+00
3751 +8.051252180e+00 +8.051252180e+00 +4.748125218e+01 +4.748125218e+01 -1.2706e+00 -1.7870e+00 +4.8423e+00 +9.4839e-02 +9.4305e-01 +2.1368e+00 -1.0871e+00 -4.8639e+00 +4.9687e+00 -5.0000e+00 +4.6842e+00 -1.2613e-01 -1.3583e-01 -4.9578e+00 +3.7584e+00 +3.2991e+00 -5.0000e+00 +3.5108e+00 +4.6084e+00 -2.2484e+00
24667 +6.010353211e+00 +6.010353211e+00 +4.544035321e+01 +4.544035321e+01 -2.3352e+00 -1.9353e+00 +5.0000e+00 -1.1787e+00 +2.5223e+00 +3.2038e+00 -1.0764e+00 -3.9612e+00 +4.8046e+00 -5.0000e+00 +4.5068e+00 -8.5273e-02 -2.0812e-01 -4.9977e+00 +3.8762e+00 +2.0001e+00 -4.9983e+00 +3.7059e+00 +5.0000e+00 -3.1515e+00
115519 +3.162821057e+00 +3.162821057e+00 +4.259282106e+01 +4.259282106e+01 -1.6330e+00 -1.9466e+00 +5.0000e+00 +1.4392e-01 +3.1323e+00 +3.0924e+00 -1.0698e+00 -4.2737e+00 +4.8133e+00 -5.0000e+00 +3.8435e+00 -1.3783e+00 +9.5814e-02 -4.9673e+00 +3.9519e+00 +2.2630e+00 -4.9727e+00 +3.0684e+00 +4.1653e+00 -3.4126e+00
173069 +2.433934960e+00 +2.433934960e+00 +4.186393496e+01 +4.186393496e+01 -1.7001e+00 -1.9472e+00 +5.0000e+00 -7.6909e-01 +2.4116e+00 +2.9495e+00 -5.9486e-01 -4.3029e+00 +4.7358e+00 -5.0000e+00 +3.8499e+00 -1.3678e+00 -6.1147e-01 -4.9672e+00 +4.0955e+00 +2.2630e+00 -4.9740e+00 +3.1546e+00 +4.1692e+00 -3.4060e+00
% function evaluation | noise-free fitness - Fopt (1.322900000000e+02) | best noise-free fitness - Fopt | measured fitness | best measured fitness | x1 | x2...
1 +8.654188540e+01 +8.654188540e+01 +2.188318854e+02 +2.188318854e+02 +2.8293e+00 -4.8700e+00 +2.1098e+00 +2.5620e+00 +4.4119e+00 -2.2729e+00 -1.7678e+00 -8.8748e-01 +5.2597e-01 +4.8973e+00 -2.7800e+00 +3.3600e+00 -3.3760e+00 -5.5478e-02 -4.3567e+00 -2.3893e+00 -3.8731e-01 +1.1936e+00 +3.4667e-01 +4.6496e+00
999 +6.215030936e+01 +6.215030936e+01 +1.944403094e+02 +1.944403094e+02 +2.6536e+00 +3.1778e+00 -1.0005e+00 +1.8698e+00 +4.0229e+00 +3.1389e+00 +1.9007e+00 +1.5385e+00 +3.6268e+00 +5.0000e+00 +2.7281e+00 +1.8865e+00 +3.2977e-01 +3.6457e+00 -2.9925e-01 +5.0000e+00 +0.0000e+00 -3.0632e+00 +1.4151e+00 -1.0094e+00
% function evaluation | noise-free fitness - Fopt (-4.871000000000e+01) | best noise-free fitness - Fopt | measured fitness | best measured fitness | x1 | x2...
1 +8.646757210e+01 +8.646757210e+01 +3.775757210e+01 +3.775757210e+01 +1.7828e+00 +4.8632e+00 -3.9977e+00 +4.8743e+00 -4.0303e+00 -1.1246e+00 +2.1162e+00 -4.2455e-01 -2.8810e+00 +2.9977e+00 +2.8987e+00 +3.4423e+00 +6.0754e-01 +1.8382e-01 -3.7465e-01 +3.2109e+00 -1.5360e+00 -4.8425e+00 +2.0898e+00 -1.3027e+00
437 +6.011935305e+01 +6.011935305e+01 +1.140935305e+01 +1.140935305e+01 +3.1767e+00 -4.9196e+00 +4.9926e+00 +2.6060e-01 +6.2279e-01 +2.4239e+00 -2.0111e+00 -4.9629e+00 +0.0000e+00 -1.0283e+00 +0.0000e+00 -4.2536e+00 -4.9889e+00 -4.0059e+00 -4.4201e+00 -5.0000e+00 -6.3612e-01 +0.0000e+00 +4.4254e+00 +2.0360e+00
662 +3.140033937e+01 +3.140033937e+01 -1.730966063e+01 -1.730966063e+01 +9.3974e-01 -4.8061e+00 +1.0063e+00 -6.8170e-01 +0.0000e+00 +2.6280e+00 -2.8289e+00 -4.9622e+00 -3.9314e+00 -2.9589e+00 -2.9300e+00 -4.2126e+00 -4.9964e+00 -1.1145e+00 -3.2859e+00 -5.0000e+00 +5.2970e-01 +1.2973e+00 +4.3074e+00 +5.0000e+00
810 +2.269169163e+01 +2.269169163e+01 -2.601830837e+01 -2.601830837e+01 +3.2736e+00 -5.0000e+00 +3.5599e+00 -7.3002e-01 +2.4764e+00 +4.1480e+00 +0.0000e+00 -4.9475e+00 -2.9311e+00 +1.1215e+00 -3.3050e+00 -3.4029e+00 -4.9885e+00 -1.8024e+00 -4.4671e+00 -2.0844e+00 +1.2650e-02 +2.0723e+00 +4.4572e+00 +4.9148e+00
2674 +1.435382232e+01 +1.435382232e+01 -3.435617768e+01 -3.435617768e+01 +1.5302e+00 -5.0000e+00 +1.6081e+00 -2.0087e-01 +1.9310e+00 +3.9780e+00 -2.6095e+00 -4.9303e+00 -3.2998e+00 -1.7952e+00 -2.2747e+00 -3.0168e+00 -5.0000e+00 -3.3033e+00 -3.3058e+00 -3.1961e+00 +1.3678e+00 -5.6044e-01 +3.8440e+00 +3.5923e+00
5952 +9.339052189e+00 +9.339052189e+00 -3.937094781e+01 -3.937094781e+01 +3.9874e+00 -5.0000e+00 +2.5138e+00 +2.5780e-01 +9.8031e-01 +3.1772e+00 -2.4463e+00 -4.8420e+00 -3.4330e+00 -1.2511e+00 -3.0192e+00 -1.3541e+00 -4.9869e+00 -3.0958e+00 -2.7877e+00 -1.6894e+00 -1.4309e+00 +6.3179e-01 +3.9647e+00 +4.4739e+00
101176 +4.693582525e+00 +4.693582525e+00 -4.401641747e+01 -4.401641747e+01 +2.6689e+00 -5.0000e+00 +3.4601e+00 -4.9584e-02 +1.0832e+00 +4.1613e+00 -1.2273e+00 -3.7837e+00 -2.5139e+00 -8.4027e-02 -3.0719e+00 -2.3657e+00 -5.0000e+00 -1.6422e+00 -2.9950e+00 -2.0724e+00 +4.2883e-01 +4.9572e-01 +3.5242e+00 +3.3432e+00
101326 +3.938169081e+00 +3.938169081e+00 -4.477183092e+01 -4.477183092e+01 +2.5326e+00 -5.0000e+00 +3.5675e+00 -2.4442e-01 +1.0165e+00 +3.8861e+00 -1.1873e+00 -3.4058e+00 -2.0893e+00 -9.2854e-01 -3.0037e+00 -2.2847e+00 -5.0000e+00 -2.5302e+00 -2.8829e+00 -2.0692e+00 +4.2991e-01 +4.9499e-01 +3.3168e+00 +4.1006e+00
% function evaluation | noise-free fitness - Fopt (-2.833000000000e+01) | best noise-free fitness - Fopt | measured fitness | best measured fitness | x1 | x2...
1 +8.601742040e+01 +8.601742040e+01 +5.768742040e+01 +5.768742040e+01 +3.0424e+00 +2.1552e+00 -1.5718e+00 +3.0356e+00 +2.5988e+00 -2.8632e+00 -3.7748e+00 +4.5253e+00 -9.9658e-01 +4.2117e+00 +9.9395e-01 +3.6689e+00 +3.9393e-01 -8.9840e-01 -3.3986e+00 +2.6929e+00 +1.9387e+00 +8.4698e-01 +1.6649e+00 -6.4371e-01
1375 +4.753377584e+01 +4.753377584e+01 +1.920377584e+01 +1.920377584e+01 +1.0664e+00 +1.4582e+00 +3.3695e+00 -2.1106e-01 -2.6554e-01 +2.8547e+00 -4.8179e+00 -3.0597e+00 -4.9990e+00 +3.7247e+00 -4.5023e+00 -5.6239e-01 -2.1863e+00 -4.4350e+00 +6.3073e-01 +3.6955e-01 -3.1970e+00 -9.7525e-02 +5.0000e+00 +4.3587e+00
3208 +3.613472600e+01 +3.613472600e+01 +7.804725996e+00 +7.804725996e+00 +9.8129e-01 +1.9813e+00 +3.4811e+00 -2.6051e-01 -4.6058e-01 +3.6163e+00 -4.8822e+00 -3.8942e+00 -4.9982e+00 +3.7560e+00 -4.5790e+00 -3.5071e+00 -1.0963e+00 -4.6487e+00 +1.6200e+00 +4.1339e-01 -3.1739e+00 +1.8758e+00 +5.0000e+00 +5.0000e+00
33852 +1.964826696e+01 +1.964826696e+01 -8.681733038e+00 -8.681733038e+00 +2.1910e+00 +1.5757e-01 +4.7608e+00 -5.0000e+00 +6.6315e-01 +2.9269e+00 -5.0000e+00 -5.0000e+00 -4.9966e+00 +3.2281e+00 +1.3438e+00 +0.0000e+00 +1.3208e-01 -2.9462e+00 -3.0248e-03 +1.2911e+00 -3.3033e+00 -1.8044e+00 +4.6309e+00 +4.9395e+00
38702 +1.266159066e+01 +1.266159066e+01 -1.566840934e+01 -1.566840934e+01 +2.1715e+00 +9.3344e-02 +5.0000e+00 -5.0000e+00 +1.0207e+00 +2.4372e+00 -5.0000e+00 -5.0000e+00 -4.9953e+00 +3.2026e+00 +1.4605e+00 +7.0984e-01 +7.2611e-01 -3.0445e+00 -3.0649e-01 +1.0233e+00 -3.3195e+00 -1.2660e+00 +4.6667e+00 +4.9682e+00
38902 +6.983661907e+00 +6.983661907e+00 -2.134633809e+01 -2.134633809e+01 +2.1699e+00 +1.0285e-01 +5.0000e+00 -5.0000e+00 +9.3136e-01 +2.4204e+00 -5.0000e+00 -5.0000e+00 -4.9954e+00 +3.2095e+00 +1.4595e+00 +1.1924e+00 +4.7676e-02 -2.9703e+00 +3.5357e-01 +1.1732e+00 -3.4634e+00 -1.4452e+00 +4.6938e+00 +4.9693e+00
61517 +4.982660490e+00 +4.982660490e+00 -2.334733951e+01 -2.334733951e+01 +2.1385e+00 -5.4194e-01 +5.0000e+00 -5.0000e+00 +6.3437e-01 +2.2359e+00 -5.0000e+00 -5.0000e+00 -4.9974e+00 +2.7721e+00 +1.8748e+00 +1.5548e+00 +4.5110e-01 -2.2584e+00 +1.8670e-01 +1.1360e+00 -3.4856e+00 -1.4637e+00 +4.4459e+00 +4.9786e+00
% function evaluation | noise-free fitness - Fopt (-1.516100000000e+02) | best noise-free fitness - Fopt | measured fitness | best measured fitness | x1 | x2...
1 +8.650646635e+01 +8.650646635e+01 -6.510353365e+01 -6.510353365e+01 +3.7030e+00 -4.2625e-01 -2.3564e+00 -1.2418e+00 -3.0225e-01 +3.2309e+00 -3.6850e+00 -2.7932e+00 -1.5251e+00 -2.2309e+00 +4.4226e+00 +3.2830e+00 +2.4058e-01 -2.4173e+00 +1.4753e+00 +4.7839e-01 +2.0771e+00 +5.2358e-01 +7.5485e-01 +1.2143e+00
389 +6.241346801e+01 +6.241346801e+01 -8.919653199e+01 -8.919653199e+01 -4.6664e-01 -1.9636e+00 -1.5914e+00 +5.0000e+00 -3.5744e+00 -5.0000e+00 +1.7059e-01 +5.0000e+00 -5.0000e+00 +5.3203e-01 +3.4775e+00 -1.6892e+00 +5.0000e+00 -1.0987e+00 -6.1349e-01 +1.4345e-01 -2.2441e+00 -4.6902e+00 +8.4862e-01 +5.0000e+00
1880 +2.907558310e+01 +2.907558310e+01 -1.225344169e+02 -1.225344169e+02 -3.6846e+00 -2.5153e+00 -1.6166e+00 +0.0000e+00 -4.8072e+00 +0.0000e+00 +2.8541e+00 +8.4496e-01 -3.4605e+00 +9.4774e-01 +5.0000e+00 -1.4397e+00 +3.8261e+00 +3.0418e+00 -2.6487e+00 +4.4805e-02 -1.6242e+00 -5.0000e+00 +1.6439e+00 +5.0000e+00
2486 +2.139020685e+01 +2.139020685e+01 -1.302197932e+02 -1.302197932e+02 -3.4688e+00 +2.5614e-01 -1.6166e+00 +2.0902e+00 -4.4155e+00 -1.2724e+00 +1.8301e+00 +5.9993e-01 -4.0295e+00 +8.2831e-01 +5.0000e+00 -1.6693e+00 +2.0717e+00 -1.4958e-01 -1.7766e+00 +7.9865e-01 -3.1291e+00 -4.9197e+00 +2.1103e+00 +4.4830e+00
7586 +1.506392554e+01 +1.506392554e+01 -1.365460745e+02 -1.365460745e+02 -4.7144e+00 -6.3414e-01 -1.6432e+00 -6.2976e-01 -4.4374e+00 -1.6535e+00 +1.8172e+00 -1.2507e+00 -2.3050e+00 +4.7706e-01 +5.0000e+00 -1.2430e+00 +2.9345e+00 +5.0165e-01 -2.6918e+00 +1.5271e+00 -2.2633e+00 -5.0000e+00 +1.0180e+00 +4.3167e+00
16086 +9.879236296e+00 +9.879236296e+00 -1.417307637e+02 -1.417307637e+02 -5.0000e+00 -5.6512e-01 -1.6408e+00 +1.3013e-01 -4.6089e+00 -3.6043e+00 +2.7344e+00 -1.0707e+00 -3.5681e+00 +1.8717e-01 +5.0000e+00 -1.2987e+00 +2.3320e+00 +1.2675e+00 -7.4486e-01 +2.0516e+00 -2.2614e+00 -5.0000e+00 +1.9938e+00 +3.8969e+00
% function evaluation | noise-free fitness - Fopt (-1.069900000000e+02) | best noise-free fitness - Fopt | measured fitness | best measured fitness | x1 | x2...
1 +8.654751051e+01 +8.654751051e+01 -2.044248949e+01 -2.044248949e+01 -6.0149e-02 -2.6317e+00 -4.8816e+00 -4.5513e+00 -2.5380e+00 +1.3969e+00 -3.8253e+00 +4.4927e+00 +4.8955e+00 -4.0752e+00 -1.0923e+00 +4.2160e+00 -3.9290e+00 -3.9083e+00 +3.6667e+00 +2.8609e+00 -4.4241e+00 -3.3867e+00 -4.6613e+00 -4.9525e+00
896 +5.308572123e+01 +5.308572123e+01 -5.390427877e+01 -5.390427877e+01 -3.7697e+00 -1.8137e+00 +2.3934e+00 +1.7894e+00 +5.0000e+00 +2.4429e+00 +2.4965e+00 +1.2274e+00 -3.8255e-01 -9.9609e-01 -4.7325e-01 -4.6957e+00 -4.8710e+00 +0.0000e+00 +5.5858e-01 -2.6039e+00 -3.2316e+00 -2.6955e+00 +4.8846e+00 -1.8343e+00
13691 +3.972757695e+01 +3.972757695e+01 -6.726242305e+01 -6.726242305e+01 -4.5975e+00 -2.3012e+00 +2.0800e+00 +2.4478e+00 +5.0000e+00 +5.0000e+00 +3.3199e+00 +1.1910e+00 +1.9612e+00 -2.3082e-01 -2.2280e-01 -4.9861e+00 -3.1866e+00 +4.9839e-01 +7.2896e-02 -1.6942e+00 -4.1605e+00 -1.3444e+00 +5.0000e+00 -6.9588e-01
% function evaluation | noise-free fitness - Fopt (1.000300000000e+02) | best noise-free fitness - Fopt | measured fitness | best measured fitness | x1 | x2...
1 +8.617010499e+01 +8.617010499e+01 +1.862001050e+02 +1.862001050e+02 +4.6846e+00 +6.0879e-01 +3.0960e+00 +1.2333e+00 -4.3832e+00 +2.6632e+00 -1.8031e+00 +2.3480e-01 -3.4484e+00 -3.2441e+00 -4.6168e+00 -4.3196e+00 +1.7708e+00 +2.4023e+00 +3.3593e+00 +4.9018e+00 +4.0891e+00 +2.7912e+00 +1.0122e+00 +1.2263e+00
637 +6.300114031e+01 +6.300114031e+01 +1.630311403e+02 +1.630311403e+02 -2.2944e+00 +2.5513e+00 -1.2857e+00 -1.2307e+00 +9.7548e-02 -4.1372e+00 -4.3680e+00 -2.2949e+00 -1.7285e+00 +0.0000e+00 -4.5520e+00 +5.0000e+00 +4.5984e+00 +5.0000e+00 +3.6659e+00 -4.1695e+00 -3.1926e+00 +2.7417e+00 -2.5613e+00 +2.6448e+00
862 +3.849493717e+01 +3.849493717e+01 +1.385249372e+02 +1.385249372e+02 -2.4648e+00 +3.9253e+00 -1.6214e+00 -1.0400e+00 -7.9011e-01 -5.0000e+00 -3.4973e+00 -2.2103e+00 +1.2948e+00 +0.0000e+00 -5.0000e+00 +5.0000e+00 +5.0000e+00 +5.0000e+00 +3.8572e+00 -2.9485e+00 -1.5620e+00 +4.8681e+00 -3.5447e+00 +3.2217e+00
24436 +2.478972400e+01 +2.478972400e+01 +1.248197240e+02 +1.248197240e+02 -2.9747e+00 +3.4259e+00 -5.1264e-02 +0.0000e+00 -4.0096e-01 -4.7718e+00 -2.7499e+00 -2.5092e+00 +2.1886e+00 -5.4473e-01 -3.3617e+00 +4.9861e+00 +5.0000e+00 +5.0000e+00 +4.5985e+00 -4.3282e+00 -7.7077e-01 +4.7256e+00 -4.6240e+00 +1.5496e+00
% function evaluation | noise-free fitness - Fopt (-2.788900000000e+02) | best noise-free fitness - Fopt | measured fitness | best measured fitness | x1 | x2...
1 +8.633725624e+01 +8.633725624e+01 -1.925527438e+02 -1.925527438e+02 -2.2910e+00 -2.5539e+00 -1.7903e+00 -2.1974e-02 +2.2899e+00 +4.7985e+00 -3.5203e+00 +4.4360e+00 +1.3501e+00 -2.5177e+00 +3.0157e+00 +4.5155e+00 -2.7725e+00 +3.9049e+00 +6.9269e-01 -4.8507e+00 -1.7963e+00 +2.3945e+00 -3.3973e+00 -6.0693e-01
222 +5.942940093e+01 +5.942940093e+01 -2.194605991e+02 -2.194605991e+02 -5.0000e+00 +4.5836e+00 +1.2459e+00 +5.0000e+00 -6.2253e-01 -1.7061e+00 +2.2668e+00 +1.0740e+00 +3.7877e+00 +0.0000e+00 -1.4767e+00 +4.1578e+00 +9.4896e-01 -3.9506e+00 +2.3867e+00 +2.0749e+00 -3.9647e+00 +3.5963e+00 -1.3769e+00 -1.7512e+00
1675 +3.686887999e+01 +3.686887999e+01 -2.420211200e+02 -2.420211200e+02 -2.5582e+00 +3.8521e+00 -1.0619e+00 +3.0197e+00 -2.1631e+00 +3.4093e-01 +3.4437e+00 +2.2501e-01 +5.0000e+00 -1.7746e+00 -1.0577e+00 +4.0066e+00 +7.8647e-01 -3.0111e+00 +2.5495e+00 +1.8215e+00 -4.6589e+00 +3.5955e+00 -1.7294e+00 -2.9194e+00
17799 +2.446684917e+01 +2.446684917e+01 -2.544231508e+02 -2.544231508e+02 -2.1254e+00 +4.3432e+00 -8.2661e-01 +3.2850e+00 -1.3097e+00 -1.1805e-01 +3.4303e+00 -5.2342e-01 +5.0000e+00 -5.9512e-01 -2.0937e+00 +5.0000e+00 +2.4301e+00 -3.2863e+00 +6.9805e-01 +3.9819e+00 -4.7958e+00 +2.0885e+00 -1.3591e+00 -2.0878e+00
% function evaluation | noise-free fitness - Fopt (5.142200000000e+02) | best noise-free fitness - Fopt | measured fitness | best measured fitness | x1 | x2...
1 +8.639909589e+01 +8.639909589e+01 +6.006190959e+02 +6.006190959e+02 +2.6596e+00 +4.0354e+00 -1.0362e+00 +4.6208e+00 -4.9329e+00 -2.0439e+00 +1.2641e+00 -1.7109e+00 -9.0489e-01 +2.5433e+00 -3.3238e+00 -4.3547e+00 +7.3173e-01 -1.6254e+00 -1.8041e+00 -1.7873e+00 -3.5831e+00 -4.5600e+00 +4.4923e+00 -2.3436e+00
1179 +4.766186695e+01 +4.766186695e+01 +5.618818670e+02 +5.618818670e+02 -1.0875e+00 +5.0000e+00 +2.3177e+00 +2.4769e+00 +4.3093e+00 +6.2708e-01 -1.0055e+00 +1.0999e+00 -3.8717e+00 -7.3082e-01 +2.6866e+00 -1.4975e+00 +1.0779e+00 -2.3423e-01 +1.2911e+00 -6.9480e-01 +5.0000e+00 +5.0000e+00 -1.6707e+00 +4.8113e+00
2379 +3.618752772e+01 +3.618752772e+01 +5.504075277e+02 +5.504075277e+02 -6.9520e-01 +5.0000e+00 +3.0023e+00 +2.6784e+00 +4.3497e+00 +6.1496e-01 -1.3373e+00 +2.1609e-01 -3.6706e+00 -1.5428e+00 +3.2065e+00 -2.0521e+00 +8.5493e-01 +2.4499e-01 -7.3095e-01 +7.5485e-01 +5.0000e+00 +5.0000e+00 +1.7667e+00 +4.3134e+00
8606 +2.311401107e+01 +2.311401107e+01 +5.373340111e+02 +5.373340111e+02 -3.0496e+00 +5.0000e+00 -9.7034e-02 +1.3922e+00 +3.8428e+00 -3.1293e+00 -4.5248e+00 +2.3018e+00 -2.6812e+00 -3.2214e-01 +5.0000e+00 -2.7741e+00 -1.6045e+00 +1.6058e+00 +2.6139e-01 -7.9485e-01 +5.0000e+00 +5.0000e+00 +2.0403e+00 +3.1751e+00
18115 +1.320001893e+01 +1.320001893e+01 +5.274200189e+02 +5.274200189e+02 -1.1443e+00 +5.0000e+00 +2.8896e+00 +3.3322e+00 +3.0649e+00 -3.2192e+00 -5.0000e+00 +2.8513e+00 -6.3921e-01 -9.8107e-01 +5.0000e+00 -2.9676e+00 +5.6147e-01 +5.3898e-01 +1.9033e-01 -8.5371e-01 +4.9738e+00 +4.9889e+00 +4.0435e+00 +3.4320e+00
78385 +9.962440424e+00 +9.962440424e+00 +5.241824404e+02 +5.241824404e+02 -5.1465e-01 +5.0000e+00 +1.8929e+00 +3.9247e+00 +3.5914e+00 -3.3667e+00 -5.0000e+00 +5.0000e+00 -6.6596e-01 +1.2708e+00 +5.0000e+00 -5.0000e+00 +1.2366e+00 +8.7216e-01 -3.8691e-01 -2.8052e+00 +4.0947e+00 +4.9820e+00 +4.3335e+00 +4.2988e+00
% function evaluation | noise-free fitness - Fopt (6.098800000000e+02) | best noise-free fitness - Fopt | measured fitness | best measured fitness | x1 | x2...
1 +8.596392283e+01 +8.596392283e+01 +6.958439228e+02 +6.958439228e+02 +4.3545e+00 +4.9998e+00 -1.1005e+00 -3.3962e+00 -7.8469e-01 +3.0865e+00 -4.1002e+00 +2.2313e+00 +2.5145e+00 +8.9420e-01 +1.8761e+00 -4.8142e+00 +2.6029e-02 +2.7733e+00 +1.5540e+00 +1.9439e-01 +3.0934e+00 -3.8111e+00 -1.1521e+00 -2.7769e+00
382 +6.250456843e+01 +6.250456843e+01 +6.723845684e+02 +6.723845684e+02 -8.1769e-02 -3.7214e+00 -2.4834e+00 +1.8325e-01 +2.7843e-01 -4.6662e-01 +3.9804e+00 -3.8014e+00 +3.5531e-01 -2.2628e-01 -1.7338e+00 +7.9271e-01 +9.3741e-01 -4.0507e+00 +2.0951e+00 +1.0114e+00 +5.0000e+00 +2.5787e+00 +1.4873e+00 +5.0000e+00
698 +3.851373968e+01 +3.851373968e+01 +6.483937397e+02 +6.483937397e+02 -7.4122e-01 -3.3762e+00 -1.5952e+00 -4.0577e+00 -4.0077e-01 -3.7103e+00 +4.6326e+00 -3.8503e+00 +8.4240e-01 -6.5868e-01 +4.3890e-02 -9.0673e-01 -3.6186e+00 -1.6216e+00 +1.0400e+00 +4.9661e-01 +4.9708e+00 +8.3586e-01 +7.9393e-01 +2.9746e+00
1222 +2.233806749e+01 +2.233806749e+01 +6.322180675e+02 +6.322180675e+02 -1.5365e-01 -2.0935e+00 -3.6009e+00 -3.7195e+00 -8.8623e-01 -5.0000e+00 +2.7627e+00 -3.8183e+00 +2.2068e+00 +1.8304e+00 -6.9518e-01 -2.7360e-01 -3.8517e+00 -2.8458e+00 +1.3185e+00 -1.2227e+00 +5.0000e+00 +2.4917e+00 +1.1795e+00 +2.3970e+00
12934 +1.564657220e+01 +1.564657220e+01 +6.255265722e+02 +6.255265722e+02 -9.6285e-01 -3.8653e+00 -2.1534e+00 -1.8550e+00 +1.3007e+00 -3.9427e+00 +2.0152e+00 -4.8939e+00 +0.0000e+00 +1.3376e+00 -1.3129e+00 +8.9727e-01 -3.7790e+00 -3.3774e+00 +1.7298e+00 -8.8303e-01 +5.0000e+00 +2.4192e+00 +2.0182e+00 +3.8692e+00
60783 +9.681728283e+00 +9.681728283e+00 +6.195617283e+02 +6.195617283e+02 -7.4515e-01 -3.3710e+00 -3.3881e+00 -2.1975e+00 -1.1558e+00 -4.8133e+00 +2.7534e+00 -3.9599e+00 +5.7623e-01 +2.8326e+00 -1.5505e+00 +1.0582e+00 -3.7690e+00 -2.9352e+00 +1.0848e+00 +1.3122e-01 +5.0000e+00 +8.7179e-01 +1.4197e+00 +4.9210e+00
