% function evaluation | noise-free fitness - Fopt (-1.694000000000e+01) | best noise-free fitness - Fopt | measured fitness | best measured fitness | x1 | x2...
1 +2.687082728e+01 +2.687082728e+01 +9.930827276e+00 +9.930827276e+00 +2.4945e+00 +1.3676e+00 -3.2101e-01 -3.2517e+00 +4.4694e+00 -1.1951e+00 +4.9667e+00 -9.5127e-01 -1.6191e+00 +1.5761e+00
3 +2.105142743e+01 +2.105142743e+01 +4.111427429e+00 +4.111427429e+00 +4.9415e-01 +1.6862e+00 +5.1373e-01 +9.9495e-01 +3.4475e+00 -2.8464e+00 -1.7061e-01 +2.8650e+00 +1.8988e+00 -1.6950e+00
33 +9.053008509e+00 +9.053008509e+00 -7.886991491e+00 -7.886991491e+00 +4.5534e+00 +2.1893e+00 +2.6689e+00 -1.6036e+00 -3.1203e+00 -2.2948e+00 +3.8557e+00 -1.8266e+00 +1.8394e+00 -1.8645e+00
286 +5.415371780e+00 +5.415371780e+00 -1.152462822e+01 -1.152462822e+01 +2.6209e+00 +2.6531e+00 -1.1384e+00 +5.0000e+00 +1.7612e+00 -5.2896e-01 +1.8483e+00 -8.2156e-01 -2.6373e-02 -1.7402e+00
1791 +3.872006656e+00 +3.872006656e+00 -1.306799334e+01 -1.306799334e+01 +4.4678e+00 +5.0000e+00 -2.9291e+00 +2.3961e+00 +4.0366e-01 -4.8359e+00 +3.3565e+00 -4.7878e+00 -2.8287e+00 -3.0609e+00
4712 +2.260095235e+00 +2.260095235e+00 -1.467990477e+01 -1.467990477e+01 +4.1430e+00 +4.8699e+00 -3.0003e+00 +3.6350e+00 +1.1881e+00 -4.8130e+00 +3.6790e+00 -4.9341e+00 -2.4758e+00 -2.1182e+00
13608 +1.504073406e+00 +1.504073406e+00 -1.543592659e+01 -1.543592659e+01 +4.2717e+00 +4.8359e+00 -3.0211e+00 +3.7263e+00 +1.2182e+00 -4.5301e+00 +3.6090e+00 -4.9639e+00 -2.4211e+00 -2.1828e+00
% function evaluation | noise-free fitness - Fopt (1.881000000000e+01) | best noise-free fitness - Fopt | measured fitness | best measured fitness | x1 | x2...
1 +1.689834675e+01 +1.689834675e+01 +3.570834675e+01 +3.570834675e+01 -8.7502e-02 -3.0878e+00 +7.8532e-01 -2.5113e+00 +4.0262e+00 -4.1725e+00 -2.3962e+00 +3.6921e+00 -2.5778e+00 +2.8687e+00
13 +1.034686452e+01 +1.034686452e+01 +2.915686452e+01 +2.915686452e+01 +1.7224e-01 +1.1777e-01 +2.4843e+00 -3.2425e+00 +1.6323e-01 -4.6504e+00 -3.2071e+00 +2.9765e+00 -9.5801e-01 +3.8177e+00
53 +8.084572413e+00 +8.084572413e+00 +2.689457241e+01 +2.689457241e+01 +2.3911e+00 +8.7070e-01 -1.0687e+00 -9.8077e-01 +1.5862e+00 -2.2703e+00 -3.1931e+00 +1.6581e-01 -5.4509e-01 +1.8176e+00
210 +4.403334304e+00 +4.403334304e+00 +2.321333430e+01 +2.321333430e+01 +8.3881e-01 +1.5921e+00 +4.2785e-01 -7.4180e-01 +2.7879e+00 -1.5854e+00 -1.1890e+00 +7.9715e-01 +2.3744e+00 +2.1755e+00
706 +3.951884194e+00 +3.951884194e+00 +2.276188419e+01 +2.276188419e+01 -2.9467e-01 +2.9218e+00 -1.6128e+00 +2.8606e-01 +2.1316e+00 -2.5333e+00 -2.0502e+00 -1.4297e-01 +0.0000e+00 +1.5087e+00
1726 +1.970059425e+00 +1.970059425e+00 +2.078005943e+01 +2.078005943e+01 -3.6544e-01 +1.4224e+00 -9.4360e-01 -1.7691e-01 +2.2902e+00 -2.5066e+00 +2.8118e-01 +0.0000e+00 +2.7413e-01 +1.1697e+00
2994 +1.056409456e+00 +1.056409456e+00 +1.986640946e+01 +1.986640946e+01 +8.5550e-02 +1.6368e+00 -8.0753e-01 +6.6957e-03 +1.8362e+00 -3.0912e+00 +6.7420e-01 -1.5088e-01 +1.5590e-01 +2.3603e+00
4573 +9.009151586e-01 +9.009151586e-01 +1.971091516e+01 +1.971091516e+01 -3.4580e-01 +1.5749e+00 -1.0314e+00 -3.4885e-02 +1.9318e+00 -3.4156e+00 +5.9862e-01 +3.9478e-01 +1.2215e-01 +2.0808e+00
8613 +6.071791508e-01 +6.071791508e-01 +1.941717915e+01 +1.941717915e+01 -8.0907e-01 +2.0159e+00 -1.0787e+00 +2.2423e-02 +1.9940e+00 -3.8349e+00 +4.2584e-01 +2.5060e-01 +3.8260e-02 +2.3136e+00
12764 +3.867657286e-01 +3.867657286e-01 +1.919676573e+01 +1.919676573e+01 -4.4893e-01 +1.9110e+00 -1.0546e+00 +2.4176e-03 +1.7775e+00 -3.3997e+00 +7.1465e-01 +4.2820e-01 +1.9363e-01 +2.4957e+00
15573 +2.100387974e-01 +2.100387974e-01 +1.902003880e+01 +1.902003880e+01 -1.5016e-01 +1.8968e+00 -6.6935e-01 -2.9363e-02 +1.7732e+00 -3.3393e+00 +9.5189e-02 +5.5528e-01 +2.4235e-01 +2.4557e+00
19852 +1.567031901e-01 +1.567031901e-01 +1.896670319e+01 +1.896670319e+01 -1.3086e-01 +1.9096e+00 -6.5555e-01 -7.3199e-03 +1.7922e+00 -3.3927e+00 +1.2021e-01 +5.1788e-01 +1.7808e-01 +2.4523e+00
24085 +9.321183719e-02 +9.321183719e-02 +1.890321184e+01 +1.890321184e+01 -1.4905e-01 +1.9372e+00 -7.2755e-01 +9.6521e-03 +1.8003e+00 -3.3796e+00 +1.6734e-01 +5.1209e-01 +1.5776e-01 +2.4509e+00
30458 +5.400128591e-02 +5.400128591e-02 +1.886400129e+01 +1.886400129e+01 -1.6107e-01 +1.9330e+00 -7.2207e-01 +1.6349e-02 +1.8006e+00 -3.3575e+00 +1.7496e-01 +5.0675e-01 +1.7270e-01 +2.4301e+00
44536 +3.935350052e-02 +3.935350052e-02 +1.884935350e+01 +1.884935350e+01 -1.6849e-01 +1.9339e+00 -7.2346e-01 +1.8713e-02 +1.8012e+00 -3.3590e+00 +1.7335e-01 +5.0724e-01 +1.7270e-01 +2.4284e+00
% function evaluation | noise-free fitness - Fopt (2.731500000000e+02) | best noise-free fitness - Fopt | measured fitness | best measured fitness | x1 | x2...
1 +1.997418195e+01 +1.997418195e+01 +2.931241820e+02 +2.931241820e+02 -3.5428e+00 +3.6869e+00 -3.2226e+00 -3.3000e+00 +3.7848e+00 +4.9551e+00 -3.5938e+00 -2.8217e+00 -1.9273e+00 +1.2597e+00
6 +1.544117051e+01 +1.544117051e+01 +2.885911705e+02 +2.885911705e+02 -1.4332e+00 +4.8071e+00 +1.0698e+00 +4.2842e+00 -1.5291e+00 -1.4457e+00 -2.5983e+00 -1.1325e+00 -2.1045e+00 -3.8597e+00
71 +7.293491286e+00 +7.293491286e+00 +2.804434913e+02 +2.804434913e+02 -2.1330e+00 +3.2215e+00 -6.8656e-01 +4.2723e+00 +2.8487e+00 -3.8786e+00 +1.9664e+00 -2.7921e+00 +2.5188e+00 +1.9571e+00
258 +5.025295450e+00 +5.025295450e+00 +2.781752954e+02 +2.781752954e+02 -3.0198e+00 +2.7408e+00 -1.3837e+00 +2.0768e+00 +1.1995e-02 -2.7967e+00 -3.0970e-01 -2.6717e+00 -4.2326e-01 +1.4112e-01
1084 +3.823778452e+00 +3.823778452e+00 +2.769737785e+02 +2.769737785e+02 -6.0910e-01 +3.3051e+00 -9.8948e-01 +3.6231e+00 +1.3183e+00 -4.0369e+00 +9.4820e-02 -2.9024e+00 -3.4143e+00 +2.4572e+00
2619 +2.364803398e+00 +2.364803398e+00 +2.755148034e+02 +2.755148034e+02 -3.9439e+00 +2.9860e+00 -5.4719e-01 +3.3786e+00 +1.6300e+00 -4.9759e+00 -1.1761e+00 -1.7548e+00 -2.9173e+00 +3.2681e+00
3907 +1.322513137e+00 +1.322513137e+00 +2.744725131e+02 +2.744725131e+02 -3.0007e+00 +3.7359e+00 -1.2490e+00 +3.7971e+00 +2.6806e+00 -4.5111e+00 -8.1168e-01 -1.8107e+00 -3.0514e+00 +2.7003e+00
7411 +8.857940947e-01 +8.857940947e-01 +2.740357941e+02 +2.740357941e+02 -3.1524e+00 +3.7662e+00 -1.3879e+00 +3.9441e+00 +2.8919e+00 -4.5166e+00 -9.1481e-01 -1.7668e+00 -2.4660e+00 +2.8526e+00
15160 +6.271257109e-01 +6.271257109e-01 +2.737771257e+02 +2.737771257e+02 -3.1008e+00 +3.7891e+00 -1.2851e+00 +3.9219e+00 +3.0805e+00 -4.4015e+00 -8.1820e-01 -1.6423e+00 -2.5653e+00 +2.8272e+00
54164 +3.965004180e-01 +3.965004180e-01 +2.735465004e+02 +2.735465004e+02 -3.0972e+00 +3.8087e+00 -1.2651e+00 +3.8872e+00 +3.0373e+00 -4.3959e+00 -8.0345e-01 -1.6870e+00 -2.4971e+00 +2.8127e+00
% function evaluation | noise-free fitness - Fopt (3.718000000000e+01) | best noise-free fitness - Fopt | measured fitness | best measured fitness | x1 | x2...
1 +2.585972238e+01 +2.585972238e+01 +6.303972238e+01 +6.303972238e+01 -7.6872e-02 -3.8157e+00 +4.0630e-01 -2.8110e+00 -9.2266e-01 +3.2683e+00 -1.3569e+00 -4.0922e+00 -2.0985e+00 +1.6607e+00
2 +2.300285170e+01 +2.300285170e+01 +6.018285170e+01 +6.018285170e+01 -2.0779e+00 +1.0088e+00 -4.5082e+00 -2.1480e+00 -4.0422e+00 -1.4026e+00 +2.3402e+00 -4.6170e+00 -2.4713e+00 -2.1635e+00
18 +1.511260621e+01 +1.511260621e+01 +5.229260621e+01 +5.229260621e+01 +4.9876e+00 +2.6259e+00 +5.1485e-01 +2.9511e+00 -2.2541e+00 +1.2164e+00 -4.7598e+00 -2.8288e+00 +6.1844e-01 -2.6474e+00
203 +7.227561359e+00 +7.227561359e+00 +4.440756136e+01 +4.440756136e+01 -3.5287e+00 +1.8167e+00 +1.4502e-01 +2.9328e+00 -5.0000e+00 -2.6855e+00 +1.3300e+00 -2.2586e-01 -3.2104e+00 +2.3754e+00
402 +5.558058558e+00 +5.558058558e+00 +4.273805856e+01 +4.273805856e+01 -1.9670e+00 +2.1558e+00 +3.8666e-01 +6.5728e-02 -3.8991e+00 -1.2687e+00 -3.4956e-01 -2.9719e+00 -2.9616e+00 +3.0198e+00
654 +3.719980584e+00 +3.719980584e+00 +4.089998058e+01 +4.089998058e+01 -5.0000e+00 +0.0000e+00 +3.7052e+00 +9.4686e-01 -3.9764e+00 -6.8272e-01 -1.2958e-02 -2.9266e+00 -1.5773e+00 +4.0514e-01
1669 +2.408738604e+00 +2.408738604e+00 +3.958873860e+01 +3.958873860e+01 -3.0309e+00 +1.4946e+00 +2.9985e+00 +2.2278e+00 -3.5742e+00 -1.5899e+00 +8.0805e-01 -2.8989e+00 -2.8213e+00 +3.9294e+00
1719 +1.547777989e+00 +1.547777989e+00 +3.872777799e+01 +3.872777799e+01 -5.0000e+00 +2.5243e+00 +2.9243e+00 +5.5669e-01 -4.1662e+00 -1.7139e-01 -4.7624e-01 -3.7182e+00 -2.7064e+00 +3.3847e+00
14576 +9.570778169e-01 +9.570778169e-01 +3.813707782e+01 +3.813707782e+01 -5.0000e+00 +2.7215e+00 +2.9199e+00 +5.7080e-01 -4.3142e+00 -6.8546e-01 -1.4262e-01 -4.2133e+00 -2.8946e+00 +3.6047e+00
33768 +6.289005725e-01 +6.289005725e-01 +3.780890057e+01 +3.780890057e+01 -5.0000e+00 +2.7604e+00 +2.8535e+00 +6.7945e-01 -4.3090e+00 -6.8332e-01 -7.4526e-02 -4.1630e+00 -2.8514e+00 +3.6437e+00
% function evaluation | noise-free fitness - Fopt (-1.479000000000e+02) | best noise-free fitness - Fopt | measured fitness | best measured fitness | x1 | x2...
1 +4.778538406e+01 +4.778538406e+01 -1.001146159e+02 -1.001146159e+02 +1.0377e+00 +1.2852e+00 +3.3730e-01 +1.7506e+00 -4.9170e+00 +2.5685e+00 -1.6512e+00 +3.9343e+00 -4.9631e+00 -1.8178e+00
2 +1.775901874e+01 +1.775901874e+01 -1.301409813e+02 -1.301409813e+02 -3.9880e+00 +2.9677e+00 -1.4243e+00 -3.3930e+00 +3.5852e+00 -2.3052e+00 +6.6932e-01 -1.9455e+00 +3.9371e+00 +4.3166e+00
4 +1.414959761e+01 +1.414959761e+01 -1.337504024e+02 -1.337504024e+02 +2.4456e+00 -5.7682e-01 -1.5766e+00 +8.0969e-01 +3.0120e+00 +9.1665e-02 +1.4232e+00 +4.6265e+00 -2.3062e+00 +2.9807e+00
26 +9.489637173e+00 +9.489637173e+00 -1.384103628e+02 -1.384103628e+02 -2.5061e+00 +3.9981e+00 +9.4365e-01 -2.8343e+00 +3.5830e-01 +1.6242e+00 -3.6390e+00 -4.1063e+00 +2.3965e-02 +2.7103e+00
212 +5.253765577e+00 +5.253765577e+00 -1.426462344e+02 -1.426462344e+02 -2.4824e+00 -5.5127e-01 +6.2668e-02 -4.3659e+00 -4.7061e+00 +2.6961e+00 -2.0763e+00 -4.3805e+00 -3.2616e+00 +5.4745e-01
808 +3.448949350e+00 +3.448949350e+00 -1.444510506e+02 -1.444510506e+02 +0.0000e+00 +8.8007e-02 +6.9460e-01 -2.4234e+00 -3.6430e+00 +2.3063e+00 -6.8850e-01 -3.0915e+00 -3.7056e+00 -4.5020e-01
880 +2.072219958e+00 +2.072219958e+00 -1.458277800e+02 -1.458277800e+02 -9.7744e-01 +5.4782e-01 +7.8192e-01 -2.6991e+00 -3.2466e+00 +1.6087e+00 -1.6297e+00 -1.2254e+00 -4.3910e+00 +7.7761e-01
2617 +1.319670550e+00 +1.319670550e+00 -1.465803295e+02 -1.465803295e+02 -1.6908e+00 +1.3313e-01 +1.6995e+00 -2.4272e+00 -3.1635e+00 +1.6730e+00 -8.8380e-01 -2.4363e+00 -3.7137e+00 +1.7652e+00
5986 +8.350641559e-01 +8.350641559e-01 -1.470649358e+02 -1.470649358e+02 -2.1124e+00 +5.3101e-01 +9.6970e-01 -2.3169e+00 -3.3900e+00 +1.6198e+00 -1.8176e+00 -2.2452e+00 -3.6182e+00 +2.2961e+00
6110 +6.134614814e-01 +6.134614814e-01 -1.472865385e+02 -1.472865385e+02 -1.6457e+00 +3.7400e-01 +1.0167e+00 -1.9400e+00 -3.3067e+00 +1.5974e+00 -1.5115e+00 -2.0613e+00 -3.9574e+00 +1.8237e+00
8847 +3.603415032e-01 +3.603415032e-01 -1.475396585e+02 -1.475396585e+02 -1.5296e+00 +1.3895e-01 +9.8249e-01 -1.9592e+00 -3.2647e+00 +1.6780e+00 -1.5626e+00 -2.1712e+00 -3.6649e+00 +1.8572e+00
14386 +2.435757425e-01 +2.435757425e-01 -1.476564243e+02 -1.476564243e+02 -1.5985e+00 +1.5566e-01 +1.1863e+00 -1.9944e+00 -3.2975e+00 +1.4944e+00 -1.6853e+00 -2.4130e+00 -3.7320e+00 +1.7432e+00
18739 +1.290417682e-01 +1.290417682e-01 -1.477709582e+02 -1.477709582e+02 -1.6903e+00 +1.4187e-01 +1.1354e+00 -1.9921e+00 -3.1493e+00 +1.4147e+00 -1.5445e+00 -2.3684e+00 -3.7203e+00 +1.6878e+00
22921 +8.497234388e-02 +8.497234388e-02 -1.478150277e+02 -1.478150277e+02 -1.6477e+00 +1.2384e-01 +1.1077e+00 -2.0103e+00 -3.1453e+00 +1.4425e+00 -1.6480e+00 -2.2554e+00 -3.7595e+00 +1.7457e+00
24035 +5.436863034e-02 +5.436863034e-02 -1.478456314e+02 -1.478456314e+02 -1.6724e+00 +1.2610e-01 +1.1076e+00 -2.0092e+00 -3.1419e+00 +1.4243e+00 -1.6339e+00 -2.2501e+00 -3.7676e+00 +1.7623e+00
28098 +3.875208665e-02 +3.875208665e-02 -1.478612479e+02 -1.478612479e+02 -1.6691e+00 +1.2103e-01 +1.1275e+00 -2.0183e+00 -3.1387e+00 +1.4622e+00 -1.5883e+00 -2.2673e+00 -3.7426e+00 +1.7521e+00
30316 +2.267084676e-02 +2.267084676e-02 -1.478773292e+02 -1.478773292e+02 -1.6766e+00 +1.3433e-01 +1.1180e+00 -2.0217e+00 -3.1338e+00 +1.4669e+00 -1.5944e+00 -2.2726e+00 -3.7551e+00 +1.7510e+00
33406 +1.379514080e-02 +1.379514080e-02 -1.478862049e+02 -1.478862049e+02 -1.6749e+00 +1.1963e-01 +1.1280e+00 -2.0238e+00 -3.1299e+00 +1.4657e+00 -1.5936e+00 -2.2576e+00 -3.7537e+00 +1.7506e+00
39927 +9.988926131e-03 +9.988926131e-03 -1.478900111e+02 -1.478900111e+02 -1.6737e+00 +1.2592e-01 +1.1277e+00 -2.0234e+00 -3.1295e+00 +1.4654e+00 -1.5958e+00 -2.2629e+00 -3.7579e+00 +1.7394e+00
42127 +4.869510662e-03 +4.869510662e-03 -1.478951305e+02 -1.478951305e+02 -1.6697e+00 +1.2467e-01 +1.1299e+00 -2.0235e+00 -3.1293e+00 +1.4649e+00 -1.5957e+00 -2.2622e+00 -3.7571e+00 +1.7412e+00
50240 +3.841202213e-03 +3.841202213e-03 -1.478961588e+02 -1.478961588e+02 -1.6707e+00 +1.2459e-01 +1.1280e+00 -2.0227e+00 -3.1283e+00 +1.4644e+00 -1.5971e+00 -2.2596e+00 -3.7571e+00 +1.7446e+00
51657 +2.129296524e-03 +2.129296524e-03 -1.478978707e+02 -1.478978707e+02 -1.6711e+00 +1.2419e-01 +1.1282e+00 -2.0231e+00 -3.1303e+00 +1.4646e+00 -1.5964e+00 -2.2626e+00 -3.7582e+00 +1.7437e+00
59547 +1.582964711e-03 +1.582964711e-03 -1.478984170e+02 -1.478984170e+02 -1.6712e+00 +1.2447e-01 +1.1287e+00 -2.0228e+00 -3.1302e+00 +1.4648e+00 -1.5963e+00 -2.2627e+00 -3.7582e+00 +1.7443e+00
67974 +9.983661519e-04 +9.983661519e-04 -1.478990016e+02 -1.478990016e+02 -1.6713e+00 +1.2452e-01 +1.1288e+00 -2.0226e+00 -3.1301e+00 +1.4649e+00 -1.5962e+00 -2.2627e+00 -3.7582e+00 +1.7442e+00
% function evaluation | noise-free fitness - Fopt (-2.218900000000e+02) | best noise-free fitness - Fopt | measured fitness | best measured fitness | x1 | x2...
1 +9.866369391e+01 +9.866369391e+01 -1.232263061e+02 -1.232263061e+02 -8.7485e-01 -1.7498e+00 -4.6499e+00 -4.3632e+00 -4.2947e+00 +1.6348e+00 -4.0968e+00 +7.0022e-01 -7.8782e-01 +3.7696e+00
3 +4.430394410e+01 +4.430394410e+01 -1.775860559e+02 -1.775860559e+02 -1.9386e+00 -3.2650e+00 +2.9513e+00 -4.1188e+00 +3.0282e+00 +9.8093e-01 -1.3540e+00 -3.8644e+00 -2.0092e+00 -3.1913e+00
5 +3.500829337e+01 +3.500829337e+01 -1.868817066e+02 -1.868817066e+02 -3.6000e+00 +2.2465e+00 -2.9311e+00 +2.3771e+00 +3.7923e+00 -3.8820e+00 +3.7229e+00 -3.9780e+00 +1.6433e+00 +3.1141e+00
11 +2.046289460e+01 +2.046289460e+01 -2.014271054e+02 -2.014271054e+02 -6.5094e-01 +2.0831e+00 -1.6897e+00 +2.2408e+00 +4.9835e+00 -3.0262e+00 +3.6725e+00 +1.6853e+00 -2.9625e+00 +3.8161e+00
18 +1.456772347e+01 +1.456772347e+01 -2.073222765e+02 -2.073222765e+02 +3.0428e+00 +2.7596e+00 +2.9661e+00 +2.6833e+00 -4.0573e+00 +4.3677e-01 +4.2239e+00 +3.9026e+00 -3.7738e+00 -1.5489e+00
191 +6.046532093e+00 +6.046532093e+00 -2.158434679e+02 -2.158434679e+02 -3.9474e+00 -9.9286e-01 +5.1555e-01 -1.4354e+00 -1.8305e+00 +4.6347e+00 +3.9488e+00 +1.1519e+00 +1.1686e+00 -1.9550e+00
686 +3.252051094e+00 +3.252051094e+00 -2.186379489e+02 -2.186379489e+02 -4.0694e+00 +4.1157e-01 -2.1231e-01 +1.6872e+00 -2.0619e+00 +3.6832e+00 +1.1319e+00 +1.5236e+00 +1.4842e+00 -1.1665e+00
1147 +2.379169184e+00 +2.379169184e+00 -2.195108308e+02 -2.195108308e+02 -3.8462e+00 +5.3156e-01 +1.7991e+00 +1.5693e+00 -2.6094e+00 +4.0683e+00 +3.8102e+00 +1.6598e+00 +9.3785e-02 -6.3584e-01
2955 +1.569352257e+00 +1.569352257e+00 -2.203206477e+02 -2.203206477e+02 -3.6354e+00 +4.5593e-01 -1.7558e-01 +1.1521e+00 -1.9577e+00 +2.7835e+00 +4.1311e+00 +5.4403e-01 +1.3930e+00 -1.8472e-01
5982 +9.048262522e-01 +9.048262522e-01 -2.209851737e+02 -2.209851737e+02 -3.6554e+00 +5.9377e-01 -1.7017e-01 +1.2744e-01 -2.1194e+00 +2.3032e+00 +3.6073e+00 +1.0403e+00 +1.4226e+00 -7.0953e-01
8204 +4.608890815e-01 +4.608890815e-01 -2.214291109e+02 -2.214291109e+02 -3.5186e+00 +3.7869e-01 -3.4686e-01 +8.0747e-01 -1.6680e+00 +2.3459e+00 +3.5933e+00 +6.8263e-01 +1.5409e+00 -4.4193e-01
8877 +3.455394242e-01 +3.455394242e-01 -2.215444606e+02 -2.215444606e+02 -3.4956e+00 +3.1470e-01 -2.9680e-01 +4.5055e-01 -1.6512e+00 +2.3885e+00 +3.6108e+00 +7.1340e-01 +1.2732e+00 -5.5949e-01
10356 +2.220321671e-01 +2.220321671e-01 -2.216679678e+02 -2.216679678e+02 -3.5054e+00 +2.7920e-01 -2.3735e-01 +6.9239e-01 -1.6371e+00 +2.4483e+00 +3.5158e+00 +5.8610e-01 +1.1994e+00 -4.3577e-01
16400 +1.418133351e-01 +1.418133351e-01 -2.217481867e+02 -2.217481867e+02 -3.5187e+00 +3.4051e-01 -2.7918e-01 +6.6276e-01 -1.6926e+00 +2.4528e+00 +3.5680e+00 +5.8158e-01 +1.1955e+00 -5.0035e-01
20456 +8.941357606e-02 +8.941357606e-02 -2.218005864e+02 -2.218005864e+02 -3.5861e+00 +3.5802e-01 -2.7762e-01 +6.8880e-01 -1.5863e+00 +2.4291e+00 +3.5605e+00 +5.7935e-01 +1.1973e+00 -5.2028e-01
22296 +5.060537394e-02 +5.060537394e-02 -2.218393946e+02 -2.218393946e+02 -3.5495e+00 +3.5950e-01 -2.8969e-01 +6.8573e-01 -1.5801e+00 +2.4325e+00 +3.5594e+00 +5.6076e-01 +1.1950e+00 -4.9474e-01
29866 +3.619407917e-02 +3.619407917e-02 -2.218538059e+02 -2.218538059e+02 -3.5548e+00 +3.6312e-01 -2.9255e-01 +6.8908e-01 -1.5862e+00 +2.4320e+00 +3.5663e+00 +5.5790e-01 +1.1997e+00 -5.0169e-01
% function evaluation | noise-free fitness - Fopt (1.195400000000e+02) | best noise-free fitness - Fopt | measured fitness | best measured fitness | x1 | x2...
1 +2.640898030e+01 +2.640898030e+01 +1.459489803e+02 +1.459489803e+02 -4.5930e+00 -3.6934e+00 +3.8793e+00 -3.0501e+00 -1.5737e+00 +3.9777e+00 +2.1158e+00 -4.0048e+00 -6.7729e-01 -1.3262e+00
3 +1.985243402e+01 +1.985243402e+01 +1.393924340e+02 +1.393924340e+02 +4.8687e+00 -1.5792e+00 +2.4203e+00 +2.0265e+00 +3.5800e+00 -4.5316e+00 -2.2466e+00 -4.5811e+00 +2.8577e-01 +3.3110e+00
19 +1.539177465e+01 +1.539177465e+01 +1.349317747e+02 +1.349317747e+02 -2.1564e+00 -3.8933e+00 -1.5724e+00 -1.6168e+00 +1.6761e+00 -4.0233e+00 +2.1149e+00 -6.9985e-01 -1.2653e+00 -1.9621e+00
52 +9.388641860e+00 +9.388641860e+00 +1.289286419e+02 +1.289286419e+02 -3.5653e+00 +3.4143e+00 -4.3604e+00 -1.7596e+00 +3.2996e-01 -1.3055e+00 +4.7939e+00 -3.2173e+00 -1.1931e+00 -2.4419e-01
220 +6.023593557e+00 +6.023593557e+00 +1.255635936e+02 +1.255635936e+02 +3.0863e-01 +7.6568e-01 -6.5510e-01 -9.8889e-01 +1.1352e+00 -4.2169e+00 +2.8981e+00 +3.5955e+00 -2.3511e-01 -5.8483e-01
454 +3.459122286e+00 +3.459122286e+00 +1.229991223e+02 +1.229991223e+02 +1.0813e+00 +1.0876e+00 -1.2445e+00 -8.5449e-01 +6.5738e-01 +0.0000e+00 +2.3514e+00 +4.5907e+00 +1.4679e+00 -1.7958e+00
3480 +2.097175758e+00 +2.097175758e+00 +1.216371758e+02 +1.216371758e+02 +1.2211e+00 +8.5380e-01 -2.3831e+00 -8.7052e-02 +2.6404e+00 -2.4211e+00 +3.6278e+00 +3.4382e+00 +9.0290e-01 -6.3779e-01
3608 +1.444910137e+00 +1.444910137e+00 +1.209849101e+02 +1.209849101e+02 +1.1467e+00 +7.7622e-01 -2.9469e+00 -8.6169e-02 +3.8201e+00 -1.4277e+00 +3.7739e+00 +3.6227e+00 +6.3073e-01 -1.5118e+00
5376 +6.615096602e-01 +6.615096602e-01 +1.202015097e+02 +1.202015097e+02 +1.1389e+00 +9.3484e-01 -2.8453e+00 -1.2271e-01 +3.6507e+00 -1.6763e+00 +3.9045e+00 +3.4054e+00 +5.2215e-02 -1.1136e+00
7019 +5.812687172e-01 +5.812687172e-01 +1.201212687e+02 +1.201212687e+02 +9.2659e-01 +8.5638e-01 -3.0866e+00 -3.6336e-01 +3.7381e+00 -1.9851e+00 +3.7158e+00 +3.3891e+00 +2.5719e-01 -1.0618e+00
9567 +2.985538605e-01 +2.985538605e-01 +1.198385539e+02 +1.198385539e+02 +1.1965e+00 +8.5451e-01 -3.0154e+00 -3.0795e-01 +3.7560e+00 -1.8057e+00 +3.6562e+00 +3.2976e+00 +2.9573e-01 -1.0611e+00
10145 +1.987472372e-01 +1.987472372e-01 +1.197387472e+02 +1.197387472e+02 +1.2911e+00 +8.2185e-01 -3.0248e+00 -1.9680e-01 +3.7508e+00 -1.7251e+00 +3.5966e+00 +3.2847e+00 +2.6961e-01 -1.0069e+00
14247 +1.460066611e-01 +1.460066611e-01 +1.196860067e+02 +1.196860067e+02 +1.3288e+00 +8.4130e-01 -3.0749e+00 -3.3327e-01 +3.7902e+00 -1.6807e+00 +3.4296e+00 +3.3396e+00 +3.0669e-01 -1.0016e+00
14952 +7.416843295e-02 +7.416843295e-02 +1.196141684e+02 +1.196141684e+02 +1.3159e+00 +9.1172e-01 -2.9909e+00 -3.7305e-01 +3.8025e+00 -1.6746e+00 +3.4630e+00 +3.3550e+00 +3.1440e-01 -9.9251e-01
17493 +4.909268051e-02 +4.909268051e-02 +1.195890927e+02 +1.195890927e+02 +1.3040e+00 +9.1479e-01 -3.0748e+00 -3.4235e-01 +3.8010e+00 -1.6573e+00 +3.4388e+00 +3.3695e+00 +3.2129e-01 -9.8025e-01
19753 +3.089725243e-02 +3.089725243e-02 +1.195708973e+02 +1.195708973e+02 +1.3116e+00 +9.2487e-01 -3.0796e+00 -3.6679e-01 +3.8021e+00 -1.6311e+00 +3.4562e+00 +3.3640e+00 +3.1719e-01 -9.8280e-01
24218 +2.425540647e-02 +2.425540647e-02 +1.195642554e+02 +1.195642554e+02 +1.3096e+00 +9.1825e-01 -3.0878e+00 -3.3758e-01 +3.7925e+00 -1.6306e+00 +3.4411e+00 +3.3649e+00 +3.2078e-01 -9.7915e-01
30224 +1.453857034e-02 +1.453857034e-02 +1.195545386e+02 +1.195545386e+02 +1.3171e+00 +9.1158e-01 -3.0877e+00 -3.5617e-01 +3.7879e+00 -1.6287e+00 +3.4642e+00 +3.3712e+00 +3.1420e-01 -9.8125e-01
31706 +8.811360901e-03 +8.811360901e-03 +1.195488114e+02 +1.195488114e+02 +1.3170e+00 +9.0832e-01 -3.0823e+00 -3.5500e-01 +3.7819e+00 -1.6290e+00 +3.4643e+00 +3.3706e+00 +3.1448e-01 -9.8528e-01
36558 +5.666216758e-03 +5.666216758e-03 +1.195456662e+02 +1.195456662e+02 +1.3165e+00 +9.0953e-01 -3.0805e+00 -3.5475e-01 +3.7783e+00 -1.6295e+00 +3.4639e+00 +3.3698e+00 +3.1821e-01 -9.8234e-01
59648 +3.957272183e-03 +3.957272183e-03 +1.195439573e+02 +1.195439573e+02 +1.3159e+00 +9.0951e-01 -3.0800e+00 -3.5482e-01 +3.7782e+00 -1.6296e+00 +3.4640e+00 +3.3694e+00 +3.1862e-01 -9.8285e-01
% function evaluation | noise-free fitness - Fopt (6.983000000000e+01) | best noise-free fitness - Fopt | measured fitness | best measured fitness | x1 | x2...
1 +3.147561071e+01 +3.147561071e+01 +1.013056107e+02 +1.013056107e+02 +3.5766e+00 -9.5063e-01 -3.7688e+00 +8.6068e-01 -4.0176e-01 -2.8118e+00 +1.1378e+00 +3.1672e+00 -2.9036e+00 +1.8326e+00
3 +1.969229918e+01 +1.969229918e+01 +8.952229918e+01 +8.952229918e+01 -6.7641e-01 +3.1520e+00 +1.4854e+00 +1.0730e+00 +2.9528e+00 +1.1549e-01 -1.8796e+00 +3.6528e+00 -1.8965e+00 -2.4941e+00
4 +1.231806477e+01 +1.231806477e+01 +8.214806477e+01 +8.214806477e+01 -4.4810e+00 +1.1128e+00 -5.8044e-01 -2.7160e+00 -1.2135e+00 +3.3831e+00 -2.5589e+00 +4.1325e+00 +4.2392e+00 +3.7700e+00
7 +8.025345312e+00 +8.025345312e+00 +7.785534531e+01 +7.785534531e+01 -1.0986e+00 -2.8987e+00 +1.4675e+00 -1.2353e+00 -2.3389e+00 +4.5055e+00 +1.0862e+00 +4.5962e+00 -7.1614e-01 -4.3607e+00
672 +5.669356474e+00 +5.669356474e+00 +7.549935647e+01 +7.549935647e+01 -5.0000e+00 -1.3717e+00 -1.9316e+00 -1.6896e+00 -1.1176e+00 +4.5797e+00 -3.1437e+00 +5.0000e+00 +5.5433e-01 -5.0000e+00
1217 +3.495690852e+00 +3.495690852e+00 +7.332569085e+01 +7.332569085e+01 -4.6111e+00 -5.4110e-01 -2.3338e+00 -4.2384e+00 +4.7420e-02 +3.0942e+00 -2.5554e+00 +4.0354e+00 +1.3127e+00 -4.7249e+00
2850 +2.476651890e+00 +2.476651890e+00 +7.230665189e+01 +7.230665189e+01 -3.2226e+00 -9.5261e-01 -3.9912e+00 -4.9145e+00 +1.7680e+00 +3.0961e+00 -2.1626e+00 +3.4066e+00 +1.8906e+00 -3.9384e+00
3317 +1.348615738e+00 +1.348615738e+00 +7.117861574e+01 +7.117861574e+01 -2.4402e+00 -1.2233e+00 -4.0108e+00 -4.9531e+00 +1.8967e+00 +2.3464e+00 -2.9944e+00 +4.0116e+00 +1.9989e+00 -4.7961e+00
4582 +9.615426066e-01 +9.615426066e-01 +7.079154261e+01 +7.079154261e+01 -2.2458e+00 -1.2269e+00 -4.1308e+00 -4.9463e+00 +2.0791e+00 +2.4612e+00 -2.6242e+00 +4.0102e+00 +2.0593e+00 -4.8136e+00
12894 +6.225773746e-01 +6.225773746e-01 +7.045257737e+01 +7.045257737e+01 -2.3145e+00 -1.2592e+00 -3.9033e+00 -4.9457e+00 +1.9588e+00 +2.5487e+00 -2.6259e+00 +4.0832e+00 +1.8188e+00 -4.7823e+00
25054 +3.710142143e-01 +3.710142143e-01 +7.020101421e+01 +7.020101421e+01 -2.3089e+00 -1.2676e+00 -3.7634e+00 -4.9051e+00 +1.7919e+00 +2.4908e+00 -2.7029e+00 +4.0927e+00 +1.7248e+00 -4.8781e+00
% function evaluation | noise-free fitness - Fopt (7.000000000000e-02) | best noise-free fitness - Fopt | measured fitness | best measured fitness | x1 | x2...
1 +6.619569022e+01 +6.619569022e+01 +6.626569022e+01 +6.626569022e+01 +2.4085e-01 +3.2349e+00 +1.8901e+00 -2.1322e+00 -3.7101e+00 +4.9873e+00 +4.9257e+00 -3.5822e+00 -4.5462e+00 -3.4349e+00
2 +2.246091978e+01 +2.246091978e+01 +2.253091978e+01 +2.253091978e+01 +3.1049e+00 -2.7476e+00 +2.5891e+00 +2.1103e+00 -3.0757e-02 +4.8863e+00 +3.8850e+00 -2.8512e+00 -2.6551e+00 +4.7068e-01
34 +1.144130220e+01 +1.144130220e+01 +1.151130220e+01 +1.151130220e+01 +4.6088e+00 -2.5053e-01 -1.5003e+00 -4.8580e+00 +4.3495e+00 +2.9326e+00 +8.7619e-01 -6.6316e-01 +4.9149e-01 +1.4485e+00
222 +9.905777198e+00 +9.905777198e+00 +9.975777198e+00 +9.975777198e+00 +1.1899e+00 -2.2464e+00 +3.4436e+00 -2.2250e+00 +5.0000e+00 -1.4368e+00 +4.6333e+00 +1.6675e-01 +2.0491e+00 -4.4602e+00
274 +5.203620588e+00 +5.203620588e+00 +5.273620588e+00 +5.273620588e+00 +5.3596e-01 -1.8294e+00 +2.6616e+00 -4.3911e+00 +2.4801e+00 -2.0332e+00 +5.0000e+00 -1.8092e+00 -1.4831e+00 -4.3375e-02
817 +2.435359614e+00 +2.435359614e+00 +2.505359614e+00 +2.505359614e+00 +2.5887e+00 -1.7819e+00 +2.6357e+00 -4.3539e+00 +2.2310e+00 +0.0000e+00 +5.0000e+00 -3.1250e+00 -1.9769e+00 -8.9763e-01
2043 +1.578622272e+00 +1.578622272e+00 +1.648622272e+00 +1.648622272e+00 +2.6854e+00 -1.0178e+00 +2.9410e+00 -4.4876e+00 +1.3992e+00 +1.4884e+00 +4.6207e+00 -3.2680e+00 -2.4926e+00 -9.7944e-01
2723 +6.476896331e-01 +6.476896331e-01 +7.176896331e-01 +7.176896331e-01 +2.8218e+00 -1.3058e+00 +2.5094e+00 -4.5513e+00 +1.3281e+00 +1.6428e+00 +4.4755e+00 -3.1294e+00 -2.5194e+00 -4.4418e-01
8471 +4.225168241e-01 +4.225168241e-01 +4.925168241e-01 +4.925168241e-01 +2.8336e+00 -1.3180e+00 +2.4583e+00 -4.1324e+00 +1.5509e+00 +1.2636e+00 +4.5008e+00 -3.0050e+00 -2.5332e+00 -4.5006e-01
10627 +3.767797842e-01 +3.767797842e-01 +4.467797842e-01 +4.467797842e-01 +2.8686e+00 -1.4691e+00 +2.4369e+00 -4.1621e+00 +1.6925e+00 +1.2904e+00 +4.4760e+00 -3.0398e+00 -2.5358e+00 -4.2467e-01
15764 +2.352884363e-01 +2.352884363e-01 +3.052884363e-01 +3.052884363e-01 +2.8942e+00 -1.5278e+00 +2.3455e+00 -4.1007e+00 +1.4826e+00 +1.2805e+00 +4.5149e+00 -2.9997e+00 -2.5504e+00 -3.7622e-01
22128 +1.573134663e-01 +1.573134663e-01 +2.273134663e-01 +2.273134663e-01 +2.8557e+00 -1.4959e+00 +2.3597e+00 -4.1525e+00 +1.5645e+00 +1.2748e+00 +4.5760e+00 -3.0380e+00 -2.5906e+00 -4.1704e-01
39236 +9.786073906e-02 +9.786073906e-02 +1.678607391e-01 +1.678607391e-01 +2.8856e+00 -1.4643e+00 +2.3324e+00 -4.1429e+00 +1.5689e+00 +1.3641e+00 +4.5701e+00 -3.0237e+00 -2.5875e+00 -4.6085e-01
63312 +6.184635272e-02 +6.184635272e-02 +1.318463527e-01 +1.318463527e-01 +2.8826e+00 -1.4695e+00 +2.3378e+00 -4.1374e+00 +1.5694e+00 +1.3572e+00 +4.5667e+00 -3.0198e+00 -2.5833e+00 -4.5652e-01
% function evaluation | noise-free fitness - Fopt (4.960000000000e+00) | best noise-free fitness - Fopt | measured fitness | best measured fitness | x1 | x2...
1 +9.165396844e+01 +9.165396844e+01 +9.661396844e+01 +9.661396844e+01 +2.1385e+00 +8.3532e-01 +2.0550e+00 -3.5345e+00 +2.7726e+00 -1.4292e+00 -3.2206e+00 -2.7995e+00 -1.4810e+00 +4.9078e+00
4 +2.329992680e+01 +2.329992680e+01 +2.825992680e+01 +2.825992680e+01 -1.3176e+00 +1.0572e+00 -1.1873e+00 +1.2447e+00 -1.8003e+00 -1.0148e+00 -2.5637e+00 -3.7231e-01 +1.8978e+00 +1.4942e+00
5 +1.235165479e+01 +1.235165479e+01 +1.731165479e+01 +1.731165479e+01 -2.1818e-01 +2.9595e+00 -3.1133e+00 +3.2867e+00 -2.6838e+00 -2.8564e+00 -2.9383e-01 +1.4162e+00 +6.8068e-01 -2.1580e+00
111 +8.157738846e+00 +8.157738846e+00 +1.311773885e+01 +1.311773885e+01 +4.2177e+00 +2.8003e+00 +8.0139e-01 -3.4483e+00 -2.9099e+00 -1.5234e+00 +1.6855e+00 +3.4382e+00 -3.1468e+00 -2.6750e+00
347 +5.635886382e+00 +5.635886382e+00 +1.059588638e+01 +1.059588638e+01 +3.9870e+00 +4.5553e+00 -1.7771e+00 -5.0000e+00 -5.0000e+00 -1.3233e+00 +2.8599e-02 +1.1891e+00 -4.1496e+00 -2.0941e+00
703 +3.964493412e+00 +3.964493412e+00 +8.924493412e+00 +8.924493412e+00 +2.1677e+00 +2.1028e+00 -1.1838e+00 -3.9015e+00 -3.4466e+00 -5.0000e+00 +2.6360e+00 +1.0466e+00 -4.9595e+00 -3.4251e+00
1281 +2.437345744e+00 +2.437345744e+00 +7.397345744e+00 +7.397345744e+00 +3.4378e+00 +1.9358e+00 -1.1741e+00 -2.8834e+00 -2.5863e+00 -2.8494e+00 +2.7165e+00 +2.8566e+00 -4.5930e+00 -2.5990e+00
1751 +1.554706967e+00 +1.554706967e+00 +6.514706967e+00 +6.514706967e+00 +2.2362e+00 +1.7073e+00 -1.4979e+00 -4.1021e+00 -3.6650e+00 -3.8680e+00 +2.5119e+00 +2.6077e+00 -3.1508e+00 -1.6463e+00
4992 +9.734942175e-01 +9.734942175e-01 +5.933494217e+00 +5.933494217e+00 +3.6082e+00 +2.3061e+00 -1.8380e+00 -3.6992e+00 -3.0403e+00 -3.5898e+00 +2.4992e+00 +2.2722e+00 -3.6207e+00 -2.1562e+00
8155 +6.288593489e-01 +6.288593489e-01 +5.588859349e+00 +5.588859349e+00 +3.2584e+00 +2.1020e+00 -1.3838e+00 -3.5612e+00 -3.3136e+00 -3.2922e+00 +2.9599e+00 +2.3958e+00 -3.5711e+00 -2.2666e+00
10908 +3.576688360e-01 +3.576688360e-01 +5.317668836e+00 +5.317668836e+00 +3.3631e+00 +2.0031e+00 -1.4093e+00 -3.9980e+00 -3.1846e+00 -3.4230e+00 +2.8599e+00 +2.4156e+00 -3.6260e+00 -2.3626e+00
12308 +2.484695344e-01 +2.484695344e-01 +5.208469534e+00 +5.208469534e+00 +3.2998e+00 +1.8159e+00 -1.3796e+00 -3.9905e+00 -3.2200e+00 -3.3336e+00 +2.7663e+00 +2.4997e+00 -3.5536e+00 -2.2942e+00
15628 +9.949230604e-02 +9.949230604e-02 +5.059492306e+00 +5.059492306e+00 +3.3796e+00 +1.8733e+00 -1.3224e+00 -3.9586e+00 -3.2536e+00 -3.3210e+00 +2.7793e+00 +2.4126e+00 -3.4856e+00 -2.3481e+00
27773 +6.278425006e-02 +6.278425006e-02 +5.022784250e+00 +5.022784250e+00 +3.3775e+00 +1.8666e+00 -1.3232e+00 -3.9618e+00 -3.2581e+00 -3.3228e+00 +2.7670e+00 +2.3989e+00 -3.4747e+00 -2.3445e+00
% function evaluation | noise-free fitness - Fopt (1.923000000000e+02) | best noise-free fitness - Fopt | measured fitness | best measured fitness | x1 | x2...
1 +4.855536425e+01 +4.855536425e+01 +2.408553643e+02 +2.408553643e+02 -9.2119e-01 -1.4659e+00 -1.9135e+00 +4.1820e+00 +3.8451e+00 -2.0137e+00 +1.0257e+00 -2.4181e+00 +1.9823e+00 -2.7219e+00
2 +1.591129239e+01 +1.591129239e+01 +2.082112924e+02 +2.082112924e+02 +1.6686e+00 -4.4858e+00 -5.0780e-01 +3.4287e+00 -1.8097e+00 -3.3509e-01 -2.4162e+00 -3.1680e+00 -3.8655e-01 +2.9663e+00
14 +1.277963461e+01 +1.277963461e+01 +2.050796346e+02 +2.050796346e+02 -1.4290e+00 -3.5203e+00 -1.3394e+00 +3.4241e+00 -8.2606e-01 +8.9281e-01 +3.9485e-01 -2.4216e-01 +5.2197e-01 -2.4143e+00
205 +8.009815447e+00 +8.009815447e+00 +2.003098154e+02 +2.003098154e+02 -3.1291e+00 -1.6409e+00 -5.0000e+00 +2.2951e+00 -4.9312e+00 +3.6393e-01 -1.3563e-01 -2.5617e-01 +2.7432e+00 +5.2885e-02
287 +5.861609061e+00 +5.861609061e+00 +1.981616091e+02 +1.981616091e+02 -1.6130e+00 +3.6536e+00 -9.6901e-01 -1.5994e+00 -5.0000e+00 +4.2664e-01 +5.0960e-01 +1.7487e+00 -7.8974e-01 +3.3679e-02
774 +3.227062446e+00 +3.227062446e+00 +1.955270624e+02 +1.955270624e+02 -2.8639e+00 +2.9604e+00 -1.4994e+00 -6.2217e-01 -3.4706e+00 +0.0000e+00 +0.0000e+00 +1.2763e+00 +3.0073e+00 +1.3539e-01
910 +2.122956103e+00 +2.122956103e+00 +1.944229561e+02 +1.944229561e+02 -2.6181e+00 +2.1511e+00 -1.9295e+00 -1.3163e+00 -3.5890e+00 -2.1825e-01 -4.5920e-01 +1.7784e+00 +2.5956e+00 -6.2840e-01
2612 +1.279237587e+00 +1.279237587e+00 +1.935792376e+02 +1.935792376e+02 -3.1054e+00 +3.0512e+00 -2.6441e+00 -8.8513e-01 -4.0019e+00 +2.4660e-01 -1.4091e-01 +1.5494e+00 +2.0825e+00 +9.0405e-01
4987 +6.739087700e-01 +6.739087700e-01 +1.929739088e+02 +1.929739088e+02 -2.9364e+00 +3.7053e+00 -2.5797e+00 -1.2205e+00 -4.1324e+00 -2.0933e-01 +8.3112e-02 +1.7296e+00 +2.5622e+00 +6.4663e-01
6934 +4.549186194e-01 +4.549186194e-01 +1.927549186e+02 +1.927549186e+02 -3.1267e+00 +3.9555e+00 -2.6062e+00 -1.4306e+00 -3.8912e+00 -2.6599e-01 +8.6099e-02 +1.7264e+00 +2.6363e+00 +1.2265e-01
9129 +3.909760086e-01 +3.909760086e-01 +1.926909760e+02 +1.926909760e+02 -3.0642e+00 +3.9851e+00 -2.5750e+00 -1.4152e+00 -3.9272e+00 -2.4908e-01 +8.6100e-02 +1.7209e+00 +2.7080e+00 +1.2672e-01
11688 +2.303083101e-01 +2.303083101e-01 +1.925303083e+02 +1.925303083e+02 -3.0425e+00 +4.0055e+00 -2.8136e+00 -1.2125e+00 -3.8212e+00 -3.3018e-01 -3.1492e-01 +1.7367e+00 +2.6461e+00 +1.7584e-01
16467 +1.518351119e-01 +1.518351119e-01 +1.924518351e+02 +1.924518351e+02 -3.0817e+00 +3.9617e+00 -2.8534e+00 -1.2287e+00 -3.8589e+00 -2.4503e-01 -2.9489e-01 +1.8421e+00 +2.6277e+00 +2.6613e-01
25471 +8.654972537e-02 +8.654972537e-02 +1.923865497e+02 +1.923865497e+02 -3.0923e+00 +3.9460e+00 -2.8489e+00 -1.2139e+00 -3.8667e+00 -2.4667e-01 -2.9032e-01 +1.8457e+00 +2.6225e+00 +2.4750e-01
54569 +6.305591232e-02 +6.305591232e-02 +1.923630559e+02 +1.923630559e+02 -3.0928e+00 +3.9478e+00 -2.8443e+00 -1.2167e+00 -3.8644e+00 -2.4700e-01 -2.8179e-01 +1.8408e+00 +2.6232e+00 +2.4627e-01
% function evaluation | noise-free fitness - Fopt (4.971000000000e+01) | best noise-free fitness - Fopt | measured fitness | best measured fitness | x1 | x2...
1 +6.631199934e+01 +6.631199934e+01 +1.160219993e+02 +1.160219993e+02 +1.3643e+00 -2.5660e+00 -3.6413e+00 +2.7264e+00 +4.5891e+00 -1.3565e+00 -1.6376e+00 +3.1826e+00 +2.2020e+00 +7.3827e-01
3 +5.385245282e+01 +5.385245282e+01 +1.035624528e+02 +1.035624528e+02 +2.4111e+00 -3.1706e+00 -1.0589e+00 +1.0074e+00 +1.8792e+00 +5.5993e-01 +3.3401e+00 +2.8976e+00 -1.4248e+00 +5.5386e-01
4 +3.781487123e+01 +3.781487123e+01 +8.752487123e+01 +8.752487123e+01 -1.2234e-01 +3.7402e-02 +2.0265e+00 -4.4902e-01 +1.2570e+00 +4.4927e+00 -4.8309e+00 +4.3870e+00 +1.2064e+00 -2.8516e+00
14 +1.947479505e+01 +1.947479505e+01 +6.918479505e+01 +6.918479505e+01 +1.9476e+00 -1.4199e-01 -3.0667e+00 -2.0842e+00 +1.3881e+00 +1.6120e+00 -4.3822e+00 +6.1130e-02 +1.0630e+00 -1.1557e+00
53 +1.307965400e+01 +1.307965400e+01 +6.278965400e+01 +6.278965400e+01 +4.9456e+00 -2.0028e+00 -3.0714e+00 -3.1224e+00 +3.1700e+00 -1.0028e+00 -3.4996e+00 -2.6321e+00 -2.6024e+00 +4.6775e+00
246 +9.978951493e+00 +9.978951493e+00 +5.968895149e+01 +5.968895149e+01 +3.0314e+00 -2.9599e+00 -3.0244e+00 -6.1255e-01 -1.3483e+00 -2.3152e+00 -4.8827e+00 -2.3661e+00 -3.1147e-01 +4.5358e+00
721 +4.766984095e+00 +4.766984095e+00 +5.447698410e+01 +5.447698410e+01 +3.6511e+00 -3.1881e+00 -1.5045e+00 +1.2502e-01 +1.1503e-01 +2.5414e+00 -5.0000e+00 -6.5856e-01 +0.0000e+00 +3.9162e+00
1109 +3.499689398e+00 +3.499689398e+00 +5.320968940e+01 +5.320968940e+01 +3.5604e+00 -2.4577e+00 -7.6896e-02 +2.4190e+00 -3.6733e-01 +4.7813e+00 -4.2949e+00 -1.3004e+00 +8.7138e-01 +4.0146e+00
1839 +1.448176216e+00 +1.448176216e+00 +5.115817622e+01 +5.115817622e+01 +3.1718e+00 -4.7937e+00 -1.3134e+00 +2.4222e+00 -1.0975e+00 +3.9391e+00 -3.2890e+00 -1.4758e+00 -7.9792e-01 +3.5005e+00
5473 +8.234049478e-01 +8.234049478e-01 +5.053340495e+01 +5.053340495e+01 +4.4133e+00 -4.8296e+00 -1.1164e+00 +2.0726e+00 -8.9129e-01 +3.0670e+00 -3.3101e+00 -5.5691e-01 -9.3511e-01 +3.3145e+00
10491 +5.629455296e-01 +5.629455296e-01 +5.027294553e+01 +5.027294553e+01 +4.4442e+00 -4.8177e+00 -1.0959e+00 +2.2115e+00 -8.5935e-01 +3.3246e+00 -3.3019e+00 -7.1524e-01 -8.8235e-01 +3.4846e+00
% function evaluation | noise-free fitness - Fopt (2.051200000000e+02) | best noise-free fitness - Fopt | measured fitness | best measured fitness | x1 | x2...
1 +1.860943833e+01 +1.860943833e+01 +2.237294383e+02 +2.237294383e+02 -4.0659e+00 +2.8560e+00 +2.9378e+00 -2.9688e+00 -4.5496e+00 +4.8504e+00 +1.5548e+00 +1.7282e+00 +4.1122e+00 -7.6082e-01
29 +1.450629213e+01 +1.450629213e+01 +2.196262921e+02 +2.196262921e+02 +1.2258e+00 -5.4106e-01 -3.8680e+00 -2.2918e+00 -4.5492e-01 +1.5248e+00 +4.9944e+00 +4.4413e-01 +2.5841e+00 +2.8229e+00
229 +6.704480975e+00 +6.704480975e+00 +2.118244810e+02 +2.118244810e+02 -4.6535e-01 +4.4589e+00 -3.2881e+00 +8.3248e-02 -2.9748e+00 +1.0974e+00 +4.8061e+00 +8.9341e-01 +2.2346e+00 +3.5026e+00
652 +5.591440177e+00 +5.591440177e+00 +2.107114402e+02 +2.107114402e+02 -1.2722e+00 +5.0000e+00 -2.7508e+00 -3.9726e+00 +2.1417e+00 -5.3850e-01 +2.6630e+00 +2.2614e+00 +3.8218e+00 +4.3696e+00
1045 +3.661897834e+00 +3.661897834e+00 +2.087818978e+02 +2.087818978e+02 -8.1007e-01 +4.0064e+00 -3.5392e+00 -3.8960e+00 -8.1246e-01 -7.0763e-02 +8.6417e-01 +2.2654e+00 +5.0000e+00 +4.0941e+00
1434 +1.895512709e+00 +1.895512709e+00 +2.070155127e+02 +2.070155127e+02 -1.0881e+00 +3.3771e+00 -3.9567e+00 -2.0329e+00 -2.7588e+00 +1.9102e+00 +1.3882e+00 +2.6499e+00 +4.2108e+00 +2.5547e+00
2882 +1.428765269e+00 +1.428765269e+00 +2.065487653e+02 +2.065487653e+02 -1.6131e+00 +3.4603e+00 -3.8328e+00 -2.4386e+00 -2.6365e+00 +1.8666e+00 +2.4970e+00 +2.7046e+00 +4.3662e+00 +3.9001e+00
4205 +9.921729462e-01 +9.921729462e-01 +2.061121729e+02 +2.061121729e+02 -1.1094e+00 +3.9238e+00 -3.5002e+00 -2.4427e+00 -2.2896e+00 +1.8078e+00 +3.1837e+00 +3.3777e+00 +4.1254e+00 +4.0136e+00
6001 +6.117270957e-01 +6.117270957e-01 +2.057317271e+02 +2.057317271e+02 -1.2288e+00 +3.9465e+00 -3.5459e+00 -1.9249e+00 -1.8252e+00 +1.7093e+00 +3.0339e+00 +3.7181e+00 +3.8736e+00 +3.4501e+00
7372 +3.476303645e-01 +3.476303645e-01 +2.054676304e+02 +2.054676304e+02 -1.0548e+00 +4.0865e+00 -3.4327e+00 -2.1460e+00 -1.9414e+00 +1.6710e+00 +3.3016e+00 +3.6689e+00 +3.7917e+00 +3.5907e+00
9670 +1.921927026e-01 +1.921927026e-01 +2.053121927e+02 +2.053121927e+02 -9.5870e-01 +4.0397e+00 -3.4455e+00 -2.2059e+00 -1.9699e+00 +1.5257e+00 +3.1743e+00 +3.6659e+00 +3.8186e+00 +3.4882e+00
10100 +1.571729030e-01 +1.571729030e-01 +2.052771729e+02 +2.052771729e+02 -1.0036e+00 +4.1005e+00 -3.3269e+00 -2.1805e+00 -1.9668e+00 +1.5210e+00 +3.1555e+00 +3.7130e+00 +3.8000e+00 +3.4293e+00
14596 +7.011290409e-02 +7.011290409e-02 +2.051901129e+02 +2.051901129e+02 -1.0445e+00 +3.9555e+00 -3.3441e+00 -2.2040e+00 -1.9748e+00 +1.6210e+00 +3.1120e+00 +3.6607e+00 +3.7616e+00 +3.3798e+00
15447 +6.108842574e-02 +6.108842574e-02 +2.051810884e+02 +2.051810884e+02 -1.0655e+00 +3.9726e+00 -3.3722e+00 -2.1967e+00 -1.9532e+00 +1.5681e+00 +3.1075e+00 +3.6477e+00 +3.7778e+00 +3.3879e+00
22348 +3.954295315e-02 +3.954295315e-02 +2.051595430e+02 +2.051595430e+02 -1.0505e+00 +3.9751e+00 -3.3616e+00 -2.2061e+00 -1.9647e+00 +1.5575e+00 +3.1353e+00 +3.6695e+00 +3.7643e+00 +3.3984e+00
26601 +1.942023728e-02 +1.942023728e-02 +2.051394202e+02 +2.051394202e+02 -1.0398e+00 +3.9773e+00 -3.3503e+00 -2.2130e+00 -1.9591e+00 +1.5658e+00 +3.1280e+00 +3.6761e+00 +3.7709e+00 +3.4132e+00
31069 +1.554045752e-02 +1.554045752e-02 +2.051355405e+02 +2.051355405e+02 -1.0388e+00 +3.9704e+00 -3.3443e+00 -2.2127e+00 -1.9609e+00 +1.5651e+00 +3.1272e+00 +3.6776e+00 +3.7706e+00 +3.4133e+00
% function evaluation | noise-free fitness - Fopt (-1.729000000000e+02) | best noise-free fitness - Fopt | measured fitness | best measured fitness | x1 | x2...
1 +2.321832984e+01 +2.321832984e+01 -1.496816702e+02 -1.496816702e+02 +4.4841e+00 -1.0298e+00 +2.8382e+00 +4.6521e+00 -1.1209e+00 -7.4489e-01 +1.0832e+00 -3.6439e+00 +2.6233e+00 -4.2110e+00
18 +5.750684581e+00 +5.750684581e+00 -1.671493154e+02 -1.671493154e+02 -3.5910e+00 +1.3515e+00 +2.6259e+00 -7.8211e-01 -5.8680e-01 -3.8362e-01 -1.6597e+00 +8.4325e-01 -3.7321e+00 -1.6274e+00
1883 +3.383397030e+00 +3.383397030e+00 -1.695166030e+02 -1.695166030e+02 -3.4830e+00 -9.1600e-02 +3.6367e+00 -2.0282e+00 -2.4800e+00 -1.2792e+00 -3.9845e-01 +5.1308e-01 -4.7408e+00 +1.8243e+00
2302 +2.475032927e+00 +2.475032927e+00 -1.704249671e+02 -1.704249671e+02 -3.9977e+00 -1.0142e-01 +3.6341e+00 -3.2576e+00 -2.0670e+00 -1.5632e+00 -3.4264e-01 +6.4830e-01 -3.6992e+00 +1.0535e+00
4236 +1.532172249e+00 +1.532172249e+00 -1.713678278e+02 -1.713678278e+02 -3.0434e+00 -9.4118e-01 +3.4665e+00 -3.5504e+00 -3.4672e+00 -1.0770e+00 +1.0567e+00 +2.2311e+00 -4.3989e+00 +6.3364e-01
6794 +6.711167796e-01 +6.711167796e-01 -1.722288832e+02 -1.722288832e+02 -3.2513e+00 -9.6291e-01 +3.6664e+00 -3.8491e+00 -3.1208e+00 -1.4522e+00 +1.1164e+00 +1.4056e+00 -3.4861e+00 +1.0058e+00
8194 +5.569953028e-01 +5.569953028e-01 -1.723430047e+02 -1.723430047e+02 -2.9674e+00 -1.1779e+00 +3.8414e+00 -3.5442e+00 -3.2533e+00 -1.4149e+00 +1.1346e+00 +1.0827e+00 -3.8215e+00 +1.0817e+00
11256 +3.231055259e-01 +3.231055259e-01 -1.725768945e+02 -1.725768945e+02 -3.1780e+00 -1.1110e+00 +3.8782e+00 -3.6289e+00 -3.2298e+00 -1.4170e+00 +9.3084e-01 +1.1512e+00 -3.5237e+00 +1.5762e+00
13920 +1.912070223e-01 +1.912070223e-01 -1.727087930e+02 -1.727087930e+02 -2.9621e+00 -1.0511e+00 +3.8823e+00 -3.5575e+00 -3.3247e+00 -1.2709e+00 +8.1544e-01 +1.1806e+00 -3.7064e+00 +1.4276e+00
16422 +1.447924352e-01 +1.447924352e-01 -1.727552076e+02 -1.727552076e+02 -2.9504e+00 -1.0682e+00 +3.8649e+00 -3.7896e+00 -3.2824e+00 -1.5072e+00 +7.6262e-01 +1.0672e+00 -3.6568e+00 +1.4050e+00
19339 +7.575584743e-02 +7.575584743e-02 -1.728242442e+02 -1.728242442e+02 -2.9276e+00 -1.0236e+00 +3.8839e+00 -3.6542e+00 -3.3397e+00 -1.4201e+00 +7.9947e-01 +1.0841e+00 -3.6511e+00 +1.3853e+00
22168 +6.227261538e-02 +6.227261538e-02 -1.728377274e+02 -1.728377274e+02 -2.9354e+00 -1.0330e+00 +3.8544e+00 -3.6718e+00 -3.3531e+00 -1.4020e+00 +7.9995e-01 +1.1383e+00 -3.5680e+00 +1.3878e+00
24898 +2.651762415e-02 +2.651762415e-02 -1.728734824e+02 -1.728734824e+02 -2.9292e+00 -1.0258e+00 +3.8512e+00 -3.6337e+00 -3.3455e+00 -1.3797e+00 +8.3478e-01 +1.1542e+00 -3.5954e+00 +1.3929e+00
25898 +2.400533626e-02 +2.400533626e-02 -1.728759947e+02 -1.728759947e+02 -2.9353e+00 -1.0184e+00 +3.8526e+00 -3.6319e+00 -3.3438e+00 -1.3793e+00 +8.3756e-01 +1.1570e+00 -3.5978e+00 +1.3980e+00
29778 +1.224979051e-02 +1.224979051e-02 -1.728877502e+02 -1.728877502e+02 -2.9311e+00 -1.0291e+00 +3.8511e+00 -3.6367e+00 -3.3511e+00 -1.3861e+00 +8.2871e-01 +1.1474e+00 -3.6024e+00 +1.4080e+00
31088 +8.644271027e-03 +8.644271027e-03 -1.728913557e+02 -1.728913557e+02 -2.9311e+00 -1.0238e+00 +3.8566e+00 -3.6367e+00 -3.3504e+00 -1.3834e+00 +8.2811e-01 +1.1470e+00 -3.6028e+00 +1.4081e+00
31578 +5.985578997e-03 +5.985578997e-03 -1.728940144e+02 -1.728940144e+02 -2.9312e+00 -1.0235e+00 +3.8571e+00 -3.6366e+00 -3.3467e+00 -1.3840e+00 +8.2788e-01 +1.1472e+00 -3.6022e+00 +1.4076e+00
43968 +3.710043771e-03 +3.710043771e-03 -1.728962900e+02 -1.728962900e+02 -2.9306e+00 -1.0270e+00 +3.8570e+00 -3.6394e+00 -3.3478e+00 -1.3824e+00 +8.2774e-01 +1.1480e+00 -3.6038e+00 +1.4083e+00
44743 +2.429115063e-03 +2.429115063e-03 -1.728975709e+02 -1.728975709e+02 -2.9314e+00 -1.0269e+00 +3.8571e+00 -3.6424e+00 -3.3472e+00 -1.3834e+00 +8.2782e-01 +1.1486e+00 -3.6032e+00 +1.4087e+00
48303 +1.110168695e-03 +1.110168695e-03 -1.728988898e+02 -1.728988898e+02 -2.9315e+00 -1.0266e+00 +3.8552e+00 -3.6412e+00 -3.3476e+00 -1.3834e+00 +8.2755e-01 +1.1488e+00 -3.6040e+00 +1.4092e+00
50916 +8.697081071e-04 +8.697081071e-04 -1.728991303e+02 -1.728991303e+02 -2.9314e+00 -1.0269e+00 +3.8551e+00 -3.6412e+00 -3.3476e+00 -1.3837e+00 +8.2745e-01 +1.1488e+00 -3.6039e+00 +1.4092e+00
53488 +6.267081851e-04 +6.267081851e-04 -1.728993733e+02 -1.728993733e+02 -2.9310e+00 -1.0269e+00 +3.8554e+00 -3.6413e+00 -3.3475e+00 -1.3839e+00 +8.2716e-01 +1.1488e+00 -3.6039e+00 +1.4095e+00
59317 +3.967259138e-04 +3.967259138e-04 -1.728996033e+02 -1.728996033e+02 -2.9311e+00 -1.0269e+00 +3.8552e+00 -3.6412e+00 -3.3470e+00 -1.3841e+00 +8.2701e-01 +1.1487e+00 -3.6040e+00 +1.4094e+00
66368 +2.353654065e-04 +2.353654065e-04 -1.728997646e+02 -1.728997646e+02 -2.9312e+00 -1.0269e+00 +3.8552e+00 -3.6412e+00 -3.3471e+00 -1.3841e+00 +8.2702e-01 +1.1486e+00 -3.6039e+00 +1.4094e+00
% function evaluation | noise-free fitness - Fopt (-3.506200000000e+02) | best noise-free fitness - Fopt | measured fitness | best measured fitness | x1 | x2...
1 +2.142599952e+01 +2.142599952e+01 -3.291940005e+02 -3.291940005e+02 -2.3210e+00 +6.8283e-01 +2.5249e+00 -3.4689e+00 +3.1849e+00 +2.3481e+00 -2.1836e+00 -3.0980e+00 +3.2160e+00 +1.7372e+00
8 +1.038844557e+01 +1.038844557e+01 -3.402315544e+02 -3.402315544e+02 -2.5604e+00 -1.5386e+00 -2.3203e+00 -1.4007e+00 +2.9401e+00 +1.3360e+00 +3.2879e+00 +4.4196e+00 -2.8000e+00 +2.7274e+00
148 +9.419581032e+00 +9.419581032e+00 -3.412004190e+02 -3.412004190e+02 -1.9104e+00 -3.9320e+00 -2.4396e+00 +1.5633e-01 +1.1326e+00 +3.1947e+00 -6.9626e-01 +2.6314e+00 -1.4199e+00 +3.3187e+00
426 +4.588595602e+00 +4.588595602e+00 -3.460314044e+02 -3.460314044e+02 -4.3548e+00 -1.1316e+00 -1.5747e+00 +2.5554e-01 +3.0626e+00 +4.2067e+00 +1.9522e+00 +3.0932e+00 +1.4494e+00 +5.0000e+00
717 +3.700365368e+00 +3.700365368e+00 -3.469196346e+02 -3.469196346e+02 -4.6137e+00 -2.7177e+00 -2.1312e-02 -1.5696e+00 +2.5441e+00 +5.0000e+00 +2.3483e+00 +3.7717e+00 +6.3418e-01 +5.0000e+00
2044 +2.410489956e+00 +2.410489956e+00 -3.482095100e+02 -3.482095100e+02 -4.0203e+00 -3.4961e+00 -4.9754e-01 -1.8590e+00 +1.0549e+00 +4.3184e+00 +1.5350e+00 +2.4273e+00 -6.4937e-01 +4.5349e+00
3425 +1.511690035e+00 +1.511690035e+00 -3.491083100e+02 -3.491083100e+02 -3.8886e+00 -3.2781e+00 -3.5364e-03 -1.9206e+00 +9.2066e-01 +3.2535e+00 +3.9220e+00 +2.0499e+00 -8.1905e-01 +4.2841e+00
5917 +9.291246230e-01 +9.291246230e-01 -3.496908754e+02 -3.496908754e+02 -4.3588e+00 -4.1007e+00 +1.7150e-02 -2.2862e+00 +1.0556e+00 +2.6541e+00 +3.1897e+00 +3.0406e+00 -5.6596e-01 +4.0841e+00
6825 +5.413994489e-01 +5.413994489e-01 -3.500786006e+02 -3.500786006e+02 -4.3370e+00 -3.5838e+00 -6.3724e-01 -1.8163e+00 +1.0357e+00 +2.9734e+00 +3.3975e+00 +2.6371e+00 -7.9617e-01 +3.8243e+00
9396 +2.833933140e-01 +2.833933140e-01 -3.503366067e+02 -3.503366067e+02 -4.0151e+00 -3.4705e+00 -4.1630e-01 -1.9028e+00 +1.1404e+00 +2.7810e+00 +3.5284e+00 +2.5157e+00 -9.2046e-01 +3.8379e+00
11043 +2.499609324e-01 +2.499609324e-01 -3.503700391e+02 -3.503700391e+02 -4.0023e+00 -3.7882e+00 -3.6631e-01 -1.8939e+00 +1.0923e+00 +2.7566e+00 +3.4107e+00 +2.6035e+00 -8.4986e-01 +3.8113e+00
13355 +1.294627677e-01 +1.294627677e-01 -3.504905372e+02 -3.504905372e+02 -3.9068e+00 -3.7696e+00 -3.2314e-01 -1.8960e+00 +1.2609e+00 +2.8720e+00 +3.4406e+00 +2.6310e+00 -8.1312e-01 +3.7432e+00
15442 +7.026862173e-02 +7.026862173e-02 -3.505497314e+02 -3.505497314e+02 -3.9192e+00 -3.7327e+00 -3.7224e-01 -1.8177e+00 +1.3008e+00 +2.9106e+00 +3.4022e+00 +2.6482e+00 -8.0357e-01 +3.6967e+00
16475 +5.273775463e-02 +5.273775463e-02 -3.505672622e+02 -3.505672622e+02 -3.9155e+00 -3.7419e+00 -3.4913e-01 -1.8283e+00 +1.3032e+00 +2.9191e+00 +3.4082e+00 +2.6464e+00 -7.7426e-01 +3.6700e+00
17688 +3.868594607e-02 +3.868594607e-02 -3.505813141e+02 -3.505813141e+02 -3.9127e+00 -3.7307e+00 -3.4016e-01 -1.8175e+00 +1.3038e+00 +2.9112e+00 +3.4071e+00 +2.6463e+00 -7.7492e-01 +3.6680e+00
23680 +2.073808555e-02 +2.073808555e-02 -3.505992619e+02 -3.505992619e+02 -3.9130e+00 -3.7354e+00 -3.5631e-01 -1.8095e+00 +1.3068e+00 +2.9243e+00 +3.4162e+00 +2.6430e+00 -7.5240e-01 +3.6948e+00
23880 +1.552141307e-02 +1.552141307e-02 -3.506044786e+02 -3.506044786e+02 -3.9129e+00 -3.7348e+00 -3.5643e-01 -1.8010e+00 +1.3051e+00 +2.9196e+00 +3.4307e+00 +2.6433e+00 -7.6379e-01 +3.6960e+00
26772 +9.362671831e-03 +9.362671831e-03 -3.506106373e+02 -3.506106373e+02 -3.9118e+00 -3.7394e+00 -3.5778e-01 -1.8095e+00 +1.3056e+00 +2.9344e+00 +3.4269e+00 +2.6463e+00 -7.6955e-01 +3.6929e+00
31059 +4.448488845e-03 +4.448488845e-03 -3.506155515e+02 -3.506155515e+02 -3.9110e+00 -3.7381e+00 -3.6067e-01 -1.8067e+00 +1.3064e+00 +2.9222e+00 +3.4281e+00 +2.6468e+00 -7.6772e-01 +3.6914e+00
31541 +3.605799091e-03 +3.605799091e-03 -3.506163942e+02 -3.506163942e+02 -3.9109e+00 -3.7378e+00 -3.6066e-01 -1.8037e+00 +1.3062e+00 +2.9244e+00 +3.4279e+00 +2.6473e+00 -7.6635e-01 +3.6915e+00
35892 +2.436243616e-03 +2.436243616e-03 -3.506175638e+02 -3.506175638e+02 -3.9128e+00 -3.7368e+00 -3.6023e-01 -1.8040e+00 +1.3062e+00 +2.9221e+00 +3.4276e+00 +2.6476e+00 -7.6647e-01 +3.6914e+00
41042 +1.463368694e-03 +1.463368694e-03 -3.506185366e+02 -3.506185366e+02 -3.9129e+00 -3.7368e+00 -3.5970e-01 -1.8042e+00 +1.3062e+00 +2.9235e+00 +3.4282e+00 +2.6476e+00 -7.6684e-01 +3.6914e+00
47762 +9.899231206e-04 +9.899231206e-04 -3.506190101e+02 -3.506190101e+02 -3.9133e+00 -3.7369e+00 -3.5993e-01 -1.8042e+00 +1.3063e+00 +2.9239e+00 +3.4282e+00 +2.6477e+00 -7.6672e-01 +3.6913e+00
65896 +6.308643796e-04 +6.308643796e-04 -3.506193691e+02 -3.506193691e+02 -3.9133e+00 -3.7369e+00 -3.6000e-01 -1.8043e+00 +1.3063e+00 +2.9240e+00 +3.4280e+00 +2.6479e+00 -7.6667e-01 +3.6913e+00
