% function evaluation | noise-free fitness - Fopt (7.948000000000e+01) | best noise-free fitness - Fopt | measured fitness | best measured fitness | x1 | x2...
1 +7.303060241e+01 +7.303060241e+01 +1.525106024e+02 +1.525106024e+02 +2.7338e+00 +1.5491e+00 -3.3308e+00 -4.7871e+00 +9.1657e-02
3 +5.497144903e+01 +5.497144903e+01 +1.344514490e+02 +1.344514490e+02 -2.8320e+00 -2.4187e+00 -2.0645e+00 -2.7847e+00 +1.7770e+00
4 +1.283052554e+01 +1.283052554e+01 +9.231052554e+01 +9.231052554e+01 -1.2621e+00 +1.2629e+00 -1.6243e-01 +2.4503e-03 -1.8662e+00
57 +5.659223678e+00 +5.659223678e+00 +8.513922368e+01 +8.513922368e+01 +1.3023e+00 -7.3766e-02 +8.8820e-02 +1.5802e+00 -1.0670e+00
185 +2.886242169e+00 +2.886242169e+00 +8.236624217e+01 +8.236624217e+01 +7.0811e-01 -1.5772e-01 -1.9443e-01 +3.0637e+00 -2.3537e+00
331 +1.392845382e+00 +1.392845382e+00 +8.087284538e+01 +8.087284538e+01 -4.0309e-01 -6.6674e-01 -6.4237e-01 +1.3675e+00 -3.3160e+00
530 +8.977502407e-01 +8.977502407e-01 +8.037775024e+01 +8.037775024e+01 -2.3156e-01 -9.3910e-01 -1.6325e-01 +1.4336e+00 -2.4389e+00
668 +4.886107571e-01 +4.886107571e-01 +7.996861076e+01 +7.996861076e+01 +1.0243e-01 -9.6120e-01 -2.8998e-01 +1.7183e+00 -2.2380e+00
709 +3.936686486e-01 +3.936686486e-01 +7.987366865e+01 +7.987366865e+01 -8.3835e-02 -9.0177e-01 -2.9853e-01 +1.8444e+00 -2.5148e+00
725 +1.516646556e-01 +1.516646556e-01 +7.963166466e+01 +7.963166466e+01 +2.5724e-01 -1.1146e+00 -7.1566e-01 +1.8452e+00 -3.0592e+00
1011 +4.895347393e-02 +4.895347393e-02 +7.952895347e+01 +7.952895347e+01 +2.7073e-01 -1.1402e+00 -5.7064e-01 +1.8782e+00 -2.5308e+00
1161 +3.382912312e-02 +3.382912312e-02 +7.951382912e+01 +7.951382912e+01 +2.4514e-01 -1.2304e+00 -6.6178e-01 +1.9305e+00 -2.5244e+00
1311 +1.332973459e-02 +1.332973459e-02 +7.949332973e+01 +7.949332973e+01 +1.9757e-01 -1.1661e+00 -7.6240e-01 +1.8469e+00 -2.6318e+00
1451 +8.341915327e-03 +8.341915327e-03 +7.948834192e+01 +7.948834192e+01 +2.6358e-01 -1.1479e+00 -7.8334e-01 +1.8769e+00 -2.6342e+00
1711 +6.015072164e-03 +6.015072164e-03 +7.948601507e+01 +7.948601507e+01 +3.1073e-01 -1.1560e+00 -6.8056e-01 +1.9047e+00 -2.6634e+00
1901 +2.460748604e-03 +2.460748604e-03 +7.948246075e+01 +7.948246075e+01 +2.2918e-01 -1.1797e+00 -6.9544e-01 +1.9036e+00 -2.6743e+00
2117 +1.324322485e-03 +1.324322485e-03 +7.948132432e+01 +7.948132432e+01 +2.3449e-01 -1.1557e+00 -7.2622e-01 +1.9007e+00 -2.6628e+00
2792 +8.867300074e-04 +8.867300074e-04 +7.948088673e+01 +7.948088673e+01 +2.3483e-01 -1.1611e+00 -7.1449e-01 +1.9092e+00 -2.6933e+00
2936 +2.171200879e-04 +2.171200879e-04 +7.948021712e+01 +7.948021712e+01 +2.5952e-01 -1.1656e+00 -7.2159e-01 +1.9178e+00 -2.6771e+00
3054 +1.432216076e-04 +1.432216076e-04 +7.948014322e+01 +7.948014322e+01 +2.4567e-01 -1.1576e+00 -7.3253e-01 +1.9305e+00 -2.6794e+00
3367 +8.917230338e-05 +8.917230338e-05 +7.948008917e+01 +7.948008917e+01 +2.4559e-01 -1.1528e+00 -7.2160e-01 +1.9281e+00 -2.6844e+00
3573 +5.438967403e-05 +5.438967403e-05 +7.948005439e+01 +7.948005439e+01 +2.5392e-01 -1.1501e+00 -7.2438e-01 +1.9290e+00 -2.6819e+00
3827 +3.215623268e-05 +3.215623268e-05 +7.948003216e+01 +7.948003216e+01 +2.5315e-01 -1.1560e+00 -7.1991e-01 +1.9286e+00 -2.6839e+00
3899 +1.286103617e-05 +1.286103617e-05 +7.948001286e+01 +7.948001286e+01 +2.5357e-01 -1.1568e+00 -7.2734e-01 +1.9263e+00 -2.6797e+00
4152 +8.987669474e-06 +8.987669474e-06 +7.948000899e+01 +7.948000899e+01 +2.5383e-01 -1.1554e+00 -7.2606e-01 +1.9252e+00 -2.6813e+00
4507 +4.023487875e-06 +4.023487875e-06 +7.948000402e+01 +7.948000402e+01 +2.5351e-01 -1.1571e+00 -7.2576e-01 +1.9267e+00 -2.6813e+00
4642 +3.283876481e-06 +3.283876481e-06 +7.948000328e+01 +7.948000328e+01 +2.5280e-01 -1.1573e+00 -7.2555e-01 +1.9266e+00 -2.6816e+00
4792 +2.012650583e-06 +2.012650583e-06 +7.948000201e+01 +7.948000201e+01 +2.5276e-01 -1.1571e+00 -7.2417e-01 +1.9254e+00 -2.6817e+00
5263 +1.320411727e-06 +1.320411727e-06 +7.948000132e+01 +7.948000132e+01 +2.5335e-01 -1.1575e+00 -7.2422e-01 +1.9257e+00 -2.6807e+00
5392 +7.097214336e-07 +7.097214336e-07 +7.948000071e+01 +7.948000071e+01 +2.5299e-01 -1.1566e+00 -7.2455e-01 +1.9262e+00 -2.6803e+00
5447 +5.953952922e-07 +5.953952922e-07 +7.948000060e+01 +7.948000060e+01 +2.5252e-01 -1.1570e+00 -7.2366e-01 +1.9258e+00 -2.6809e+00
5592 +1.927376303e-07 +1.927376303e-07 +7.948000019e+01 +7.948000019e+01 +2.5269e-01 -1.1570e+00 -7.2408e-01 +1.9262e+00 -2.6805e+00
5812 +1.505647163e-07 +1.505647163e-07 +7.948000015e+01 +7.948000015e+01 +2.5260e-01 -1.1569e+00 -7.2407e-01 +1.9261e+00 -2.6809e+00
5907 +6.505258909e-08 +6.505258909e-08 +7.948000007e+01 +7.948000007e+01 +2.5258e-01 -1.1568e+00 -7.2396e-01 +1.9263e+00 -2.6809e+00
5967 +3.226969625e-08 +3.226969625e-08 +7.948000003e+01 +7.948000003e+01 +2.5273e-01 -1.1567e+00 -7.2388e-01 +1.9264e+00 -2.6808e+00
6557 +2.363944418e-08 +2.363944418e-08 +7.948000002e+01 +7.948000002e+01 +2.5286e-01 -1.1569e+00 -7.2400e-01 +1.9264e+00 -2.6808e+00
6707 +1.546573003e-08 +1.546573003e-08 +7.948000002e+01 +7.948000002e+01 +2.5281e-01 -1.1569e+00 -7.2408e-01 +1.9265e+00 -2.6808e+00
6742 +6.204601277e-09 +6.204601277e-09 +7.948000001e+01 +7.948000001e+01 +2.5278e-01 -1.1569e+00 -7.2402e-01 +1.9264e+00 -2.6808e+00
% function evaluation | noise-free fitness - Fopt (3.944800000000e+02) | best noise-free fitness - Fopt | measured fitness | best measured fitness | x1 | x2...
1 +6.848940983e+01 +6.848940983e+01 +4.629694098e+02 +4.629694098e+02 -4.3144e+00 +1.4531e+00 +1.1598e+00 -1.0191e+00 +1.0103e-01
3 +5.707768284e+01 +5.707768284e+01 +4.515576828e+02 +4.515576828e+02 +1.8007e+00 +1.8398e-01 -3.3644e+00 +1.2314e+00 -1.9343e+00
6 +2.875804817e+01 +2.875804817e+01 +4.232380482e+02 +4.232380482e+02 -4.9059e+00 +2.2125e+00 -3.3828e+00 +2.7747e+00 +3.6047e-01
20 +1.340044325e+01 +1.340044325e+01 +4.078804432e+02 +4.078804432e+02 -2.5014e+00 -2.9810e+00 -1.9684e+00 +4.5192e+00 -1.9158e+00
109 +9.553143897e+00 +9.553143897e+00 +4.040331439e+02 +4.040331439e+02 -5.0000e+00 -3.2803e+00 -3.3371e+00 +3.4420e+00 -1.9258e+00
111 +3.551153360e+00 +3.551153360e+00 +3.980311534e+02 +3.980311534e+02 -3.6473e+00 -3.7644e+00 -5.0000e+00 +4.4676e+00 +1.8461e+00
156 +1.270684519e+00 +1.270684519e+00 +3.957506845e+02 +3.957506845e+02 -3.2830e+00 -3.7079e+00 -3.9910e+00 +4.2835e+00 +6.4639e-01
256 +3.563562772e-01 +3.563562772e-01 +3.948363563e+02 +3.948363563e+02 -4.1990e+00 -2.6389e+00 -4.0790e+00 +4.0286e+00 +5.2591e-01
353 +2.262868056e-01 +2.262868056e-01 +3.947062868e+02 +3.947062868e+02 -4.1667e+00 -3.1168e+00 -3.6355e+00 +4.1164e+00 +1.0346e+00
700 +9.732102060e-02 +9.732102060e-02 +3.945773210e+02 +3.945773210e+02 -3.9027e+00 -2.7700e+00 -3.5218e+00 +3.8556e+00 +8.9897e-01
1005 +4.611591351e-02 +4.611591351e-02 +3.945261159e+02 +3.945261159e+02 -3.7910e+00 -3.0420e+00 -3.7905e+00 +3.8630e+00 +7.6101e-01
1226 +3.181788615e-02 +3.181788615e-02 +3.945118179e+02 +3.945118179e+02 -3.7691e+00 -2.9042e+00 -3.9107e+00 +3.9575e+00 +8.3726e-01
1414 +1.965870573e-02 +1.965870573e-02 +3.944996587e+02 +3.944996587e+02 -3.8786e+00 -2.9884e+00 -3.7603e+00 +3.8281e+00 +9.0253e-01
1556 +1.202012255e-02 +1.202012255e-02 +3.944920201e+02 +3.944920201e+02 -3.8539e+00 -2.9423e+00 -3.8549e+00 +3.8997e+00 +9.2668e-01
1579 +9.443385902e-03 +9.443385902e-03 +3.944894434e+02 +3.944894434e+02 -3.8998e+00 -2.9510e+00 -3.8203e+00 +3.9572e+00 +9.1199e-01
1829 +2.471530505e-03 +2.471530505e-03 +3.944824715e+02 +3.944824715e+02 -3.8914e+00 -2.8998e+00 -3.7825e+00 +3.9436e+00 +8.8140e-01
2148 +1.345751968e-03 +1.345751968e-03 +3.944813458e+02 +3.944813458e+02 -3.9067e+00 -2.8856e+00 -3.8020e+00 +3.9376e+00 +8.7429e-01
2164 +8.653748058e-04 +8.653748058e-04 +3.944808654e+02 +3.944808654e+02 -3.9053e+00 -2.9111e+00 -3.7909e+00 +3.9098e+00 +8.7462e-01
2562 +5.637582839e-04 +5.637582839e-04 +3.944805638e+02 +3.944805638e+02 -3.9008e+00 -2.8952e+00 -3.8124e+00 +3.9141e+00 +8.7822e-01
2732 +2.630892416e-04 +2.630892416e-04 +3.944802631e+02 +3.944802631e+02 -3.9011e+00 -2.8952e+00 -3.8035e+00 +3.9202e+00 +8.5490e-01
2861 +2.290175194e-04 +2.290175194e-04 +3.944802290e+02 +3.944802290e+02 -3.9024e+00 -2.8956e+00 -3.8010e+00 +3.9192e+00 +8.5888e-01
2962 +4.853556391e-05 +4.853556391e-05 +3.944800485e+02 +3.944800485e+02 -3.8934e+00 -2.8917e+00 -3.8029e+00 +3.9014e+00 +8.6109e-01
3491 +3.830748193e-05 +3.830748193e-05 +3.944800383e+02 +3.944800383e+02 -3.8989e+00 -2.8893e+00 -3.7999e+00 +3.9100e+00 +8.6256e-01
3511 +2.176852070e-05 +2.176852070e-05 +3.944800218e+02 +3.944800218e+02 -3.8961e+00 -2.8923e+00 -3.8020e+00 +3.9020e+00 +8.5864e-01
3919 +1.267683166e-05 +1.267683166e-05 +3.944800127e+02 +3.944800127e+02 -3.8992e+00 -2.8913e+00 -3.8053e+00 +3.9046e+00 +8.6049e-01
3970 +4.939575945e-06 +4.939575945e-06 +3.944800049e+02 +3.944800049e+02 -3.8978e+00 -2.8913e+00 -3.8042e+00 +3.9054e+00 +8.5847e-01
4123 +2.382215030e-06 +2.382215030e-06 +3.944800024e+02 +3.944800024e+02 -3.8983e+00 -2.8902e+00 -3.8009e+00 +3.9052e+00 +8.5914e-01
4182 +2.256365974e-07 +2.256365974e-07 +3.944800002e+02 +3.944800002e+02 -3.8981e+00 -2.8906e+00 -3.8026e+00 +3.9056e+00 +8.5893e-01
4523 +4.199790737e-08 +4.199790737e-08 +3.944800000e+02 +3.944800000e+02 -3.8985e+00 -2.8904e+00 -3.8024e+00 +3.9057e+00 +8.5912e-01
5088 +2.155235279e-08 +2.155235279e-08 +3.944800000e+02 +3.944800000e+02 -3.8984e+00 -2.8905e+00 -3.8025e+00 +3.9056e+00 +8.5916e-01
5882 +1.224469770e-08 +1.224469770e-08 +3.944800000e+02 +3.944800000e+02 -3.8984e+00 -2.8905e+00 -3.8024e+00 +3.9057e+00 +8.5922e-01
6032 +9.698055692e-09 +9.698055692e-09 +3.944800000e+02 +3.944800000e+02 -3.8984e+00 -2.8904e+00 -3.8023e+00 +3.9057e+00 +8.5923e-01
% function evaluation | noise-free fitness - Fopt (-2.471100000000e+02) | best noise-free fitness - Fopt | measured fitness | best measured fitness | x1 | x2...
1 +5.558344965e+01 +5.558344965e+01 -1.915265504e+02 -1.915265504e+02 -2.9480e+00 +3.7682e+00 -4.7038e+00 -2.2972e+00 +1.8106e+00
11 +2.079238205e+01 +2.079238205e+01 -2.263176180e+02 -2.263176180e+02 -3.3963e+00 -3.9735e+00 -1.5066e+00 -4.1169e+00 -4.6289e+00
42 +9.730456349e+00 +9.730456349e+00 -2.373795437e+02 -2.373795437e+02 -3.6958e+00 -1.8537e+00 -1.8303e+00 -1.7457e+00 -3.7370e+00
51 +3.238381812e+00 +3.238381812e+00 -2.438716182e+02 -2.438716182e+02 -5.0000e+00 +7.2031e-01 +2.9615e-01 -2.9535e+00 -3.1894e+00
159 +1.750387577e+00 +1.750387577e+00 -2.453596124e+02 -2.453596124e+02 -5.0000e+00 +3.4944e-01 -2.3231e-01 -3.7689e+00 -3.3610e+00
257 +1.192691869e+00 +1.192691869e+00 -2.459173081e+02 -2.459173081e+02 -2.9634e+00 -3.0978e-01 -4.8396e-01 -3.7687e+00 -3.5275e+00
310 +7.217468988e-01 +7.217468988e-01 -2.463882531e+02 -2.463882531e+02 -3.0997e+00 +1.6494e-01 -5.5397e-01 -3.2360e+00 -3.0213e+00
549 +5.923909359e-01 +5.923909359e-01 -2.465176091e+02 -2.465176091e+02 -3.1782e+00 +1.9370e-01 -8.0606e-01 -3.6112e+00 -2.6655e+00
648 +3.117298823e-01 +3.117298823e-01 -2.467982701e+02 -2.467982701e+02 -4.2751e+00 +3.4277e-01 -5.0981e-01 -3.7274e+00 -2.9237e+00
748 +9.438996725e-02 +9.438996725e-02 -2.470156100e+02 -2.470156100e+02 -3.8648e+00 +2.3430e-01 -9.1815e-01 -3.7482e+00 -2.9141e+00
1048 +3.406435330e-02 +3.406435330e-02 -2.470759356e+02 -2.470759356e+02 -3.8699e+00 +2.2869e-01 -5.3532e-01 -3.7501e+00 -3.1223e+00
1479 +2.097378756e-02 +2.097378756e-02 -2.470890262e+02 -2.470890262e+02 -3.7233e+00 +2.2884e-01 -5.9019e-01 -3.6829e+00 -3.1656e+00
1535 +9.739425950e-03 +9.739425950e-03 -2.471002606e+02 -2.471002606e+02 -3.7711e+00 +1.7160e-01 -6.1442e-01 -3.7358e+00 -3.0888e+00
1879 +5.346838614e-03 +5.346838614e-03 -2.471046532e+02 -2.471046532e+02 -3.8285e+00 +2.4984e-01 -7.3236e-01 -3.7057e+00 -3.1182e+00
2012 +3.941413073e-03 +3.941413073e-03 -2.471060586e+02 -2.471060586e+02 -3.7931e+00 +2.2206e-01 -7.1085e-01 -3.7253e+00 -3.1440e+00
2293 +2.012582029e-03 +2.012582029e-03 -2.471079874e+02 -2.471079874e+02 -3.8114e+00 +2.1938e-01 -7.2951e-01 -3.6968e+00 -3.1083e+00
2453 +7.250182383e-04 +7.250182383e-04 -2.471092750e+02 -2.471092750e+02 -3.7937e+00 +2.2287e-01 -6.8702e-01 -3.6915e+00 -3.1165e+00
2712 +5.571462430e-04 +5.571462430e-04 -2.471094429e+02 -2.471094429e+02 -3.8049e+00 +2.2217e-01 -6.9105e-01 -3.6969e+00 -3.1103e+00
2969 +3.430538685e-04 +3.430538685e-04 -2.471096569e+02 -2.471096569e+02 -3.7980e+00 +2.1383e-01 -7.0289e-01 -3.6851e+00 -3.1067e+00
3195 +2.258637584e-04 +2.258637584e-04 -2.471097741e+02 -2.471097741e+02 -3.7964e+00 +1.9406e-01 -6.8546e-01 -3.6963e+00 -3.1081e+00
3363 +1.525664974e-04 +1.525664974e-04 -2.471098474e+02 -2.471098474e+02 -3.7960e+00 +1.9245e-01 -6.9629e-01 -3.6908e+00 -3.1014e+00
3519 +8.346829134e-05 +8.346829134e-05 -2.471099165e+02 -2.471099165e+02 -3.7972e+00 +2.0184e-01 -6.8288e-01 -3.6901e+00 -3.1023e+00
3629 +3.232029769e-05 +3.232029769e-05 -2.471099677e+02 -2.471099677e+02 -3.7957e+00 +2.0264e-01 -6.9292e-01 -3.6921e+00 -3.1038e+00
4003 +1.240622399e-05 +1.240622399e-05 -2.471099876e+02 -2.471099876e+02 -3.7982e+00 +2.0289e-01 -6.9179e-01 -3.6920e+00 -3.0959e+00
4063 +5.775294198e-06 +5.775294198e-06 -2.471099942e+02 -2.471099942e+02 -3.7973e+00 +2.0278e-01 -6.9250e-01 -3.6928e+00 -3.0992e+00
4125 +3.497970368e-06 +3.497970368e-06 -2.471099965e+02 -2.471099965e+02 -3.7983e+00 +2.0282e-01 -6.9234e-01 -3.6902e+00 -3.0982e+00
4728 +5.327974577e-07 +5.327974577e-07 -2.471099995e+02 -2.471099995e+02 -3.7983e+00 +2.0279e-01 -6.9113e-01 -3.6917e+00 -3.0989e+00
5260 +1.606009334e-07 +1.606009334e-07 -2.471099998e+02 -2.471099998e+02 -3.7984e+00 +2.0286e-01 -6.9139e-01 -3.6911e+00 -3.0992e+00
5553 +1.295916832e-07 +1.295916832e-07 -2.471099999e+02 -2.471099999e+02 -3.7981e+00 +2.0299e-01 -6.9124e-01 -3.6911e+00 -3.0992e+00
6103 +9.038541293e-08 +9.038541293e-08 -2.471099999e+02 -2.471099999e+02 -3.7983e+00 +2.0300e-01 -6.9104e-01 -3.6911e+00 -3.0992e+00
6153 +3.074109145e-08 +3.074109145e-08 -2.471100000e+02 -2.471100000e+02 -3.7983e+00 +2.0308e-01 -6.9125e-01 -3.6911e+00 -3.0992e+00
6253 +2.274782673e-08 +2.274782673e-08 -2.471100000e+02 -2.471100000e+02 -3.7984e+00 +2.0312e-01 -6.9129e-01 -3.6911e+00 -3.0992e+00
6503 +1.489348733e-08 +1.489348733e-08 -2.471100000e+02 -2.471100000e+02 -3.7984e+00 +2.0312e-01 -6.9122e-01 -3.6911e+00 -3.0992e+00
6872 +7.073424513e-09 +7.073424513e-09 -2.471100000e+02 -2.471100000e+02 -3.7983e+00 +2.0318e-01 -6.9116e-01 -3.6912e+00 -3.0992e+00
% function evaluation | noise-free fitness - Fopt (-1.520400000000e+02) | best noise-free fitness - Fopt | measured fitness | best measured fitness | x1 | x2...
1 +7.354760858e+01 +7.354760858e+01 -7.849239142e+01 -7.849239142e+01 +4.5693e+00 -2.1351e+00 -2.8579e+00 +3.4963e+00 -3.6066e+00
5 +2.422671175e+01 +2.422671175e+01 -1.278132883e+02 -1.278132883e+02 +1.0297e+00 +2.5950e+00 +5.7545e-01 +3.3330e+00 +1.4601e+00
27 +8.934080958e+00 +8.934080958e+00 -1.431059190e+02 -1.431059190e+02 -1.1855e+00 -1.1816e+00 -3.6601e+00 +4.2816e+00 +1.9076e+00
156 +5.903464237e+00 +5.903464237e+00 -1.461365358e+02 -1.461365358e+02 -1.0336e+00 +2.9492e+00 -2.4833e+00 +4.2319e+00 +2.2254e+00
178 +2.943052276e+00 +2.943052276e+00 -1.490969477e+02 -1.490969477e+02 +3.3414e-01 +1.8559e+00 -3.7669e+00 +1.8155e+00 +2.8384e+00
191 +2.242903663e+00 +2.242903663e+00 -1.497970963e+02 -1.497970963e+02 -6.3777e-01 +1.5798e+00 -4.2748e+00 +2.7530e+00 +3.7088e+00
293 +1.354303036e+00 +1.354303036e+00 -1.506856970e+02 -1.506856970e+02 -1.4101e+00 +1.2211e+00 -3.8489e+00 +3.2865e+00 +2.3878e+00
323 +5.137228924e-01 +5.137228924e-01 -1.515262771e+02 -1.515262771e+02 +2.7087e-01 +1.1839e+00 -3.8114e+00 +3.6867e+00 +2.3781e+00
643 +3.576219429e-01 +3.576219429e-01 -1.516823781e+02 -1.516823781e+02 -7.5551e-01 +1.3282e+00 -4.1016e+00 +3.0422e+00 +2.5372e+00
690 +1.609704510e-01 +1.609704510e-01 -1.518790295e+02 -1.518790295e+02 -1.8114e-01 +1.2549e+00 -4.0948e+00 +3.3114e+00 +2.7288e+00
1054 +8.402263898e-02 +8.402263898e-02 -1.519559774e+02 -1.519559774e+02 -1.8666e-02 +1.4262e+00 -3.9977e+00 +3.3970e+00 +2.3361e+00
1199 +2.174578939e-02 +2.174578939e-02 -1.520182542e+02 -1.520182542e+02 -2.4693e-01 +1.5166e+00 -3.8882e+00 +3.3944e+00 +2.4628e+00
1484 +1.333921607e-02 +1.333921607e-02 -1.520266608e+02 -1.520266608e+02 -2.9449e-01 +1.4527e+00 -4.0015e+00 +3.2990e+00 +2.3425e+00
1512 +3.357543422e-03 +3.357543422e-03 -1.520366425e+02 -1.520366425e+02 -2.3366e-01 +1.4108e+00 -3.9523e+00 +3.3180e+00 +2.4483e+00
2084 +2.050415117e-03 +2.050415117e-03 -1.520379496e+02 -1.520379496e+02 -2.5794e-01 +1.4293e+00 -3.9670e+00 +3.2860e+00 +2.4128e+00
2252 +8.981570107e-04 +8.981570107e-04 -1.520391018e+02 -1.520391018e+02 -2.8370e-01 +1.4320e+00 -3.9230e+00 +3.2735e+00 +2.4235e+00
2485 +5.657229326e-04 +5.657229326e-04 -1.520394343e+02 -1.520394343e+02 -2.5044e-01 +1.4349e+00 -3.9327e+00 +3.2969e+00 +2.4091e+00
2634 +3.825613394e-04 +3.825613394e-04 -1.520396174e+02 -1.520396174e+02 -2.5559e-01 +1.4219e+00 -3.9394e+00 +3.2990e+00 +2.4141e+00
2845 +1.063716151e-04 +1.063716151e-04 -1.520398936e+02 -1.520398936e+02 -2.7237e-01 +1.4309e+00 -3.9239e+00 +3.2925e+00 +2.4228e+00
2885 +7.417940148e-05 +7.417940148e-05 -1.520399258e+02 -1.520399258e+02 -2.7450e-01 +1.4274e+00 -3.9267e+00 +3.2989e+00 +2.4182e+00
3153 +5.648416968e-05 +5.648416968e-05 -1.520399435e+02 -1.520399435e+02 -2.6847e-01 +1.4304e+00 -3.9273e+00 +3.2995e+00 +2.4197e+00
3702 +2.358517420e-05 +2.358517420e-05 -1.520399764e+02 -1.520399764e+02 -2.6912e-01 +1.4266e+00 -3.9213e+00 +3.2977e+00 +2.4199e+00
3812 +1.153449708e-05 +1.153449708e-05 -1.520399885e+02 -1.520399885e+02 -2.6980e-01 +1.4232e+00 -3.9265e+00 +3.2966e+00 +2.4181e+00
3854 +6.310468649e-06 +6.310468649e-06 -1.520399937e+02 -1.520399937e+02 -2.6927e-01 +1.4235e+00 -3.9258e+00 +3.2970e+00 +2.4184e+00
4405 +1.686128257e-06 +1.686128257e-06 -1.520399983e+02 -1.520399983e+02 -2.6696e-01 +1.4238e+00 -3.9240e+00 +3.2965e+00 +2.4201e+00
4549 +1.325834489e-06 +1.325834489e-06 -1.520399987e+02 -1.520399987e+02 -2.6736e-01 +1.4238e+00 -3.9244e+00 +3.2959e+00 +2.4198e+00
4561 +6.519818783e-07 +6.519818783e-07 -1.520399993e+02 -1.520399993e+02 -2.6787e-01 +1.4244e+00 -3.9246e+00 +3.2968e+00 +2.4192e+00
4811 +4.459075740e-07 +4.459075740e-07 -1.520399996e+02 -1.520399996e+02 -2.6758e-01 +1.4240e+00 -3.9243e+00 +3.2966e+00 +2.4194e+00
5208 +3.702897402e-07 +3.702897402e-07 -1.520399996e+02 -1.520399996e+02 -2.6720e-01 +1.4241e+00 -3.9243e+00 +3.2969e+00 +2.4195e+00
5584 +1.539500545e-07 +1.539500545e-07 -1.520399998e+02 -1.520399998e+02 -2.6700e-01 +1.4240e+00 -3.9249e+00 +3.2966e+00 +2.4194e+00
5929 +9.806041135e-08 +9.806041135e-08 -1.520399999e+02 -1.520399999e+02 -2.6701e-01 +1.4240e+00 -3.9250e+00 +3.2967e+00 +2.4193e+00
6272 +5.989679153e-08 +5.989679153e-08 -1.520399999e+02 -1.520399999e+02 -2.6714e-01 +1.4240e+00 -3.9246e+00 +3.2967e+00 +2.4193e+00
6404 +3.957424610e-08 +3.957424610e-08 -1.520400000e+02 -1.520400000e+02 -2.6718e-01 +1.4240e+00 -3.9248e+00 +3.2969e+00 +2.4191e+00
6678 +2.236180308e-08 +2.236180308e-08 -1.520400000e+02 -1.520400000e+02 -2.6714e-01 +1.4240e+00 -3.9249e+00 +3.2969e+00 +2.4192e+00
6928 +6.462187230e-09 +6.462187230e-09 -1.520400000e+02 -1.520400000e+02 -2.6713e-01 +1.4240e+00 -3.9248e+00 +3.2968e+00 +2.4192e+00
6949 +3.762949063e-09 +3.762949063e-09 -1.520400000e+02 -1.520400000e+02 -2.6719e-01 +1.4240e+00 -3.9247e+00 +3.2968e+00 +2.4192e+00
% function evaluation | noise-free fitness - Fopt (-2.525000000000e+01) | best noise-free fitness - Fopt | measured fitness | best measured fitness | x1 | x2...
1 +9.364353749e+01 +9.364353749e+01 +6.839353749e+01 +6.839353749e+01 +2.9955e+00 -2.0628e+00 +3.4312e+00 -2.6486e+00 -4.5890e+00
2 +3.909622499e+01 +3.909622499e+01 +1.384622499e+01 +1.384622499e+01 +1.1991e+00 +1.6106e+00 +1.7171e+00 -3.3874e+00 -1.2788e+00
15 +1.656860848e+01 +1.656860848e+01 -8.681391515e+00 -8.681391515e+00 +3.5246e+00 -3.0800e+00 -2.7980e+00 -1.6529e+00 +4.0802e+00
34 +1.479290736e+01 +1.479290736e+01 -1.045709264e+01 -1.045709264e+01 +4.0409e+00 -9.0972e-01 +2.0271e-01 -4.1456e+00 +9.2728e-01
38 +2.910213720e+00 +2.910213720e+00 -2.233978628e+01 -2.233978628e+01 +3.5917e+00 +1.6658e+00 -2.3955e+00 -2.3680e+00 +2.3734e+00
160 +1.878235584e+00 +1.878235584e+00 -2.337176442e+01 -2.337176442e+01 +4.8121e+00 +8.1248e-01 -8.3520e-01 -2.3866e+00 +3.1790e+00
352 +1.368445512e+00 +1.368445512e+00 -2.388155449e+01 -2.388155449e+01 +4.0351e+00 +4.6216e-02 -2.2295e+00 -2.5478e+00 +3.1075e+00
491 +4.936563291e-01 +4.936563291e-01 -2.475634367e+01 -2.475634367e+01 +3.6142e+00 +2.5256e-01 -1.0574e+00 -1.8931e+00 +3.6804e+00
691 +1.948308624e-01 +1.948308624e-01 -2.505516914e+01 -2.505516914e+01 +3.6038e+00 +6.0051e-01 -1.0104e+00 -2.0868e+00 +3.1553e+00
791 +3.648569864e-02 +3.648569864e-02 -2.521351430e+01 -2.521351430e+01 +3.6615e+00 +7.2492e-01 -1.3832e+00 -2.0756e+00 +3.1598e+00
1191 +2.435236794e-02 +2.435236794e-02 -2.522564763e+01 -2.522564763e+01 +3.6570e+00 +5.9903e-01 -1.3831e+00 -2.0780e+00 +3.1778e+00
1408 +1.153037771e-02 +1.153037771e-02 -2.523846962e+01 -2.523846962e+01 +3.5592e+00 +7.0804e-01 -1.4006e+00 -2.1664e+00 +3.3473e+00
1661 +9.236889877e-03 +9.236889877e-03 -2.524076311e+01 -2.524076311e+01 +3.6172e+00 +5.8186e-01 -1.4771e+00 -2.0953e+00 +3.2985e+00
1992 +7.315796435e-04 +7.315796435e-04 -2.524926842e+01 -2.524926842e+01 +3.6317e+00 +6.4226e-01 -1.4308e+00 -2.1701e+00 +3.2958e+00
2252 +1.579980118e-04 +1.579980118e-04 -2.524984200e+01 -2.524984200e+01 +3.6139e+00 +6.3728e-01 -1.4225e+00 -2.1613e+00 +3.3058e+00
3191 +9.546749897e-05 +9.546749897e-05 -2.524990453e+01 -2.524990453e+01 +3.6204e+00 +6.3461e-01 -1.4148e+00 -2.1493e+00 +3.2977e+00
3483 +1.201026436e-05 +1.201026436e-05 -2.524998799e+01 -2.524998799e+01 +3.6151e+00 +6.3351e-01 -1.4229e+00 -2.1505e+00 +3.2980e+00
3724 +7.111209268e-06 +7.111209268e-06 -2.524999289e+01 -2.524999289e+01 +3.6142e+00 +6.3377e-01 -1.4213e+00 -2.1518e+00 +3.2988e+00
3794 +5.082912111e-06 +5.082912111e-06 -2.524999492e+01 -2.524999492e+01 +3.6134e+00 +6.3342e-01 -1.4220e+00 -2.1525e+00 +3.2960e+00
3857 +3.269394618e-06 +3.269394618e-06 -2.524999673e+01 -2.524999673e+01 +3.6130e+00 +6.3531e-01 -1.4227e+00 -2.1525e+00 +3.2967e+00
4444 +2.005693130e-06 +2.005693130e-06 -2.524999799e+01 -2.524999799e+01 +3.6133e+00 +6.3451e-01 -1.4219e+00 -2.1530e+00 +3.2962e+00
4594 +1.414896843e-06 +1.414896843e-06 -2.524999859e+01 -2.524999859e+01 +3.6134e+00 +6.3479e-01 -1.4213e+00 -2.1530e+00 +3.2970e+00
4864 +3.293302697e-07 +3.293302697e-07 -2.524999967e+01 -2.524999967e+01 +3.6140e+00 +6.3494e-01 -1.4218e+00 -2.1530e+00 +3.2970e+00
5044 +2.376483828e-07 +2.376483828e-07 -2.524999976e+01 -2.524999976e+01 +3.6141e+00 +6.3492e-01 -1.4215e+00 -2.1530e+00 +3.2969e+00
5186 +1.349897900e-07 +1.349897900e-07 -2.524999987e+01 -2.524999987e+01 +3.6142e+00 +6.3501e-01 -1.4214e+00 -2.1528e+00 +3.2969e+00
5207 +6.938436670e-08 +6.938436670e-08 -2.524999993e+01 -2.524999993e+01 +3.6144e+00 +6.3507e-01 -1.4214e+00 -2.1529e+00 +3.2969e+00
5274 +6.096504990e-08 +6.096504990e-08 -2.524999994e+01 -2.524999994e+01 +3.6145e+00 +6.3508e-01 -1.4214e+00 -2.1529e+00 +3.2969e+00
5304 +2.251338316e-08 +2.251338316e-08 -2.524999998e+01 -2.524999998e+01 +3.6144e+00 +6.3510e-01 -1.4216e+00 -2.1528e+00 +3.2969e+00
5854 +1.227639856e-08 +1.227639856e-08 -2.524999999e+01 -2.524999999e+01 +3.6145e+00 +6.3512e-01 -1.4216e+00 -2.1528e+00 +3.2968e+00
5904 +8.222929893e-09 +8.222929893e-09 -2.524999999e+01 -2.524999999e+01 +3.6144e+00 +6.3512e-01 -1.4216e+00 -2.1528e+00 +3.2968e+00
% function evaluation | noise-free fitness - Fopt (-2.017200000000e+02) | best noise-free fitness - Fopt | measured fitness | best measured fitness | x1 | x2...
1 +4.332604542e+00 +4.332604542e+00 -1.973873955e+02 -1.973873955e+02 +4.5308e-01 -3.4671e+00 -1.0034e+00 +1.6265e+00 +2.0727e+00
186 +3.397109018e+00 +3.397109018e+00 -1.983228910e+02 -1.983228910e+02 -8.4496e-01 -2.8650e+00 -2.4327e+00 +2.8386e+00 +1.2395e+00
335 +1.566028429e+00 +1.566028429e+00 -2.001539716e+02 -2.001539716e+02 -2.2707e+00 -3.3352e+00 -5.1990e-01 +2.7644e+00 +2.5520e+00
578 +7.498290372e-01 +7.498290372e-01 -2.009701710e+02 -2.009701710e+02 -1.2328e+00 -2.6876e+00 -9.6072e-01 +2.6870e+00 +1.2763e+00
730 +1.373367720e-01 +1.373367720e-01 -2.015826632e+02 -2.015826632e+02 -1.2085e+00 -2.8962e+00 -6.8698e-01 +2.2749e+00 +2.1601e+00
1224 +4.963911356e-02 +4.963911356e-02 -2.016703609e+02 -2.016703609e+02 -1.3883e+00 -3.0157e+00 -1.0030e+00 +2.4583e+00 +2.1440e+00
1624 +1.580608745e-02 +1.580608745e-02 -2.017041939e+02 -2.017041939e+02 -1.4741e+00 -2.8604e+00 -9.6880e-01 +2.2697e+00 +1.9320e+00
1650 +6.865096792e-03 +6.865096792e-03 -2.017131349e+02 -2.017131349e+02 -1.4252e+00 -2.9345e+00 -9.0414e-01 +2.2969e+00 +2.0668e+00
1750 +6.238910744e-03 +6.238910744e-03 -2.017137611e+02 -2.017137611e+02 -1.3777e+00 -2.9487e+00 -9.0155e-01 +2.3198e+00 +2.0324e+00
2091 +3.577467481e-03 +3.577467481e-03 -2.017164225e+02 -2.017164225e+02 -1.4239e+00 -2.9439e+00 -9.3200e-01 +2.2915e+00 +2.0266e+00
2341 +1.549795241e-03 +1.549795241e-03 -2.017184502e+02 -2.017184502e+02 -1.4038e+00 -2.9180e+00 -9.6301e-01 +2.3450e+00 +2.0376e+00
2591 +9.729046651e-04 +9.729046651e-04 -2.017190271e+02 -2.017190271e+02 -1.4115e+00 -2.9110e+00 -9.4356e-01 +2.3546e+00 +2.0315e+00
2691 +3.560480410e-04 +3.560480410e-04 -2.017196440e+02 -2.017196440e+02 -1.4153e+00 -2.9050e+00 -9.5108e-01 +2.3470e+00 +2.0217e+00
3152 +3.643947736e-05 +3.643947736e-05 -2.017199636e+02 -2.017199636e+02 -1.4168e+00 -2.9063e+00 -9.4607e-01 +2.3330e+00 +2.0164e+00
3427 +1.814250942e-05 +1.814250942e-05 -2.017199819e+02 -2.017199819e+02 -1.4236e+00 -2.9034e+00 -9.4456e-01 +2.3326e+00 +2.0141e+00
3527 +1.080552067e-05 +1.080552067e-05 -2.017199892e+02 -2.017199892e+02 -1.4214e+00 -2.9030e+00 -9.4457e-01 +2.3316e+00 +2.0109e+00
4177 +8.980166143e-06 +8.980166143e-06 -2.017199910e+02 -2.017199910e+02 -1.4218e+00 -2.9030e+00 -9.4541e-01 +2.3323e+00 +2.0130e+00
4576 +1.136318048e-06 +1.136318048e-06 -2.017199989e+02 -2.017199989e+02 -1.4204e+00 -2.9052e+00 -9.4628e-01 +2.3322e+00 +2.0123e+00
4854 +9.993947572e-07 +9.993947572e-07 -2.017199990e+02 -2.017199990e+02 -1.4211e+00 -2.9052e+00 -9.4632e-01 +2.3325e+00 +2.0117e+00
5163 +5.417699640e-07 +5.417699640e-07 -2.017199995e+02 -2.017199995e+02 -1.4209e+00 -2.9060e+00 -9.4583e-01 +2.3322e+00 +2.0121e+00
5360 +3.461262565e-07 +3.461262565e-07 -2.017199997e+02 -2.017199997e+02 -1.4208e+00 -2.9055e+00 -9.4572e-01 +2.3323e+00 +2.0123e+00
5492 +2.313611844e-07 +2.313611844e-07 -2.017199998e+02 -2.017199998e+02 -1.4207e+00 -2.9053e+00 -9.4581e-01 +2.3330e+00 +2.0117e+00
5859 +1.154306801e-07 +1.154306801e-07 -2.017199999e+02 -2.017199999e+02 -1.4210e+00 -2.9058e+00 -9.4569e-01 +2.3329e+00 +2.0119e+00
6054 +5.616539056e-08 +5.616539056e-08 -2.017199999e+02 -2.017199999e+02 -1.4208e+00 -2.9056e+00 -9.4564e-01 +2.3330e+00 +2.0119e+00
6192 +2.888205586e-08 +2.888205586e-08 -2.017200000e+02 -2.017200000e+02 -1.4209e+00 -2.9057e+00 -9.4570e-01 +2.3329e+00 +2.0120e+00
6370 +1.147031981e-08 +1.147031981e-08 -2.017200000e+02 -2.017200000e+02 -1.4207e+00 -2.9056e+00 -9.4567e-01 +2.3328e+00 +2.0120e+00
6554 +7.694382020e-09 +7.694382020e-09 -2.017200000e+02 -2.017200000e+02 -1.4208e+00 -2.9056e+00 -9.4562e-01 +2.3327e+00 +2.0120e+00
% function evaluation | noise-free fitness - Fopt (-1.000000000000e+03) | best noise-free fitness - Fopt | measured fitness | best measured fitness | x1 | x2...
1 +2.856567056e+01 +2.856567056e+01 -9.714343294e+02 -9.714343294e+02 -2.6531e+00 +1.6088e+00 -1.1116e+00 +4.1622e+00 +4.9769e+00
7 +2.111459725e+01 +2.111459725e+01 -9.788854027e+02 -9.788854027e+02 -8.1699e-01 -8.3983e-01 -1.9302e+00 +4.0385e+00 +3.6407e+00
25 +1.224824325e+01 +1.224824325e+01 -9.877517567e+02 -9.877517567e+02 -1.8026e+00 -1.1750e+00 -2.3444e+00 +7.4095e-01 +4.9597e+00
59 +6.224771775e+00 +6.224771775e+00 -9.937752282e+02 -9.937752282e+02 +1.1896e-01 +2.3189e-01 -1.9740e-01 -2.4395e+00 +3.9682e+00
117 +2.409819042e+00 +2.409819042e+00 -9.975901810e+02 -9.975901810e+02 +4.0807e-01 +4.9732e-01 +1.0504e+00 +2.5239e-01 +2.7819e+00
184 +8.635149391e-01 +8.635149391e-01 -9.991364851e+02 -9.991364851e+02 -9.8779e-01 +3.3759e-01 +0.0000e+00 -2.5220e-02 +3.6774e+00
501 +3.313784894e-01 +3.313784894e-01 -9.996686215e+02 -9.996686215e+02 +1.5256e-01 +3.2725e-01 -6.0264e-01 -1.6896e-01 +3.6222e+00
507 +2.330484395e-01 +2.330484395e-01 -9.997669516e+02 -9.997669516e+02 +1.8651e-01 +3.8626e-01 -3.4635e-01 +3.0339e-01 +3.5212e+00
730 +1.245642697e-01 +1.245642697e-01 -9.998754357e+02 -9.998754357e+02 +2.4939e-01 +3.3856e-01 -1.2942e-01 +5.4860e-02 +3.6737e+00
1028 +8.497249776e-02 +8.497249776e-02 -9.999150275e+02 -9.999150275e+02 +6.8601e-03 +4.1094e-01 -2.4501e-01 -2.7527e-02 +3.4424e+00
1145 +5.045328265e-02 +5.045328265e-02 -9.999495467e+02 -9.999495467e+02 -2.0215e-01 +1.0384e-01 -1.0618e-01 +1.5090e-01 +3.6503e+00
1328 +1.941812044e-02 +1.941812044e-02 -9.999805819e+02 -9.999805819e+02 -5.3908e-02 +1.9294e-01 -8.3860e-02 +1.0505e-01 +3.5101e+00
1478 +1.574302879e-02 +1.574302879e-02 -9.999842570e+02 -9.999842570e+02 -1.1574e-01 +2.2536e-01 -7.5207e-02 +1.2916e-01 +3.5883e+00
1578 +9.235686877e-03 +9.235686877e-03 -9.999907643e+02 -9.999907643e+02 -7.5961e-02 +1.8637e-01 -3.7297e-02 +1.2560e-02 +3.5810e+00
1618 +4.814544020e-03 +4.814544020e-03 -9.999951855e+02 -9.999951855e+02 -7.2151e-02 +2.4210e-01 -1.0356e-01 -4.5727e-02 +3.6076e+00
1821 +2.315418327e-03 +2.315418327e-03 -9.999976846e+02 -9.999976846e+02 -7.5633e-02 +2.7400e-01 -1.1016e-01 +2.5298e-02 +3.6142e+00
1956 +1.370400843e-03 +1.370400843e-03 -9.999986296e+02 -9.999986296e+02 -7.1219e-02 +2.3293e-01 -9.0435e-02 +1.5706e-02 +3.5850e+00
2390 +6.763832628e-04 +6.763832628e-04 -9.999993236e+02 -9.999993236e+02 -7.9694e-02 +2.2286e-01 -9.7393e-02 +2.4187e-02 +3.5950e+00
2418 +2.071681168e-04 +2.071681168e-04 -9.999997928e+02 -9.999997928e+02 -8.1052e-02 +2.3889e-01 -1.2101e-01 +2.4807e-02 +3.6124e+00
3126 +1.310377992e-04 +1.310377992e-04 -9.999998690e+02 -9.999998690e+02 -7.7312e-02 +2.2374e-01 -1.2817e-01 +2.4770e-02 +3.6104e+00
3295 +9.616270688e-05 +9.616270688e-05 -9.999999038e+02 -9.999999038e+02 -7.6264e-02 +2.2183e-01 -1.2466e-01 +2.4659e-02 +3.6094e+00
3363 +4.538951021e-05 +4.538951021e-05 -9.999999546e+02 -9.999999546e+02 -7.4344e-02 +2.2924e-01 -1.2117e-01 +2.0196e-02 +3.6116e+00
3456 +3.148585574e-05 +3.148585574e-05 -9.999999685e+02 -9.999999685e+02 -7.5847e-02 +2.2928e-01 -1.2468e-01 +1.7358e-02 +3.6055e+00
3706 +1.980710306e-05 +1.980710306e-05 -9.999999802e+02 -9.999999802e+02 -7.8447e-02 +2.2903e-01 -1.1935e-01 +1.7195e-02 +3.6084e+00
4075 +1.485443158e-05 +1.485443158e-05 -9.999999851e+02 -9.999999851e+02 -7.7863e-02 +2.2574e-01 -1.1818e-01 +1.8516e-02 +3.6074e+00
4140 +7.156416359e-06 +7.156416359e-06 -9.999999928e+02 -9.999999928e+02 -7.5443e-02 +2.2813e-01 -1.1926e-01 +1.8254e-02 +3.6069e+00
4424 +2.888208769e-06 +2.888208769e-06 -9.999999971e+02 -9.999999971e+02 -7.6720e-02 +2.2830e-01 -1.1833e-01 +1.9957e-02 +3.6055e+00
4665 +1.370337259e-06 +1.370337259e-06 -9.999999986e+02 -9.999999986e+02 -7.7115e-02 +2.2848e-01 -1.1934e-01 +2.0569e-02 +3.6051e+00
4724 +8.028778211e-07 +8.028778211e-07 -9.999999992e+02 -9.999999992e+02 -7.6615e-02 +2.2790e-01 -1.2046e-01 +2.0317e-02 +3.6049e+00
4929 +4.465850907e-07 +4.465850907e-07 -9.999999996e+02 -9.999999996e+02 -7.6666e-02 +2.2808e-01 -1.2004e-01 +2.0064e-02 +3.6050e+00
5125 +2.031040367e-07 +2.031040367e-07 -9.999999998e+02 -9.999999998e+02 -7.6452e-02 +2.2798e-01 -1.2009e-01 +2.0103e-02 +3.6059e+00
5126 +7.668609214e-08 +7.668609214e-08 -9.999999999e+02 -9.999999999e+02 -7.6957e-02 +2.2788e-01 -1.2012e-01 +2.0067e-02 +3.6055e+00
5956 +5.083472843e-08 +5.083472843e-08 -9.999999999e+02 -9.999999999e+02 -7.6657e-02 +2.2785e-01 -1.1992e-01 +2.0012e-02 +3.6056e+00
6060 +1.775549663e-08 +1.775549663e-08 -1.000000000e+03 -1.000000000e+03 -7.6779e-02 +2.2792e-01 -1.1992e-01 +1.9928e-02 +3.6056e+00
6118 +1.408341177e-08 +1.408341177e-08 -1.000000000e+03 -1.000000000e+03 -7.6773e-02 +2.2793e-01 -1.1994e-01 +1.9940e-02 +3.6056e+00
6201 +7.015501069e-09 +7.015501069e-09 -1.000000000e+03 -1.000000000e+03 -7.6856e-02 +2.2802e-01 -1.2000e-01 +1.9940e-02 +3.6056e+00
% function evaluation | noise-free fitness - Fopt (-4.290000000000e+01) | best noise-free fitness - Fopt | measured fitness | best measured fitness | x1 | x2...
1 +3.164655580e+01 +3.164655580e+01 -1.125344420e+01 -1.125344420e+01 +2.6304e-01 +4.7906e-01 +1.1531e+00 +2.8304e+00 -1.5519e+00
58 +1.718139746e+01 +1.718139746e+01 -2.571860254e+01 -2.571860254e+01 +2.6852e+00 +2.3992e+00 +9.9250e-01 -3.2744e+00 -8.7823e-01
108 +1.532353974e+01 +1.532353974e+01 -2.757646026e+01 -2.757646026e+01 +3.0369e+00 +5.0000e+00 +4.9525e+00 -2.4516e+00 -4.8382e+00
122 +7.260788238e+00 +7.260788238e+00 -3.563921176e+01 -3.563921176e+01 +2.7778e+00 +2.8832e+00 +4.9197e+00 -2.1974e+00 -4.6739e+00
157 +5.294596285e+00 +5.294596285e+00 -3.760540372e+01 -3.760540372e+01 +2.0705e+00 +2.0982e+00 +2.4359e+00 +5.9841e-01 -3.4436e+00
201 +3.868739221e+00 +3.868739221e+00 -3.903126078e+01 -3.903126078e+01 +2.2182e+00 +2.9835e+00 +3.0082e+00 +3.0791e-01 -1.5105e+00
264 +1.899650830e+00 +1.899650830e+00 -4.100034917e+01 -4.100034917e+01 +2.6160e+00 +3.6697e+00 +4.1248e+00 -4.1408e-01 -2.9294e+00
298 +1.260057310e+00 +1.260057310e+00 -4.163994269e+01 -4.163994269e+01 +2.0201e+00 +2.6962e+00 +3.4082e+00 -7.3021e-01 -1.8731e+00
329 +7.915426737e-01 +7.915426737e-01 -4.210845733e+01 -4.210845733e+01 +2.5103e+00 +2.7748e+00 +3.3029e+00 -5.9361e-01 -2.1272e+00
432 +4.364783716e-01 +4.364783716e-01 -4.246352163e+01 -4.246352163e+01 +3.0057e+00 +2.7817e+00 +3.8838e+00 -6.2966e-01 -2.9728e+00
608 +1.445932308e-01 +1.445932308e-01 -4.275540677e+01 -4.275540677e+01 +2.9075e+00 +2.1745e+00 +3.8926e+00 -9.0233e-01 -2.5726e+00
919 +7.017402189e-02 +7.017402189e-02 -4.282982598e+01 -4.282982598e+01 +2.4467e+00 +2.3315e+00 +3.9569e+00 -7.2977e-01 -2.6049e+00
1083 +4.232280461e-02 +4.232280461e-02 -4.285767720e+01 -4.285767720e+01 +2.5016e+00 +2.4297e+00 +3.9648e+00 -7.5904e-01 -2.7054e+00
1121 +3.493961994e-02 +3.493961994e-02 -4.286506038e+01 -4.286506038e+01 +2.6650e+00 +2.4126e+00 +3.8114e+00 -7.7343e-01 -2.7783e+00
1508 +1.318216323e-02 +1.318216323e-02 -4.288681784e+01 -4.288681784e+01 +2.5383e+00 +2.4799e+00 +3.8422e+00 -8.8738e-01 -2.6255e+00
1575 +9.036016061e-03 +9.036016061e-03 -4.289096398e+01 -4.289096398e+01 +2.5837e+00 +2.4427e+00 +3.8008e+00 -8.6575e-01 -2.6657e+00
2027 +2.251008487e-03 +2.251008487e-03 -4.289774899e+01 -4.289774899e+01 +2.6091e+00 +2.3939e+00 +3.8522e+00 -8.5715e-01 -2.6265e+00
2200 +1.500120900e-03 +1.500120900e-03 -4.289849988e+01 -4.289849988e+01 +2.6143e+00 +2.4350e+00 +3.8757e+00 -8.6343e-01 -2.5999e+00
2216 +1.296799180e-04 +1.296799180e-04 -4.289987032e+01 -4.289987032e+01 +2.6283e+00 +2.4214e+00 +3.8780e+00 -8.7338e-01 -2.6300e+00
2700 +8.168348398e-05 +8.168348398e-05 -4.289991832e+01 -4.289991832e+01 +2.6377e+00 +2.4279e+00 +3.8781e+00 -8.7235e-01 -2.6343e+00
2800 +3.118318720e-05 +3.118318720e-05 -4.289996882e+01 -4.289996882e+01 +2.6312e+00 +2.4268e+00 +3.8761e+00 -8.7100e-01 -2.6339e+00
3441 +1.280874518e-05 +1.280874518e-05 -4.289998719e+01 -4.289998719e+01 +2.6327e+00 +2.4254e+00 +3.8756e+00 -8.6817e-01 -2.6344e+00
3741 +9.390379581e-06 +9.390379581e-06 -4.289999061e+01 -4.289999061e+01 +2.6320e+00 +2.4255e+00 +3.8755e+00 -8.6560e-01 -2.6340e+00
3941 +4.280121303e-06 +4.280121303e-06 -4.289999572e+01 -4.289999572e+01 +2.6319e+00 +2.4259e+00 +3.8737e+00 -8.6526e-01 -2.6334e+00
4216 +2.424680659e-06 +2.424680659e-06 -4.289999758e+01 -4.289999758e+01 +2.6321e+00 +2.4264e+00 +3.8726e+00 -8.6587e-01 -2.6331e+00
4553 +1.328493951e-06 +1.328493951e-06 -4.289999867e+01 -4.289999867e+01 +2.6324e+00 +2.4264e+00 +3.8730e+00 -8.6681e-01 -2.6330e+00
4566 +7.131586202e-07 +7.131586202e-07 -4.289999929e+01 -4.289999929e+01 +2.6328e+00 +2.4272e+00 +3.8728e+00 -8.6669e-01 -2.6331e+00
4691 +5.635874203e-07 +5.635874203e-07 -4.289999944e+01 -4.289999944e+01 +2.6324e+00 +2.4274e+00 +3.8732e+00 -8.6601e-01 -2.6331e+00
4916 +1.278407638e-07 +1.278407638e-07 -4.289999987e+01 -4.289999987e+01 +2.6327e+00 +2.4273e+00 +3.8735e+00 -8.6619e-01 -2.6330e+00
5003 +5.340346121e-08 +5.340346121e-08 -4.289999995e+01 -4.289999995e+01 +2.6327e+00 +2.4270e+00 +3.8737e+00 -8.6641e-01 -2.6328e+00
5603 +3.852124308e-08 +3.852124308e-08 -4.289999996e+01 -4.289999996e+01 +2.6327e+00 +2.4271e+00 +3.8736e+00 -8.6636e-01 -2.6330e+00
6207 +2.076716754e-08 +2.076716754e-08 -4.289999998e+01 -4.289999998e+01 +2.6329e+00 +2.4272e+00 +3.8735e+00 -8.6636e-01 -2.6328e+00
6307 +8.670063778e-09 +8.670063778e-09 -4.289999999e+01 -4.289999999e+01 +2.6328e+00 +2.4272e+00 +3.8736e+00 -8.6634e-01 -2.6327e+00
6312 +4.077378435e-09 +4.077378435e-09 -4.290000000e+01 -4.290000000e+01 +2.6328e+00 +2.4272e+00 +3.8736e+00 -8.6640e-01 -2.6327e+00
% function evaluation | noise-free fitness - Fopt (-1.013200000000e+02) | best noise-free fitness - Fopt | measured fitness | best measured fitness | x1 | x2...
1 +6.391688305e+01 +6.391688305e+01 -3.740311695e+01 -3.740311695e+01 +1.1330e+00 +1.4921e+00 +3.9724e+00 -3.4011e+00 +4.4389e+00
5 +5.891748821e+01 +5.891748821e+01 -4.240251179e+01 -4.240251179e+01 -8.7158e-01 -1.4816e+00 -3.6376e+00 -2.6347e+00 -4.8110e+00
12 +2.353413521e+01 +2.353413521e+01 -7.778586479e+01 -7.778586479e+01 +1.4135e+00 -9.2136e-03 +4.0512e+00 -3.8970e+00 +1.1882e-01
18 +1.014448435e+01 +1.014448435e+01 -9.117551565e+01 -9.117551565e+01 +3.3507e+00 +1.4440e+00 +2.1567e-01 -1.6477e+00 -3.9215e+00
66 +8.156805472e+00 +8.156805472e+00 -9.316319453e+01 -9.316319453e+01 +3.6630e+00 +2.6596e+00 +1.3737e+00 -2.3167e+00 -5.0000e+00
74 +3.922760691e+00 +3.922760691e+00 -9.739723931e+01 -9.739723931e+01 +1.6386e+00 +3.8175e+00 +2.5133e+00 -1.5414e+00 -3.5571e+00
178 +1.109557534e+00 +1.109557534e+00 -1.002104425e+02 -1.002104425e+02 +2.3609e+00 +2.5964e+00 +2.5042e+00 -3.4208e+00 -3.6622e+00
263 +7.429912422e-01 +7.429912422e-01 -1.005770088e+02 -1.005770088e+02 +1.6081e+00 +3.2052e+00 +1.3259e+00 -3.2914e+00 -2.9133e+00
470 +3.426482616e-01 +3.426482616e-01 -1.009773517e+02 -1.009773517e+02 +1.6034e+00 +3.2425e+00 +1.8729e+00 -3.3025e+00 -2.9853e+00
597 +2.026698762e-01 +2.026698762e-01 -1.011173301e+02 -1.011173301e+02 +1.7541e+00 +2.7922e+00 +1.7860e+00 -3.4724e+00 -3.1039e+00
717 +1.381190887e-01 +1.381190887e-01 -1.011818809e+02 -1.011818809e+02 +1.8756e+00 +2.7336e+00 +1.7893e+00 -3.3289e+00 -3.2537e+00
775 +7.091812751e-02 +7.091812751e-02 -1.012490819e+02 -1.012490819e+02 +1.8752e+00 +2.8072e+00 +1.9991e+00 -3.2552e+00 -3.2254e+00
804 +5.965793930e-02 +5.965793930e-02 -1.012603421e+02 -1.012603421e+02 +1.7870e+00 +2.6638e+00 +1.8449e+00 -2.9802e+00 -3.3036e+00
974 +2.777736364e-02 +2.777736364e-02 -1.012922226e+02 -1.012922226e+02 +1.6746e+00 +2.8739e+00 +1.9067e+00 -3.0992e+00 -3.0803e+00
975 +1.766135895e-02 +1.766135895e-02 -1.013023386e+02 -1.013023386e+02 +1.6062e+00 +2.7031e+00 +1.9877e+00 -3.1342e+00 -3.2249e+00
1532 +1.501729139e-02 +1.501729139e-02 -1.013049827e+02 -1.013049827e+02 +1.6663e+00 +2.6690e+00 +1.9302e+00 -3.1434e+00 -3.1659e+00
1564 +7.397602972e-03 +7.397602972e-03 -1.013126024e+02 -1.013126024e+02 +1.7346e+00 +2.8255e+00 +1.9599e+00 -3.0756e+00 -3.1416e+00
1670 +5.220487366e-03 +5.220487366e-03 -1.013147795e+02 -1.013147795e+02 +1.6615e+00 +2.7808e+00 +1.9283e+00 -3.0390e+00 -3.1665e+00
1863 +3.146420072e-03 +3.146420072e-03 -1.013168536e+02 -1.013168536e+02 +1.7387e+00 +2.7696e+00 +1.9853e+00 -3.0428e+00 -3.1633e+00
1908 +1.456854020e-03 +1.456854020e-03 -1.013185431e+02 -1.013185431e+02 +1.7177e+00 +2.7805e+00 +1.9794e+00 -3.0796e+00 -3.1884e+00
2473 +5.901254414e-04 +5.901254414e-04 -1.013194099e+02 -1.013194099e+02 +1.7105e+00 +2.7547e+00 +1.9909e+00 -3.0672e+00 -3.1776e+00
2512 +3.936767356e-04 +3.936767356e-04 -1.013196063e+02 -1.013196063e+02 +1.6883e+00 +2.7446e+00 +1.9729e+00 -3.0754e+00 -3.1848e+00
2801 +1.534495105e-04 +1.534495105e-04 -1.013198466e+02 -1.013198466e+02 +1.6968e+00 +2.7615e+00 +1.9667e+00 -3.0813e+00 -3.1660e+00
2840 +9.448890249e-05 +9.448890249e-05 -1.013199055e+02 -1.013199055e+02 +1.6959e+00 +2.7636e+00 +1.9718e+00 -3.0783e+00 -3.1726e+00
3140 +5.090968767e-05 +5.090968767e-05 -1.013199491e+02 -1.013199491e+02 +1.6947e+00 +2.7537e+00 +1.9788e+00 -3.0779e+00 -3.1725e+00
3147 +9.808284659e-06 +9.808284659e-06 -1.013199902e+02 -1.013199902e+02 +1.6990e+00 +2.7533e+00 +1.9725e+00 -3.0746e+00 -3.1703e+00
4017 +5.332283621e-06 +5.332283621e-06 -1.013199947e+02 -1.013199947e+02 +1.6965e+00 +2.7564e+00 +1.9722e+00 -3.0737e+00 -3.1693e+00
4194 +2.289739058e-06 +2.289739058e-06 -1.013199977e+02 -1.013199977e+02 +1.6960e+00 +2.7555e+00 +1.9737e+00 -3.0734e+00 -3.1712e+00
4596 +1.290526313e-06 +1.290526313e-06 -1.013199987e+02 -1.013199987e+02 +1.6960e+00 +2.7559e+00 +1.9740e+00 -3.0747e+00 -3.1704e+00
4989 +7.890853908e-07 +7.890853908e-07 -1.013199992e+02 -1.013199992e+02 +1.6960e+00 +2.7554e+00 +1.9737e+00 -3.0741e+00 -3.1706e+00
5000 +5.993008898e-07 +5.993008898e-07 -1.013199994e+02 -1.013199994e+02 +1.6964e+00 +2.7551e+00 +1.9734e+00 -3.0748e+00 -3.1709e+00
5294 +3.779447013e-07 +3.779447013e-07 -1.013199996e+02 -1.013199996e+02 +1.6962e+00 +2.7553e+00 +1.9736e+00 -3.0743e+00 -3.1705e+00
5472 +1.764441038e-08 +1.764441038e-08 -1.013200000e+02 -1.013200000e+02 +1.6967e+00 +2.7552e+00 +1.9736e+00 -3.0743e+00 -3.1703e+00
5972 +1.563104490e-08 +1.563104490e-08 -1.013200000e+02 -1.013200000e+02 +1.6967e+00 +2.7551e+00 +1.9736e+00 -3.0744e+00 -3.1703e+00
5994 +8.804903473e-09 +8.804903473e-09 -1.013200000e+02 -1.013200000e+02 +1.6968e+00 +2.7552e+00 +1.9737e+00 -3.0743e+00 -3.1704e+00
% function evaluation | noise-free fitness - Fopt (3.650000000000e+00) | best noise-free fitness - Fopt | measured fitness | best measured fitness | x1 | x2...
1 +3.963693441e+01 +3.963693441e+01 +4.328693441e+01 +4.328693441e+01 +2.9861e+00 -5.9059e-01 -4.1736e+00 +4.9657e+00 +5.6960e-01
26 +1.207700145e+01 +1.207700145e+01 +1.572700145e+01 +1.572700145e+01 -3.0984e-01 -4.9663e+00 -9.1695e-01 +3.9117e+00 -1.6344e+00
38 +9.243952010e+00 +9.243952010e+00 +1.289395201e+01 +1.289395201e+01 +1.3090e-01 -2.5106e+00 +3.1801e+00 +4.9277e+00 -2.6515e+00
74 +2.190637465e+00 +2.190637465e+00 +5.840637465e+00 +5.840637465e+00 -3.1985e-01 -3.0181e+00 +1.1117e+00 +3.6372e+00 -1.8937e+00
295 +4.901686477e-01 +4.901686477e-01 +4.140168648e+00 +4.140168648e+00 +2.4910e-01 -2.3849e+00 +9.9624e-01 +3.7208e+00 -2.4058e+00
390 +2.491922058e-01 +2.491922058e-01 +3.899192206e+00 +3.899192206e+00 +2.7255e-01 -2.2740e+00 +2.5422e-01 +3.4842e+00 -2.1564e+00
886 +1.541555377e-01 +1.541555377e-01 +3.804155538e+00 +3.804155538e+00 +3.9654e-01 -2.0959e+00 +2.3313e-01 +3.7098e+00 -2.0056e+00
920 +8.347261024e-02 +8.347261024e-02 +3.733472610e+00 +3.733472610e+00 +4.7392e-01 -1.8986e+00 +3.1831e-01 +3.7314e+00 -2.0377e+00
1015 +5.519100736e-02 +5.519100736e-02 +3.705191007e+00 +3.705191007e+00 +4.2406e-01 -1.8889e+00 +5.2998e-01 +3.7961e+00 -2.0468e+00
1090 +1.583821842e-02 +1.583821842e-02 +3.665838218e+00 +3.665838218e+00 +4.7405e-01 -2.0569e+00 +4.7350e-01 +3.7365e+00 -2.2237e+00
1361 +8.166550125e-03 +8.166550125e-03 +3.658166550e+00 +3.658166550e+00 +4.7698e-01 -1.9520e+00 +5.1331e-01 +3.7424e+00 -2.2375e+00
1759 +1.909124810e-03 +1.909124810e-03 +3.651909125e+00 +3.651909125e+00 +4.8595e-01 -1.9478e+00 +4.9678e-01 +3.6549e+00 -2.2112e+00
2258 +8.745871241e-04 +8.745871241e-04 +3.650874587e+00 +3.650874587e+00 +4.8738e-01 -1.9653e+00 +5.5325e-01 +3.6539e+00 -2.2129e+00
2358 +3.696812979e-04 +3.696812979e-04 +3.650369681e+00 +3.650369681e+00 +4.8900e-01 -1.9589e+00 +5.3619e-01 +3.6587e+00 -2.2107e+00
2817 +2.117967088e-04 +2.117967088e-04 +3.650211797e+00 +3.650211797e+00 +4.9581e-01 -1.9760e+00 +5.3675e-01 +3.6520e+00 -2.2054e+00
3136 +1.189239149e-04 +1.189239149e-04 +3.650118924e+00 +3.650118924e+00 +4.9828e-01 -1.9805e+00 +5.3527e-01 +3.6684e+00 -2.2088e+00
3373 +3.198983374e-05 +3.198983374e-05 +3.650031990e+00 +3.650031990e+00 +4.9597e-01 -1.9786e+00 +5.2579e-01 +3.6658e+00 -2.2065e+00
3782 +1.410883782e-05 +1.410883782e-05 +3.650014109e+00 +3.650014109e+00 +4.9583e-01 -1.9715e+00 +5.2839e-01 +3.6639e+00 -2.2045e+00
3969 +4.543439672e-06 +4.543439672e-06 +3.650004543e+00 +3.650004543e+00 +4.9400e-01 -1.9741e+00 +5.2722e-01 +3.6653e+00 -2.2061e+00
4420 +3.644149782e-06 +3.644149782e-06 +3.650003644e+00 +3.650003644e+00 +4.9446e-01 -1.9757e+00 +5.2748e-01 +3.6639e+00 -2.2059e+00
4528 +1.222386759e-06 +1.222386759e-06 +3.650001222e+00 +3.650001222e+00 +4.9413e-01 -1.9745e+00 +5.2910e-01 +3.6641e+00 -2.2054e+00
4755 +7.483407800e-07 +7.483407800e-07 +3.650000748e+00 +3.650000748e+00 +4.9454e-01 -1.9746e+00 +5.2915e-01 +3.6636e+00 -2.2057e+00
5020 +6.226987872e-07 +6.226987872e-07 +3.650000623e+00 +3.650000623e+00 +4.9407e-01 -1.9748e+00 +5.2861e-01 +3.6643e+00 -2.2059e+00
5261 +1.613840990e-07 +1.613840990e-07 +3.650000161e+00 +3.650000161e+00 +4.9436e-01 -1.9746e+00 +5.2883e-01 +3.6642e+00 -2.2061e+00
5341 +1.546052912e-07 +1.546052912e-07 +3.650000155e+00 +3.650000155e+00 +4.9465e-01 -1.9744e+00 +5.2874e-01 +3.6640e+00 -2.2061e+00
5370 +7.628110543e-08 +7.628110543e-08 +3.650000076e+00 +3.650000076e+00 +4.9449e-01 -1.9742e+00 +5.2895e-01 +3.6641e+00 -2.2063e+00
5411 +4.207033921e-08 +4.207033921e-08 +3.650000042e+00 +3.650000042e+00 +4.9428e-01 -1.9746e+00 +5.2884e-01 +3.6640e+00 -2.2064e+00
5741 +3.196875475e-08 +3.196875475e-08 +3.650000032e+00 +3.650000032e+00 +4.9428e-01 -1.9743e+00 +5.2886e-01 +3.6640e+00 -2.2065e+00
5885 +2.123270937e-08 +2.123270937e-08 +3.650000021e+00 +3.650000021e+00 +4.9447e-01 -1.9745e+00 +5.2886e-01 +3.6640e+00 -2.2065e+00
6116 +1.300597097e-08 +1.300597097e-08 +3.650000013e+00 +3.650000013e+00 +4.9437e-01 -1.9745e+00 +5.2873e-01 +3.6640e+00 -2.2064e+00
6291 +5.656386914e-09 +5.656386914e-09 +3.650000006e+00 +3.650000006e+00 +4.9438e-01 -1.9744e+00 +5.2874e-01 +3.6640e+00 -2.2064e+00
% function evaluation | noise-free fitness - Fopt (2.205300000000e+02) | best noise-free fitness - Fopt | measured fitness | best measured fitness | x1 | x2...
1 +1.227012617e+02 +1.227012617e+02 +3.432312617e+02 +3.432312617e+02 -4.4878e+00 +2.5056e+00 +2.8087e+00 -9.7683e-01 -1.0779e+00
3 +6.198646777e+01 +6.198646777e+01 +2.825164678e+02 +2.825164678e+02 -3.0315e+00 -2.3145e+00 -1.1697e+00 +4.5047e+00 +4.0243e+00
5 +1.995419271e+01 +1.995419271e+01 +2.404841927e+02 +2.404841927e+02 +3.9377e+00 -3.6466e-01 -4.1510e-01 -1.9778e+00 +4.1434e+00
84 +1.397779486e+01 +1.397779486e+01 +2.345077949e+02 +2.345077949e+02 +5.0000e+00 -5.0000e+00 +4.2542e-01 -2.1565e-01 +6.9642e-01
94 +3.381388670e+00 +3.381388670e+00 +2.239113887e+02 +2.239113887e+02 +4.0640e+00 -4.6438e+00 +2.0086e+00 -9.8024e-02 +4.1975e+00
183 +2.506681087e+00 +2.506681087e+00 +2.230366811e+02 +2.230366811e+02 +4.3887e+00 -4.4373e+00 +1.0496e+00 +2.3979e-01 +4.0173e+00
244 +4.650189983e-01 +4.650189983e-01 +2.209950190e+02 +2.209950190e+02 +3.4618e+00 -4.0845e+00 +9.9436e-01 +0.0000e+00 +3.1672e+00
632 +1.823107729e-01 +1.823107729e-01 +2.207123108e+02 +2.207123108e+02 +3.1605e+00 -4.0600e+00 +9.8312e-01 +1.7046e-01 +3.2282e+00
705 +1.082041713e-01 +1.082041713e-01 +2.206382042e+02 +2.206382042e+02 +3.2032e+00 -3.9253e+00 +1.0782e+00 -7.8424e-03 +3.5066e+00
753 +6.674137672e-02 +6.674137672e-02 +2.205967414e+02 +2.205967414e+02 +3.1210e+00 -3.7670e+00 +1.0302e+00 +8.3942e-02 +3.7209e+00
853 +5.881704662e-02 +5.881704662e-02 +2.205888170e+02 +2.205888170e+02 +2.9647e+00 -3.7975e+00 +9.4304e-01 +2.2361e-02 +3.7174e+00
1259 +3.588082996e-02 +3.588082996e-02 +2.205658808e+02 +2.205658808e+02 +3.0070e+00 -3.8252e+00 +7.8991e-01 +2.0403e-01 +3.4654e+00
1505 +9.009162790e-03 +9.009162790e-03 +2.205390092e+02 +2.205390092e+02 +3.0448e+00 -3.8723e+00 +9.8141e-01 +1.7310e-01 +3.4891e+00
1596 +4.212603745e-03 +4.212603745e-03 +2.205342126e+02 +2.205342126e+02 +3.0071e+00 -3.8564e+00 +1.0059e+00 +1.6317e-01 +3.5721e+00
1686 +3.036702511e-03 +3.036702511e-03 +2.205330367e+02 +2.205330367e+02 +2.9961e+00 -3.8742e+00 +9.5025e-01 +1.4898e-01 +3.5727e+00
1941 +2.470909784e-03 +2.470909784e-03 +2.205324709e+02 +2.205324709e+02 +2.9798e+00 -3.8862e+00 +9.6295e-01 +1.7763e-01 +3.5407e+00
2313 +1.252191109e-03 +1.252191109e-03 +2.205312522e+02 +2.205312522e+02 +2.9957e+00 -3.8785e+00 +9.3915e-01 +2.0685e-01 +3.5581e+00
2511 +2.391701646e-04 +2.391701646e-04 +2.205302392e+02 +2.205302392e+02 +2.9985e+00 -3.8522e+00 +9.6351e-01 +2.0535e-01 +3.5592e+00
3065 +5.807678849e-05 +5.807678849e-05 +2.205300581e+02 +2.205300581e+02 +2.9985e+00 -3.8469e+00 +9.5376e-01 +2.0001e-01 +3.5529e+00
3315 +1.232397062e-05 +1.232397062e-05 +2.205300123e+02 +2.205300123e+02 +2.9987e+00 -3.8462e+00 +9.5136e-01 +1.9412e-01 +3.5570e+00
3465 +8.509091828e-06 +8.509091828e-06 +2.205300085e+02 +2.205300085e+02 +2.9984e+00 -3.8466e+00 +9.5366e-01 +1.9504e-01 +3.5567e+00
3961 +5.230159218e-06 +5.230159218e-06 +2.205300052e+02 +2.205300052e+02 +2.9969e+00 -3.8484e+00 +9.5454e-01 +1.9575e-01 +3.5571e+00
4077 +5.697325776e-07 +5.697325776e-07 +2.205300006e+02 +2.205300006e+02 +2.9967e+00 -3.8473e+00 +9.5297e-01 +1.9521e-01 +3.5586e+00
5111 +2.330341431e-07 +2.330341431e-07 +2.205300002e+02 +2.205300002e+02 +2.9968e+00 -3.8483e+00 +9.5307e-01 +1.9543e-01 +3.5582e+00
5727 +1.411742687e-07 +1.411742687e-07 +2.205300001e+02 +2.205300001e+02 +2.9967e+00 -3.8478e+00 +9.5288e-01 +1.9512e-01 +3.5581e+00
5767 +4.493992378e-08 +4.493992378e-08 +2.205300000e+02 +2.205300000e+02 +2.9967e+00 -3.8479e+00 +9.5287e-01 +1.9511e-01 +3.5584e+00
6205 +2.445784730e-08 +2.445784730e-08 +2.205300000e+02 +2.205300000e+02 +2.9967e+00 -3.8479e+00 +9.5275e-01 +1.9520e-01 +3.5583e+00
6641 +1.388792725e-08 +1.388792725e-08 +2.205300000e+02 +2.205300000e+02 +2.9968e+00 -3.8480e+00 +9.5283e-01 +1.9523e-01 +3.5585e+00
6663 +4.906837603e-09 +4.906837603e-09 +2.205300000e+02 +2.205300000e+02 +2.9968e+00 -3.8480e+00 +9.5283e-01 +1.9521e-01 +3.5585e+00
% function evaluation | noise-free fitness - Fopt (4.212900000000e+02) | best noise-free fitness - Fopt | measured fitness | best measured fitness | x1 | x2...
1 +2.962572299e+01 +2.962572299e+01 +4.509157230e+02 +4.509157230e+02 -2.8369e-01 +5.1785e-01 -1.2258e+00 -4.6903e+00 -5.7178e-01
8 +2.379827704e+01 +2.379827704e+01 +4.450882770e+02 +4.450882770e+02 -3.8087e+00 +4.6927e+00 -2.6239e+00 -3.3105e+00 -3.3658e+00
54 +1.327315130e+01 +1.327315130e+01 +4.345631513e+02 +4.345631513e+02 -5.0000e+00 +5.0000e+00 -1.3818e+00 -1.2284e+00 -1.2121e+00
105 +7.316295787e+00 +7.316295787e+00 +4.286062958e+02 +4.286062958e+02 -3.5769e+00 +5.0000e+00 +1.7923e+00 -1.9878e+00 +1.1879e+00
151 +1.956640408e+00 +1.956640408e+00 +4.232466404e+02 +4.232466404e+02 -5.0000e+00 +3.2481e+00 +3.7733e-01 -2.7653e+00 -1.1224e+00
235 +1.245302245e+00 +1.245302245e+00 +4.225353022e+02 +4.225353022e+02 -4.2582e+00 +2.7033e+00 +5.5569e-01 -2.1882e+00 -5.1227e-01
297 +5.274590972e-01 +5.274590972e-01 +4.218174591e+02 +4.218174591e+02 -4.0404e+00 +3.2098e+00 +3.7829e-01 -3.1237e+00 -5.2850e-01
559 +1.997449552e-01 +1.997449552e-01 +4.214897450e+02 +4.214897450e+02 -4.3352e+00 +3.3741e+00 +9.3989e-01 -2.8202e+00 -3.5948e-01
687 +8.131751146e-02 +8.131751146e-02 +4.213713175e+02 +4.213713175e+02 -3.8882e+00 +3.4560e+00 +8.4225e-01 -2.9936e+00 -5.3830e-01
1028 +4.613424197e-02 +4.613424197e-02 +4.213361342e+02 +4.213361342e+02 -3.8525e+00 +3.3471e+00 +9.5683e-01 -2.7772e+00 -4.5940e-01
1188 +3.199019557e-02 +3.199019557e-02 +4.213219902e+02 +4.213219902e+02 -3.8627e+00 +3.2863e+00 +1.0454e+00 -3.0559e+00 -4.5503e-01
1338 +1.168044480e-02 +1.168044480e-02 +4.213016804e+02 +4.213016804e+02 -3.8702e+00 +3.3032e+00 +1.0223e+00 -2.8892e+00 -4.6966e-01
1469 +7.878818446e-03 +7.878818446e-03 +4.212978788e+02 +4.212978788e+02 -3.9141e+00 +3.3043e+00 +1.0756e+00 -2.8439e+00 -4.9085e-01
1709 +5.730774826e-03 +5.730774826e-03 +4.212957308e+02 +4.212957308e+02 -3.9052e+00 +3.3187e+00 +1.0578e+00 -2.8737e+00 -5.5347e-01
2081 +3.415902729e-03 +3.415902729e-03 +4.212934159e+02 +4.212934159e+02 -3.9208e+00 +3.3177e+00 +1.0556e+00 -2.9596e+00 -5.3777e-01
2198 +1.880733491e-03 +1.880733491e-03 +4.212918807e+02 +4.212918807e+02 -3.9528e+00 +3.2907e+00 +1.0454e+00 -2.9130e+00 -5.5401e-01
2263 +7.320745828e-04 +7.320745828e-04 +4.212907321e+02 +4.212907321e+02 -3.9548e+00 +3.3177e+00 +1.0542e+00 -2.9267e+00 -4.9631e-01
2588 +4.953827140e-04 +4.953827140e-04 +4.212904954e+02 +4.212904954e+02 -3.9574e+00 +3.2856e+00 +1.0559e+00 -2.9166e+00 -5.1549e-01
2638 +1.386717439e-04 +1.386717439e-04 +4.212901387e+02 +4.212901387e+02 -3.9580e+00 +3.2986e+00 +1.0557e+00 -2.9139e+00 -5.1738e-01
3074 +8.642091569e-05 +8.642091569e-05 +4.212900864e+02 +4.212900864e+02 -3.9585e+00 +3.3086e+00 +1.0568e+00 -2.9127e+00 -5.1891e-01
3544 +5.723220698e-05 +5.723220698e-05 +4.212900572e+02 +4.212900572e+02 -3.9583e+00 +3.3088e+00 +1.0597e+00 -2.9130e+00 -5.1863e-01
4149 +2.762245146e-05 +2.762245146e-05 +4.212900276e+02 +4.212900276e+02 -3.9542e+00 +3.3049e+00 +1.0621e+00 -2.9127e+00 -5.1863e-01
4240 +5.420011917e-06 +5.420011917e-06 +4.212900054e+02 +4.212900054e+02 -3.9540e+00 +3.3055e+00 +1.0643e+00 -2.9183e+00 -5.1810e-01
4411 +3.840492525e-06 +3.840492525e-06 +4.212900038e+02 +4.212900038e+02 -3.9537e+00 +3.3050e+00 +1.0637e+00 -2.9181e+00 -5.1782e-01
4874 +2.280391016e-06 +2.280391016e-06 +4.212900023e+02 +4.212900023e+02 -3.9538e+00 +3.3065e+00 +1.0637e+00 -2.9178e+00 -5.1687e-01
5209 +1.578169872e-06 +1.578169872e-06 +4.212900016e+02 +4.212900016e+02 -3.9538e+00 +3.3065e+00 +1.0632e+00 -2.9181e+00 -5.1679e-01
5394 +8.649510619e-07 +8.649510619e-07 +4.212900009e+02 +4.212900009e+02 -3.9543e+00 +3.3068e+00 +1.0622e+00 -2.9179e+00 -5.1719e-01
5499 +6.020502497e-07 +6.020502497e-07 +4.212900006e+02 +4.212900006e+02 -3.9534e+00 +3.3061e+00 +1.0630e+00 -2.9174e+00 -5.1756e-01
5559 +2.901907123e-07 +2.901907123e-07 +4.212900003e+02 +4.212900003e+02 -3.9535e+00 +3.3063e+00 +1.0626e+00 -2.9171e+00 -5.1760e-01
5745 +1.177577929e-07 +1.177577929e-07 +4.212900001e+02 +4.212900001e+02 -3.9537e+00 +3.3065e+00 +1.0624e+00 -2.9175e+00 -5.1731e-01
6036 +6.828008736e-08 +6.828008736e-08 +4.212900001e+02 +4.212900001e+02 -3.9537e+00 +3.3065e+00 +1.0626e+00 -2.9175e+00 -5.1750e-01
6144 +6.118455076e-08 +6.118455076e-08 +4.212900001e+02 +4.212900001e+02 -3.9537e+00 +3.3064e+00 +1.0626e+00 -2.9175e+00 -5.1764e-01
6574 +2.457647952e-08 +2.457647952e-08 +4.212900000e+02 +4.212900000e+02 -3.9536e+00 +3.3063e+00 +1.0623e+00 -2.9175e+00 -5.1758e-01
6761 +1.554212758e-08 +1.554212758e-08 +4.212900000e+02 +4.212900000e+02 -3.9537e+00 +3.3065e+00 +1.0624e+00 -2.9176e+00 -5.1760e-01
6894 +5.116135071e-09 +5.116135071e-09 +4.212900000e+02 +4.212900000e+02 -3.9536e+00 +3.3064e+00 +1.0624e+00 -2.9176e+00 -5.1763e-01
% function evaluation | noise-free fitness - Fopt (-7.900000000000e+01) | best noise-free fitness - Fopt | measured fitness | best measured fitness | x1 | x2...
1 +9.809339519e+01 +9.809339519e+01 +1.909339519e+01 +1.909339519e+01 -1.9823e+00 -2.3558e-01 -1.8924e+00 -4.4969e+00 +4.1737e+00
2 +4.100368725e+01 +4.100368725e+01 -3.799631275e+01 -3.799631275e+01 +7.0012e-01 +7.3042e-01 -4.7073e+00 +5.6217e-01 -4.0571e+00
7 +2.264633971e+01 +2.264633971e+01 -5.635366029e+01 -5.635366029e+01 -2.5108e+00 -1.0885e+00 +9.0756e-02 +3.6083e+00 -1.2687e+00
57 +1.567981053e+01 +1.567981053e+01 -6.332018947e+01 -6.332018947e+01 +1.9907e-01 +2.1512e+00 +4.3787e-01 +2.3519e-03 -1.9046e+00
87 +7.921173864e+00 +7.921173864e+00 -7.107882614e+01 -7.107882614e+01 -1.6330e+00 +1.3453e+00 -1.0879e+00 -1.4332e+00 -4.1354e+00
140 +4.910009233e+00 +4.910009233e+00 -7.408999077e+01 -7.408999077e+01 -2.7165e+00 +6.6112e-01 +4.6722e-01 -1.4077e+00 -5.0000e+00
162 +3.814015895e+00 +3.814015895e+00 -7.518598410e+01 -7.518598410e+01 -2.3617e+00 +6.8107e-01 -7.8340e-01 -1.7436e-01 -5.0000e+00
176 +2.148958097e+00 +2.148958097e+00 -7.685104190e+01 -7.685104190e+01 -2.1919e+00 +1.7019e+00 -2.9638e-01 -3.2735e-01 -3.9406e+00
366 +1.002764077e+00 +1.002764077e+00 -7.799723592e+01 -7.799723592e+01 -2.6196e+00 +1.2627e+00 -1.8741e-01 +0.0000e+00 -4.3666e+00
405 +9.626936069e-01 +9.626936069e-01 -7.803730639e+01 -7.803730639e+01 -2.6417e+00 +1.0646e+00 -2.0616e-01 +0.0000e+00 -4.3097e+00
490 +4.116129446e-01 +4.116129446e-01 -7.858838706e+01 -7.858838706e+01 -2.8648e+00 +1.0888e+00 -8.6974e-02 +3.1298e-01 -3.6622e+00
692 +2.500934371e-01 +2.500934371e-01 -7.874990656e+01 -7.874990656e+01 -3.3554e+00 +1.1947e+00 +3.8216e-01 +4.9611e-01 -3.5267e+00
741 +1.484107564e-01 +1.484107564e-01 -7.885158924e+01 -7.885158924e+01 -3.3161e+00 +1.3420e+00 +6.3393e-01 +4.7807e-01 -3.7852e+00
798 +8.251246548e-02 +8.251246548e-02 -7.891748753e+01 -7.891748753e+01 -3.1343e+00 +1.1069e+00 +3.6671e-01 +2.4819e-01 -4.0848e+00
1011 +3.038485829e-02 +3.038485829e-02 -7.896961514e+01 -7.896961514e+01 -3.0489e+00 +1.0815e+00 +3.6193e-01 +4.1516e-01 -3.7935e+00
1312 +1.790256525e-02 +1.790256525e-02 -7.898209743e+01 -7.898209743e+01 -3.1166e+00 +1.1224e+00 +3.6989e-01 +4.1461e-01 -3.8561e+00
1397 +1.436764229e-02 +1.436764229e-02 -7.898563236e+01 -7.898563236e+01 -2.9933e+00 +1.1061e+00 +3.8733e-01 +4.5930e-01 -3.8959e+00
1539 +9.281270497e-03 +9.281270497e-03 -7.899071873e+01 -7.899071873e+01 -3.0484e+00 +1.1050e+00 +3.9205e-01 +4.2763e-01 -3.9052e+00
2020 +3.846997344e-03 +3.846997344e-03 -7.899615300e+01 -7.899615300e+01 -3.0757e+00 +1.1638e+00 +4.8669e-01 +4.5914e-01 -3.9342e+00
2352 +1.304063463e-03 +1.304063463e-03 -7.899869594e+01 -7.899869594e+01 -3.0341e+00 +1.1698e+00 +4.4586e-01 +4.4929e-01 -3.9028e+00
2519 +9.749035498e-04 +9.749035498e-04 -7.899902510e+01 -7.899902510e+01 -3.0460e+00 +1.1802e+00 +4.4896e-01 +4.4694e-01 -3.9070e+00
2828 +2.921263085e-04 +2.921263085e-04 -7.899970787e+01 -7.899970787e+01 -3.0413e+00 +1.1746e+00 +4.5026e-01 +4.2808e-01 -3.8984e+00
2901 +1.608968928e-04 +1.608968928e-04 -7.899983910e+01 -7.899983910e+01 -3.0488e+00 +1.1634e+00 +4.5463e-01 +4.2500e-01 -3.8997e+00
3032 +1.283452251e-04 +1.283452251e-04 -7.899987165e+01 -7.899987165e+01 -3.0526e+00 +1.1709e+00 +4.5267e-01 +4.1969e-01 -3.8996e+00
3193 +7.341172818e-05 +7.341172818e-05 -7.899992659e+01 -7.899992659e+01 -3.0518e+00 +1.1696e+00 +4.5842e-01 +4.1824e-01 -3.8983e+00
3450 +4.580142352e-05 +4.580142352e-05 -7.899995420e+01 -7.899995420e+01 -3.0531e+00 +1.1716e+00 +4.6145e-01 +4.1617e-01 -3.9025e+00
3689 +3.057673490e-05 +3.057673490e-05 -7.899996942e+01 -7.899996942e+01 -3.0475e+00 +1.1705e+00 +4.6074e-01 +4.1722e-01 -3.9002e+00
3812 +2.121212194e-05 +2.121212194e-05 -7.899997879e+01 -7.899997879e+01 -3.0485e+00 +1.1687e+00 +4.6439e-01 +4.2188e-01 -3.9029e+00
3922 +6.823017983e-06 +6.823017983e-06 -7.899999318e+01 -7.899999318e+01 -3.0489e+00 +1.1708e+00 +4.6285e-01 +4.2053e-01 -3.9028e+00
4083 +3.374419748e-06 +3.374419748e-06 -7.899999663e+01 -7.899999663e+01 -3.0490e+00 +1.1716e+00 +4.6136e-01 +4.2039e-01 -3.9062e+00
4633 +1.336744191e-06 +1.336744191e-06 -7.899999866e+01 -7.899999866e+01 -3.0477e+00 +1.1712e+00 +4.6182e-01 +4.2015e-01 -3.9037e+00
4809 +6.015179537e-07 +6.015179537e-07 -7.899999940e+01 -7.899999940e+01 -3.0475e+00 +1.1711e+00 +4.6157e-01 +4.2060e-01 -3.9047e+00
4812 +2.454494421e-07 +2.454494421e-07 -7.899999975e+01 -7.899999975e+01 -3.0484e+00 +1.1710e+00 +4.6181e-01 +4.2005e-01 -3.9048e+00
5362 +1.364102928e-07 +1.364102928e-07 -7.899999986e+01 -7.899999986e+01 -3.0482e+00 +1.1714e+00 +4.6173e-01 +4.1983e-01 -3.9050e+00
5606 +9.707815707e-08 +9.707815707e-08 -7.899999990e+01 -7.899999990e+01 -3.0480e+00 +1.1714e+00 +4.6154e-01 +4.1983e-01 -3.9049e+00
5961 +4.039151236e-08 +4.039151236e-08 -7.899999996e+01 -7.899999996e+01 -3.0480e+00 +1.1710e+00 +4.6152e-01 +4.1991e-01 -3.9048e+00
5989 +1.791649140e-08 +1.791649140e-08 -7.899999998e+01 -7.899999998e+01 -3.0480e+00 +1.1712e+00 +4.6163e-01 +4.2010e-01 -3.9049e+00
6139 +1.189933130e-08 +1.189933130e-08 -7.899999999e+01 -7.899999999e+01 -3.0480e+00 +1.1712e+00 +4.6166e-01 +4.1991e-01 -3.9048e+00
6306 +8.826475550e-09 +8.826475550e-09 -7.899999999e+01 -7.899999999e+01 -3.0480e+00 +1.1712e+00 +4.6155e-01 +4.2004e-01 -3.9047e+00
% function evaluation | noise-free fitness - Fopt (-4.133000000000e+01) | best noise-free fitness - Fopt | measured fitness | best measured fitness | x1 | x2...
1 +7.010376928e+01 +7.010376928e+01 +2.877376928e+01 +2.877376928e+01 -2.8302e+00 +4.3503e+00 -4.4164e-01 +3.5130e+00 +2.7261e+00
4 +5.879066372e+01 +5.879066372e+01 +1.746066372e+01 +1.746066372e+01 +9.8913e-01 +4.9792e+00 +9.5342e-01 -3.5992e+00 -4.5079e-01
12 +2.335210036e+01 +2.335210036e+01 -1.797789964e+01 -1.797789964e+01 -5.8642e-01 -3.8298e+00 +2.8200e+00 -3.1236e+00 +2.4076e+00
17 +5.553811126e+00 +5.553811126e+00 -3.577618887e+01 -3.577618887e+01 -6.3917e-01 -9.4938e-01 -2.7323e+00 -2.1489e+00 +1.9325e+00
117 +3.605840318e+00 +3.605840318e+00 -3.772415968e+01 -3.772415968e+01 -5.9890e-01 -1.5624e+00 -1.8335e+00 -2.2759e+00 +1.5608e+00
348 +2.009522222e+00 +2.009522222e+00 -3.932047778e+01 -3.932047778e+01 +8.4224e-01 -1.0065e+00 -4.1481e-01 -2.7128e+00 +2.6933e+00
385 +1.232748119e+00 +1.232748119e+00 -4.009725188e+01 -4.009725188e+01 +2.4940e-01 -1.2985e+00 -1.6858e+00 -2.2967e+00 +2.6696e+00
488 +9.255728041e-01 +9.255728041e-01 -4.040442720e+01 -4.040442720e+01 -1.7917e-01 -2.0874e+00 -5.8630e-01 -1.4930e+00 +2.5759e+00
712 +3.184241636e-01 +3.184241636e-01 -4.101157584e+01 -4.101157584e+01 +5.6600e-01 -1.6194e+00 -1.3776e+00 -1.7236e+00 +2.7981e+00
804 +1.774017886e-01 +1.774017886e-01 -4.115259821e+01 -4.115259821e+01 +6.3704e-01 -1.5852e+00 -6.9563e-01 -1.4636e+00 +2.8729e+00
1059 +1.102993816e-01 +1.102993816e-01 -4.121970062e+01 -4.121970062e+01 +5.8665e-01 -1.4911e+00 -1.1543e+00 -1.3950e+00 +2.4720e+00
1281 +6.500210982e-02 +6.500210982e-02 -4.126499789e+01 -4.126499789e+01 +6.5957e-01 -1.5471e+00 -9.9650e-01 -1.5384e+00 +2.6999e+00
1284 +3.715856906e-02 +3.715856906e-02 -4.129284143e+01 -4.129284143e+01 +3.1442e-01 -1.4144e+00 -9.2538e-01 -1.4632e+00 +2.5026e+00
1446 +2.146405633e-02 +2.146405633e-02 -4.130853594e+01 -4.130853594e+01 +4.3036e-01 -1.3536e+00 -8.2466e-01 -1.5539e+00 +2.5757e+00
1651 +1.490279355e-02 +1.490279355e-02 -4.131509721e+01 -4.131509721e+01 +4.2366e-01 -1.3846e+00 -8.6316e-01 -1.4776e+00 +2.5554e+00
1891 +9.000218922e-03 +9.000218922e-03 -4.132099978e+01 -4.132099978e+01 +4.1008e-01 -1.3857e+00 -9.5537e-01 -1.5327e+00 +2.6587e+00
2101 +4.329200629e-03 +4.329200629e-03 -4.132567080e+01 -4.132567080e+01 +4.6985e-01 -1.4221e+00 -8.9208e-01 -1.5619e+00 +2.6486e+00
2222 +3.161870276e-03 +3.161870276e-03 -4.132683813e+01 -4.132683813e+01 +4.6249e-01 -1.4805e+00 -9.0342e-01 -1.5526e+00 +2.6460e+00
2536 +2.333158346e-03 +2.333158346e-03 -4.132766684e+01 -4.132766684e+01 +4.1543e-01 -1.4536e+00 -9.2063e-01 -1.5294e+00 +2.6409e+00
2636 +3.251782155e-04 +3.251782155e-04 -4.132967482e+01 -4.132967482e+01 +4.5363e-01 -1.4450e+00 -9.1257e-01 -1.5439e+00 +2.6123e+00
2854 +9.162738095e-05 +9.162738095e-05 -4.132990837e+01 -4.132990837e+01 +4.5363e-01 -1.4514e+00 -9.2634e-01 -1.5269e+00 +2.6040e+00
3752 +3.402814539e-05 +3.402814539e-05 -4.132996597e+01 -4.132996597e+01 +4.5612e-01 -1.4454e+00 -9.2448e-01 -1.5275e+00 +2.6137e+00
4101 +9.726738639e-06 +9.726738639e-06 -4.132999027e+01 -4.132999027e+01 +4.5379e-01 -1.4466e+00 -9.2406e-01 -1.5313e+00 +2.6100e+00
4555 +1.870772600e-06 +1.870772600e-06 -4.132999813e+01 -4.132999813e+01 +4.5355e-01 -1.4485e+00 -9.2501e-01 -1.5325e+00 +2.6124e+00
4705 +1.112828237e-06 +1.112828237e-06 -4.132999889e+01 -4.132999889e+01 +4.5366e-01 -1.4488e+00 -9.2466e-01 -1.5321e+00 +2.6125e+00
5278 +4.097202151e-07 +4.097202151e-07 -4.132999959e+01 -4.132999959e+01 +4.5397e-01 -1.4491e+00 -9.2495e-01 -1.5308e+00 +2.6121e+00
5606 +2.464636850e-07 +2.464636850e-07 -4.132999975e+01 -4.132999975e+01 +4.5371e-01 -1.4491e+00 -9.2515e-01 -1.5311e+00 +2.6120e+00
5756 +1.163840011e-07 +1.163840011e-07 -4.132999988e+01 -4.132999988e+01 +4.5373e-01 -1.4490e+00 -9.2505e-01 -1.5312e+00 +2.6120e+00
6106 +9.845955873e-08 +9.845955873e-08 -4.132999990e+01 -4.132999990e+01 +4.5364e-01 -1.4491e+00 -9.2494e-01 -1.5313e+00 +2.6120e+00
6137 +3.496812440e-08 +3.496812440e-08 -4.132999997e+01 -4.132999997e+01 +4.5360e-01 -1.4488e+00 -9.2478e-01 -1.5312e+00 +2.6122e+00
6356 +1.693812379e-08 +1.693812379e-08 -4.132999998e+01 -4.132999998e+01 +4.5364e-01 -1.4489e+00 -9.2473e-01 -1.5313e+00 +2.6120e+00
6506 +1.254239379e-08 +1.254239379e-08 -4.132999999e+01 -4.132999999e+01 +4.5364e-01 -1.4489e+00 -9.2475e-01 -1.5313e+00 +2.6120e+00
6998 +5.096964628e-09 +5.096964628e-09 -4.132999999e+01 -4.132999999e+01 +4.5362e-01 -1.4488e+00 -9.2482e-01 -1.5312e+00 +2.6120e+00
% function evaluation | noise-free fitness - Fopt (2.127500000000e+02) | best noise-free fitness - Fopt | measured fitness | best measured fitness | x1 | x2...
1 +4.127403012e+01 +4.127403012e+01 +2.540240301e+02 +2.540240301e+02 +2.1584e+00 -3.5586e+00 -2.5510e+00 -1.0653e+00 +2.2944e-01
5 +2.737476454e+01 +2.737476454e+01 +2.401247645e+02 +2.401247645e+02 -4.8177e+00 -4.7152e+00 -3.2558e+00 +2.8519e+00 -3.7917e+00
6 +7.977489453e+00 +7.977489453e+00 +2.207274895e+02 +2.207274895e+02 -3.4065e+00 -9.1127e-01 -4.6316e+00 +1.3035e-02 -2.7565e+00
65 +6.005044349e+00 +6.005044349e+00 +2.187550443e+02 +2.187550443e+02 -3.9668e+00 -3.2159e+00 -4.3778e+00 +1.2992e-01 -1.1960e-01
130 +3.660701517e+00 +3.660701517e+00 +2.164107015e+02 +2.164107015e+02 -4.2477e+00 -3.1768e+00 -2.2493e+00 -6.8336e-01 -2.9210e+00
159 +2.426614437e+00 +2.426614437e+00 +2.151766144e+02 +2.151766144e+02 -4.9620e+00 -3.2422e+00 -2.8553e+00 -2.1084e+00 -1.9199e+00
281 +1.544302156e+00 +1.544302156e+00 +2.142943022e+02 +2.142943022e+02 -4.7094e+00 -2.4062e+00 -3.5801e+00 -1.2486e+00 -8.5670e-01
416 +9.516988417e-01 +9.516988417e-01 +2.137016988e+02 +2.137016988e+02 -4.5945e+00 -2.1347e+00 -3.2818e+00 -1.0461e+00 -1.6704e+00
708 +5.107793859e-01 +5.107793859e-01 +2.132607794e+02 +2.132607794e+02 -4.3137e+00 -2.6766e+00 -3.3997e+00 -1.1761e+00 -2.1863e+00
791 +7.039335094e-02 +7.039335094e-02 +2.128203934e+02 +2.128203934e+02 -4.0060e+00 -2.5377e+00 -3.3566e+00 -1.2825e+00 -1.8225e+00
973 +6.132754849e-02 +6.132754849e-02 +2.128113275e+02 +2.128113275e+02 -3.7597e+00 -2.6664e+00 -3.4360e+00 -1.5021e+00 -1.5076e+00
1063 +3.852535270e-02 +3.852535270e-02 +2.127885254e+02 +2.127885254e+02 -3.8173e+00 -2.7040e+00 -3.3310e+00 -1.2688e+00 -1.5159e+00
1517 +1.612584896e-02 +1.612584896e-02 +2.127661258e+02 +2.127661258e+02 -3.8155e+00 -2.7334e+00 -3.3920e+00 -1.2810e+00 -1.7338e+00
1638 +4.170098974e-03 +4.170098974e-03 +2.127541701e+02 +2.127541701e+02 -3.8230e+00 -2.7142e+00 -3.3292e+00 -1.3574e+00 -1.6534e+00
2067 +3.159423739e-03 +3.159423739e-03 +2.127531594e+02 +2.127531594e+02 -3.8166e+00 -2.7091e+00 -3.3800e+00 -1.3831e+00 -1.6702e+00
2341 +2.003689927e-03 +2.003689927e-03 +2.127520037e+02 +2.127520037e+02 -3.8218e+00 -2.6599e+00 -3.3561e+00 -1.3833e+00 -1.7036e+00
2354 +1.488238638e-03 +1.488238638e-03 +2.127514882e+02 +2.127514882e+02 -3.8679e+00 -2.6684e+00 -3.3642e+00 -1.3420e+00 -1.7021e+00
2503 +7.138192843e-04 +7.138192843e-04 +2.127507138e+02 +2.127507138e+02 -3.8728e+00 -2.6664e+00 -3.3596e+00 -1.3539e+00 -1.6719e+00
2817 +3.115627078e-04 +3.115627078e-04 +2.127503116e+02 +2.127503116e+02 -3.8459e+00 -2.6703e+00 -3.3583e+00 -1.3687e+00 -1.6613e+00
2954 +2.086697290e-04 +2.086697290e-04 +2.127502087e+02 +2.127502087e+02 -3.8602e+00 -2.6700e+00 -3.3551e+00 -1.3605e+00 -1.6836e+00
3322 +1.315918946e-04 +1.315918946e-04 +2.127501316e+02 +2.127501316e+02 -3.8459e+00 -2.6735e+00 -3.3693e+00 -1.3726e+00 -1.6790e+00
3380 +6.550396586e-05 +6.550396586e-05 +2.127500655e+02 +2.127500655e+02 -3.8500e+00 -2.6716e+00 -3.3687e+00 -1.3660e+00 -1.6739e+00
3481 +4.985400255e-05 +4.985400255e-05 +2.127500499e+02 +2.127500499e+02 -3.8528e+00 -2.6714e+00 -3.3610e+00 -1.3617e+00 -1.6828e+00
3522 +3.757891511e-05 +3.757891511e-05 +2.127500376e+02 +2.127500376e+02 -3.8544e+00 -2.6707e+00 -3.3637e+00 -1.3645e+00 -1.6810e+00
3922 +2.182760667e-05 +2.182760667e-05 +2.127500218e+02 +2.127500218e+02 -3.8506e+00 -2.6710e+00 -3.3603e+00 -1.3671e+00 -1.6814e+00
4072 +1.541739221e-05 +1.541739221e-05 +2.127500154e+02 +2.127500154e+02 -3.8511e+00 -2.6711e+00 -3.3607e+00 -1.3666e+00 -1.6808e+00
4106 +2.431927868e-06 +2.431927868e-06 +2.127500024e+02 +2.127500024e+02 -3.8515e+00 -2.6724e+00 -3.3608e+00 -1.3650e+00 -1.6775e+00
4281 +1.390676744e-06 +1.390676744e-06 +2.127500014e+02 +2.127500014e+02 -3.8512e+00 -2.6727e+00 -3.3609e+00 -1.3657e+00 -1.6781e+00
4422 +9.920177888e-07 +9.920177888e-07 +2.127500010e+02 +2.127500010e+02 -3.8512e+00 -2.6723e+00 -3.3616e+00 -1.3657e+00 -1.6773e+00
4736 +4.679159815e-07 +4.679159815e-07 +2.127500005e+02 +2.127500005e+02 -3.8507e+00 -2.6725e+00 -3.3612e+00 -1.3653e+00 -1.6775e+00
4908 +3.745143999e-07 +3.745143999e-07 +2.127500004e+02 +2.127500004e+02 -3.8508e+00 -2.6727e+00 -3.3612e+00 -1.3657e+00 -1.6775e+00
5502 +1.435969921e-07 +1.435969921e-07 +2.127500001e+02 +2.127500001e+02 -3.8507e+00 -2.6726e+00 -3.3615e+00 -1.3656e+00 -1.6776e+00
5986 +9.610275242e-08 +9.610275242e-08 +2.127500001e+02 +2.127500001e+02 -3.8504e+00 -2.6727e+00 -3.3616e+00 -1.3659e+00 -1.6776e+00
6236 +2.988687697e-08 +2.988687697e-08 +2.127500000e+02 +2.127500000e+02 -3.8504e+00 -2.6727e+00 -3.3616e+00 -1.3655e+00 -1.6776e+00
6371 +2.213661787e-08 +2.213661787e-08 +2.127500000e+02 +2.127500000e+02 -3.8504e+00 -2.6727e+00 -3.3617e+00 -1.3656e+00 -1.6777e+00
6552 +1.175803277e-08 +1.175803277e-08 +2.127500000e+02 +2.127500000e+02 -3.8504e+00 -2.6728e+00 -3.3616e+00 -1.3656e+00 -1.6777e+00
6735 +5.791690683e-09 +5.791690683e-09 +2.127500000e+02 +2.127500000e+02 -3.8504e+00 -2.6728e+00 -3.3616e+00 -1.3656e+00 -1.6776e+00
