% function evaluation | noise-free fitness - Fopt (-1.694000000000e+01) | best noise-free fitness - Fopt | measured fitness | best measured fitness | x1 | x2...
1 +5.431012821e+01 +5.431012821e+01 +3.737012821e+01 +3.737012821e+01 -3.3315e+00 -2.1538e-02 +2.7122e+00 +4.6559e+00 +2.7584e+00 -1.3240e+00 -1.0300e+00 +1.4887e+00 +2.2489e+00 -4.6974e+00
4 +2.863897334e+01 +2.863897334e+01 +1.169897334e+01 +1.169897334e+01 +4.3536e+00 +3.0037e-01 -4.6686e-01 +4.3021e-01 +4.1681e+00 -3.8769e+00 -8.6728e-01 -2.0565e+00 +7.3109e-01 +3.8055e+00
13 +2.286464397e+01 +2.286464397e+01 +5.924643967e+00 +5.924643967e+00 +3.4456e+00 +4.3297e-01 -1.2987e+00 -1.3017e+00 +1.5672e+00 -1.1268e+00 -1.2578e+00 -2.4867e+00 +3.7711e-01 -1.7325e+00
20 +1.438275601e+01 +1.438275601e+01 -2.557243985e+00 -2.557243985e+00 +5.0000e+00 +4.4370e+00 -1.8320e+00 +3.7325e+00 +2.2067e+00 -1.7933e+00 +2.3947e+00 -4.1733e-01 +1.2178e+00 +3.2765e+00
40 +7.046215096e+00 +7.046215096e+00 -9.893784904e+00 -9.893784904e+00 +4.2405e+00 +0.0000e+00 +4.2838e-01 +2.9533e+00 +4.0884e+00 -2.0383e+00 +4.4915e+00 -8.6895e-01 +3.6620e-01 -3.3073e-01
66 +5.147874218e+00 +5.147874218e+00 -1.179212578e+01 -1.179212578e+01 +3.3336e+00 +5.7608e-01 -4.4811e-01 +3.9466e-01 +3.2899e+00 -1.4259e+00 +4.4525e+00 -1.7566e+00 +7.2881e-01 -2.2010e+00
106 +3.380319211e+00 +3.380319211e+00 -1.355968079e+01 -1.355968079e+01 +3.8136e+00 +1.8807e+00 -1.4591e+00 +1.6417e-02 +6.9516e-01 -1.3822e+00 +4.3051e+00 -1.9559e+00 +7.0878e-01 -2.0849e+00
146 +2.370115687e+00 +2.370115687e+00 -1.456988431e+01 -1.456988431e+01 +2.8431e+00 +3.0853e+00 -1.8453e-02 +2.9643e+00 +1.6726e-02 -1.4751e+00 +4.0036e+00 -1.5690e+00 +8.1176e-01 -2.8876e+00
432 +1.140855198e+00 +1.140855198e+00 -1.579914480e+01 -1.579914480e+01 +3.0072e+00 +2.7780e+00 +8.4998e-01 +3.0916e+00 +8.7203e-01 -1.4808e+00 +4.3580e+00 -1.3597e+00 +5.0058e-01 -2.9125e+00
788 +9.336447767e-01 +9.336447767e-01 -1.600635522e+01 -1.600635522e+01 +2.9611e+00 +2.7484e+00 +8.1221e-01 +2.9711e+00 +1.0454e+00 -1.4802e+00 +4.2923e+00 -1.3644e+00 +4.4576e-01 -2.9236e+00
2879 +6.183418953e-01 +6.183418953e-01 -1.632165810e+01 -1.632165810e+01 +3.1353e+00 +2.5824e+00 +9.0299e-01 +3.0062e+00 +1.0285e+00 -1.5500e+00 +4.4402e+00 -1.3532e+00 +4.1904e-01 -2.8973e+00
% function evaluation | noise-free fitness - Fopt (1.881000000000e+01) | best noise-free fitness - Fopt | measured fitness | best measured fitness | x1 | x2...
1 +1.453822471e+01 +1.453822471e+01 +3.334822471e+01 +3.334822471e+01 +1.3845e+00 +7.6204e-01 -4.3880e+00 -3.8928e+00 +4.7123e+00 -3.3973e+00 +3.4092e+00 +9.3573e-01 -3.4512e-01 +2.9580e+00
15 +9.795661890e+00 +9.795661890e+00 +2.860566189e+01 +2.860566189e+01 +4.1760e+00 +4.5355e+00 -2.7354e+00 -1.7524e+00 -1.0044e+00 -3.2510e-01 -7.3865e-01 -4.8631e-01 -1.0663e+00 +1.8901e+00
99 +4.939661016e+00 +4.939661016e+00 +2.374966102e+01 +2.374966102e+01 +1.6192e+00 +2.6572e+00 -2.5294e+00 -9.6472e-02 -4.6423e-01 -3.5775e+00 -1.2627e+00 +4.0345e+00 -6.5295e-01 +4.5334e+00
230 +3.647194007e+00 +3.647194007e+00 +2.245719401e+01 +2.245719401e+01 +8.1227e-01 +2.8607e+00 -2.4775e+00 -9.2386e-01 +5.8280e-02 -3.6357e+00 -1.0691e+00 +3.4787e+00 +4.2330e-01 +4.4781e+00
1046 +2.252192644e+00 +2.252192644e+00 +2.106219264e+01 +2.106219264e+01 +5.7248e-01 +2.7555e+00 -1.5851e+00 -1.1000e+00 +5.7321e-01 -3.6883e+00 -1.6898e+00 +3.5045e+00 -1.6374e-01 +4.6879e+00
% function evaluation | noise-free fitness - Fopt (2.731500000000e+02) | best noise-free fitness - Fopt | measured fitness | best measured fitness | x1 | x2...
1 +1.750093112e+01 +1.750093112e+01 +2.906509311e+02 +2.906509311e+02 +4.6224e+00 +1.2652e+00 -2.9790e+00 +2.0028e+00 +5.8267e-01 -4.7727e+00 +3.3502e+00 -1.2268e+00 -1.1437e+00 +4.0982e+00
5 +1.488291584e+01 +1.488291584e+01 +2.880329158e+02 +2.880329158e+02 -1.1246e+00 -2.7190e+00 -4.9955e+00 +6.4333e-01 +3.7124e+00 +2.6010e+00 +2.3235e+00 -1.1215e+00 +1.6483e+00 -3.6264e+00
135 +8.397300460e+00 +8.397300460e+00 +2.815473005e+02 +2.815473005e+02 -3.6494e+00 -8.7041e-01 -5.0000e+00 +1.3684e+00 +2.1696e+00 -1.2145e+00 +6.2104e-01 +2.1802e+00 -2.5953e+00 -2.3121e+00
1081 +6.284547943e+00 +6.284547943e+00 +2.794345479e+02 +2.794345479e+02 -4.6163e+00 -2.3935e-01 -5.0000e+00 +1.4487e+00 +2.3648e+00 -6.1069e-01 +8.0748e-01 +3.0195e+00 -2.3631e+00 -1.6179e+00
7413 +3.932268367e+00 +3.932268367e+00 +2.770822684e+02 +2.770822684e+02 -4.6609e+00 -7.2687e-02 -5.0000e+00 +2.0260e+00 +2.3515e+00 -1.0385e+00 -1.3120e+00 +1.5478e+00 -2.7533e+00 +8.0588e-01
10000 +2.463316944e+00 +2.463316944e+00 +2.756133169e+02 +2.756133169e+02 -3.9019e+00 -1.1010e-01 -5.0000e+00 +2.1506e+00 +2.3355e+00 -1.6589e+00 -1.4281e+00 +1.6552e+00 -2.7609e+00 +5.3095e-01
% function evaluation | noise-free fitness - Fopt (3.718000000000e+01) | best noise-free fitness - Fopt | measured fitness | best measured fitness | x1 | x2...
1 +8.862910581e+00 +8.862910581e+00 +4.604291058e+01 +4.604291058e+01 -2.6704e+00 -1.1629e-01 +4.4359e+00 -1.9737e+00 -4.0782e+00 -2.5186e-02 +2.6335e+00 -4.1814e+00 +2.1237e+00 +2.8454e+00
55 +6.022898802e+00 +6.022898802e+00 +4.320289880e+01 +4.320289880e+01 -3.6563e+00 +4.9889e-01 +4.5828e+00 +2.9014e+00 -4.9377e+00 -2.1650e+00 +2.9691e-01 -4.2099e+00 +1.6737e+00 +1.8933e+00
128 +3.385008631e+00 +3.385008631e+00 +4.056500863e+01 +4.056500863e+01 -2.8886e+00 +3.9892e-01 +2.6825e+00 +2.1219e+00 -4.9981e+00 -5.0326e-01 +1.6407e+00 -4.4012e+00 -4.7791e-01 +4.5381e+00
545 +2.330760295e+00 +2.330760295e+00 +3.951076029e+01 +3.951076029e+01 -3.7476e+00 +3.7936e-01 +1.6966e+00 +2.4170e+00 -4.8038e+00 -1.5820e+00 -9.1042e-01 -4.0629e+00 -5.1611e-01 +4.6968e+00
2569 +1.582147949e+00 +1.582147949e+00 +3.876214795e+01 +3.876214795e+01 -4.1965e+00 +2.4264e+00 +1.7509e+00 +2.4115e+00 -4.7871e+00 -1.7831e+00 +5.0933e-01 -3.3136e+00 -1.8850e+00 +4.3983e+00
33005 +9.975570144e-01 +9.975570144e-01 +3.817755701e+01 +3.817755701e+01 -4.3769e+00 +2.4248e+00 +1.7366e+00 +1.6497e+00 -4.6142e+00 -2.1713e+00 +3.6975e-01 -3.4239e+00 -2.1316e+00 +4.2262e+00
% function evaluation | noise-free fitness - Fopt (-1.479000000000e+02) | best noise-free fitness - Fopt | measured fitness | best measured fitness | x1 | x2...
1 +3.497765334e+01 +3.497765334e+01 -1.129223467e+02 -1.129223467e+02 -2.9408e+00 +2.8486e+00 +2.8307e+00 +2.5877e+00 -4.5965e+00 -3.5840e+00 -2.0251e+00 +3.8367e+00 -1.8002e+00 -6.8050e-01
2 +2.098580787e+01 +2.098580787e+01 -1.269141921e+02 -1.269141921e+02 +4.8153e+00 -4.0696e+00 -3.4209e+00 -2.7771e+00 -4.2458e+00 +1.2797e-02 +3.8352e+00 -3.9469e+00 -1.0854e+00 +4.5993e+00
5 +1.246270270e+01 +1.246270270e+01 -1.354372973e+02 -1.354372973e+02 +1.7257e-01 +2.1438e+00 -1.3050e+00 -1.5190e+00 +4.0340e+00 -2.7040e+00 +3.8155e+00 +2.1684e+00 -2.8583e+00 +1.5111e+00
20 +9.559330131e+00 +9.559330131e+00 -1.383406699e+02 -1.383406699e+02 -2.5703e+00 +1.3415e-01 -4.5002e-01 -1.3575e-01 +4.5068e-01 +3.1632e+00 +9.3418e-01 +8.3115e-01 -5.0000e+00 +2.8789e+00
76 +6.115254642e+00 +6.115254642e+00 -1.417847454e+02 -1.417847454e+02 -2.2801e+00 +1.7975e+00 +3.8148e+00 -1.2253e+00 +3.7597e-01 -4.8930e-01 +1.5462e+00 -2.6396e+00 -1.0407e+00 -1.1759e+00
429 +3.810904417e+00 +3.810904417e+00 -1.440890956e+02 -1.440890956e+02 -2.1407e+00 +7.1644e-01 +2.5733e+00 -1.2533e+00 -6.2327e-01 +9.8895e-01 +1.8815e+00 -3.8391e+00 -7.7646e-01 +1.7895e+00
590 +2.027746927e+00 +2.027746927e+00 -1.458722531e+02 -1.458722531e+02 -2.4180e+00 -1.0342e-01 +2.9280e+00 -1.9316e+00 -2.6916e+00 -3.0658e-01 -8.1169e-01 -3.0334e+00 -2.5242e+00 +7.9973e-01
950 +1.583915475e+00 +1.583915475e+00 -1.463160845e+02 -1.463160845e+02 -2.4215e+00 -3.1572e-01 +2.5349e+00 -2.1151e+00 -3.0164e+00 -2.8962e-01 -7.0685e-01 -3.0085e+00 -2.5146e+00 +8.6148e-01
3394 +9.719352551e-01 +9.719352551e-01 -1.469280647e+02 -1.469280647e+02 -2.5187e+00 -3.2748e-01 +2.4369e+00 -2.0147e+00 -2.9611e+00 -2.7618e-01 -6.9276e-01 -2.6500e+00 -2.2859e+00 +9.2405e-01
7944 +6.230021774e-01 +6.230021774e-01 -1.472769978e+02 -1.472769978e+02 -2.5215e+00 -2.9362e-01 +2.4773e+00 -2.0214e+00 -2.9533e+00 -3.0791e-01 -6.5581e-01 -2.6790e+00 -2.3717e+00 +9.1560e-01
% function evaluation | noise-free fitness - Fopt (-2.218900000000e+02) | best noise-free fitness - Fopt | measured fitness | best measured fitness | x1 | x2...
1 +2.885042170e+01 +2.885042170e+01 -1.930395783e+02 -1.930395783e+02 +1.4386e+00 +1.7624e-01 +4.2463e+00 +3.0333e+00 +8.4639e-01 +4.9484e+00 -9.1503e-01 -3.4298e-01 -3.4356e+00 -1.5450e+00
3 +1.694923797e+01 +1.694923797e+01 -2.049407620e+02 -2.049407620e+02 -2.6696e+00 +6.8671e-02 -1.3202e+00 +3.8112e+00 +3.7573e+00 -9.9485e-02 +3.3196e+00 -1.8053e+00 +7.0277e-02 +2.4523e+00
14 +1.395690838e+01 +1.395690838e+01 -2.079330916e+02 -2.079330916e+02 +3.6434e-01 +4.2239e+00 -2.6365e+00 +2.4892e+00 -4.3512e+00 +5.0000e+00 -1.4884e+00 +1.5205e-01 -8.3568e-01 -2.9461e+00
51 +9.446780996e+00 +9.446780996e+00 -2.124432190e+02 -2.124432190e+02 +1.2821e-01 +3.8684e+00 -1.0614e+00 +2.5552e+00 -3.1750e+00 +5.0000e+00 +3.3641e+00 +8.0155e-01 +1.2934e+00 -3.3907e+00
132 +5.829641771e+00 +5.829641771e+00 -2.160603582e+02 -2.160603582e+02 -3.5902e+00 +2.4171e+00 +6.8368e-01 +2.0037e+00 -3.0971e+00 +4.7474e+00 +2.8581e+00 +4.4016e-01 +9.9186e-01 -1.3290e+00
300 +3.857723440e+00 +3.857723440e+00 -2.180322766e+02 -2.180322766e+02 -5.0000e+00 +2.1496e+00 +1.4450e+00 +1.4204e+00 -3.2269e+00 +4.6069e+00 +4.0959e+00 +1.0022e+00 -4.2861e-01 -1.4465e+00
353 +2.381327628e+00 +2.381327628e+00 -2.195086724e+02 -2.195086724e+02 -5.0000e+00 +1.4137e+00 +1.1665e+00 +1.2274e+00 -2.8102e+00 +4.7223e+00 +2.8162e+00 -2.5374e-02 -2.4653e-01 -1.4675e+00
1470 +1.546359441e+00 +1.546359441e+00 -2.203436406e+02 -2.203436406e+02 -4.9978e+00 +1.1822e+00 +1.3326e+00 +1.2543e+00 -2.2136e+00 +4.5546e+00 +3.0684e+00 -9.6579e-02 -1.4438e-01 -1.4379e+00
% function evaluation | noise-free fitness - Fopt (1.195400000000e+02) | best noise-free fitness - Fopt | measured fitness | best measured fitness | x1 | x2...
1 +5.839354992e+01 +5.839354992e+01 +1.779335499e+02 +1.779335499e+02 -1.4835e-01 +2.5753e+00 +4.0649e+00 +4.5603e+00 -1.9842e+00 +1.5965e+00 +2.7523e+00 +3.7701e+00 +3.1970e+00 +4.4184e+00
3 +3.579809213e+01 +3.579809213e+01 +1.553380921e+02 +1.553380921e+02 -3.2450e+00 +2.6342e+00 -4.0413e+00 +3.3841e+00 +8.8597e-01 +3.1308e+00 -5.3548e-01 +5.4918e-01 +1.6279e+00 +3.5708e+00
5 +1.481402081e+01 +1.481402081e+01 +1.343540208e+02 +1.343540208e+02 -3.2525e-01 +2.3321e+00 +4.6288e+00 -3.4229e-02 -4.3916e-01 -3.5597e+00 +4.1262e+00 +4.6674e+00 +2.6792e+00 -4.6172e-01
38 +9.828424804e+00 +9.828424804e+00 +1.293684248e+02 +1.293684248e+02 -2.2253e+00 +1.6932e-01 -9.0486e-01 -1.0896e+00 -2.0078e+00 -4.0176e+00 +3.1854e+00 +1.9726e+00 +3.7821e-01 -1.2008e+00
97 +6.070425734e+00 +6.070425734e+00 +1.256104257e+02 +1.256104257e+02 -7.9866e-01 +2.5408e+00 -2.4802e+00 -2.0431e+00 +1.1145e+00 -3.7554e+00 +4.5925e+00 +2.6047e+00 +1.5788e-01 -2.9804e+00
277 +3.290313014e+00 +3.290313014e+00 +1.228303130e+02 +1.228303130e+02 -1.0412e+00 -4.2002e-02 -3.7874e-01 +1.4843e+00 +4.3627e-01 -4.1179e+00 +4.1299e+00 +4.4647e+00 -1.2061e+00 -2.6388e+00
738 +2.433808713e+00 +2.433808713e+00 +1.219738087e+02 +1.219738087e+02 -9.2359e-01 -1.6022e-02 -8.3481e-01 +1.5181e+00 -1.1610e-01 -4.1744e+00 +4.3009e+00 +4.3479e+00 -3.0779e-01 -3.4012e+00
3514 +1.548632098e+00 +1.548632098e+00 +1.210886321e+02 +1.210886321e+02 -8.1339e-01 -8.0391e-02 -1.1345e+00 +1.7369e+00 -9.6250e-02 -4.0754e+00 +4.2536e+00 +4.5901e+00 -3.4716e-01 -3.5358e+00
% function evaluation | noise-free fitness - Fopt (6.983000000000e+01) | best noise-free fitness - Fopt | measured fitness | best measured fitness | x1 | x2...
1 +8.234626445e+01 +8.234626445e+01 +1.521762644e+02 +1.521762644e+02 -4.8106e+00 +2.1569e+00 +1.5534e+00 +4.0281e+00 -1.3636e+00 -4.8489e+00 -4.7483e-01 +1.8285e+00 -4.3503e+00 -1.6586e+00
2 +2.176069110e+01 +2.176069110e+01 +9.159069110e+01 +9.159069110e+01 +3.3420e-01 -1.5270e+00 -2.1166e+00 -1.7390e+00 +7.2811e-01 +2.1026e+00 +4.4722e-01 -9.5528e-01 +3.7177e+00 +3.5515e+00
6 +8.152401741e+00 +8.152401741e+00 +7.798240174e+01 +7.798240174e+01 -2.4877e+00 +3.8980e-01 -2.4785e+00 -1.2322e-02 +3.1888e+00 +6.6170e-01 -4.4406e+00 +1.9574e+00 +1.9613e+00 -3.4224e+00
55 +5.813459818e+00 +5.813459818e+00 +7.564345982e+01 +7.564345982e+01 -1.3591e+00 -7.7408e-01 -2.1153e+00 -4.4394e+00 +2.3737e+00 +4.3529e+00 -2.3648e+00 +5.0000e+00 +1.5534e+00 -5.0000e+00
56 +3.819900710e+00 +3.819900710e+00 +7.364990071e+01 +7.364990071e+01 -3.7757e+00 -2.1212e+00 -3.9531e+00 -5.0000e+00 +2.2390e+00 +2.8982e+00 -3.5017e+00 +5.0000e+00 +2.1618e+00 -4.1318e+00
476 +2.363639945e+00 +2.363639945e+00 +7.219363994e+01 +7.219363994e+01 -3.2833e+00 -1.5364e+00 -4.2305e+00 -5.0000e+00 +2.6253e+00 +1.6487e+00 -3.3512e+00 +4.9953e+00 +2.0823e+00 -4.1958e+00
32345 +1.494581514e+00 +1.494581514e+00 +7.132458151e+01 +7.132458151e+01 -3.3342e+00 -9.6758e-01 -4.1923e+00 -4.9929e+00 +2.4456e+00 +1.6843e+00 -3.4791e+00 +4.9962e+00 +1.8523e+00 -5.0000e+00
% function evaluation | noise-free fitness - Fopt (7.000000000000e-02) | best noise-free fitness - Fopt | measured fitness | best measured fitness | x1 | x2...
1 +5.176406197e+01 +5.176406197e+01 +5.183406197e+01 +5.183406197e+01 -4.0330e+00 +1.9157e+00 +4.8210e+00 -2.9721e+00 -3.5712e+00 -6.5245e-01 +2.7689e+00 +2.9423e+00 -3.0134e+00 -3.4854e-01
4 +3.952881220e+01 +3.952881220e+01 +3.959881220e+01 +3.959881220e+01 -5.6563e-01 +1.3592e+00 +7.6442e-02 -4.7496e+00 +3.8158e+00 +3.9993e+00 +2.1286e+00 +2.4240e+00 -3.9354e+00 -2.9967e+00
11 +1.951366221e+01 +1.951366221e+01 +1.958366221e+01 +1.958366221e+01 +9.6703e-01 -3.0843e+00 +3.9401e-01 -5.0000e+00 -2.8985e+00 -1.8635e+00 -1.8534e+00 -2.0577e+00 +1.9866e+00 -5.0000e+00
20 +1.529879789e+01 +1.529879789e+01 +1.536879789e+01 +1.536879789e+01 -2.3600e+00 -2.5989e+00 +5.0000e+00 -5.0000e+00 -2.9415e+00 +1.3259e+00 -2.4712e+00 -3.1649e+00 -4.2355e-01 -2.3376e+00
102 +8.867423730e+00 +8.867423730e+00 +8.937423730e+00 +8.937423730e+00 +3.0206e+00 +3.3492e+00 +5.0000e+00 -3.6642e+00 +2.5891e+00 -6.7543e-01 -1.9942e+00 -4.0526e+00 +2.1869e+00 -2.1996e+00
286 +5.592740209e+00 +5.592740209e+00 +5.662740209e+00 +5.662740209e+00 +5.0000e+00 +2.0327e-03 +4.9649e+00 -2.7848e+00 +3.5702e+00 -1.5207e+00 -1.7525e+00 -2.1954e+00 +4.2928e+00 +5.9328e-01
565 +3.555119165e+00 +3.555119165e+00 +3.625119165e+00 +3.625119165e+00 +4.7563e+00 -1.7219e-01 +4.9834e+00 -2.6899e+00 +3.9603e+00 -1.5055e+00 -1.9040e+00 -1.4205e+00 +4.3069e+00 +9.8189e-01
1595 +2.481077727e+00 +2.481077727e+00 +2.551077727e+00 +2.551077727e+00 +4.7673e+00 -7.2400e-02 +4.9414e+00 -2.7250e+00 +4.2769e+00 -1.0888e+00 -1.8963e+00 -1.5198e+00 +4.3198e+00 +7.6395e-01
% function evaluation | noise-free fitness - Fopt (4.960000000000e+00) | best noise-free fitness - Fopt | measured fitness | best measured fitness | x1 | x2...
1 +6.832460945e+01 +6.832460945e+01 +7.328460945e+01 +7.328460945e+01 -4.3072e+00 +2.9394e+00 +1.9767e-02 -4.3639e+00 +7.3813e-03 +2.8769e+00 +7.5327e-01 -4.8378e+00 +1.2061e+00 +4.6151e+00
2 +5.791707165e+01 +5.791707165e+01 +6.287707165e+01 +6.287707165e+01 +2.6083e+00 +1.6812e+00 +3.3299e+00 -1.0836e+00 +1.8199e+00 +4.5005e+00 -3.9245e+00 -2.9018e+00 -2.5445e-01 -7.0283e-02
3 +2.048654792e+01 +2.048654792e+01 +2.544654792e+01 +2.544654792e+01 +2.3998e+00 +5.3078e-01 +2.2070e+00 -1.1042e+00 -3.0693e+00 -1.8337e+00 +8.3253e-01 +4.6870e+00 +3.6483e+00 -1.6170e+00
14 +1.438987064e+01 +1.438987064e+01 +1.934987064e+01 +1.934987064e+01 +4.9696e-01 +1.8760e+00 +8.7005e-01 -3.1982e+00 -5.0000e+00 -5.3353e-01 +3.6228e-01 +4.0850e+00 +3.3388e+00 +3.3687e+00
54 +8.105182698e+00 +8.105182698e+00 +1.306518270e+01 +1.306518270e+01 -1.5819e+00 +1.1121e+00 -4.8082e-01 -2.4587e+00 -2.8936e+00 -3.5495e+00 -3.0915e-01 +4.7666e+00 -2.7189e+00 -5.0000e+00
69 +5.391492837e+00 +5.391492837e+00 +1.035149284e+01 +1.035149284e+01 +3.2428e+00 -5.6343e-02 -1.6145e+00 -4.5537e+00 -2.7013e+00 -4.4242e+00 +1.2609e+00 +4.9439e+00 -2.6728e+00 -4.8735e+00
103 +3.799493606e+00 +3.799493606e+00 +8.759493606e+00 +8.759493606e+00 +2.1080e+00 +1.1142e+00 -1.9615e+00 -4.5794e+00 -2.0325e+00 -4.5350e+00 +2.7251e+00 +4.8130e+00 -4.1697e+00 -4.7406e+00
358 +2.477755491e+00 +2.477755491e+00 +7.437755491e+00 +7.437755491e+00 +3.0143e+00 +3.6286e-01 -1.8142e+00 -4.3442e+00 -2.4123e+00 -4.0450e+00 +2.3828e+00 +4.7190e+00 -3.1958e+00 -4.7697e+00
1253 +1.456663993e+00 +1.456663993e+00 +6.416663993e+00 +6.416663993e+00 +2.9219e+00 +3.8605e-01 -1.9669e+00 -4.3035e+00 -2.3214e+00 -4.0336e+00 +2.5953e+00 +4.3382e+00 -2.8361e+00 -4.7522e+00
% function evaluation | noise-free fitness - Fopt (1.923000000000e+02) | best noise-free fitness - Fopt | measured fitness | best measured fitness | x1 | x2...
1 +3.306254042e+01 +3.306254042e+01 +2.253625404e+02 +2.253625404e+02 +4.1807e+00 -1.3289e+00 -4.4313e+00 -6.9861e-01 +2.5101e+00 +2.2221e+00 -2.9094e+00 -3.2030e+00 +3.1021e+00 -3.4853e+00
11 +2.307076317e+01 +2.307076317e+01 +2.153707632e+02 +2.153707632e+02 +5.0000e+00 -4.1503e-01 -2.4233e+00 +4.3014e+00 +2.1117e+00 +4.3103e+00 -2.7610e-01 -3.1181e+00 +5.0000e+00 +1.5147e+00
22 +1.326013949e+01 +1.326013949e+01 +2.055601395e+02 +2.055601395e+02 -1.3356e+00 -3.4202e+00 -1.6016e+00 +0.0000e+00 -6.6015e-01 +4.3243e-01 -2.9329e+00 +9.5266e-01 +1.8671e+00 +4.4746e-02
79 +9.442558252e+00 +9.442558252e+00 +2.017425583e+02 +2.017425583e+02 -2.1615e+00 -3.4881e+00 -2.6016e+00 +1.9335e+00 -1.2357e+00 +1.0876e+00 +6.1061e-01 +3.8534e+00 -9.1849e-02 -1.5251e-02
242 +5.624812035e+00 +5.624812035e+00 +1.979248120e+02 +1.979248120e+02 -3.7338e+00 +3.4880e+00 -1.5514e+00 +8.1197e-02 -4.6868e+00 +2.3837e+00 -1.1574e+00 +4.5020e+00 +4.6235e+00 -5.1889e-01
431 +3.610336929e+00 +3.610336929e+00 +1.959103369e+02 +1.959103369e+02 -4.9501e+00 +3.6812e+00 -3.4786e-01 +3.7077e-01 -4.8097e+00 +1.7124e+00 +6.3342e-01 +3.6291e+00 +4.3396e+00 +2.7397e-01
1649 +2.392530158e+00 +2.392530158e+00 +1.946925302e+02 +1.946925302e+02 -4.7625e+00 +3.3228e+00 -2.3474e+00 +1.1804e-01 -4.1871e+00 +1.4348e+00 +6.7160e-01 +2.6422e+00 +4.1239e+00 +6.5733e-01
2361 +1.571753795e+00 +1.571753795e+00 +1.938717538e+02 +1.938717538e+02 -4.3554e+00 +3.6806e+00 -2.4217e+00 +1.0419e-01 -4.4636e+00 +5.4173e-01 +2.5170e-01 +2.3962e+00 +4.6202e+00 +4.4925e-01
3728 +9.593496960e-01 +9.593496960e-01 +1.932593497e+02 +1.932593497e+02 -4.4167e+00 +3.7870e+00 -2.3938e+00 +9.4936e-02 -4.4216e+00 +6.8532e-01 +3.7024e-01 +2.3424e+00 +4.4961e+00 +7.4608e-01
% function evaluation | noise-free fitness - Fopt (4.971000000000e+01) | best noise-free fitness - Fopt | measured fitness | best measured fitness | x1 | x2...
1 +7.317562400e+01 +7.317562400e+01 +1.228856240e+02 +1.228856240e+02 +3.6747e+00 +2.9624e+00 +2.1965e+00 -1.0927e-01 -4.0833e+00 +3.5467e+00 +5.5603e-01 +1.0225e+00 +3.1125e+00 -3.0817e+00
2 +4.024400950e+01 +4.024400950e+01 +8.995400950e+01 +8.995400950e+01 +4.7665e+00 +6.8120e-01 +8.4944e-01 +5.3550e-01 +4.0822e+00 +6.9913e-01 -2.0473e+00 -3.1596e+00 -2.0049e+00 +3.1626e+00
3 +3.911023558e+01 +3.911023558e+01 +8.882023558e+01 +8.882023558e+01 +2.5225e+00 +3.7754e-01 -2.6338e+00 +1.5032e+00 -4.3065e+00 -4.4897e+00 -4.8816e+00 +1.2335e+00 +3.0765e+00 +2.7651e+00
6 +1.289729694e+01 +1.289729694e+01 +6.260729694e+01 +6.260729694e+01 +3.3052e+00 -2.6609e+00 -4.8203e+00 +6.5721e-01 -2.6674e+00 +3.8080e+00 -1.5781e+00 -3.5434e+00 +1.4686e+00 -4.1977e-01
27 +6.608281330e+00 +6.608281330e+00 +5.631828133e+01 +5.631828133e+01 +3.4035e+00 -3.9876e-01 +3.4377e-01 -6.9351e-01 -1.0195e+00 +4.6147e+00 -4.4909e+00 -7.2081e-01 -4.8563e-01 +1.7209e+00
31 +6.174596197e+00 +6.174596197e+00 +5.588459620e+01 +5.588459620e+01 +3.2413e+00 -4.7712e+00 -2.8744e+00 +6.0570e-01 +1.3656e+00 +3.0736e+00 -5.0000e+00 -8.5637e-01 -1.8160e+00 +4.3211e+00
326 +3.658236894e+00 +3.658236894e+00 +5.336823689e+01 +5.336823689e+01 +2.9384e+00 -4.9207e+00 -2.0982e+00 +1.9095e+00 +6.6615e-01 +2.5656e+00 -4.3909e+00 -4.7435e-01 +1.4388e-01 +3.3186e+00
719 +2.347257508e+00 +2.347257508e+00 +5.205725751e+01 +5.205725751e+01 +2.9894e+00 -4.6910e+00 -1.4517e+00 +1.4281e+00 -5.1375e-01 +2.5433e+00 -3.8612e+00 +1.7302e-01 -1.1001e+00 +4.8982e+00
1050 +1.499245596e+00 +1.499245596e+00 +5.120924560e+01 +5.120924560e+01 +3.2128e+00 -4.7375e+00 -1.4181e+00 +1.6047e+00 +1.3883e-01 +2.9368e+00 -3.8330e+00 +2.3020e-02 -4.2609e-01 +4.8312e+00
1329 +9.645849906e-01 +9.645849906e-01 +5.067458499e+01 +5.067458499e+01 +3.7218e+00 -4.9179e+00 -1.3737e+00 +1.6219e+00 +1.2326e-01 +2.8386e+00 -3.8369e+00 +7.0122e-02 -5.2687e-01 +4.8351e+00
3491 +6.295066232e-01 +6.295066232e-01 +5.033950662e+01 +5.033950662e+01 +3.7593e+00 -4.1224e+00 -1.5158e+00 +1.4892e+00 +2.5548e-01 +3.0230e+00 -3.8050e+00 -5.6144e-02 -3.9570e-01 +4.7251e+00
4729 +3.944842337e-01 +3.944842337e-01 +5.010448423e+01 +5.010448423e+01 +3.7532e+00 -4.1580e+00 -1.5331e+00 +1.4188e+00 +2.3877e-01 +2.9412e+00 -3.8018e+00 -8.8665e-02 -4.0690e-01 +4.7116e+00
% function evaluation | noise-free fitness - Fopt (2.051200000000e+02) | best noise-free fitness - Fopt | measured fitness | best measured fitness | x1 | x2...
1 +2.054290062e+01 +2.054290062e+01 +2.256629006e+02 +2.256629006e+02 -1.8752e+00 +1.4603e+00 -1.5738e+00 -4.3738e+00 -8.0443e-01 -1.3218e+00 +1.5458e+00 -2.5973e+00 +3.7804e+00 -4.3225e+00
21 +1.341311810e+01 +1.341311810e+01 +2.185331181e+02 +2.185331181e+02 -3.8740e-01 +1.4510e+00 -3.8085e+00 -4.1075e-01 -1.6324e+00 +1.3405e+00 +2.1370e+00 -1.7364e+00 +2.7416e+00 +3.5663e+00
51 +7.865188748e+00 +7.865188748e+00 +2.129851887e+02 +2.129851887e+02 -3.5398e+00 +5.0000e+00 -5.0000e+00 +0.0000e+00 -4.0697e+00 +3.8638e+00 +3.8467e+00 -7.7663e-01 +3.1613e+00 +3.0239e+00
85 +5.480497511e+00 +5.480497511e+00 +2.106004975e+02 +2.106004975e+02 -3.5602e+00 +3.7766e+00 -4.6276e+00 -5.9560e-01 -2.2100e+00 +9.8482e-01 +2.6329e+00 +2.0776e+00 +5.0000e+00 +9.9686e-01
183 +3.269662040e+00 +3.269662040e+00 +2.083896620e+02 +2.083896620e+02 -2.0107e+00 +3.7635e+00 -4.9427e+00 -4.1093e+00 -2.2231e+00 +2.3800e+00 +2.9566e+00 +1.8527e+00 +4.6349e+00 +1.2928e+00
559 +2.506510729e+00 +2.506510729e+00 +2.076265107e+02 +2.076265107e+02 -9.0091e-01 +2.9987e+00 -4.7959e+00 -2.9336e+00 -2.0087e+00 +2.1569e+00 +3.0924e+00 +2.0394e+00 +4.2539e+00 +3.7644e+00
6538 +1.569195065e+00 +1.569195065e+00 +2.066891951e+02 +2.066891951e+02 -1.0865e+00 +3.1784e+00 -4.7933e+00 -2.9664e+00 -2.5016e+00 +2.2019e+00 +3.0796e+00 +4.7759e+00 +4.2872e+00 +3.8013e+00
15401 +8.998379010e-01 +8.998379010e-01 +2.060198379e+02 +2.060198379e+02 -1.3530e+00 +3.0987e+00 -4.1500e+00 -2.5666e+00 -2.2344e+00 +1.8719e+00 +2.9573e+00 +4.2521e+00 +4.3904e+00 +3.4651e+00
17948 +6.296913317e-01 +6.296913317e-01 +2.057496913e+02 +2.057496913e+02 -1.4637e+00 +3.2074e+00 -4.0887e+00 -2.7166e+00 -2.3224e+00 +1.9650e+00 +2.9609e+00 +4.2498e+00 +4.3907e+00 +3.4658e+00
% function evaluation | noise-free fitness - Fopt (-1.729000000000e+02) | best noise-free fitness - Fopt | measured fitness | best measured fitness | x1 | x2...
1 +3.176464354e+01 +3.176464354e+01 -1.411353565e+02 -1.411353565e+02 -1.8007e-02 -4.2133e+00 -3.5853e+00 -4.6401e+00 -9.1329e-01 +7.8643e-01 -4.7635e+00 +7.9864e-01 +2.2620e+00 +8.8076e-01
2 +1.789153271e+01 +1.789153271e+01 -1.550084673e+02 -1.550084673e+02 +2.2306e+00 +4.6936e+00 +4.2185e+00 +3.7932e+00 +1.0864e+00 -1.6294e+00 -1.4780e+00 -5.7211e-02 +6.9630e-01 -4.1662e-01
11 +1.269563210e+01 +1.269563210e+01 -1.602043679e+02 -1.602043679e+02 -2.9678e-01 -2.1459e+00 -3.1106e+00 -4.9318e+00 -1.8295e-01 -4.1968e-01 +2.3647e-01 +4.7733e+00 -1.3896e+00 -3.6036e-01
74 +9.904807504e+00 +9.904807504e+00 -1.629951925e+02 -1.629951925e+02 -1.3592e+00 +9.6096e-01 +0.0000e+00 -5.0000e+00 -5.0000e+00 -3.7052e+00 +1.2763e+00 +5.0000e+00 +5.1354e-01 +1.5640e+00
230 +5.648439441e+00 +5.648439441e+00 -1.672515606e+02 -1.672515606e+02 -6.5552e-01 -1.1872e+00 +3.1369e+00 -2.4634e+00 -4.2026e+00 -1.3804e+00 -8.7842e-01 -1.5036e+00 -1.0939e+00 +4.2787e+00
331 +3.766741015e+00 +3.766741015e+00 -1.691332590e+02 -1.691332590e+02 -2.0734e+00 -1.0169e+00 +2.3221e+00 -4.3062e+00 -3.0225e+00 -6.0724e-01 -5.1530e-01 +2.7956e-02 -1.9242e+00 +1.2744e+00
436 +2.236647871e+00 +2.236647871e+00 -1.706633521e+02 -1.706633521e+02 -2.9894e+00 -1.8594e+00 +3.3908e+00 -2.7763e+00 -3.3239e+00 -1.7749e+00 +1.2939e+00 +1.3342e+00 -3.9987e+00 +1.0963e+00
846 +1.462382813e+00 +1.462382813e+00 -1.714376172e+02 -1.714376172e+02 -2.3179e+00 -2.0038e+00 +3.3122e+00 -3.7744e+00 -3.4477e+00 -1.5340e+00 +1.2252e-01 +1.1336e+00 -3.9299e+00 +1.7701e+00
989 +8.938367012e-01 +8.938367012e-01 -1.720061633e+02 -1.720061633e+02 -2.5960e+00 -1.3586e+00 +3.5746e+00 -3.6836e+00 -3.6377e+00 -1.3440e+00 +9.3033e-01 +1.0933e+00 -3.7878e+00 +1.7440e+00
1183 +6.281162293e-01 +6.281162293e-01 -1.722718838e+02 -1.722718838e+02 -2.9099e+00 -1.1371e+00 +3.5181e+00 -3.0625e+00 -3.5515e+00 -1.1575e+00 +9.1597e-01 +1.2404e+00 -3.8139e+00 +1.7941e+00
2130 +3.736609600e-01 +3.736609600e-01 -1.725263390e+02 -1.725263390e+02 -2.9980e+00 -1.1600e+00 +3.8961e+00 -3.6932e+00 -3.4546e+00 -1.1464e+00 +1.0997e+00 +1.2855e+00 -3.7381e+00 +1.3660e+00
2573 +2.487540428e-01 +2.487540428e-01 -1.726512460e+02 -1.726512460e+02 -2.8462e+00 -1.1760e+00 +3.8494e+00 -3.6632e+00 -3.5287e+00 -1.1043e+00 +9.3162e-01 +1.2987e+00 -3.7331e+00 +1.5060e+00
4357 +1.560488677e-01 +1.560488677e-01 -1.727439511e+02 -1.727439511e+02 -3.1013e+00 -8.8066e-01 +3.8457e+00 -3.5494e+00 -3.5293e+00 -1.1131e+00 +8.3469e-01 +1.3138e+00 -3.7408e+00 +1.5105e+00
5093 +9.510282950e-02 +9.510282950e-02 -1.728048972e+02 -1.728048972e+02 -3.0208e+00 -9.3069e-01 +3.8449e+00 -3.5497e+00 -3.5297e+00 -1.1126e+00 +8.2312e-01 +1.2714e+00 -3.7437e+00 +1.5144e+00
5639 +6.190254483e-02 +6.190254483e-02 -1.728380975e+02 -1.728380975e+02 -3.0338e+00 -9.3700e-01 +3.8466e+00 -3.5503e+00 -3.5292e+00 -1.1112e+00 +8.3173e-01 +1.2642e+00 -3.7417e+00 +1.5131e+00
% function evaluation | noise-free fitness - Fopt (-3.506200000000e+02) | best noise-free fitness - Fopt | measured fitness | best measured fitness | x1 | x2...
1 +3.558856490e+01 +3.558856490e+01 -3.150314351e+02 -3.150314351e+02 -4.1196e+00 +4.1162e+00 +3.6486e+00 +3.9968e+00 +4.6012e-01 +1.7413e+00 +2.6598e+00 +4.1083e+00 -1.5765e+00 -4.7103e-01
2 +1.674528424e+01 +1.674528424e+01 -3.338747158e+02 -3.338747158e+02 +8.6797e-01 +4.0091e+00 -4.2024e+00 +2.8548e+00 +3.5403e+00 +4.9869e+00 -1.4949e+00 +4.3025e+00 +1.2614e+00 -1.0550e+00
22 +1.548516292e+01 +1.548516292e+01 -3.351348371e+02 -3.351348371e+02 +1.7791e+00 +4.5535e+00 -4.9862e+00 +2.3601e+00 +4.8990e+00 +3.2464e+00 +1.1150e+00 -9.6768e-01 +1.3038e+00 +2.9992e+00
71 +8.723308093e+00 +8.723308093e+00 -3.418966919e+02 -3.418966919e+02 -8.2459e-01 -1.6242e+00 +2.5274e+00 -2.2039e+00 +4.3157e-01 +4.4676e+00 +6.9302e-02 +2.9061e+00 +9.3502e-01 +3.9584e+00
154 +6.142558986e+00 +6.142558986e+00 -3.444774410e+02 -3.444774410e+02 -4.2168e-01 -4.6922e+00 +2.5455e+00 -2.1540e+00 -1.0257e+00 +4.9053e+00 +6.1059e-01 +2.8687e+00 -7.5667e-02 +2.7181e+00
203 +3.155027306e+00 +3.155027306e+00 -3.474649727e+02 -3.474649727e+02 +1.3581e-01 -4.9393e+00 +1.2030e+00 -2.5962e+00 -1.0732e-01 +4.9851e+00 -1.4821e-01 +3.9374e+00 +1.1917e-01 +2.6468e+00
698 +2.436105223e+00 +2.436105223e+00 -3.481838948e+02 -3.481838948e+02 -4.0013e-01 -4.9002e+00 +1.2962e+00 -2.4767e+00 -9.9181e-01 +4.9901e+00 -1.7030e-01 +3.9917e+00 +5.5666e-02 +2.6616e+00
3838 +1.584181000e+00 +1.584181000e+00 -3.490358190e+02 -3.490358190e+02 -3.5239e-01 -4.8485e+00 +1.2394e+00 -2.5049e+00 -9.1620e-01 +4.9885e+00 -1.3334e-01 +3.9187e+00 +5.6906e-02 +2.5870e+00
