% function evaluation | noise-free fitness - Fopt (-2.098800000000e+02) | best noise-free fitness - Fopt | measured fitness | best measured fitness | x1 | x2...
1 +1.198549172e+07 +1.198549172e+07 +1.198528184e+07 +1.198528184e+07 +4.9522e+00 +3.9885e+00
3 +3.217124308e+05 +3.217124308e+05 +3.215025508e+05 +3.215025508e+05 +1.2725e+00 -1.5905e-01
14 +2.128850892e+05 +2.128850892e+05 +2.126752092e+05 +2.126752092e+05 +7.9168e-02 -7.0337e-03
29 +1.257809497e+05 +1.257809497e+05 +1.255710697e+05 +1.255710697e+05 +4.4218e+00 +8.0674e-01
42 +6.489600328e+03 +6.489600328e+03 +6.279720328e+03 +6.279720328e+03 +6.8861e-01 +3.6048e-01
97 +1.658530447e+02 +1.658530447e+02 -4.402695530e+01 -4.402695530e+01 -1.2897e-02 +4.3525e-01
109 +1.881964113e+00 +1.881964113e+00 -2.079980359e+02 -2.079980359e+02 +0.0000e+00 +4.4846e-01
1360 +4.455022326e-01 +4.455022326e-01 -2.094344978e+02 -2.094344978e+02 +1.4228e+00 +4.4863e-01
1804 +2.055507055e-01 +2.055507055e-01 -2.096744493e+02 -2.096744493e+02 +1.6436e+00 +4.4817e-01
2156 +7.622545120e-02 +7.622545120e-02 -2.098037745e+02 -2.098037745e+02 +1.3545e+00 +4.4774e-01
2232 +5.659353830e-02 +5.659353830e-02 -2.098234065e+02 -2.098234065e+02 +1.4170e+00 +4.4811e-01
2761 +3.066057519e-02 +3.066057519e-02 -2.098493394e+02 -2.098493394e+02 +1.3235e+00 +4.4787e-01
2767 +1.776518915e-02 +1.776518915e-02 -2.098622348e+02 -2.098622348e+02 +1.0806e+00 +4.4798e-01
3142 +9.035142209e-03 +9.035142209e-03 -2.098709649e+02 -2.098709649e+02 +1.2882e+00 +4.4806e-01
3301 +6.191982569e-03 +6.191982569e-03 -2.098738080e+02 -2.098738080e+02 +1.1238e+00 +4.4798e-01
3356 +3.384723155e-04 +3.384723155e-04 -2.098796615e+02 -2.098796615e+02 +1.2253e+00 +4.4799e-01
3747 +2.108597445e-05 +2.108597445e-05 -2.098799789e+02 -2.098799789e+02 +1.2083e+00 +4.4800e-01
4382 +1.525560509e-05 +1.525560509e-05 -2.098799847e+02 -2.098799847e+02 +1.2036e+00 +4.4800e-01
4741 +8.362063113e-06 +8.362063113e-06 -2.098799916e+02 -2.098799916e+02 +1.2090e+00 +4.4800e-01
5342 +3.929713046e-06 +3.929713046e-06 -2.098799961e+02 -2.098799961e+02 +1.2076e+00 +4.4800e-01
5382 +1.605116836e-06 +1.605116836e-06 -2.098799984e+02 -2.098799984e+02 +1.2061e+00 +4.4800e-01
5741 +1.249999315e-06 +1.249999315e-06 -2.098799988e+02 -2.098799988e+02 +1.2063e+00 +4.4800e-01
5781 +8.976931554e-07 +8.976931554e-07 -2.098799991e+02 -2.098799991e+02 +1.2070e+00 +4.4800e-01
5981 +5.803008776e-07 +5.803008776e-07 -2.098799994e+02 -2.098799994e+02 +1.2071e+00 +4.4800e-01
6171 +3.453935165e-07 +3.453935165e-07 -2.098799997e+02 -2.098799997e+02 +1.2073e+00 +4.4800e-01
6261 +2.133699581e-07 +2.133699581e-07 -2.098799998e+02 -2.098799998e+02 +1.2074e+00 +4.4800e-01
6301 +9.135851542e-08 +9.135851542e-08 -2.098799999e+02 -2.098799999e+02 +1.2074e+00 +4.4800e-01
6341 +5.433702199e-08 +5.433702199e-08 -2.098799999e+02 -2.098799999e+02 +1.2074e+00 +4.4800e-01
6702 +1.179546416e-08 +1.179546416e-08 -2.098800000e+02 -2.098800000e+02 +1.2073e+00 +4.4800e-01
6976 +2.894523732e-09 +2.894523732e-09 -2.098800000e+02 -2.098800000e+02 +1.2072e+00 +4.4800e-01
% function evaluation | noise-free fitness - Fopt (-9.209000000000e+01) | best noise-free fitness - Fopt | measured fitness | best measured fitness | x1 | x2...
1 +3.510297493e+07 +3.510297493e+07 +3.510288284e+07 +3.510288284e+07 +1.8415e+00 -3.6568e+00
2 +1.574714470e+07 +1.574714470e+07 +1.574705261e+07 +1.574705261e+07 +1.5476e+00 -1.3355e+00
3 +3.738880526e+06 +3.738880526e+06 +3.738788436e+06 +3.738788436e+06 +3.9535e-01 +4.5883e+00
5 +3.320550980e+05 +3.320550980e+05 +3.319630080e+05 +3.319630080e+05 -2.2269e-01 +2.0019e+00
9 +3.670994062e+02 +3.670994062e+02 +2.750094062e+02 +2.750094062e+02 -1.7975e+00 +2.6027e+00
329 +2.601856504e+01 +2.601856504e+01 -6.607143496e+01 -6.607143496e+01 -1.1494e+00 +2.6259e+00
712 +1.194394744e+01 +1.194394744e+01 -8.014605256e+01 -8.014605256e+01 +3.3877e+00 +2.6194e+00
803 +7.886138538e+00 +7.886138538e+00 -8.420386146e+01 -8.420386146e+01 +2.6470e+00 +2.6236e+00
1009 +2.698746112e+00 +2.698746112e+00 -8.939125389e+01 -8.939125389e+01 -4.8293e-01 +2.6206e+00
1188 +1.644767468e+00 +1.644767468e+00 -9.044523253e+01 -9.044523253e+01 -1.4059e-01 +2.6206e+00
1410 +1.483734564e+00 +1.483734564e+00 -9.060626544e+01 -9.060626544e+01 +1.7378e+00 +2.6223e+00
1672 +2.235778766e-01 +2.235778766e-01 -9.186642212e+01 -9.186642212e+01 +1.2067e+00 +2.6216e+00
2043 +1.414134960e-01 +1.414134960e-01 -9.194858650e+01 -9.194858650e+01 +3.9845e-01 +2.6218e+00
2049 +1.409060195e-02 +1.409060195e-02 -9.207590940e+01 -9.207590940e+01 +7.6320e-01 +2.6215e+00
2896 +4.096596409e-03 +4.096596409e-03 -9.208590340e+01 -9.208590340e+01 +6.6709e-01 +2.6216e+00
3325 +3.040247281e-03 +3.040247281e-03 -9.208695975e+01 -9.208695975e+01 +7.1632e-01 +2.6215e+00
3327 +5.860996847e-04 +5.860996847e-04 -9.208941390e+01 -9.208941390e+01 +7.3543e-01 +2.6216e+00
3575 +2.715660226e-04 +2.715660226e-04 -9.208972843e+01 -9.208972843e+01 +7.2898e-01 +2.6216e+00
3654 +1.257633411e-04 +1.257633411e-04 -9.208987424e+01 -9.208987424e+01 +7.3574e-01 +2.6216e+00
3894 +8.413341288e-05 +8.413341288e-05 -9.208991587e+01 -9.208991587e+01 +7.3452e-01 +2.6216e+00
4324 +3.759407265e-05 +3.759407265e-05 -9.208996241e+01 -9.208996241e+01 +7.2486e-01 +2.6216e+00
4414 +1.826152038e-05 +1.826152038e-05 -9.208998174e+01 -9.208998174e+01 +7.2445e-01 +2.6216e+00
4534 +4.383327095e-06 +4.383327095e-06 -9.208999562e+01 -9.208999562e+01 +7.2742e-01 +2.6216e+00
4654 +1.192537312e-06 +1.192537312e-06 -9.208999881e+01 -9.208999881e+01 +7.2517e-01 +2.6216e+00
4734 +9.135596599e-07 +9.135596599e-07 -9.208999909e+01 -9.208999909e+01 +7.2642e-01 +2.6216e+00
5134 +2.841993023e-07 +2.841993023e-07 -9.208999972e+01 -9.208999972e+01 +7.2613e-01 +2.6216e+00
5694 +5.107793299e-09 +5.107793299e-09 -9.208999999e+01 -9.208999999e+01 +7.2560e-01 +2.6216e+00
% function evaluation | noise-free fitness - Fopt (-8.789000000000e+01) | best noise-free fitness - Fopt | measured fitness | best measured fitness | x1 | x2...
1 +3.691728251e+06 +3.691728251e+06 +3.691640361e+06 +3.691640361e+06 -2.8526e+00 +1.7866e+00
2 +1.205779612e+06 +1.205779612e+06 +1.205691722e+06 +1.205691722e+06 -3.9412e-02 +4.6976e+00
17 +1.402033487e+05 +1.402033487e+05 +1.401154587e+05 +1.401154587e+05 -3.0082e+00 +4.0382e+00
21 +7.854457192e+04 +7.854457192e+04 +7.845668192e+04 +7.845668192e+04 -4.9693e+00 +3.3662e+00
26 +3.405544228e+04 +3.405544228e+04 +3.396755228e+04 +3.396755228e+04 -1.8536e+00 +3.4690e+00
77 +8.957084721e+02 +8.957084721e+02 +8.078184721e+02 +8.078184721e+02 +7.5524e-01 +3.6163e+00
172 +2.029389162e+02 +2.029389162e+02 +1.150489162e+02 +1.150489162e+02 -6.6881e-01 +3.6597e+00
306 +1.153979857e+02 +1.153979857e+02 +2.750798570e+01 +2.750798570e+01 -1.3633e-01 +3.6563e+00
559 +8.507066075e+01 +8.507066075e+01 -2.819339245e+00 -2.819339245e+00 -2.1869e-01 +3.6358e+00
822 +6.936559008e+00 +6.936559008e+00 -8.095344099e+01 -8.095344099e+01 +3.0908e-01 +3.6485e+00
1137 +4.798418498e+00 +4.798418498e+00 -8.309158150e+01 -8.309158150e+01 +5.7766e-01 +3.6433e+00
1642 +9.545687924e-01 +9.545687924e-01 -8.693543121e+01 -8.693543121e+01 +4.2277e-01 +3.6446e+00
1698 +1.225197791e-02 +1.225197791e-02 -8.787774802e+01 -8.787774802e+01 +1.4911e-01 +3.6457e+00
2762 +9.078290594e-03 +9.078290594e-03 -8.788092171e+01 -8.788092171e+01 +2.4511e-01 +3.6455e+00
3216 +3.035526745e-03 +3.035526745e-03 -8.788696447e+01 -8.788696447e+01 +2.6321e-01 +3.6456e+00
3496 +1.732735578e-03 +1.732735578e-03 -8.788826726e+01 -8.788826726e+01 +2.1075e-01 +3.6456e+00
3648 +7.017155689e-05 +7.017155689e-05 -8.788992983e+01 -8.788992983e+01 +2.4715e-01 +3.6456e+00
3882 +5.116151351e-05 +5.116151351e-05 -8.788994884e+01 -8.788994884e+01 +2.4141e-01 +3.6456e+00
4570 +1.670042111e-05 +1.670042111e-05 -8.788998330e+01 -8.788998330e+01 +2.3837e-01 +3.6456e+00
4650 +6.379939776e-06 +6.379939776e-06 -8.788999362e+01 -8.788999362e+01 +2.3752e-01 +3.6456e+00
4746 +2.126182750e-07 +2.126182750e-07 -8.788999979e+01 -8.788999979e+01 +2.3896e-01 +3.6456e+00
5540 +9.303528259e-08 +9.303528259e-08 -8.788999991e+01 -8.788999991e+01 +2.3891e-01 +3.6456e+00
5700 +3.438613305e-08 +3.438613305e-08 -8.788999997e+01 -8.788999997e+01 +2.3901e-01 +3.6456e+00
6300 +1.918094483e-08 +1.918094483e-08 -8.788999998e+01 -8.788999998e+01 +2.3934e-01 +3.6456e+00
6420 +3.555896910e-09 +3.555896910e-09 -8.789000000e+01 -8.789000000e+01 +2.3914e-01 +3.6456e+00
% function evaluation | noise-free fitness - Fopt (3.201900000000e+02) | best noise-free fitness - Fopt | measured fitness | best measured fitness | x1 | x2...
1 +2.111777919e+06 +2.111777919e+06 +2.112098109e+06 +2.112098109e+06 -4.1883e+00 -8.1989e-01
6 +4.870664416e+05 +4.870664416e+05 +4.873866316e+05 +4.873866316e+05 +2.0891e+00 -1.6848e+00
11 +2.381332072e+04 +2.381332072e+04 +2.413351072e+04 +2.413351072e+04 +4.9089e+00 -2.2027e+00
32 +9.316765637e+02 +9.316765637e+02 +1.251866564e+03 +1.251866564e+03 +8.6881e-01 -2.3905e+00
337 +4.061357506e+01 +4.061357506e+01 +3.608035751e+02 +3.608035751e+02 +0.0000e+00 -2.3674e+00
628 +1.914884723e+00 +1.914884723e+00 +3.221048847e+02 +3.221048847e+02 +1.5167e-01 -2.3596e+00
1226 +8.605745994e-01 +8.605745994e-01 +3.210505746e+02 +3.210505746e+02 +2.4980e-01 -2.3602e+00
1289 +4.643994796e-02 +4.643994796e-02 +3.202364399e+02 +3.202364399e+02 -3.7774e-01 -2.3606e+00
2302 +1.161833865e-02 +1.161833865e-02 +3.202016183e+02 +3.202016183e+02 -3.6937e-01 -2.3609e+00
2996 +2.004451133e-03 +2.004451133e-03 +3.201920045e+02 +3.201920045e+02 -4.0794e-01 -2.3608e+00
3196 +1.268058052e-03 +1.268058052e-03 +3.201912681e+02 +3.201912681e+02 -4.1749e-01 -2.3608e+00
3794 +6.038053008e-04 +6.038053008e-04 +3.201906038e+02 +3.201906038e+02 -4.1610e-01 -2.3608e+00
4394 +2.791978001e-04 +2.791978001e-04 +3.201902792e+02 +3.201902792e+02 -4.1852e-01 -2.3608e+00
4480 +4.495565258e-05 +4.495565258e-05 +3.201900450e+02 +3.201900450e+02 -4.3978e-01 -2.3608e+00
4493 +4.005539608e-06 +4.005539608e-06 +3.201900040e+02 +3.201900040e+02 -4.3402e-01 -2.3608e+00
5238 +8.093680322e-07 +8.093680322e-07 +3.201900008e+02 +3.201900008e+02 -4.3203e-01 -2.3608e+00
6434 +5.396943834e-07 +5.396943834e-07 +3.201900005e+02 +3.201900005e+02 -4.3354e-01 -2.3608e+00
7074 +3.815636660e-07 +3.815636660e-07 +3.201900004e+02 +3.201900004e+02 -4.3335e-01 -2.3608e+00
7680 +2.113515620e-07 +2.113515620e-07 +3.201900002e+02 +3.201900002e+02 -4.3245e-01 -2.3608e+00
7714 +8.179421229e-08 +8.179421229e-08 +3.201900001e+02 +3.201900001e+02 -4.3262e-01 -2.3608e+00
7874 +4.030982836e-08 +4.030982836e-08 +3.201900000e+02 +3.201900000e+02 -4.3301e-01 -2.3608e+00
7914 +2.440003755e-08 +2.440003755e-08 +3.201900000e+02 +3.201900000e+02 -4.3289e-01 -2.3608e+00
7920 +3.535433279e-09 +3.535433279e-09 +3.201900000e+02 +3.201900000e+02 -4.3283e-01 -2.3608e+00
% function evaluation | noise-free fitness - Fopt (-1.042400000000e+02) | best noise-free fitness - Fopt | measured fitness | best measured fitness | x1 | x2...
1 +2.481074607e+06 +2.481074607e+06 +2.480970367e+06 +2.480970367e+06 +1.9589e+00 -2.2094e+00
2 +8.161115081e+05 +8.161115081e+05 +8.160072681e+05 +8.160072681e+05 -7.4175e-01 -4.8506e+00
4 +9.172914456e+03 +9.172914456e+03 +9.068674456e+03 +9.068674456e+03 +2.8077e+00 -3.8284e+00
44 +3.258995350e+02 +3.258995350e+02 +2.216595350e+02 +2.216595350e+02 +1.3582e+00 -3.9378e+00
146 +9.939123465e+00 +9.939123465e+00 -9.430087654e+01 -9.430087654e+01 +3.6032e+00 -3.9204e+00
246 +3.326542079e+00 +3.326542079e+00 -1.009134579e+02 -1.009134579e+02 +4.8953e-01 -3.9182e+00
662 +2.282034272e+00 +2.282034272e+00 -1.019579657e+02 -1.019579657e+02 +1.6473e+00 -3.9206e+00
923 +8.905918251e-01 +8.905918251e-01 -1.033494082e+02 -1.033494082e+02 +1.2118e+00 -3.9194e+00
935 +4.323829597e-01 +4.323829597e-01 -1.038076170e+02 -1.038076170e+02 +9.1665e-02 -3.9205e+00
1098 +2.568321314e-01 +2.568321314e-01 -1.039831679e+02 -1.039831679e+02 +2.2169e-01 -3.9204e+00
1454 +1.456485628e-01 +1.456485628e-01 -1.040943514e+02 -1.040943514e+02 +2.5383e-02 -3.9200e+00
1458 +1.295610873e-02 +1.295610873e-02 -1.042270439e+02 -1.042270439e+02 +4.2681e-01 -3.9199e+00
1658 +5.550568551e-03 +5.550568551e-03 -1.042344494e+02 -1.042344494e+02 +3.7583e-01 -3.9201e+00
2018 +2.066535961e-03 +2.066535961e-03 -1.042379335e+02 -1.042379335e+02 +4.1838e-01 -3.9200e+00
2338 +8.157115280e-04 +8.157115280e-04 -1.042391843e+02 -1.042391843e+02 +4.1807e-01 -3.9200e+00
3614 +5.888929776e-04 +5.888929776e-04 -1.042394111e+02 -1.042394111e+02 +3.8543e-01 -3.9200e+00
3698 +1.846616499e-04 +1.846616499e-04 -1.042398153e+02 -1.042398153e+02 +3.9874e-01 -3.9200e+00
3805 +3.685042704e-05 +3.685042704e-05 -1.042399631e+02 -1.042399631e+02 +3.9363e-01 -3.9200e+00
3925 +1.067244055e-05 +1.067244055e-05 -1.042399893e+02 -1.042399893e+02 +3.9372e-01 -3.9200e+00
4005 +9.821845879e-07 +9.821845879e-07 -1.042399990e+02 -1.042399990e+02 +3.9416e-01 -3.9200e+00
4085 +3.781873659e-08 +3.781873659e-08 -1.042400000e+02 -1.042400000e+02 +3.9419e-01 -3.9200e+00
6258 +8.240661487e-09 +8.240661487e-09 -1.042400000e+02 -1.042400000e+02 +3.9432e-01 -3.9200e+00
% function evaluation | noise-free fitness - Fopt (-3.570000000000e+01) | best noise-free fitness - Fopt | measured fitness | best measured fitness | x1 | x2...
1 +3.246145773e+07 +3.246145773e+07 +3.246142203e+07 +3.246142203e+07 -3.6715e+00 -4.3731e+00
2 +7.273211695e+05 +7.273211695e+05 +7.272854695e+05 +7.272854695e+05 -3.8568e+00 +2.5506e+00
3 +1.286378327e+05 +1.286378327e+05 +1.286021327e+05 +1.286021327e+05 +2.3289e+00 +2.0018e+00
24 +5.999855209e+04 +5.999855209e+04 +5.996285209e+04 +5.996285209e+04 -2.8557e+00 +1.3904e+00
50 +2.919154930e+04 +2.919154930e+04 +2.915584930e+04 +2.915584930e+04 -3.4090e+00 +1.8072e+00
51 +1.947458807e+04 +1.947458807e+04 +1.943888807e+04 +1.943888807e+04 +3.2235e+00 +1.5033e+00
83 +1.301736204e+04 +1.301736204e+04 +1.298166204e+04 +1.298166204e+04 +3.6490e+00 +1.5227e+00
104 +4.120682093e+03 +4.120682093e+03 +4.084982093e+03 +4.084982093e+03 +5.0000e+00 +1.7057e+00
106 +4.664407464e+02 +4.664407464e+02 +4.307407464e+02 +4.307407464e+02 +3.0749e+00 +1.6570e+00
586 +3.383559747e+02 +3.383559747e+02 +3.026559747e+02 +3.026559747e+02 +5.0000e+00 +1.6535e+00
604 +2.149037274e+02 +2.149037274e+02 +1.792037274e+02 +1.792037274e+02 +1.8629e+00 +1.6222e+00
746 +5.228278391e+01 +5.228278391e+01 +1.658278391e+01 +1.658278391e+01 +4.3217e+00 +1.6388e+00
1149 +3.657395179e+01 +3.657395179e+01 +8.739517943e-01 +8.739517943e-01 +3.4569e+00 +1.6380e+00
1370 +8.050808473e+00 +8.050808473e+00 -2.764919153e+01 -2.764919153e+01 +5.1696e-01 +1.6355e+00
1808 +8.275940880e-01 +8.275940880e-01 -3.487240591e+01 -3.487240591e+01 -1.7035e+00 +1.6368e+00
2139 +5.631035657e-01 +5.631035657e-01 -3.513689643e+01 -3.513689643e+01 -2.1001e+00 +1.6368e+00
2584 +1.751655699e-01 +1.751655699e-01 -3.552483443e+01 -3.552483443e+01 -1.8098e+00 +1.6358e+00
2621 +1.087219443e-02 +1.087219443e-02 -3.568912781e+01 -3.568912781e+01 -2.2830e+00 +1.6361e+00
3264 +4.407554617e-03 +4.407554617e-03 -3.569559245e+01 -3.569559245e+01 -2.1940e+00 +1.6361e+00
3424 +3.057165271e-03 +3.057165271e-03 -3.569694283e+01 -3.569694283e+01 -2.2341e+00 +1.6360e+00
3464 +3.072475935e-04 +3.072475935e-04 -3.569969275e+01 -3.569969275e+01 -2.1821e+00 +1.6360e+00
3784 +6.887729351e-05 +6.887729351e-05 -3.569993112e+01 -3.569993112e+01 -2.1903e+00 +1.6360e+00
4104 +4.406553529e-05 +4.406553529e-05 -3.569995593e+01 -3.569995593e+01 -2.1925e+00 +1.6360e+00
4304 +4.921129893e-06 +4.921129893e-06 -3.569999508e+01 -3.569999508e+01 -2.2006e+00 +1.6360e+00
4546 +2.678861044e-06 +2.678861044e-06 -3.569999732e+01 -3.569999732e+01 -2.1979e+00 +1.6360e+00
4784 +8.498186759e-07 +8.498186759e-07 -3.569999915e+01 -3.569999915e+01 -2.1993e+00 +1.6360e+00
4864 +5.327944024e-07 +5.327944024e-07 -3.569999947e+01 -3.569999947e+01 -2.1976e+00 +1.6360e+00
5064 +2.412027129e-07 +2.412027129e-07 -3.569999976e+01 -3.569999976e+01 -2.1987e+00 +1.6360e+00
5264 +1.135354211e-08 +1.135354211e-08 -3.569999999e+01 -3.569999999e+01 -2.1985e+00 +1.6360e+00
7189 +4.663284869e-09 +4.663284869e-09 -3.570000000e+01 -3.570000000e+01 -2.1985e+00 +1.6360e+00
% function evaluation | noise-free fitness - Fopt (2.070000000000e+01) | best noise-free fitness - Fopt | measured fitness | best measured fitness | x1 | x2...
1 +3.707557663e+07 +3.707557663e+07 +3.707559733e+07 +3.707559733e+07 -1.7869e+00 +3.9981e+00
2 +1.927538585e+07 +1.927538585e+07 +1.927540655e+07 +1.927540655e+07 +2.7996e+00 +2.3598e+00
3 +2.496140558e+06 +2.496140558e+06 +2.496161258e+06 +2.496161258e+06 -9.7472e-01 -3.4716e+00
5 +3.644163718e+03 +3.644163718e+03 +3.664863718e+03 +3.664863718e+03 -1.5593e+00 -1.9651e+00
53 +5.276696907e+02 +5.276696907e+02 +5.483696907e+02 +5.483696907e+02 -6.5877e-01 -2.0034e+00
217 +4.610319564e+01 +4.610319564e+01 +6.680319564e+01 +6.680319564e+01 +4.9981e-02 -2.0314e+00
499 +7.262329516e+00 +7.262329516e+00 +2.796232952e+01 +2.796232952e+01 -8.8739e-01 -2.0259e+00
1530 +5.766281933e+00 +5.766281933e+00 +2.646628193e+01 +2.646628193e+01 -1.1899e+00 -2.0254e+00
1684 +2.249660986e+00 +2.249660986e+00 +2.294966099e+01 +2.294966099e+01 -2.2831e+00 -2.0248e+00
1764 +1.115681963e+00 +1.115681963e+00 +2.181568196e+01 +2.181568196e+01 -2.6927e+00 -2.0248e+00
1885 +7.851810667e-01 +7.851810667e-01 +2.148518107e+01 +2.148518107e+01 -2.6273e+00 -2.0251e+00
2311 +2.772104785e-01 +2.772104785e-01 +2.097721048e+01 +2.097721048e+01 -2.9599e+00 -2.0258e+00
2410 +1.790974062e-02 +1.790974062e-02 +2.071790974e+01 +2.071790974e+01 -3.4651e+00 -2.0255e+00
2892 +8.433754601e-03 +8.433754601e-03 +2.070843375e+01 +2.070843375e+01 -3.4738e+00 -2.0255e+00
3573 +5.557395133e-03 +5.557395133e-03 +2.070555740e+01 +2.070555740e+01 -3.4058e+00 -2.0255e+00
3871 +3.833142566e-03 +3.833142566e-03 +2.070383314e+01 +2.070383314e+01 -3.4385e+00 -2.0255e+00
4004 +1.257414193e-03 +1.257414193e-03 +2.070125741e+01 +2.070125741e+01 -3.4596e+00 -2.0256e+00
4099 +7.244972962e-04 +7.244972962e-04 +2.070072450e+01 +2.070072450e+01 -3.4633e+00 -2.0256e+00
4481 +2.450681545e-04 +2.450681545e-04 +2.070024507e+01 +2.070024507e+01 -3.4551e+00 -2.0256e+00
4699 +1.310613954e-04 +1.310613954e-04 +2.070013106e+01 +2.070013106e+01 -3.4649e+00 -2.0256e+00
4734 +5.534174423e-05 +5.534174423e-05 +2.070005534e+01 +2.070005534e+01 -3.4623e+00 -2.0256e+00
4899 +3.069288090e-05 +3.069288090e-05 +2.070003069e+01 +2.070003069e+01 -3.4560e+00 -2.0256e+00
4979 +9.189907157e-06 +9.189907157e-06 +2.070000919e+01 +2.070000919e+01 -3.4560e+00 -2.0256e+00
5059 +2.693647343e-06 +2.693647343e-06 +2.070000269e+01 +2.070000269e+01 -3.4559e+00 -2.0256e+00
5414 +3.950554976e-07 +3.950554976e-07 +2.070000040e+01 +2.070000040e+01 -3.4539e+00 -2.0256e+00
5934 +1.813677990e-07 +1.813677990e-07 +2.070000018e+01 +2.070000018e+01 -3.4545e+00 -2.0256e+00
6054 +6.386569851e-08 +6.386569851e-08 +2.070000006e+01 +2.070000006e+01 -3.4541e+00 -2.0256e+00
6059 +2.958364576e-08 +2.958364576e-08 +2.070000003e+01 +2.070000003e+01 -3.4542e+00 -2.0256e+00
6494 +5.018357285e-09 +5.018357285e-09 +2.070000001e+01 +2.070000001e+01 -3.4543e+00 -2.0256e+00
% function evaluation | noise-free fitness - Fopt (3.807000000000e+01) | best noise-free fitness - Fopt | measured fitness | best measured fitness | x1 | x2...
1 +5.598533991e+06 +5.598533991e+06 +5.598572061e+06 +5.598572061e+06 -3.4357e+00 +3.0837e+00
5 +3.008571886e+06 +3.008571886e+06 +3.008609956e+06 +3.008609956e+06 +2.6428e+00 -7.7343e-01
12 +2.587873222e+04 +2.587873222e+04 +2.591680222e+04 +2.591680222e+04 +1.6364e+00 +6.8779e-01
13 +3.647694768e+03 +3.647694768e+03 +3.685764768e+03 +3.685764768e+03 +4.1118e+00 +7.7450e-01
40 +1.814260437e+03 +1.814260437e+03 +1.852330437e+03 +1.852330437e+03 +2.9272e+00 +7.9951e-01
91 +2.508326936e+02 +2.508326936e+02 +2.889026936e+02 +2.889026936e+02 +4.1178e-01 +8.2387e-01
141 +1.206281207e+02 +1.206281207e+02 +1.586981207e+02 +1.586981207e+02 +2.8893e+00 +8.5019e-01
223 +9.403286404e+01 +9.403286404e+01 +1.321028640e+02 +1.321028640e+02 +2.3876e+00 +8.4878e-01
536 +1.881759354e+01 +1.881759354e+01 +5.688759354e+01 +5.688759354e+01 -1.4894e+00 +8.4023e-01
959 +7.647011111e+00 +7.647011111e+00 +4.571701111e+01 +4.571701111e+01 +1.5442e+00 +8.3664e-01
985 +2.839053945e+00 +2.839053945e+00 +4.090905395e+01 +4.090905395e+01 +2.8929e+00 +8.3750e-01
1191 +6.041009553e-01 +6.041009553e-01 +3.867410096e+01 +3.867410096e+01 +2.6731e+00 +8.3839e-01
1219 +1.596113654e-01 +1.596113654e-01 +3.822961137e+01 +3.822961137e+01 +2.5581e+00 +8.3955e-01
2510 +4.752293880e-02 +4.752293880e-02 +3.811752294e+01 +3.811752294e+01 +2.6370e+00 +8.3939e-01
2606 +1.429881969e-02 +1.429881969e-02 +3.808429882e+01 +3.808429882e+01 +2.8087e+00 +8.3916e-01
3350 +3.204399543e-03 +3.204399543e-03 +3.807320440e+01 +3.807320440e+01 +2.7127e+00 +8.3926e-01
3390 +1.381119911e-03 +1.381119911e-03 +3.807138112e+01 +3.807138112e+01 +2.6686e+00 +8.3919e-01
3510 +9.216061329e-04 +9.216061329e-04 +3.807092161e+01 +3.807092161e+01 +2.6890e+00 +8.3923e-01
3590 +4.649937865e-04 +4.649937865e-04 +3.807046499e+01 +3.807046499e+01 +2.6821e+00 +8.3921e-01
4130 +1.382615268e-04 +1.382615268e-04 +3.807013826e+01 +3.807013826e+01 +2.6940e+00 +8.3919e-01
5150 +6.171273707e-05 +6.171273707e-05 +3.807006171e+01 +3.807006171e+01 +2.6950e+00 +8.3920e-01
5227 +3.013757574e-05 +3.013757574e-05 +3.807003014e+01 +3.807003014e+01 +2.7046e+00 +8.3921e-01
5302 +2.393522441e-05 +2.393522441e-05 +3.807002394e+01 +3.807002394e+01 +2.6991e+00 +8.3920e-01
5460 +7.668153245e-06 +7.668153245e-06 +3.807000767e+01 +3.807000767e+01 +2.7039e+00 +8.3920e-01
5944 +3.439674181e-06 +3.439674181e-06 +3.807000344e+01 +3.807000344e+01 +2.7035e+00 +8.3920e-01
6026 +2.408975234e-06 +2.408975234e-06 +3.807000241e+01 +3.807000241e+01 +2.7036e+00 +8.3920e-01
6184 +4.973029419e-07 +4.973029419e-07 +3.807000050e+01 +3.807000050e+01 +2.7028e+00 +8.3920e-01
6186 +2.817611247e-07 +2.817611247e-07 +3.807000028e+01 +3.807000028e+01 +2.7036e+00 +8.3920e-01
6836 +2.351303081e-07 +2.351303081e-07 +3.807000024e+01 +3.807000024e+01 +2.7028e+00 +8.3920e-01
7086 +1.217648133e-07 +1.217648133e-07 +3.807000012e+01 +3.807000012e+01 +2.7035e+00 +8.3920e-01
7276 +9.616503860e-08 +9.616503860e-08 +3.807000010e+01 +3.807000010e+01 +2.7030e+00 +8.3920e-01
7516 +5.412899640e-08 +5.412899640e-08 +3.807000005e+01 +3.807000005e+01 +2.7030e+00 +8.3920e-01
7556 +1.360357516e-08 +1.360357516e-08 +3.807000001e+01 +3.807000001e+01 +2.7031e+00 +8.3920e-01
7756 +6.672671304e-09 +6.672671304e-09 +3.807000001e+01 +3.807000001e+01 +2.7032e+00 +8.3920e-01
% function evaluation | noise-free fitness - Fopt (-4.542000000000e+01) | best noise-free fitness - Fopt | measured fitness | best measured fitness | x1 | x2...
1 +6.342526718e+06 +6.342526718e+06 +6.342481298e+06 +6.342481298e+06 -3.9971e+00 +2.4703e+00
2 +3.307947168e+05 +3.307947168e+05 +3.307492968e+05 +3.307492968e+05 +6.0663e-01 -5.1979e-01
18 +9.632367332e+04 +9.632367332e+04 +9.627825332e+04 +9.627825332e+04 -1.6570e+00 +3.9985e-01
20 +3.674073080e+03 +3.674073080e+03 +3.628653080e+03 +3.628653080e+03 +6.1945e-01 +1.6034e-01
104 +4.894926702e+01 +4.894926702e+01 +3.529267018e+00 +3.529267018e+00 +2.9186e+00 +1.0549e-01
341 +2.862549909e+01 +2.862549909e+01 -1.679450091e+01 -1.679450091e+01 +2.9423e+00 +1.0396e-01
622 +1.710734653e+00 +1.710734653e+00 -4.370926535e+01 -4.370926535e+01 +2.9752e+00 +9.9723e-02
1010 +7.724451307e-01 +7.724451307e-01 -4.464755487e+01 -4.464755487e+01 +4.0256e+00 +9.8872e-02
1355 +5.182575433e-01 +5.182575433e-01 -4.490174246e+01 -4.490174246e+01 +3.9798e+00 +9.8406e-02
1850 +1.568519358e-01 +1.568519358e-01 -4.526314806e+01 -4.526314806e+01 +3.6219e+00 +9.8330e-02
1995 +1.151391950e-02 +1.151391950e-02 -4.540848608e+01 -4.540848608e+01 +3.3071e+00 +9.8420e-02
2515 +4.184245044e-03 +4.184245044e-03 -4.541581575e+01 -4.541581575e+01 +3.2669e+00 +9.8424e-02
2635 +3.038885197e-03 +3.038885197e-03 -4.541696111e+01 -4.541696111e+01 +3.2468e+00 +9.8441e-02
2795 +2.103576565e-03 +2.103576565e-03 -4.541789642e+01 -4.541789642e+01 +3.2295e+00 +9.8440e-02
3035 +1.567427492e-03 +1.567427492e-03 -4.541843257e+01 -4.541843257e+01 +3.1820e+00 +9.8429e-02
3595 +9.750698854e-04 +9.750698854e-04 -4.541902493e+01 -4.541902493e+01 +3.2245e+00 +9.8427e-02
3635 +5.585636057e-04 +5.585636057e-04 -4.541944144e+01 -4.541944144e+01 +3.2164e+00 +9.8423e-02
3675 +3.705951734e-04 +3.705951734e-04 -4.541962940e+01 -4.541962940e+01 +3.2100e+00 +9.8419e-02
3766 +8.621086643e-05 +8.621086643e-05 -4.541991379e+01 -4.541991379e+01 +3.2012e+00 +9.8394e-02
3875 +6.234459225e-05 +6.234459225e-05 -4.541993766e+01 -4.541993766e+01 +3.2007e+00 +9.8397e-02
4631 +3.973430636e-05 +3.973430636e-05 -4.541996027e+01 -4.541996027e+01 +3.2023e+00 +9.8400e-02
4688 +1.128655556e-05 +1.128655556e-05 -4.541998871e+01 -4.541998871e+01 +3.2065e+00 +9.8403e-02
4824 +8.649511713e-06 +8.649511713e-06 -4.541999135e+01 -4.541999135e+01 +3.2064e+00 +9.8398e-02
5288 +6.212324884e-06 +6.212324884e-06 -4.541999379e+01 -4.541999379e+01 +3.2086e+00 +9.8403e-02
5355 +3.807867948e-06 +3.807867948e-06 -4.541999619e+01 -4.541999619e+01 +3.2091e+00 +9.8402e-02
5435 +6.878170353e-07 +6.878170353e-07 -4.541999931e+01 -4.541999931e+01 +3.2088e+00 +9.8401e-02
5448 +3.538049498e-08 +3.538049498e-08 -4.541999996e+01 -4.541999996e+01 +3.2086e+00 +9.8400e-02
6208 +3.222595524e-10 +3.222595524e-10 -4.542000000e+01 -4.542000000e+01 +3.2088e+00 +9.8400e-02
% function evaluation | noise-free fitness - Fopt (6.695000000000e+01) | best noise-free fitness - Fopt | measured fitness | best measured fitness | x1 | x2...
1 +3.168174399e+07 +3.168174399e+07 +3.168181094e+07 +3.168181094e+07 -4.0444e+00 -4.5411e+00
2 +1.459438761e+07 +1.459438761e+07 +1.459445456e+07 +1.459445456e+07 -3.3201e+00 -2.4296e+00
4 +3.104347869e+06 +3.104347869e+06 +3.104414819e+06 +3.104414819e+06 +2.7670e+00 -2.6191e-01
8 +1.935684289e+06 +1.935684289e+06 +1.935751239e+06 +1.935751239e+06 -2.4627e+00 +1.0231e-01
11 +5.866454822e+05 +5.866454822e+05 +5.867124322e+05 +5.867124322e+05 +3.5290e+00 +2.2274e+00
24 +1.711775921e+05 +1.711775921e+05 +1.712445421e+05 +1.712445421e+05 +2.1776e+00 +9.8320e-01
39 +4.411793061e+04 +4.411793061e+04 +4.418488061e+04 +4.418488061e+04 -3.1857e+00 +1.1770e+00
103 +4.468074730e+03 +4.468074730e+03 +4.535024730e+03 +4.535024730e+03 -4.6698e+00 +1.4570e+00
129 +1.267276440e+03 +1.267276440e+03 +1.334226440e+03 +1.334226440e+03 -4.1145e+00 +1.4222e+00
191 +2.038843009e+02 +2.038843009e+02 +2.708343009e+02 +2.708343009e+02 +2.0662e+00 +1.3702e+00
374 +4.983237704e+01 +4.983237704e+01 +1.167823770e+02 +1.167823770e+02 -5.0000e+00 +1.3898e+00
567 +1.038573968e+01 +1.038573968e+01 +7.733573968e+01 +7.733573968e+01 +1.6535e+00 +1.3816e+00
870 +4.242705769e+00 +4.242705769e+00 +7.119270577e+01 +7.119270577e+01 -8.2191e-02 +1.3859e+00
1544 +2.035279543e-02 +2.035279543e-02 +6.697035280e+01 +6.697035280e+01 -6.4250e-01 +1.3839e+00
2326 +1.501825182e-02 +1.501825182e-02 +6.696501825e+01 +6.696501825e+01 -6.0593e-01 +1.3841e+00
2845 +9.279623244e-03 +9.279623244e-03 +6.695927962e+01 +6.695927962e+01 -5.2493e-01 +1.3841e+00
2846 +5.623489559e-03 +5.623489559e-03 +6.695562349e+01 +6.695562349e+01 -6.2111e-01 +1.3840e+00
3010 +6.010917782e-04 +6.010917782e-04 +6.695060109e+01 +6.695060109e+01 -5.2373e-01 +1.3840e+00
3170 +2.454276512e-04 +2.454276512e-04 +6.695024543e+01 +6.695024543e+01 -5.4687e-01 +1.3840e+00
3530 +2.213354701e-05 +2.213354701e-05 +6.695002213e+01 +6.695002213e+01 -5.3649e-01 +1.3840e+00
3970 +1.448221505e-05 +1.448221505e-05 +6.695001448e+01 +6.695001448e+01 -5.4088e-01 +1.3840e+00
4290 +9.023881361e-06 +9.023881361e-06 +6.695000902e+01 +6.695000902e+01 -5.4205e-01 +1.3840e+00
4330 +4.575175012e-06 +4.575175012e-06 +6.695000458e+01 +6.695000458e+01 -5.4134e-01 +1.3840e+00
4370 +2.574700588e-06 +2.574700588e-06 +6.695000257e+01 +6.695000257e+01 -5.4078e-01 +1.3840e+00
4410 +1.118038099e-06 +1.118038099e-06 +6.695000112e+01 +6.695000112e+01 -5.4034e-01 +1.3840e+00
4450 +9.104559098e-07 +9.104559098e-07 +6.695000091e+01 +6.695000091e+01 -5.3999e-01 +1.3840e+00
4690 +5.704374075e-07 +5.704374075e-07 +6.695000057e+01 +6.695000057e+01 -5.4010e-01 +1.3840e+00
5170 +3.970497033e-07 +3.970497033e-07 +6.695000040e+01 +6.695000040e+01 -5.4020e-01 +1.3840e+00
5500 +4.467155179e-08 +4.467155179e-08 +6.695000004e+01 +6.695000004e+01 -5.4097e-01 +1.3840e+00
5770 +3.147039251e-08 +3.147039251e-08 +6.695000003e+01 +6.695000003e+01 -5.4092e-01 +1.3840e+00
6010 +2.268032517e-08 +2.268032517e-08 +6.695000002e+01 +6.695000002e+01 -5.4071e-01 +1.3840e+00
6640 +2.473313998e-09 +2.473313998e-09 +6.695000000e+01 +6.695000000e+01 -5.4083e-01 +1.3840e+00
% function evaluation | noise-free fitness - Fopt (5.832000000000e+01) | best noise-free fitness - Fopt | measured fitness | best measured fitness | x1 | x2...
1 +5.913915063e+07 +5.913915063e+07 +5.913920895e+07 +5.913920895e+07 +7.1936e-01 +4.0897e+00
3 +1.231734600e+04 +1.231734600e+04 +1.237566600e+04 +1.237566600e+04 +5.2561e-01 -3.4079e+00
128 +4.272615503e+03 +4.272615503e+03 +4.330935503e+03 +4.330935503e+03 +3.0084e+00 -3.3685e+00
132 +1.827965876e+02 +1.827965876e+02 +2.411165876e+02 +2.411165876e+02 +4.6980e+00 -3.3101e+00
134 +4.530688955e+01 +4.530688955e+01 +1.036268895e+02 +1.036268895e+02 -8.5505e-01 -3.2921e+00
446 +3.779358764e+01 +3.779358764e+01 +9.611358764e+01 +9.611358764e+01 +1.0184e+00 -3.2909e+00
928 +1.400934993e+01 +1.400934993e+01 +7.232934993e+01 +7.232934993e+01 +2.7412e-02 -3.2961e+00
1048 +8.844668813e+00 +8.844668813e+00 +6.716466881e+01 +6.716466881e+01 +6.8248e-01 -3.2971e+00
1568 +5.815233372e+00 +5.815233372e+00 +6.413523337e+01 +6.413523337e+01 +1.2203e+00 -3.2967e+00
1677 +1.937397398e+00 +1.937397398e+00 +6.025739740e+01 +6.025739740e+01 +2.4238e+00 -3.2968e+00
1755 +5.679366723e-01 +5.679366723e-01 +5.888793667e+01 +5.888793667e+01 +3.7820e+00 -3.2976e+00
1797 +6.642437369e-02 +6.642437369e-02 +5.838642437e+01 +5.838642437e+01 +3.9619e+00 -3.2968e+00
1957 +4.044746005e-03 +4.044746005e-03 +5.832404475e+01 +5.832404475e+01 +3.6365e+00 -3.2968e+00
2633 +8.778033204e-04 +8.778033204e-04 +5.832087780e+01 +5.832087780e+01 +3.6820e+00 -3.2968e+00
3193 +2.223096768e-04 +2.223096768e-04 +5.832022231e+01 +5.832022231e+01 +3.7186e+00 -3.2968e+00
3313 +4.629540000e-05 +4.629540000e-05 +5.832004630e+01 +5.832004630e+01 +3.7069e+00 -3.2968e+00
3837 +2.768894566e-05 +2.768894566e-05 +5.832002769e+01 +5.832002769e+01 +3.7079e+00 -3.2968e+00
4035 +2.262611864e-05 +2.262611864e-05 +5.832002263e+01 +5.832002263e+01 +3.7088e+00 -3.2968e+00
4273 +1.581302186e-06 +1.581302186e-06 +5.832000158e+01 +5.832000158e+01 +3.7068e+00 -3.2968e+00
4875 +4.907192306e-07 +4.907192306e-07 +5.832000049e+01 +5.832000049e+01 +3.7062e+00 -3.2968e+00
5355 +3.034061535e-08 +3.034061535e-08 +5.832000003e+01 +5.832000003e+01 +3.7058e+00 -3.2968e+00
5715 +8.983533917e-09 +8.983533917e-09 +5.832000001e+01 +5.832000001e+01 +3.7056e+00 -3.2968e+00
% function evaluation | noise-free fitness - Fopt (1.932700000000e+02) | best noise-free fitness - Fopt | measured fitness | best measured fitness | x1 | x2...
1 +2.422558886e+06 +2.422558886e+06 +2.422752156e+06 +2.422752156e+06 +4.2030e+00 -4.7628e+00
6 +8.995226253e+05 +8.995226253e+05 +8.997158953e+05 +8.997158953e+05 +5.5335e-02 -4.3026e+00
13 +1.788936854e+05 +1.788936854e+05 +1.790869554e+05 +1.790869554e+05 +4.8715e+00 -2.8934e+00
24 +3.434773876e+04 +3.434773876e+04 +3.454100876e+04 +3.454100876e+04 +2.7862e+00 -3.5167e+00
42 +6.447418288e+03 +6.447418288e+03 +6.640688288e+03 +6.640688288e+03 +1.1534e+00 -3.2566e+00
70 +4.197739160e+03 +4.197739160e+03 +4.391009160e+03 +4.391009160e+03 +3.2817e-02 -3.2683e+00
102 +2.796210680e+01 +2.796210680e+01 +2.212321068e+02 +2.212321068e+02 -2.6782e+00 -3.3369e+00
476 +6.037259364e+00 +6.037259364e+00 +1.993072594e+02 +1.993072594e+02 +4.3156e+00 -3.3387e+00
1182 +2.114020621e+00 +2.114020621e+00 +1.953840206e+02 +1.953840206e+02 +3.1672e+00 -3.3384e+00
1336 +6.519517085e-01 +6.519517085e-01 +1.939219517e+02 +1.939219517e+02 +2.6465e+00 -3.3387e+00
1437 +9.693921497e-02 +9.693921497e-02 +1.933669392e+02 +1.933669392e+02 +2.2121e+00 -3.3389e+00
1577 +3.493247480e-02 +3.493247480e-02 +1.933049325e+02 +1.933049325e+02 +1.9228e+00 -3.3393e+00
1659 +6.347808407e-03 +6.347808407e-03 +1.932763478e+02 +1.932763478e+02 +2.0263e+00 -3.3393e+00
2337 +5.775007446e-03 +5.775007446e-03 +1.932757750e+02 +1.932757750e+02 +1.9857e+00 -3.3391e+00
2697 +3.912370836e-03 +3.912370836e-03 +1.932739124e+02 +1.932739124e+02 +1.9726e+00 -3.3392e+00
2937 +2.307948300e-03 +2.307948300e-03 +1.932723079e+02 +1.932723079e+02 +1.9957e+00 -3.3392e+00
3375 +4.348262511e-04 +4.348262511e-04 +1.932704348e+02 +1.932704348e+02 +2.0593e+00 -3.3392e+00
3417 +1.238985876e-04 +1.238985876e-04 +1.932701239e+02 +1.932701239e+02 +2.0284e+00 -3.3392e+00
3497 +4.293652566e-05 +4.293652566e-05 +1.932700429e+02 +1.932700429e+02 +2.0351e+00 -3.3392e+00
3897 +2.770385558e-05 +2.770385558e-05 +1.932700277e+02 +1.932700277e+02 +2.0396e+00 -3.3392e+00
3948 +6.763119018e-06 +6.763119018e-06 +1.932700068e+02 +1.932700068e+02 +2.0410e+00 -3.3392e+00
4217 +5.376089121e-06 +5.376089121e-06 +1.932700054e+02 +1.932700054e+02 +2.0360e+00 -3.3392e+00
4337 +8.217740231e-07 +8.217740231e-07 +1.932700008e+02 +1.932700008e+02 +2.0388e+00 -3.3392e+00
4977 +2.869194873e-07 +2.869194873e-07 +1.932700003e+02 +1.932700003e+02 +2.0381e+00 -3.3392e+00
5257 +6.992721069e-08 +6.992721069e-08 +1.932700001e+02 +1.932700001e+02 +2.0381e+00 -3.3392e+00
5297 +3.203493293e-08 +3.203493293e-08 +1.932700000e+02 +1.932700000e+02 +2.0386e+00 -3.3392e+00
5417 +4.609262305e-09 +4.609262305e-09 +1.932700000e+02 +1.932700000e+02 +2.0384e+00 -3.3392e+00
% function evaluation | noise-free fitness - Fopt (-4.190100000000e+02) | best noise-free fitness - Fopt | measured fitness | best measured fitness | x1 | x2...
1 +1.418625632e+05 +1.418625632e+05 +1.414435532e+05 +1.414435532e+05 -4.6282e+00 +3.4031e+00
15 +1.891933337e+04 +1.891933337e+04 +1.850032337e+04 +1.850032337e+04 -2.8298e+00 +2.8760e+00
16 +3.631502001e+03 +3.631502001e+03 +3.212492001e+03 +3.212492001e+03 -2.7376e+00 +2.9427e+00
156 +1.193111283e+03 +1.193111283e+03 +7.741012829e+02 +7.741012829e+02 -3.5855e+00 +3.0447e+00
254 +7.633381827e+00 +7.633381827e+00 -4.113766182e+02 -4.113766182e+02 -3.0251e+00 +3.0044e+00
497 +5.545262165e+00 +5.545262165e+00 -4.134647378e+02 -4.134647378e+02 -2.6396e+00 +3.0049e+00
761 +7.074533535e-01 +7.074533535e-01 -4.183025466e+02 -4.183025466e+02 -2.4433e+00 +3.0069e+00
1913 +5.381700413e-01 +5.381700413e-01 -4.184718300e+02 -4.184718300e+02 -2.5244e+00 +3.0072e+00
2083 +2.602388020e-01 +2.602388020e-01 -4.187497612e+02 -4.187497612e+02 -2.8589e+00 +3.0075e+00
2400 +2.277169197e-01 +2.277169197e-01 -4.187822831e+02 -4.187822831e+02 -2.8429e+00 +3.0073e+00
2430 +1.745974050e-02 +1.745974050e-02 -4.189925403e+02 -4.189925403e+02 -3.1866e+00 +3.0072e+00
2535 +1.246204628e-02 +1.246204628e-02 -4.189975380e+02 -4.189975380e+02 -3.3596e+00 +3.0071e+00
2800 +3.214420054e-03 +3.214420054e-03 -4.190067856e+02 -4.190067856e+02 -3.3784e+00 +3.0072e+00
2990 +2.372253353e-03 +2.372253353e-03 -4.190076277e+02 -4.190076277e+02 -3.3181e+00 +3.0072e+00
3193 +1.313442421e-03 +1.313442421e-03 -4.190086866e+02 -4.190086866e+02 -3.3139e+00 +3.0072e+00
3295 +3.505072474e-04 +3.505072474e-04 -4.190096495e+02 -4.190096495e+02 -3.3416e+00 +3.0072e+00
3313 +1.178212246e-04 +1.178212246e-04 -4.190098822e+02 -4.190098822e+02 -3.3165e+00 +3.0072e+00
3393 +5.191888920e-05 +5.191888920e-05 -4.190099481e+02 -4.190099481e+02 -3.3170e+00 +3.0072e+00
3935 +8.028930267e-06 +8.028930267e-06 -4.190099920e+02 -4.190099920e+02 -3.3209e+00 +3.0072e+00
4120 +2.752451394e-06 +2.752451394e-06 -4.190099972e+02 -4.190099972e+02 -3.3224e+00 +3.0072e+00
4175 +2.490012832e-06 +2.490012832e-06 -4.190099975e+02 -4.190099975e+02 -3.3234e+00 +3.0072e+00
4721 +1.082758217e-06 +1.082758217e-06 -4.190099989e+02 -4.190099989e+02 -3.3231e+00 +3.0072e+00
4735 +6.054361279e-07 +6.054361279e-07 -4.190099994e+02 -4.190099994e+02 -3.3238e+00 +3.0072e+00
4763 +5.958276006e-08 +5.958276006e-08 -4.190099999e+02 -4.190099999e+02 -3.3240e+00 +3.0072e+00
5375 +2.519414011e-08 +2.519414011e-08 -4.190100000e+02 -4.190100000e+02 -3.3242e+00 +3.0072e+00
5738 +2.265630883e-08 +2.265630883e-08 -4.190100000e+02 -4.190100000e+02 -3.3241e+00 +3.0072e+00
6000 +5.872436759e-09 +5.872436759e-09 -4.190100000e+02 -4.190100000e+02 -3.3240e+00 +3.0072e+00
% function evaluation | noise-free fitness - Fopt (4.076100000000e+02) | best noise-free fitness - Fopt | measured fitness | best measured fitness | x1 | x2...
1 +2.661095072e+04 +2.661095072e+04 +2.701856072e+04 +2.701856072e+04 -1.3144e+00 -3.1733e+00
44 +1.724501971e+04 +1.724501971e+04 +1.765262971e+04 +1.765262971e+04 -4.1843e+00 -3.2015e+00
121 +1.012725459e+03 +1.012725459e+03 +1.420335459e+03 +1.420335459e+03 -5.0000e+00 -3.3041e+00
189 +1.943396845e+01 +1.943396845e+01 +4.270439684e+02 +4.270439684e+02 -3.8901e+00 -3.3412e+00
676 +1.301249638e+01 +1.301249638e+01 +4.206224964e+02 +4.206224964e+02 -3.8230e+00 -3.3372e+00
977 +9.632235342e+00 +9.632235342e+00 +4.172422353e+02 +4.172422353e+02 -3.5676e+00 -3.3382e+00
1466 +6.155741297e+00 +6.155741297e+00 +4.137657413e+02 +4.137657413e+02 -2.9752e+00 -3.3383e+00
2252 +2.470214509e+00 +2.470214509e+00 +4.100802145e+02 +4.100802145e+02 -7.9830e-01 -3.3399e+00
2310 +1.112547731e-01 +1.112547731e-01 +4.077212548e+02 +4.077212548e+02 -2.2357e-01 -3.3387e+00
2623 +5.127287376e-02 +5.127287376e-02 +4.076612729e+02 +4.076612729e+02 -3.2986e-01 -3.3386e+00
2903 +2.641197846e-02 +2.641197846e-02 +4.076364120e+02 +4.076364120e+02 -4.2420e-01 -3.3386e+00
2943 +3.145847321e-03 +3.145847321e-03 +4.076131458e+02 +4.076131458e+02 -4.7252e-01 -3.3384e+00
3606 +1.233681580e-03 +1.233681580e-03 +4.076112337e+02 +4.076112337e+02 -4.4222e-01 -3.3384e+00
3903 +9.116722861e-04 +9.116722861e-04 +4.076109117e+02 +4.076109117e+02 -4.4432e-01 -3.3384e+00
4326 +3.912733330e-04 +3.912733330e-04 +4.076103913e+02 +4.076103913e+02 -4.3497e-01 -3.3384e+00
4725 +2.206626988e-05 +2.206626988e-05 +4.076100221e+02 +4.076100221e+02 -4.1127e-01 -3.3384e+00
5125 +1.276189329e-05 +1.276189329e-05 +4.076100128e+02 +4.076100128e+02 -4.1522e-01 -3.3384e+00
5325 +9.038261055e-07 +9.038261055e-07 +4.076100009e+02 +4.076100009e+02 -4.1549e-01 -3.3384e+00
5965 +2.717226835e-07 +2.717226835e-07 +4.076100003e+02 +4.076100003e+02 -4.1471e-01 -3.3384e+00
6285 +1.796876745e-07 +1.796876745e-07 +4.076100002e+02 +4.076100002e+02 -4.1484e-01 -3.3384e+00
6485 +7.313173001e-08 +7.313173001e-08 +4.076100001e+02 +4.076100001e+02 -4.1539e-01 -3.3384e+00
6645 +4.002225751e-08 +4.002225751e-08 +4.076100000e+02 +4.076100000e+02 -4.1522e-01 -3.3384e+00
7205 +3.973008234e-08 +3.973008234e-08 +4.076100000e+02 +4.076100000e+02 -4.1519e-01 -3.3384e+00
7925 +8.501331195e-09 +8.501331195e-09 +4.076100000e+02 +4.076100000e+02 -4.1513e-01 -3.3384e+00
% function evaluation | noise-free fitness - Fopt (2.872000000000e+01) | best noise-free fitness - Fopt | measured fitness | best measured fitness | x1 | x2...
1 +5.162961502e+07 +5.162961502e+07 +5.162964374e+07 +5.162964374e+07 -3.5289e+00 +3.7979e+00
2 +7.082637078e+06 +7.082637078e+06 +7.082665798e+06 +7.082665798e+06 -4.5646e+00 -5.5070e-01
3 +7.969648560e+05 +7.969648560e+05 +7.969935760e+05 +7.969935760e+05 +2.5106e+00 -2.1449e+00
4 +4.841901921e+05 +4.841901921e+05 +4.842189121e+05 +4.842189121e+05 +4.0606e-01 -2.4159e+00
11 +2.892042910e+05 +2.892042910e+05 +2.892330110e+05 +2.892330110e+05 +1.2607e+00 -3.6488e+00
29 +3.317611346e+03 +3.317611346e+03 +3.346331346e+03 +3.346331346e+03 +3.8222e+00 -3.0324e+00
84 +1.441018497e+03 +1.441018497e+03 +1.469738497e+03 +1.469738497e+03 +2.4277e+00 -3.1204e+00
196 +2.790027788e+01 +2.790027788e+01 +5.662027788e+01 +5.662027788e+01 +1.2543e+00 -3.0794e+00
858 +2.403295810e+01 +2.403295810e+01 +5.275295810e+01 +5.275295810e+01 +1.1320e+00 -3.0802e+00
1181 +2.370245644e+00 +2.370245644e+00 +3.109024564e+01 +3.109024564e+01 +1.2598e+00 -3.0863e+00
1215 +4.175435631e-02 +4.175435631e-02 +2.876175436e+01 +2.876175436e+01 +1.3261e+00 -3.0850e+00
1735 +2.471653008e-03 +2.471653008e-03 +2.872247165e+01 +2.872247165e+01 +1.3471e+00 -3.0848e+00
2930 +1.174607768e-03 +1.174607768e-03 +2.872117461e+01 +2.872117461e+01 +1.4136e+00 -3.0848e+00
3053 +5.065860384e-05 +5.065860384e-05 +2.872005066e+01 +2.872005066e+01 +1.4005e+00 -3.0848e+00
3982 +7.781064902e-06 +7.781064902e-06 +2.872000778e+01 +2.872000778e+01 +1.3923e+00 -3.0848e+00
4203 +4.979068564e-06 +4.979068564e-06 +2.872000498e+01 +2.872000498e+01 +1.3957e+00 -3.0848e+00
4803 +2.770257289e-06 +2.770257289e-06 +2.872000277e+01 +2.872000277e+01 +1.3960e+00 -3.0848e+00
5325 +1.330359829e-06 +1.330359829e-06 +2.872000133e+01 +2.872000133e+01 +1.3955e+00 -3.0848e+00
5685 +2.094111373e-07 +2.094111373e-07 +2.872000021e+01 +2.872000021e+01 +1.3946e+00 -3.0848e+00
6333 +2.656211251e-08 +2.656211251e-08 +2.872000003e+01 +2.872000003e+01 +1.3943e+00 -3.0848e+00
6912 +2.075431027e-08 +2.075431027e-08 +2.872000002e+01 +2.872000002e+01 +1.3944e+00 -3.0848e+00
7192 +4.366089712e-09 +4.366089712e-09 +2.872000000e+01 +2.872000000e+01 +1.3944e+00 -3.0848e+00
