% function evaluation | noise-free fitness - Fopt (-4.620900000000e+02) | best noise-free fitness - Fopt | measured fitness | best measured fitness | x1 | x2...
1 +2.461810860e+02 +2.461810860e+02 -2.159089140e+02 -2.159089140e+02 -1.9605e+00 +1.3013e+00 +2.5257e+00 -4.4184e+00 +6.3584e-01
4 +4.441830838e+01 +4.441830838e+01 -4.176716916e+02 -4.176716916e+02 -4.1313e+00 +1.7214e+00 +3.1014e+00 +1.1745e+00 +2.0197e+00
710 +3.830814551e+01 +3.830814551e+01 -4.237818545e+02 -4.237818545e+02 -2.5236e-01 +1.3349e+00 +1.6126e+00 +4.4949e-01 +1.9855e+00
864 +1.978517427e+01 +1.978517427e+01 -4.423048257e+02 -4.423048257e+02 +4.8234e-01 +2.3798e+00 +1.6665e+00 +1.2260e+00 +2.3172e+00
2319 +1.504668268e+01 +1.504668268e+01 -4.470433173e+02 -4.470433173e+02 -2.5435e+00 +2.2067e+00 +2.2397e+00 +6.6469e-01 +2.2764e+00
2426 +8.277235573e+00 +8.277235573e+00 -4.538127644e+02 -4.538127644e+02 -2.2722e+00 +3.8468e+00 +2.2281e+00 +6.7820e-01 +2.2819e+00
4411 +5.162841174e+00 +5.162841174e+00 -4.569271588e+02 -4.569271588e+02 -2.3362e+00 +3.9161e+00 +2.2436e+00 +7.1759e-01 +2.3038e+00
5212 +3.909349521e+00 +3.909349521e+00 -4.581806505e+02 -4.581806505e+02 -2.4085e+00 +2.2452e+00 +2.1655e+00 +7.0697e-01 +2.3070e+00
6215 +1.940290029e+00 +1.940290029e+00 -4.601497100e+02 -4.601497100e+02 -2.3715e+00 +3.1327e+00 +2.2303e+00 +7.0534e-01 +2.3038e+00
7979 +1.125550571e+00 +1.125550571e+00 -4.609644494e+02 -4.609644494e+02 -2.3237e+00 +3.1275e+00 +2.2049e+00 +7.3021e-01 +2.3030e+00
8117 +5.026569751e-01 +5.026569751e-01 -4.615873430e+02 -4.615873430e+02 -2.3615e+00 +2.2786e+00 +2.2074e+00 +7.3699e-01 +2.3088e+00
9763 +2.342148509e-01 +2.342148509e-01 -4.618557851e+02 -4.618557851e+02 -2.3414e+00 +2.3198e+00 +2.2230e+00 +7.2514e-01 +2.3049e+00
11715 +1.423108580e-01 +1.423108580e-01 -4.619476891e+02 -4.619476891e+02 -2.3318e+00 +2.3056e+00 +2.2236e+00 +7.2522e-01 +2.3049e+00
11725 +8.925246139e-02 +8.925246139e-02 -4.620007475e+02 -4.620007475e+02 -2.3434e+00 +2.3041e+00 +2.2243e+00 +7.2526e-01 +2.2970e+00
12625 +6.247330184e-02 +6.247330184e-02 -4.620275267e+02 -4.620275267e+02 -2.3389e+00 +2.2967e+00 +2.2227e+00 +7.2970e-01 +2.2975e+00
13925 +1.430302859e-02 +1.430302859e-02 -4.620756970e+02 -4.620756970e+02 -2.3413e+00 +2.3040e+00 +2.2111e+00 +7.2616e-01 +2.3000e+00
14015 +6.534541687e-03 +6.534541687e-03 -4.620834655e+02 -4.620834655e+02 -2.3390e+00 +2.3027e+00 +2.2156e+00 +7.2814e-01 +2.2999e+00
14028 +5.529266104e-03 +5.529266104e-03 -4.620844707e+02 -4.620844707e+02 -2.3405e+00 +2.3035e+00 +2.2147e+00 +7.2721e-01 +2.2989e+00
14386 +3.851710061e-03 +3.851710061e-03 -4.620861483e+02 -4.620861483e+02 -2.3395e+00 +2.2991e+00 +2.2127e+00 +7.2970e-01 +2.2990e+00
15228 +2.163297598e-03 +2.163297598e-03 -4.620878367e+02 -4.620878367e+02 -2.3398e+00 +2.3016e+00 +2.2128e+00 +7.2719e-01 +2.2990e+00
16428 +8.779040562e-04 +8.779040562e-04 -4.620891221e+02 -4.620891221e+02 -2.3398e+00 +2.2996e+00 +2.2128e+00 +7.2820e-01 +2.2989e+00
17243 +5.700929102e-04 +5.700929102e-04 -4.620894299e+02 -4.620894299e+02 -2.3404e+00 +2.3002e+00 +2.2126e+00 +7.2794e-01 +2.2992e+00
17248 +3.386765270e-04 +3.386765270e-04 -4.620896613e+02 -4.620896613e+02 -2.3398e+00 +2.2996e+00 +2.2134e+00 +7.2804e-01 +2.2993e+00
18131 +1.893151081e-04 +1.893151081e-04 -4.620898107e+02 -4.620898107e+02 -2.3405e+00 +2.2995e+00 +2.2134e+00 +7.2801e-01 +2.2994e+00
18731 +5.419887941e-05 +5.419887941e-05 -4.620899458e+02 -4.620899458e+02 -2.3410e+00 +2.3000e+00 +2.2134e+00 +7.2803e-01 +2.2993e+00
19580 +3.516618574e-05 +3.516618574e-05 -4.620899648e+02 -4.620899648e+02 -2.3408e+00 +2.3001e+00 +2.2135e+00 +7.2797e-01 +2.2993e+00
19868 +1.235214580e-05 +1.235214580e-05 -4.620899876e+02 -4.620899876e+02 -2.3410e+00 +2.3000e+00 +2.2135e+00 +7.2796e-01 +2.2992e+00
19943 +5.802850012e-06 +5.802850012e-06 -4.620899942e+02 -4.620899942e+02 -2.3409e+00 +2.3001e+00 +2.2137e+00 +7.2800e-01 +2.2992e+00
20343 +2.564578210e-06 +2.564578210e-06 -4.620899974e+02 -4.620899974e+02 -2.3408e+00 +2.3001e+00 +2.2136e+00 +7.2799e-01 +2.2992e+00
20543 +2.380316346e-06 +2.380316346e-06 -4.620899976e+02 -4.620899976e+02 -2.3408e+00 +2.3001e+00 +2.2136e+00 +7.2798e-01 +2.2992e+00
21643 +1.538793640e-06 +1.538793640e-06 -4.620899985e+02 -4.620899985e+02 -2.3408e+00 +2.3000e+00 +2.2136e+00 +7.2801e-01 +2.2992e+00
21914 +7.267930755e-07 +7.267930755e-07 -4.620899993e+02 -4.620899993e+02 -2.3408e+00 +2.3000e+00 +2.2136e+00 +7.2800e-01 +2.2992e+00
22243 +3.621669862e-07 +3.621669862e-07 -4.620899996e+02 -4.620899996e+02 -2.3408e+00 +2.3000e+00 +2.2136e+00 +7.2800e-01 +2.2992e+00
22743 +2.308121339e-07 +2.308121339e-07 -4.620899998e+02 -4.620899998e+02 -2.3408e+00 +2.3000e+00 +2.2136e+00 +7.2800e-01 +2.2992e+00
25143 +1.321536729e-07 +1.321536729e-07 -4.620899999e+02 -4.620899999e+02 -2.3408e+00 +2.3000e+00 +2.2136e+00 +7.2800e-01 +2.2992e+00
25543 +9.254836186e-08 +9.254836186e-08 -4.620899999e+02 -4.620899999e+02 -2.3408e+00 +2.3000e+00 +2.2136e+00 +7.2800e-01 +2.2992e+00
25668 +3.016117489e-08 +3.016117489e-08 -4.620900000e+02 -4.620900000e+02 -2.3408e+00 +2.3000e+00 +2.2136e+00 +7.2800e-01 +2.2992e+00
25968 +2.213323569e-08 +2.213323569e-08 -4.620900000e+02 -4.620900000e+02 -2.3408e+00 +2.3000e+00 +2.2136e+00 +7.2800e-01 +2.2992e+00
26243 +1.396136895e-08 +1.396136895e-08 -4.620900000e+02 -4.620900000e+02 -2.3408e+00 +2.3000e+00 +2.2136e+00 +7.2800e-01 +2.2992e+00
26468 +4.285368504e-09 +4.285368504e-09 -4.620900000e+02 -4.620900000e+02 -2.3408e+00 +2.3000e+00 +2.2136e+00 +7.2800e-01 +2.2992e+00
% function evaluation | noise-free fitness - Fopt (7.766000000000e+01) | best noise-free fitness - Fopt | measured fitness | best measured fitness | x1 | x2...
1 +1.890217506e+02 +1.890217506e+02 +2.666817506e+02 +2.666817506e+02 +1.3247e+00 -3.1082e+00 +3.1157e+00 +8.4889e-01 -2.7716e+00
8 +1.117665128e+02 +1.117665128e+02 +1.894265128e+02 +1.894265128e+02 -4.8657e+00 +1.2217e+00 +5.4802e-01 +2.7715e+00 -2.2586e+00
40 +7.946988020e+01 +7.946988020e+01 +1.571298802e+02 +1.571298802e+02 +1.9933e+00 +1.5723e+00 -2.7604e+00 +3.9759e+00 -2.7872e+00
101 +5.395550876e+01 +5.395550876e+01 +1.316155088e+02 +1.316155088e+02 +5.1481e-01 -3.9411e+00 -1.8843e+00 +5.0000e+00 -3.3758e+00
208 +3.361960748e+01 +3.361960748e+01 +1.112796075e+02 +1.112796075e+02 +2.5437e+00 +1.2217e+00 -1.2255e+00 +3.5965e+00 -2.0892e+00
449 +2.488360104e+01 +2.488360104e+01 +1.025436010e+02 +1.025436010e+02 +3.4561e+00 +0.0000e+00 -7.0535e-01 +3.6130e+00 -2.7553e+00
1684 +1.284324912e+01 +1.284324912e+01 +9.050324912e+01 +9.050324912e+01 +3.3779e+00 +4.8051e-01 -7.4518e-01 +3.3423e+00 -3.1663e+00
4242 +8.290029776e+00 +8.290029776e+00 +8.595002978e+01 +8.595002978e+01 +3.3717e+00 -9.2056e-02 -7.3458e-01 +3.3378e+00 -3.1469e+00
6599 +6.304517289e+00 +6.304517289e+00 +8.396451729e+01 +8.396451729e+01 +3.4149e+00 -8.5063e-01 -7.1939e-01 +3.3217e+00 -3.1467e+00
8299 +2.439084881e+00 +2.439084881e+00 +8.009908488e+01 +8.009908488e+01 +3.4087e+00 -8.2243e-01 -7.2493e-01 +3.3232e+00 -2.4664e+00
15250 +1.257331932e+00 +1.257331932e+00 +7.891733193e+01 +7.891733193e+01 +3.3947e+00 -8.5108e-01 -1.2518e+00 +3.3194e+00 -2.4668e+00
19006 +9.994488779e-01 +9.994488779e-01 +7.865944888e+01 +7.865944888e+01 +3.3938e+00 -8.5731e-01 -1.2721e+00 +3.3239e+00 -2.4647e+00
35588 +2.023238033e-01 +2.023238033e-01 +7.786232380e+01 +7.786232380e+01 +2.3868e+00 -8.3406e-01 -1.2684e+00 +3.3219e+00 -2.4641e+00
35655 +4.971225716e-02 +4.971225716e-02 +7.770971226e+01 +7.770971226e+01 +2.4146e+00 -8.5581e-01 -1.2716e+00 +3.3228e+00 -2.4641e+00
35739 +3.577224989e-02 +3.577224989e-02 +7.769577225e+01 +7.769577225e+01 +2.4114e+00 -8.5404e-01 -1.2722e+00 +3.3232e+00 -2.4640e+00
35822 +1.260661591e-02 +1.260661591e-02 +7.767260662e+01 +7.767260662e+01 +2.3903e+00 -8.5593e-01 -1.2709e+00 +3.3240e+00 -2.4640e+00
35925 +7.381221817e-03 +7.381221817e-03 +7.766738122e+01 +7.766738122e+01 +2.4028e+00 -8.5818e-01 -1.2707e+00 +3.3238e+00 -2.4641e+00
35996 +9.115511676e-04 +9.115511676e-04 +7.766091155e+01 +7.766091155e+01 +2.4001e+00 -8.5564e-01 -1.2713e+00 +3.3230e+00 -2.4640e+00
38996 +4.657697418e-04 +4.657697418e-04 +7.766046577e+01 +7.766046577e+01 +2.3978e+00 -8.5661e-01 -1.2714e+00 +3.3231e+00 -2.4640e+00
39425 +6.186521404e-05 +6.186521404e-05 +7.766006187e+01 +7.766006187e+01 +2.3988e+00 -8.5599e-01 -1.2720e+00 +3.3231e+00 -2.4641e+00
41496 +2.842148940e-05 +2.842148940e-05 +7.766002842e+01 +7.766002842e+01 +2.3987e+00 -8.5598e-01 -1.2719e+00 +3.3232e+00 -2.4640e+00
41523 +2.484202187e-05 +2.484202187e-05 +7.766002484e+01 +7.766002484e+01 +2.3982e+00 -8.5586e-01 -1.2719e+00 +3.3233e+00 -2.4640e+00
42696 +1.480895132e-05 +1.480895132e-05 +7.766001481e+01 +7.766001481e+01 +2.3986e+00 -8.5594e-01 -1.2720e+00 +3.3232e+00 -2.4640e+00
43296 +8.710117214e-06 +8.710117214e-06 +7.766000871e+01 +7.766000871e+01 +2.3984e+00 -8.5593e-01 -1.2720e+00 +3.3232e+00 -2.4639e+00
44434 +2.597324851e-06 +2.597324851e-06 +7.766000260e+01 +7.766000260e+01 +2.3984e+00 -8.5601e-01 -1.2720e+00 +3.3232e+00 -2.4640e+00
44634 +2.292103687e-06 +2.292103687e-06 +7.766000229e+01 +7.766000229e+01 +2.3984e+00 -8.5598e-01 -1.2720e+00 +3.3232e+00 -2.4640e+00
44966 +1.441945642e-06 +1.441945642e-06 +7.766000144e+01 +7.766000144e+01 +2.3984e+00 -8.5598e-01 -1.2720e+00 +3.3232e+00 -2.4640e+00
45066 +8.546547434e-07 +8.546547434e-07 +7.766000085e+01 +7.766000085e+01 +2.3984e+00 -8.5603e-01 -1.2720e+00 +3.3232e+00 -2.4640e+00
45885 +5.632777516e-07 +5.632777516e-07 +7.766000056e+01 +7.766000056e+01 +2.3984e+00 -8.5600e-01 -1.2720e+00 +3.3232e+00 -2.4640e+00
46368 +3.376465543e-07 +3.376465543e-07 +7.766000034e+01 +7.766000034e+01 +2.3984e+00 -8.5601e-01 -1.2720e+00 +3.3232e+00 -2.4640e+00
46868 +1.308422100e-07 +1.308422100e-07 +7.766000013e+01 +7.766000013e+01 +2.3984e+00 -8.5600e-01 -1.2720e+00 +3.3232e+00 -2.4640e+00
48634 +9.672945112e-08 +9.672945112e-08 +7.766000010e+01 +7.766000010e+01 +2.3984e+00 -8.5600e-01 -1.2720e+00 +3.3232e+00 -2.4640e+00
48915 +4.663199604e-08 +4.663199604e-08 +7.766000005e+01 +7.766000005e+01 +2.3984e+00 -8.5599e-01 -1.2720e+00 +3.3232e+00 -2.4640e+00
49805 +3.657019931e-08 +3.657019931e-08 +7.766000004e+01 +7.766000004e+01 +2.3984e+00 -8.5599e-01 -1.2720e+00 +3.3232e+00 -2.4640e+00
49914 +2.301501922e-08 +2.301501922e-08 +7.766000002e+01 +7.766000002e+01 +2.3984e+00 -8.5600e-01 -1.2720e+00 +3.3232e+00 -2.4640e+00
% function evaluation | noise-free fitness - Fopt (1.156800000000e+02) | best noise-free fitness - Fopt | measured fitness | best measured fitness | x1 | x2...
1 +1.814250910e+02 +1.814250910e+02 +2.971050910e+02 +2.971050910e+02 -3.8636e+00 -1.9655e+00 -3.0871e+00 -9.8111e-01 -4.2153e+00
6 +7.706129691e+01 +7.706129691e+01 +1.927412969e+02 +1.927412969e+02 -1.6502e-01 -3.1323e+00 -5.8433e-01 +2.6279e+00 -2.4140e+00
265 +5.866402333e+01 +5.866402333e+01 +1.743440233e+02 +1.743440233e+02 -3.3098e+00 -3.3178e+00 +2.2849e+00 +2.9324e+00 -3.0194e+00
523 +3.064340643e+01 +3.064340643e+01 +1.463234064e+02 +1.463234064e+02 -1.1805e+00 +6.4174e-01 -7.3978e-01 +2.6070e+00 -2.9037e+00
775 +1.431830027e+01 +1.431830027e+01 +1.299983003e+02 +1.299983003e+02 -1.1560e+00 -1.8769e+00 +8.2656e-01 +2.6956e+00 -2.9978e+00
4032 +8.295529000e+00 +8.295529000e+00 +1.239755290e+02 +1.239755290e+02 -1.1872e+00 -1.8072e+00 +1.9233e-01 +2.7271e+00 -3.9074e+00
4827 +5.957467904e+00 +5.957467904e+00 +1.216374679e+02 +1.216374679e+02 -1.1832e+00 -1.8189e+00 +2.1618e-01 +2.6511e+00 -3.9068e+00
7747 +3.303363314e+00 +3.303363314e+00 +1.189833633e+02 +1.189833633e+02 -2.1860e+00 -1.8008e+00 +2.5509e-01 +2.7087e+00 -3.5887e+00
9800 +2.400934859e+00 +2.400934859e+00 +1.180809349e+02 +1.180809349e+02 -2.1633e+00 -1.8092e+00 +2.4443e-01 +2.6766e+00 -3.5960e+00
12279 +1.247663574e+00 +1.247663574e+00 +1.169276636e+02 +1.169276636e+02 -2.1744e+00 -1.7665e+00 +2.4279e-01 +3.0855e+00 -3.6084e+00
16683 +7.315736350e-01 +7.315736350e-01 +1.164115736e+02 +1.164115736e+02 -2.2391e+00 -9.8588e-01 +2.3683e-01 +3.0937e+00 -3.6021e+00
16783 +3.819761023e-01 +3.819761023e-01 +1.160619761e+02 +1.160619761e+02 -2.1815e+00 -9.6191e-01 +2.3223e-01 +3.0987e+00 -3.6085e+00
16809 +2.193227852e-01 +2.193227852e-01 +1.158993228e+02 +1.158993228e+02 -2.1760e+00 -9.9695e-01 +2.3267e-01 +3.0957e+00 -3.6074e+00
18181 +2.997820536e-02 +2.997820536e-02 +1.157099782e+02 +1.157099782e+02 -2.1867e+00 -9.8837e-01 +2.4318e-01 +3.0864e+00 -3.6051e+00
19883 +2.312629531e-02 +2.312629531e-02 +1.157031263e+02 +1.157031263e+02 -2.1833e+00 -9.8839e-01 +2.4763e-01 +3.0874e+00 -3.6042e+00
20169 +1.335237978e-02 +1.335237978e-02 +1.156933524e+02 +1.156933524e+02 -2.1754e+00 -9.8087e-01 +2.4853e-01 +3.0895e+00 -3.6053e+00
20683 +4.132488690e-03 +4.132488690e-03 +1.156841325e+02 +1.156841325e+02 -2.1794e+00 -9.8461e-01 +2.4629e-01 +3.0889e+00 -3.6059e+00
21383 +3.654907029e-03 +3.654907029e-03 +1.156836549e+02 +1.156836549e+02 -2.1793e+00 -9.8572e-01 +2.4591e-01 +3.0892e+00 -3.6052e+00
21820 +1.278146888e-03 +1.278146888e-03 +1.156812781e+02 +1.156812781e+02 -2.1790e+00 -9.8260e-01 +2.4571e-01 +3.0894e+00 -3.6051e+00
22420 +8.927216129e-04 +8.927216129e-04 +1.156808927e+02 +1.156808927e+02 -2.1791e+00 -9.8321e-01 +2.4555e-01 +3.0893e+00 -3.6051e+00
23120 +5.562462079e-04 +5.562462079e-04 +1.156805562e+02 +1.156805562e+02 -2.1790e+00 -9.8327e-01 +2.4528e-01 +3.0893e+00 -3.6050e+00
24178 +3.196389003e-04 +3.196389003e-04 +1.156803196e+02 +1.156803196e+02 -2.1780e+00 -9.8350e-01 +2.4434e-01 +3.0891e+00 -3.6047e+00
24220 +2.092920427e-04 +2.092920427e-04 +1.156802093e+02 +1.156802093e+02 -2.1784e+00 -9.8355e-01 +2.4457e-01 +3.0891e+00 -3.6048e+00
24878 +1.430420354e-04 +1.430420354e-04 +1.156801430e+02 +1.156801430e+02 -2.1781e+00 -9.8352e-01 +2.4491e-01 +3.0891e+00 -3.6047e+00
25478 +8.621684870e-05 +8.621684870e-05 +1.156800862e+02 +1.156800862e+02 -2.1784e+00 -9.8347e-01 +2.4493e-01 +3.0890e+00 -3.6048e+00
26234 +5.667117664e-05 +5.667117664e-05 +1.156800567e+02 +1.156800567e+02 -2.1785e+00 -9.8321e-01 +2.4483e-01 +3.0890e+00 -3.6048e+00
27002 +3.809936349e-05 +3.809936349e-05 +1.156800381e+02 +1.156800381e+02 -2.1784e+00 -9.8302e-01 +2.4489e-01 +3.0889e+00 -3.6048e+00
27220 +1.813414359e-05 +1.813414359e-05 +1.156800181e+02 +1.156800181e+02 -2.1784e+00 -9.8334e-01 +2.4487e-01 +3.0888e+00 -3.6049e+00
27369 +1.560727932e-05 +1.560727932e-05 +1.156800156e+02 +1.156800156e+02 -2.1785e+00 -9.8311e-01 +2.4494e-01 +3.0888e+00 -3.6048e+00
27634 +5.280645283e-06 +5.280645283e-06 +1.156800053e+02 +1.156800053e+02 -2.1785e+00 -9.8325e-01 +2.4484e-01 +3.0888e+00 -3.6048e+00
28869 +3.970412365e-06 +3.970412365e-06 +1.156800040e+02 +1.156800040e+02 -2.1785e+00 -9.8320e-01 +2.4477e-01 +3.0888e+00 -3.6048e+00
29694 +2.043707383e-06 +2.043707383e-06 +1.156800020e+02 +1.156800020e+02 -2.1785e+00 -9.8324e-01 +2.4479e-01 +3.0888e+00 -3.6048e+00
30078 +1.098792154e-06 +1.098792154e-06 +1.156800011e+02 +1.156800011e+02 -2.1784e+00 -9.8324e-01 +2.4479e-01 +3.0888e+00 -3.6048e+00
30369 +6.530258929e-07 +6.530258929e-07 +1.156800007e+02 +1.156800007e+02 -2.1784e+00 -9.8323e-01 +2.4479e-01 +3.0888e+00 -3.6048e+00
30469 +5.327238739e-07 +5.327238739e-07 +1.156800005e+02 +1.156800005e+02 -2.1784e+00 -9.8322e-01 +2.4480e-01 +3.0888e+00 -3.6048e+00
30633 +2.514199622e-07 +2.514199622e-07 +1.156800003e+02 +1.156800003e+02 -2.1784e+00 -9.8322e-01 +2.4480e-01 +3.0888e+00 -3.6048e+00
31078 +2.465338298e-07 +2.465338298e-07 +1.156800002e+02 +1.156800002e+02 -2.1784e+00 -9.8322e-01 +2.4480e-01 +3.0888e+00 -3.6048e+00
31094 +6.824258492e-08 +6.824258492e-08 +1.156800001e+02 +1.156800001e+02 -2.1784e+00 -9.8321e-01 +2.4479e-01 +3.0888e+00 -3.6048e+00
31578 +2.040103197e-08 +2.040103197e-08 +1.156800000e+02 +1.156800000e+02 -2.1784e+00 -9.8320e-01 +2.4479e-01 +3.0888e+00 -3.6048e+00
32078 +7.433399674e-09 +7.433399674e-09 +1.156800000e+02 +1.156800000e+02 -2.1784e+00 -9.8320e-01 +2.4480e-01 +3.0888e+00 -3.6048e+00
% function evaluation | noise-free fitness - Fopt (-3.710000000000e+00) | best noise-free fitness - Fopt | measured fitness | best measured fitness | x1 | x2...
1 +3.682927787e+02 +3.682927787e+02 +3.645827787e+02 +3.645827787e+02 -1.4944e+00 +2.6441e+00 -3.1535e-01 +4.8189e-02 -6.3390e-01
4 +1.112879495e+02 +1.112879495e+02 +1.075779495e+02 +1.075779495e+02 +1.4181e+00 +1.7916e+00 +2.3268e+00 +3.9069e+00 +1.4858e+00
67 +5.206385042e+01 +5.206385042e+01 +4.835385042e+01 +4.835385042e+01 +2.0816e+00 -4.5108e+00 +3.0759e+00 +4.3789e+00 +3.6194e+00
449 +3.588687753e+01 +3.588687753e+01 +3.217687753e+01 +3.217687753e+01 +4.6287e+00 -1.4810e+00 +1.8946e+00 +3.8611e+00 +3.7640e+00
606 +1.454970164e+01 +1.454970164e+01 +1.083970164e+01 +1.083970164e+01 +2.9647e+00 -3.1693e+00 +2.3837e+00 +4.3745e+00 +2.8342e+00
1614 +7.902221109e+00 +7.902221109e+00 +4.192221109e+00 +4.192221109e+00 +3.1338e+00 -3.6544e+00 +2.3447e+00 +4.3624e+00 +2.8454e+00
4754 +4.068553139e+00 +4.068553139e+00 +3.585531395e-01 +3.585531395e-01 +3.1001e+00 -3.0596e+00 +1.8045e+00 +4.3753e+00 +2.8464e+00
5254 +3.441718773e+00 +3.441718773e+00 -2.682812272e-01 -2.682812272e-01 +3.1202e+00 -3.0878e+00 +1.7611e+00 +4.3738e+00 +2.8453e+00
7933 +2.445841092e+00 +2.445841092e+00 -1.264158908e+00 -1.264158908e+00 +3.1055e+00 -3.1096e+00 +1.7978e+00 +4.3728e+00 +3.1621e+00
8564 +1.555572168e+00 +1.555572168e+00 -2.154427832e+00 -2.154427832e+00 +3.0928e+00 -2.3198e+00 +1.7931e+00 +4.3752e+00 +3.1450e+00
13371 +6.279797898e-01 +6.279797898e-01 -3.082020210e+00 -3.082020210e+00 +3.1095e+00 -2.3227e+00 +1.7808e+00 +3.9299e+00 +3.1528e+00
13488 +3.591943084e-01 +3.591943084e-01 -3.350805692e+00 -3.350805692e+00 +3.1121e+00 -2.3096e+00 +1.7718e+00 +3.9228e+00 +3.1576e+00
14220 +1.829496900e-01 +1.829496900e-01 -3.527050310e+00 -3.527050310e+00 +3.1132e+00 -2.3047e+00 +1.7701e+00 +3.9113e+00 +3.1571e+00
14534 +1.498480257e-01 +1.498480257e-01 -3.560151974e+00 -3.560151974e+00 +3.1134e+00 -2.2928e+00 +1.7712e+00 +3.9135e+00 +3.1575e+00
14707 +9.116179956e-02 +9.116179956e-02 -3.618838200e+00 -3.618838200e+00 +3.1136e+00 -2.2967e+00 +1.7764e+00 +3.9108e+00 +3.1589e+00
16285 +6.280285148e-02 +6.280285148e-02 -3.647197149e+00 -3.647197149e+00 +3.1128e+00 -2.2888e+00 +1.7766e+00 +3.9107e+00 +3.1500e+00
16385 +2.913737428e-02 +2.913737428e-02 -3.680862626e+00 -3.680862626e+00 +3.1146e+00 -2.2932e+00 +1.7777e+00 +3.9110e+00 +3.1534e+00
17038 +2.219093558e-02 +2.219093558e-02 -3.687809064e+00 -3.687809064e+00 +3.1170e+00 -2.2940e+00 +1.7786e+00 +3.9113e+00 +3.1543e+00
18152 +5.275311009e-03 +5.275311009e-03 -3.704724689e+00 -3.704724689e+00 +3.1173e+00 -2.2960e+00 +1.7807e+00 +3.9106e+00 +3.1526e+00
18446 +3.893643332e-03 +3.893643332e-03 -3.706106357e+00 -3.706106357e+00 +3.1176e+00 -2.2956e+00 +1.7811e+00 +3.9103e+00 +3.1531e+00
18885 +1.708056646e-03 +1.708056646e-03 -3.708291943e+00 -3.708291943e+00 +3.1181e+00 -2.2957e+00 +1.7838e+00 +3.9100e+00 +3.1523e+00
19085 +1.369356315e-03 +1.369356315e-03 -3.708630644e+00 -3.708630644e+00 +3.1182e+00 -2.2957e+00 +1.7840e+00 +3.9099e+00 +3.1528e+00
19185 +9.776651478e-04 +9.776651478e-04 -3.709022335e+00 -3.709022335e+00 +3.1184e+00 -2.2957e+00 +1.7832e+00 +3.9099e+00 +3.1526e+00
20120 +3.895080796e-04 +3.895080796e-04 -3.709610492e+00 -3.709610492e+00 +3.1201e+00 -2.2952e+00 +1.7831e+00 +3.9109e+00 +3.1531e+00
21035 +2.429528972e-04 +2.429528972e-04 -3.709757047e+00 -3.709757047e+00 +3.1205e+00 -2.2955e+00 +1.7833e+00 +3.9106e+00 +3.1531e+00
22305 +1.151632131e-04 +1.151632131e-04 -3.709884837e+00 -3.709884837e+00 +3.1204e+00 -2.2950e+00 +1.7831e+00 +3.9102e+00 +3.1529e+00
22705 +7.489920283e-05 +7.489920283e-05 -3.709925101e+00 -3.709925101e+00 +3.1204e+00 -2.2950e+00 +1.7831e+00 +3.9104e+00 +3.1529e+00
22905 +6.160863538e-05 +6.160863538e-05 -3.709938391e+00 -3.709938391e+00 +3.1204e+00 -2.2950e+00 +1.7833e+00 +3.9104e+00 +3.1529e+00
23815 +3.200567627e-05 +3.200567627e-05 -3.709967994e+00 -3.709967994e+00 +3.1200e+00 -2.2951e+00 +1.7831e+00 +3.9104e+00 +3.1529e+00
24315 +1.264511731e-05 +1.264511731e-05 -3.709987355e+00 -3.709987355e+00 +3.1199e+00 -2.2952e+00 +1.7832e+00 +3.9105e+00 +3.1528e+00
24735 +5.634911344e-06 +5.634911344e-06 -3.709994365e+00 -3.709994365e+00 +3.1199e+00 -2.2952e+00 +1.7832e+00 +3.9104e+00 +3.1528e+00
25135 +3.395588727e-06 +3.395588727e-06 -3.709996604e+00 -3.709996604e+00 +3.1199e+00 -2.2952e+00 +1.7831e+00 +3.9104e+00 +3.1528e+00
25876 +2.156926850e-06 +2.156926850e-06 -3.709997843e+00 -3.709997843e+00 +3.1200e+00 -2.2952e+00 +1.7832e+00 +3.9104e+00 +3.1528e+00
26615 +7.520368892e-07 +7.520368892e-07 -3.709999248e+00 -3.709999248e+00 +3.1200e+00 -2.2952e+00 +1.7832e+00 +3.9104e+00 +3.1528e+00
29235 +2.729219664e-07 +2.729219664e-07 -3.709999727e+00 -3.709999727e+00 +3.1200e+00 -2.2952e+00 +1.7832e+00 +3.9104e+00 +3.1528e+00
29635 +2.048112875e-07 +2.048112875e-07 -3.709999795e+00 -3.709999795e+00 +3.1200e+00 -2.2952e+00 +1.7832e+00 +3.9104e+00 +3.1528e+00
29750 +1.350849246e-07 +1.350849246e-07 -3.709999865e+00 -3.709999865e+00 +3.1200e+00 -2.2952e+00 +1.7832e+00 +3.9104e+00 +3.1528e+00
30135 +8.522155692e-08 +8.522155692e-08 -3.709999915e+00 -3.709999915e+00 +3.1200e+00 -2.2952e+00 +1.7832e+00 +3.9104e+00 +3.1528e+00
30388 +3.767172529e-08 +3.767172529e-08 -3.709999962e+00 -3.709999962e+00 +3.1200e+00 -2.2952e+00 +1.7832e+00 +3.9104e+00 +3.1528e+00
31315 +2.193272319e-08 +2.193272319e-08 -3.709999978e+00 -3.709999978e+00 +3.1200e+00 -2.2952e+00 +1.7832e+00 +3.9104e+00 +3.1528e+00
31850 +1.504977432e-08 +1.504977432e-08 -3.709999985e+00 -3.709999985e+00 +3.1200e+00 -2.2952e+00 +1.7832e+00 +3.9104e+00 +3.1528e+00
32750 +8.841636312e-09 +8.841636312e-09 -3.709999991e+00 -3.709999991e+00 +3.1200e+00 -2.2952e+00 +1.7832e+00 +3.9104e+00 +3.1528e+00
% function evaluation | noise-free fitness - Fopt (1.321800000000e+02) | best noise-free fitness - Fopt | measured fitness | best measured fitness | x1 | x2...
1 +5.138327147e+02 +5.138327147e+02 +6.460127147e+02 +6.460127147e+02 -1.1175e+00 -2.0778e+00 +3.9766e+00 +3.1358e+00 -3.0496e+00
4 +2.693502320e+02 +2.693502320e+02 +4.015302320e+02 +4.015302320e+02 -4.3268e-01 +3.2099e+00 +1.3560e-01 -4.7856e+00 -1.9688e-02
12 +1.491635421e+02 +1.491635421e+02 +2.813435421e+02 +2.813435421e+02 +4.8297e+00 +3.7933e+00 +1.8864e+00 -3.4674e+00 -2.7839e+00
17 +9.695159104e+01 +9.695159104e+01 +2.291315910e+02 +2.291315910e+02 +2.1916e+00 -1.3349e+00 +4.5522e+00 -3.4597e-01 -2.4412e+00
53 +6.158092773e+01 +6.158092773e+01 +1.937609277e+02 +1.937609277e+02 -4.0730e+00 +1.2366e+00 +2.9102e+00 -3.1161e+00 -3.0123e+00
219 +2.517812228e+01 +2.517812228e+01 +1.573581223e+02 +1.573581223e+02 -5.0000e+00 +1.4543e+00 +3.5383e+00 -2.3168e+00 -2.1424e+00
917 +1.977402336e+01 +1.977402336e+01 +1.519540234e+02 +1.519540234e+02 -4.6753e+00 +1.6596e+00 +2.8644e+00 -2.4402e+00 -2.1685e+00
1386 +1.480129970e+01 +1.480129970e+01 +1.469812997e+02 +1.469812997e+02 -4.7402e+00 +1.5660e+00 +3.5088e+00 -2.3634e+00 -2.5733e+00
1568 +9.912629514e+00 +9.912629514e+00 +1.420926295e+02 +1.420926295e+02 -4.7522e+00 +1.4494e+00 +2.8621e+00 -2.4014e+00 -1.8084e+00
4545 +5.217400029e+00 +5.217400029e+00 +1.373974000e+02 +1.373974000e+02 -4.7875e+00 +7.4172e-01 +3.4293e+00 -1.9755e+00 -2.4725e+00
4928 +3.811691978e+00 +3.811691978e+00 +1.359916920e+02 +1.359916920e+02 -4.7547e+00 +1.5311e+00 +3.4395e+00 -1.9253e+00 -2.4801e+00
6019 +2.087164073e+00 +2.087164073e+00 +1.342671641e+02 +1.342671641e+02 -4.7574e+00 +1.4601e+00 +3.4277e+00 -1.9607e+00 -2.4845e+00
6619 +1.507417024e+00 +1.507417024e+00 +1.336874170e+02 +1.336874170e+02 -4.7513e+00 +1.5168e+00 +3.4567e+00 -1.9576e+00 -2.4854e+00
14706 +9.983340001e-01 +9.983340001e-01 +1.331783340e+02 +1.331783340e+02 -4.7617e+00 +1.4839e+00 +3.4633e+00 -1.9663e+00 -2.4919e+00
% function evaluation | noise-free fitness - Fopt (-5.847300000000e+02) | best noise-free fitness - Fopt | measured fitness | best measured fitness | x1 | x2...
1 +1.166965517e+02 +1.166965517e+02 -4.680334483e+02 -4.680334483e+02 +8.2226e-02 -3.5465e+00 +1.0758e+00 -3.9330e+00 -1.5585e+00
105 +9.303733179e+01 +9.303733179e+01 -4.916926682e+02 -4.916926682e+02 -1.4554e+00 +1.0956e-01 -7.1267e-01 -5.0000e+00 -6.3478e-01
166 +5.122691961e+01 +5.122691961e+01 -5.335030804e+02 -5.335030804e+02 +3.1748e-01 -1.6863e+00 -1.6626e+00 -5.0000e+00 -1.0486e+00
258 +3.184119379e+01 +3.184119379e+01 -5.528888062e+02 -5.528888062e+02 -2.4857e+00 -2.3787e+00 -2.3403e+00 -4.7462e+00 -8.5348e-01
1125 +2.013784466e+01 +2.013784466e+01 -5.645921553e+02 -5.645921553e+02 -2.6004e+00 -1.4715e+00 -2.2603e+00 -3.3574e+00 -9.5521e-01
2111 +7.230112564e+00 +7.230112564e+00 -5.774998874e+02 -5.774998874e+02 -2.5626e+00 -2.1508e+00 -1.7471e+00 -3.8728e+00 -2.6245e-01
3347 +4.114276290e+00 +4.114276290e+00 -5.806157237e+02 -5.806157237e+02 -2.6152e+00 -2.2215e+00 -1.7579e+00 -3.8682e+00 -3.2356e-01
4198 +3.732714663e+00 +3.732714663e+00 -5.809972853e+02 -5.809972853e+02 -2.6208e+00 -2.1910e+00 -1.7443e+00 -3.9048e+00 -2.8848e-01
7759 +2.472915949e+00 +2.472915949e+00 -5.822570841e+02 -5.822570841e+02 -2.6854e+00 -2.1950e+00 -1.7522e+00 -3.9013e+00 -6.7452e-01
16185 +1.204186885e+00 +1.204186885e+00 -5.835258131e+02 -5.835258131e+02 -2.6473e+00 -2.1795e+00 -2.3047e+00 -3.9042e+00 -6.7202e-01
20819 +9.985027588e-01 +9.985027588e-01 -5.837314972e+02 -5.837314972e+02 -2.6441e+00 -2.1979e+00 -2.3031e+00 -3.8933e+00 -6.7070e-01
% function evaluation | noise-free fitness - Fopt (-3.654000000000e+01) | best noise-free fitness - Fopt | measured fitness | best measured fitness | x1 | x2...
1 +3.167012783e+02 +3.167012783e+02 +2.801612783e+02 +2.801612783e+02 -1.1924e+00 -3.9961e+00 +4.7486e+00 -4.8899e+00 -5.4958e-02
2 +2.345540923e+02 +2.345540923e+02 +1.980140923e+02 +1.980140923e+02 +1.4107e+00 -1.4059e+00 +1.5073e+00 -4.0289e+00 +3.0632e+00
8 +1.351231077e+02 +1.351231077e+02 +9.858310765e+01 +9.858310765e+01 -3.3906e+00 -6.2956e-01 -3.9867e+00 -2.7840e+00 +1.6487e+00
22 +8.478042982e+01 +8.478042982e+01 +4.824042982e+01 +4.824042982e+01 -3.5666e+00 -1.5269e+00 -1.3695e+00 -9.0649e-01 +1.2217e+00
60 +5.111059577e+01 +5.111059577e+01 +1.457059577e+01 +1.457059577e+01 +2.5048e+00 -1.3863e+00 +8.9479e-01 -2.2993e-01 -2.1985e-01
400 +3.722386092e+01 +3.722386092e+01 +6.838609179e-01 +6.838609179e-01 +7.6480e-01 -9.2620e-01 -7.9645e-01 -1.2992e-01 +3.4818e-02
705 +2.463219710e+01 +2.463219710e+01 -1.190780290e+01 -1.190780290e+01 -1.1933e+00 -9.3613e-01 +8.3655e-02 -1.2009e+00 +1.1262e+00
2211 +1.123475571e+01 +1.123475571e+01 -2.530524429e+01 -2.530524429e+01 -2.5320e-01 -1.4548e+00 +5.2516e-02 +6.3789e-01 +7.9585e-01
2263 +9.194201518e+00 +9.194201518e+00 -2.734579848e+01 -2.734579848e+01 -2.2758e-01 -2.2773e+00 -1.0940e+00 -2.6724e-01 +4.1681e-01
3280 +5.744339426e+00 +5.744339426e+00 -3.079566057e+01 -3.079566057e+01 -2.4956e-01 -3.0835e+00 +5.9445e-03 -2.2932e-01 +4.3236e-01
5768 +3.877315642e+00 +3.877315642e+00 -3.266268436e+01 -3.266268436e+01 -2.4033e-01 -3.0523e+00 +6.8934e-03 -2.3159e-01 +4.4351e-01
7825 +2.412122231e+00 +2.412122231e+00 -3.412787777e+01 -3.412787777e+01 -2.1547e-01 -3.0491e+00 -1.7401e-02 -2.4257e-01 +4.4711e-01
11551 +1.336303995e+00 +1.336303995e+00 -3.520369600e+01 -3.520369600e+01 -1.9393e-01 -2.2465e+00 -2.2681e-02 -2.5678e-01 +4.4177e-01
13840 +1.960267527e-01 +1.960267527e-01 -3.634397325e+01 -3.634397325e+01 -2.1179e-01 -2.2259e+00 -1.1479e-02 -2.5327e-01 +7.6522e-01
15962 +1.362329684e-01 +1.362329684e-01 -3.640376703e+01 -3.640376703e+01 -2.0418e-01 -2.2430e+00 -1.7343e-02 -2.6220e-01 +7.5604e-01
16493 +8.181225286e-02 +8.181225286e-02 -3.645818775e+01 -3.645818775e+01 -2.1325e-01 -2.2407e+00 -1.7652e-02 -2.5594e-01 +7.6260e-01
18058 +6.197408139e-02 +6.197408139e-02 -3.647802592e+01 -3.647802592e+01 -2.0106e-01 -2.2344e+00 -1.5226e-02 -2.5610e-01 +7.6163e-01
18322 +2.879991403e-02 +2.879991403e-02 -3.651120009e+01 -3.651120009e+01 -2.0267e-01 -2.2321e+00 -2.3504e-02 -2.5524e-01 +7.6368e-01
19248 +1.967455811e-02 +1.967455811e-02 -3.652032544e+01 -3.652032544e+01 -1.9878e-01 -2.2335e+00 -2.3612e-02 -2.5547e-01 +7.6286e-01
20324 +1.406837385e-02 +1.406837385e-02 -3.652593163e+01 -3.652593163e+01 -1.9806e-01 -2.2338e+00 -2.3418e-02 -2.5580e-01 +7.6188e-01
20651 +9.096385090e-03 +9.096385090e-03 -3.653090361e+01 -3.653090361e+01 -1.9947e-01 -2.2308e+00 -2.4646e-02 -2.5801e-01 +7.6017e-01
20757 +6.077241758e-03 +6.077241758e-03 -3.653392276e+01 -3.653392276e+01 -2.0007e-01 -2.2319e+00 -2.4469e-02 -2.5806e-01 +7.6301e-01
20958 +3.536297562e-03 +3.536297562e-03 -3.653646370e+01 -3.653646370e+01 -2.0064e-01 -2.2328e+00 -2.4542e-02 -2.5760e-01 +7.6227e-01
21457 +1.173828922e-03 +1.173828922e-03 -3.653882617e+01 -3.653882617e+01 -2.0270e-01 -2.2332e+00 -2.4425e-02 -2.5839e-01 +7.6188e-01
22058 +9.129509319e-04 +9.129509319e-04 -3.653908705e+01 -3.653908705e+01 -2.0000e-01 -2.2328e+00 -2.5136e-02 -2.5879e-01 +7.6169e-01
22758 +4.450948012e-04 +4.450948012e-04 -3.653955491e+01 -3.653955491e+01 -2.0204e-01 -2.2329e+00 -2.5049e-02 -2.5881e-01 +7.6169e-01
23158 +3.279142293e-04 +3.279142293e-04 -3.653967209e+01 -3.653967209e+01 -2.0088e-01 -2.2330e+00 -2.5051e-02 -2.5897e-01 +7.6169e-01
23957 +1.617511183e-04 +1.617511183e-04 -3.653983825e+01 -3.653983825e+01 -2.0207e-01 -2.2331e+00 -2.4750e-02 -2.5907e-01 +7.6151e-01
24457 +1.292091796e-04 +1.292091796e-04 -3.653987079e+01 -3.653987079e+01 -2.0157e-01 -2.2331e+00 -2.4819e-02 -2.5907e-01 +7.6147e-01
24958 +7.071120788e-05 +7.071120788e-05 -3.653992929e+01 -3.653992929e+01 -2.0160e-01 -2.2332e+00 -2.4747e-02 -2.5925e-01 +7.6152e-01
26251 +5.557364415e-05 +5.557364415e-05 -3.653994443e+01 -3.653994443e+01 -2.0159e-01 -2.2333e+00 -2.4805e-02 -2.5915e-01 +7.6150e-01
26973 +3.504143830e-05 +3.504143830e-05 -3.653996496e+01 -3.653996496e+01 -2.0159e-01 -2.2334e+00 -2.4826e-02 -2.5918e-01 +7.6151e-01
27310 +1.605838933e-05 +1.605838933e-05 -3.653998394e+01 -3.653998394e+01 -2.0155e-01 -2.2335e+00 -2.4723e-02 -2.5928e-01 +7.6157e-01
27558 +7.239486948e-06 +7.239486948e-06 -3.653999276e+01 -3.653999276e+01 -2.0156e-01 -2.2336e+00 -2.4759e-02 -2.5927e-01 +7.6158e-01
28357 +6.008204281e-06 +6.008204281e-06 -3.653999399e+01 -3.653999399e+01 -2.0167e-01 -2.2335e+00 -2.4833e-02 -2.5924e-01 +7.6162e-01
28757 +3.396457693e-06 +3.396457693e-06 -3.653999660e+01 -3.653999660e+01 -2.0166e-01 -2.2336e+00 -2.4779e-02 -2.5924e-01 +7.6160e-01
28951 +1.874204877e-06 +1.874204877e-06 -3.653999813e+01 -3.653999813e+01 -2.0167e-01 -2.2336e+00 -2.4779e-02 -2.5920e-01 +7.6160e-01
29176 +1.255003184e-06 +1.255003184e-06 -3.653999874e+01 -3.653999874e+01 -2.0164e-01 -2.2336e+00 -2.4783e-02 -2.5918e-01 +7.6160e-01
29351 +5.117579533e-07 +5.117579533e-07 -3.653999949e+01 -3.653999949e+01 -2.0160e-01 -2.2336e+00 -2.4787e-02 -2.5919e-01 +7.6160e-01
29551 +3.580403174e-07 +3.580403174e-07 -3.653999964e+01 -3.653999964e+01 -2.0160e-01 -2.2336e+00 -2.4786e-02 -2.5920e-01 +7.6160e-01
29558 +2.296191042e-07 +2.296191042e-07 -3.653999977e+01 -3.653999977e+01 -2.0161e-01 -2.2336e+00 -2.4791e-02 -2.5920e-01 +7.6160e-01
30173 +1.196493997e-07 +1.196493997e-07 -3.653999988e+01 -3.653999988e+01 -2.0161e-01 -2.2336e+00 -2.4797e-02 -2.5921e-01 +7.6160e-01
30673 +3.249554936e-08 +3.249554936e-08 -3.653999997e+01 -3.653999997e+01 -2.0160e-01 -2.2336e+00 -2.4798e-02 -2.5920e-01 +7.6160e-01
31741 +2.403012900e-08 +2.403012900e-08 -3.653999998e+01 -3.653999998e+01 -2.0160e-01 -2.2336e+00 -2.4796e-02 -2.5920e-01 +7.6160e-01
31841 +1.461534538e-08 +1.461534538e-08 -3.653999999e+01 -3.653999999e+01 -2.0160e-01 -2.2336e+00 -2.4800e-02 -2.5920e-01 +7.6160e-01
33764 +9.440505266e-09 +9.440505266e-09 -3.653999999e+01 -3.653999999e+01 -2.0160e-01 -2.2336e+00 -2.4801e-02 -2.5920e-01 +7.6160e-01
% function evaluation | noise-free fitness - Fopt (1.000000000000e+03) | best noise-free fitness - Fopt | measured fitness | best measured fitness | x1 | x2...
1 +3.445423735e+02 +3.445423735e+02 +1.344542374e+03 +1.344542374e+03 +4.7907e+00 +2.7266e+00 +2.7301e+00 -2.4498e+00 +4.2569e+00
5 +2.148766287e+02 +2.148766287e+02 +1.214876629e+03 +1.214876629e+03 -3.4591e+00 -1.6225e+00 -2.7269e+00 -1.8881e+00 +2.1492e+00
14 +9.261905841e+01 +9.261905841e+01 +1.092619058e+03 +1.092619058e+03 +2.0955e+00 -2.1491e+00 -1.2248e+00 +2.6549e+00 +4.8660e+00
34 +6.253473467e+01 +6.253473467e+01 +1.062534735e+03 +1.062534735e+03 -2.5936e+00 +2.0863e-02 +8.0967e-01 +6.1816e-01 +3.2896e+00
465 +3.888626034e+01 +3.888626034e+01 +1.038886260e+03 +1.038886260e+03 -3.4000e+00 +3.8514e-01 -5.7075e-01 +2.2939e+00 +3.2607e+00
715 +1.713021062e+01 +1.713021062e+01 +1.017130211e+03 +1.017130211e+03 -3.5018e+00 -8.7607e-01 -1.2308e+00 +2.7712e+00 +2.9850e+00
1036 +1.481012529e+01 +1.481012529e+01 +1.014810125e+03 +1.014810125e+03 -1.4409e+00 +0.0000e+00 -8.1480e-01 +2.7638e+00 +2.9992e+00
3255 +9.780464927e+00 +9.780464927e+00 +1.009780465e+03 +1.009780465e+03 -3.5566e+00 -7.3645e-01 -1.2778e-01 +3.1192e+00 +2.6591e+00
7990 +5.309368526e+00 +5.309368526e+00 +1.005309369e+03 +1.005309369e+03 -1.4979e+00 -7.4780e-01 -1.6443e-01 +3.1332e+00 +3.2590e+00
9157 +3.802759036e+00 +3.802759036e+00 +1.003802759e+03 +1.003802759e+03 -1.4735e+00 -8.1934e-01 -1.5673e-01 +3.1119e+00 +3.3338e+00
9638 +1.238604502e+00 +1.238604502e+00 +1.001238605e+03 +1.001238605e+03 -1.5614e+00 -8.2295e-01 -1.8041e-01 +3.1095e+00 +3.3184e+00
12635 +9.065568961e-01 +9.065568961e-01 +1.000906557e+03 +1.000906557e+03 -1.5455e+00 -8.2173e-01 -1.9551e-01 +3.1032e+00 +2.9520e+00
14842 +5.930360666e-01 +5.930360666e-01 +1.000593036e+03 +1.000593036e+03 -1.5936e+00 -8.0761e-01 -1.8755e-01 +3.1339e+00 +2.9475e+00
15671 +3.720219328e-01 +3.720219328e-01 +1.000372022e+03 +1.000372022e+03 -1.5832e+00 -8.2727e-01 -1.8832e-01 +3.1167e+00 +2.9351e+00
16271 +2.225871061e-01 +2.225871061e-01 +1.000222587e+03 +1.000222587e+03 -1.5826e+00 -8.2543e-01 -1.8652e-01 +3.1195e+00 +2.9407e+00
16542 +1.545586671e-01 +1.545586671e-01 +1.000154559e+03 +1.000154559e+03 -1.5834e+00 -8.2506e-01 -1.7517e-01 +3.1279e+00 +2.9458e+00
17442 +8.570142428e-02 +8.570142428e-02 +1.000085701e+03 +1.000085701e+03 -1.5835e+00 -8.2933e-01 -1.6648e-01 +3.1235e+00 +2.9449e+00
18019 +4.265276911e-02 +4.265276911e-02 +1.000042653e+03 +1.000042653e+03 -1.5675e+00 -8.2539e-01 -1.7390e-01 +3.1217e+00 +2.9444e+00
18386 +3.335237059e-02 +3.335237059e-02 +1.000033352e+03 +1.000033352e+03 -1.5764e+00 -8.1700e-01 -1.7215e-01 +3.1215e+00 +2.9421e+00
18966 +2.339950492e-02 +2.339950492e-02 +1.000023400e+03 +1.000023400e+03 -1.5750e+00 -8.1567e-01 -1.6969e-01 +3.1194e+00 +2.9417e+00
19308 +9.103006135e-03 +9.103006135e-03 +1.000009103e+03 +1.000009103e+03 -1.5731e+00 -8.1843e-01 -1.6979e-01 +3.1187e+00 +2.9424e+00
19566 +6.270795124e-03 +6.270795124e-03 +1.000006271e+03 +1.000006271e+03 -1.5709e+00 -8.1810e-01 -1.6976e-01 +3.1189e+00 +2.9448e+00
20108 +3.883239072e-03 +3.883239072e-03 +1.000003883e+03 +1.000003883e+03 -1.5704e+00 -8.2097e-01 -1.6932e-01 +3.1190e+00 +2.9441e+00
20633 +5.394922141e-04 +5.394922141e-04 +1.000000539e+03 +1.000000539e+03 -1.5729e+00 -8.2033e-01 -1.7045e-01 +3.1173e+00 +2.9445e+00
20712 +2.469252910e-04 +2.469252910e-04 +1.000000247e+03 +1.000000247e+03 -1.5732e+00 -8.2072e-01 -1.7053e-01 +3.1179e+00 +2.9442e+00
20912 +1.435404968e-04 +1.435404968e-04 +1.000000144e+03 +1.000000144e+03 -1.5735e+00 -8.2071e-01 -1.7030e-01 +3.1176e+00 +2.9441e+00
22912 +9.314957060e-05 +9.314957060e-05 +1.000000093e+03 +1.000000093e+03 -1.5724e+00 -8.2072e-01 -1.7017e-01 +3.1174e+00 +2.9440e+00
24108 +5.340654764e-05 +5.340654764e-05 +1.000000053e+03 +1.000000053e+03 -1.5730e+00 -8.2075e-01 -1.7017e-01 +3.1175e+00 +2.9440e+00
25108 +3.507559688e-05 +3.507559688e-05 +1.000000035e+03 +1.000000035e+03 -1.5728e+00 -8.2079e-01 -1.7024e-01 +3.1175e+00 +2.9440e+00
25820 +1.727156894e-05 +1.727156894e-05 +1.000000017e+03 +1.000000017e+03 -1.5729e+00 -8.2076e-01 -1.7027e-01 +3.1175e+00 +2.9440e+00
26020 +1.215540942e-05 +1.215540942e-05 +1.000000012e+03 +1.000000012e+03 -1.5729e+00 -8.2074e-01 -1.7028e-01 +3.1176e+00 +2.9440e+00
26495 +8.936566019e-06 +8.936566019e-06 +1.000000009e+03 +1.000000009e+03 -1.5729e+00 -8.2074e-01 -1.7039e-01 +3.1175e+00 +2.9440e+00
27033 +2.765396061e-06 +2.765396061e-06 +1.000000003e+03 +1.000000003e+03 -1.5729e+00 -8.2075e-01 -1.7042e-01 +3.1176e+00 +2.9440e+00
27095 +1.843813834e-06 +1.843813834e-06 +1.000000002e+03 +1.000000002e+03 -1.5729e+00 -8.2076e-01 -1.7039e-01 +3.1176e+00 +2.9440e+00
28433 +1.556701591e-06 +1.556701591e-06 +1.000000002e+03 +1.000000002e+03 -1.5729e+00 -8.2076e-01 -1.7040e-01 +3.1176e+00 +2.9440e+00
29408 +9.165596566e-07 +9.165596566e-07 +1.000000001e+03 +1.000000001e+03 -1.5728e+00 -8.2080e-01 -1.7039e-01 +3.1176e+00 +2.9440e+00
29564 +4.060930223e-07 +4.060930223e-07 +1.000000000e+03 +1.000000000e+03 -1.5728e+00 -8.2077e-01 -1.7040e-01 +3.1176e+00 +2.9440e+00
29620 +1.505142109e-07 +1.505142109e-07 +1.000000000e+03 +1.000000000e+03 -1.5728e+00 -8.2079e-01 -1.7040e-01 +3.1176e+00 +2.9440e+00
32060 +7.631683729e-08 +7.631683729e-08 +1.000000000e+03 +1.000000000e+03 -1.5728e+00 -8.2079e-01 -1.7040e-01 +3.1176e+00 +2.9440e+00
32242 +6.264292551e-08 +6.264292551e-08 +1.000000000e+03 +1.000000000e+03 -1.5728e+00 -8.2079e-01 -1.7040e-01 +3.1176e+00 +2.9440e+00
32400 +3.364357326e-08 +3.364357326e-08 +1.000000000e+03 +1.000000000e+03 -1.5728e+00 -8.2081e-01 -1.7040e-01 +3.1176e+00 +2.9440e+00
32671 +1.522607818e-08 +1.522607818e-08 +1.000000000e+03 +1.000000000e+03 -1.5728e+00 -8.2080e-01 -1.7040e-01 +3.1176e+00 +2.9440e+00
34000 +9.885070540e-09 +9.885070540e-09 +1.000000000e+03 +1.000000000e+03 -1.5728e+00 -8.2080e-01 -1.7040e-01 +3.1176e+00 +2.9440e+00
% function evaluation | noise-free fitness - Fopt (4.661000000000e+01) | best noise-free fitness - Fopt | measured fitness | best measured fitness | x1 | x2...
1 +7.516865399e+02 +7.516865399e+02 +7.982965399e+02 +7.982965399e+02 -1.3466e+00 -4.2055e+00 -2.3228e+00 -4.9699e+00 +2.1690e+00
2 +2.761132049e+02 +2.761132049e+02 +3.227232049e+02 +3.227232049e+02 -4.6736e+00 -2.0020e+00 +3.4700e+00 +2.6317e+00 +1.4445e+00
4 +2.282819563e+02 +2.282819563e+02 +2.748919563e+02 +2.748919563e+02 +2.0212e-02 +5.6508e-01 -4.1748e+00 +2.3345e+00 -3.5485e+00
10 +1.457874510e+02 +1.457874510e+02 +1.923974510e+02 +1.923974510e+02 +4.7661e+00 +4.5433e+00 +1.1514e+00 -1.7228e-01 -3.6844e+00
31 +6.635515556e+01 +6.635515556e+01 +1.129651556e+02 +1.129651556e+02 -3.7114e-01 +4.5101e-02 +1.0086e+00 +2.8997e+00 -5.4110e-01
265 +4.690412019e+01 +4.690412019e+01 +9.351412019e+01 +9.351412019e+01 +2.1707e+00 +4.4174e+00 +1.0770e+00 +3.3776e+00 -1.3607e+00
497 +3.587452782e+01 +3.587452782e+01 +8.248452782e+01 +8.248452782e+01 +3.8291e+00 +3.0822e+00 +1.6655e+00 +3.6982e+00 -1.6375e+00
877 +2.305463056e+01 +2.305463056e+01 +6.966463056e+01 +6.966463056e+01 +2.7964e+00 +2.5262e+00 +2.2368e+00 +3.3610e+00 -1.2471e+00
3642 +1.336681834e+01 +1.336681834e+01 +5.997681834e+01 +5.997681834e+01 +1.7890e+00 +2.5934e+00 +1.7304e+00 +1.9814e+00 -1.3374e+00
3967 +8.913127798e+00 +8.913127798e+00 +5.552312780e+01 +5.552312780e+01 +9.0616e-01 +3.1268e+00 +1.7029e+00 +2.5211e+00 -1.3475e+00
5906 +3.903819673e+00 +3.903819673e+00 +5.051381967e+01 +5.051381967e+01 +8.3642e-01 +3.9131e+00 +1.0536e+00 +2.4635e+00 -1.0217e+00
8718 +2.425961689e+00 +2.425961689e+00 +4.903596169e+01 +4.903596169e+01 +8.5781e-01 +3.9211e+00 +1.0952e+00 +2.4612e+00 -1.0123e+00
15559 +1.241174780e+00 +1.241174780e+00 +4.785117478e+01 +4.785117478e+01 +8.3891e-01 +3.9353e+00 +1.7335e+00 +2.4721e+00 -1.0074e+00
20755 +9.969385800e-01 +9.969385800e-01 +4.760693858e+01 +4.760693858e+01 +8.3499e-01 +3.9186e+00 +1.7149e+00 +2.4717e+00 -1.0083e+00
22819 +3.686715956e-01 +3.686715956e-01 +4.697867160e+01 +4.697867160e+01 +8.4058e-01 +3.9421e+00 +1.7201e+00 +2.8862e+00 -9.9926e-01
22920 +6.821451640e-02 +6.821451640e-02 +4.667821452e+01 +4.667821452e+01 +8.5014e-01 +3.9238e+00 +1.7159e+00 +2.8821e+00 -1.0099e+00
23754 +5.788467715e-02 +5.788467715e-02 +4.666788468e+01 +4.666788468e+01 +8.4212e-01 +3.9301e+00 +1.7169e+00 +2.8818e+00 -1.0098e+00
24040 +1.843416751e-02 +1.843416751e-02 +4.662843417e+01 +4.662843417e+01 +8.3476e-01 +3.9187e+00 +1.7191e+00 +2.8794e+00 -1.0098e+00
25633 +1.567727313e-02 +1.567727313e-02 +4.662567727e+01 +4.662567727e+01 +8.3373e-01 +3.9180e+00 +1.7167e+00 +2.8765e+00 -1.0100e+00
26768 +9.457956614e-03 +9.457956614e-03 +4.661945796e+01 +4.661945796e+01 +8.3133e-01 +3.9194e+00 +1.7184e+00 +2.8784e+00 -1.0077e+00
27275 +5.470779702e-03 +5.470779702e-03 +4.661547078e+01 +4.661547078e+01 +8.3828e-01 +3.9212e+00 +1.7175e+00 +2.8787e+00 -1.0082e+00
27687 +2.191728803e-03 +2.191728803e-03 +4.661219173e+01 +4.661219173e+01 +8.3470e-01 +3.9205e+00 +1.7165e+00 +2.8794e+00 -1.0079e+00
28175 +1.158034097e-03 +1.158034097e-03 +4.661115803e+01 +4.661115803e+01 +8.3565e-01 +3.9217e+00 +1.7157e+00 +2.8790e+00 -1.0075e+00
28375 +6.714144869e-04 +6.714144869e-04 +4.661067141e+01 +4.661067141e+01 +8.3566e-01 +3.9211e+00 +1.7159e+00 +2.8790e+00 -1.0080e+00
29857 +5.029029799e-04 +5.029029799e-04 +4.661050290e+01 +4.661050290e+01 +8.3439e-01 +3.9209e+00 +1.7151e+00 +2.8788e+00 -1.0083e+00
30287 +3.524344754e-04 +3.524344754e-04 +4.661035243e+01 +4.661035243e+01 +8.3582e-01 +3.9208e+00 +1.7154e+00 +2.8786e+00 -1.0083e+00
30880 +1.931779797e-04 +1.931779797e-04 +4.661019318e+01 +4.661019318e+01 +8.3498e-01 +3.9215e+00 +1.7152e+00 +2.8783e+00 -1.0081e+00
31092 +1.576512943e-04 +1.576512943e-04 +4.661015765e+01 +4.661015765e+01 +8.3486e-01 +3.9212e+00 +1.7152e+00 +2.8785e+00 -1.0078e+00
31187 +7.321525737e-05 +7.321525737e-05 +4.661007322e+01 +4.661007322e+01 +8.3494e-01 +3.9204e+00 +1.7153e+00 +2.8785e+00 -1.0080e+00
31687 +2.938390345e-05 +2.938390345e-05 +4.661002938e+01 +4.661002938e+01 +8.3514e-01 +3.9208e+00 +1.7154e+00 +2.8785e+00 -1.0080e+00
32092 +6.995289411e-06 +6.995289411e-06 +4.661000700e+01 +4.661000700e+01 +8.3505e-01 +3.9208e+00 +1.7153e+00 +2.8784e+00 -1.0080e+00
33639 +5.347833167e-06 +5.347833167e-06 +4.661000535e+01 +4.661000535e+01 +8.3508e-01 +3.9208e+00 +1.7153e+00 +2.8784e+00 -1.0080e+00
34400 +3.381351590e-06 +3.381351590e-06 +4.661000338e+01 +4.661000338e+01 +8.3518e-01 +3.9208e+00 +1.7153e+00 +2.8784e+00 -1.0080e+00
34990 +2.182751842e-06 +2.182751842e-06 +4.661000218e+01 +4.661000218e+01 +8.3523e-01 +3.9208e+00 +1.7152e+00 +2.8784e+00 -1.0080e+00
35139 +9.930463776e-07 +9.930463776e-07 +4.661000099e+01 +4.661000099e+01 +8.3520e-01 +3.9208e+00 +1.7152e+00 +2.8784e+00 -1.0080e+00
36139 +5.926562849e-07 +5.926562849e-07 +4.661000059e+01 +4.661000059e+01 +8.3521e-01 +3.9208e+00 +1.7152e+00 +2.8784e+00 -1.0080e+00
36694 +3.912477808e-07 +3.912477808e-07 +4.661000039e+01 +4.661000039e+01 +8.3519e-01 +3.9208e+00 +1.7152e+00 +2.8784e+00 -1.0080e+00
37070 +2.197093139e-07 +2.197093139e-07 +4.661000022e+01 +4.661000022e+01 +8.3521e-01 +3.9208e+00 +1.7152e+00 +2.8784e+00 -1.0080e+00
37941 +1.387722648e-07 +1.387722648e-07 +4.661000014e+01 +4.661000014e+01 +8.3521e-01 +3.9208e+00 +1.7152e+00 +2.8784e+00 -1.0080e+00
38241 +5.591463292e-08 +5.591463292e-08 +4.661000006e+01 +4.661000006e+01 +8.3521e-01 +3.9208e+00 +1.7152e+00 +2.8784e+00 -1.0080e+00
39394 +1.396254845e-08 +1.396254845e-08 +4.661000001e+01 +4.661000001e+01 +8.3519e-01 +3.9208e+00 +1.7152e+00 +2.8784e+00 -1.0080e+00
39539 +3.702936624e-09 +3.702936624e-09 +4.661000000e+01 +4.661000000e+01 +8.3520e-01 +3.9208e+00 +1.7152e+00 +2.8784e+00 -1.0080e+00
% function evaluation | noise-free fitness - Fopt (-2.643100000000e+02) | best noise-free fitness - Fopt | measured fitness | best measured fitness | x1 | x2...
1 +1.848961601e+02 +1.848961601e+02 -7.941383986e+01 -7.941383986e+01 +3.8369e+00 -1.0865e+00 -3.2811e-01 -9.9632e-01 +9.8354e-01
5 +7.900566047e+01 +7.900566047e+01 -1.853043395e+02 -1.853043395e+02 -4.4816e+00 -1.5120e+00 -2.7912e+00 -1.2575e+00 +5.4649e-01
161 +3.777882037e+01 +3.777882037e+01 -2.265311796e+02 -2.265311796e+02 -4.2504e+00 -5.1698e-01 -3.4106e+00 -1.7382e+00 +3.0902e+00
777 +1.935484868e+01 +1.935484868e+01 -2.449551513e+02 -2.449551513e+02 -4.2310e+00 +8.5704e-02 -2.6539e+00 -4.5370e-01 +3.5194e+00
1174 +1.319044432e+01 +1.319044432e+01 -2.511195557e+02 -2.511195557e+02 -4.2956e+00 -2.3220e+00 -2.6638e+00 -9.1812e-01 +2.8865e+00
2810 +9.015203576e+00 +9.015203576e+00 -2.552947964e+02 -2.552947964e+02 -4.2120e+00 -7.6741e-01 -3.1973e+00 -1.2355e+00 +2.8876e+00
4323 +5.530133158e+00 +5.530133158e+00 -2.587798668e+02 -2.587798668e+02 -4.2840e+00 -5.9601e-01 -2.7129e+00 -8.1140e-01 +2.5762e+00
5767 +2.538498881e+00 +2.538498881e+00 -2.617715011e+02 -2.617715011e+02 -4.2658e+00 -1.4707e+00 -2.6843e+00 -8.4129e-01 +2.5507e+00
7872 +2.376702179e+00 +2.376702179e+00 -2.619332978e+02 -2.619332978e+02 -4.2696e+00 -1.4699e+00 -2.6853e+00 -8.2124e-01 +2.5491e+00
11041 +1.444023246e+00 +1.444023246e+00 -2.628659768e+02 -2.628659768e+02 -4.2509e+00 -1.4500e+00 -2.7129e+00 -8.2166e-01 +2.8524e+00
16072 +9.974752079e-01 +9.974752079e-01 -2.633125248e+02 -2.633125248e+02 -4.2477e+00 -1.4581e+00 -2.6948e+00 -8.2757e-01 +2.8634e+00
21666 +5.477157150e-01 +5.477157150e-01 -2.637622843e+02 -2.637622843e+02 -3.2947e+00 -1.4515e+00 -2.6968e+00 -8.2465e-01 +2.8711e+00
21715 +4.017948982e-02 +4.017948982e-02 -2.642698205e+02 -2.642698205e+02 -3.2453e+00 -1.4486e+00 -2.6973e+00 -8.2534e-01 +2.8644e+00
22851 +3.936882191e-02 +3.936882191e-02 -2.642706312e+02 -2.642706312e+02 -3.2459e+00 -1.4546e+00 -2.7019e+00 -8.2443e-01 +2.8649e+00
23423 +2.410296603e-02 +2.410296603e-02 -2.642858970e+02 -2.642858970e+02 -3.2557e+00 -1.4589e+00 -2.6974e+00 -8.2250e-01 +2.8627e+00
24069 +1.576316165e-02 +1.576316165e-02 -2.642942368e+02 -2.642942368e+02 -3.2514e+00 -1.4552e+00 -2.6976e+00 -8.2653e-01 +2.8607e+00
24801 +6.637598886e-03 +6.637598886e-03 -2.643033624e+02 -2.643033624e+02 -3.2533e+00 -1.4611e+00 -2.6960e+00 -8.2619e-01 +2.8624e+00
24891 +4.638614146e-03 +4.638614146e-03 -2.643053614e+02 -2.643053614e+02 -3.2475e+00 -1.4588e+00 -2.6957e+00 -8.2573e-01 +2.8639e+00
25009 +2.244866695e-03 +2.244866695e-03 -2.643077551e+02 -2.643077551e+02 -3.2535e+00 -1.4584e+00 -2.6965e+00 -8.2643e-01 +2.8639e+00
25416 +1.110545456e-03 +1.110545456e-03 -2.643088895e+02 -2.643088895e+02 -3.2509e+00 -1.4567e+00 -2.6966e+00 -8.2637e-01 +2.8627e+00
25809 +9.070183669e-04 +9.070183669e-04 -2.643090930e+02 -2.643090930e+02 -3.2494e+00 -1.4569e+00 -2.6962e+00 -8.2663e-01 +2.8630e+00
26009 +6.120369365e-04 +6.120369365e-04 -2.643093880e+02 -2.643093880e+02 -3.2523e+00 -1.4568e+00 -2.6962e+00 -8.2665e-01 +2.8630e+00
26743 +1.726182895e-04 +1.726182895e-04 -2.643098274e+02 -2.643098274e+02 -3.2506e+00 -1.4572e+00 -2.6959e+00 -8.2633e-01 +2.8631e+00
27007 +1.297085059e-04 +1.297085059e-04 -2.643098703e+02 -2.643098703e+02 -3.2514e+00 -1.4575e+00 -2.6962e+00 -8.2621e-01 +2.8630e+00
27143 +6.307308684e-05 +6.307308684e-05 -2.643099369e+02 -2.643099369e+02 -3.2511e+00 -1.4578e+00 -2.6962e+00 -8.2626e-01 +2.8631e+00
28051 +2.603308150e-05 +2.603308150e-05 -2.643099740e+02 -2.643099740e+02 -3.2513e+00 -1.4578e+00 -2.6959e+00 -8.2641e-01 +2.8632e+00
28633 +8.799407510e-06 +8.799407510e-06 -2.643099912e+02 -2.643099912e+02 -3.2511e+00 -1.4576e+00 -2.6960e+00 -8.2634e-01 +2.8632e+00
29227 +5.250770585e-06 +5.250770585e-06 -2.643099947e+02 -2.643099947e+02 -3.2511e+00 -1.4576e+00 -2.6960e+00 -8.2645e-01 +2.8632e+00
29537 +3.890552819e-06 +3.890552819e-06 -2.643099961e+02 -2.643099961e+02 -3.2512e+00 -1.4577e+00 -2.6960e+00 -8.2644e-01 +2.8632e+00
30809 +6.615380812e-07 +6.615380812e-07 -2.643099993e+02 -2.643099993e+02 -3.2512e+00 -1.4576e+00 -2.6960e+00 -8.2641e-01 +2.8632e+00
31337 +4.136837788e-07 +4.136837788e-07 -2.643099996e+02 -2.643099996e+02 -3.2512e+00 -1.4576e+00 -2.6960e+00 -8.2641e-01 +2.8632e+00
31891 +3.443128094e-07 +3.443128094e-07 -2.643099997e+02 -2.643099997e+02 -3.2512e+00 -1.4576e+00 -2.6960e+00 -8.2640e-01 +2.8632e+00
32737 +8.168638033e-08 +8.168638033e-08 -2.643099999e+02 -2.643099999e+02 -3.2512e+00 -1.4576e+00 -2.6960e+00 -8.2640e-01 +2.8632e+00
34041 +3.716246511e-08 +3.716246511e-08 -2.643100000e+02 -2.643100000e+02 -3.2512e+00 -1.4576e+00 -2.6960e+00 -8.2640e-01 +2.8632e+00
34841 +1.859024223e-08 +1.859024223e-08 -2.643100000e+02 -2.643100000e+02 -3.2512e+00 -1.4576e+00 -2.6960e+00 -8.2640e-01 +2.8632e+00
36858 +7.658343293e-09 +7.658343293e-09 -2.643100000e+02 -2.643100000e+02 -3.2512e+00 -1.4576e+00 -2.6960e+00 -8.2640e-01 +2.8632e+00
% function evaluation | noise-free fitness - Fopt (7.273000000000e+01) | best noise-free fitness - Fopt | measured fitness | best measured fitness | x1 | x2...
1 +5.432207847e+02 +5.432207847e+02 +6.159507847e+02 +6.159507847e+02 -9.5108e-01 -2.6894e+00 -5.2911e-01 -2.8940e+00 -4.9971e+00
3 +2.659293531e+02 +2.659293531e+02 +3.386593531e+02 +3.386593531e+02 -2.7217e+00 -4.2200e+00 -4.8726e+00 -7.2418e-01 -2.5000e+00
4 +2.329978193e+02 +2.329978193e+02 +3.057278193e+02 +3.057278193e+02 -3.7519e-01 -7.8229e-01 -2.4083e+00 -3.5298e+00 -6.6154e-01
5 +1.020695733e+02 +1.020695733e+02 +1.747995733e+02 +1.747995733e+02 -3.5333e+00 +1.0511e+00 -2.1843e+00 -9.2137e-01 +3.1912e+00
39 +6.561503082e+01 +6.561503082e+01 +1.383450308e+02 +1.383450308e+02 -2.3134e+00 -7.1947e-01 -3.1576e+00 +1.7453e+00 +2.7089e+00
143 +6.048515272e+01 +6.048515272e+01 +1.332151527e+02 +1.332151527e+02 -3.6411e+00 -2.2405e+00 -3.0164e+00 -4.2354e-01 +2.2792e+00
339 +3.584432022e+01 +3.584432022e+01 +1.085743202e+02 +1.085743202e+02 -4.5308e+00 -3.5849e+00 -2.5065e+00 +8.8518e-02 +2.2450e+00
1089 +2.214025270e+01 +2.214025270e+01 +9.487025270e+01 +9.487025270e+01 -3.6310e+00 -4.5743e+00 -1.9962e+00 +1.4424e+00 +2.0507e+00
2096 +1.438620710e+01 +1.438620710e+01 +8.711620710e+01 +8.711620710e+01 -3.6419e+00 -3.0288e+00 -2.7316e+00 +8.9264e-01 +2.3713e+00
2717 +8.771716510e+00 +8.771716510e+00 +8.150171651e+01 +8.150171651e+01 -3.6146e+00 -2.3227e+00 -2.7063e+00 +8.6357e-01 +2.0237e+00
5796 +3.640540920e+00 +3.640540920e+00 +7.637054092e+01 +7.637054092e+01 -3.5785e+00 -2.2562e+00 -2.6485e+00 +9.4318e-01 +2.0283e+00
8970 +2.181031726e+00 +2.181031726e+00 +7.491103173e+01 +7.491103173e+01 -2.5786e+00 -2.2864e+00 -2.6910e+00 +9.2524e-01 +2.0256e+00
14082 +1.176314308e+00 +1.176314308e+00 +7.390631431e+01 +7.390631431e+01 -2.5694e+00 -2.2768e+00 -2.1007e+00 +9.3936e-01 +2.0439e+00
19206 +7.862572032e-01 +7.862572032e-01 +7.351625720e+01 +7.351625720e+01 -2.5849e+00 -2.2959e+00 -2.0874e+00 +9.1379e-01 +1.6889e+00
19460 +2.154600550e-01 +2.154600550e-01 +7.294546005e+01 +7.294546005e+01 -2.5827e+00 -2.2876e+00 -2.0902e+00 +9.2113e-01 +1.6804e+00
19872 +5.155622514e-02 +5.155622514e-02 +7.278155623e+01 +7.278155623e+01 -2.5881e+00 -2.2788e+00 -2.0874e+00 +9.2669e-01 +1.6768e+00
21366 +2.982264264e-02 +2.982264264e-02 +7.275982264e+01 +7.275982264e+01 -2.5902e+00 -2.2751e+00 -2.0875e+00 +9.2929e-01 +1.6756e+00
22346 +2.371374760e-02 +2.371374760e-02 +7.275371375e+01 +7.275371375e+01 -2.5823e+00 -2.2707e+00 -2.0877e+00 +9.2948e-01 +1.6765e+00
22851 +9.538263483e-03 +9.538263483e-03 +7.273953826e+01 +7.273953826e+01 -2.5845e+00 -2.2731e+00 -2.0861e+00 +9.3137e-01 +1.6766e+00
23151 +1.962616122e-03 +1.962616122e-03 +7.273196262e+01 +7.273196262e+01 -2.5845e+00 -2.2754e+00 -2.0899e+00 +9.3283e-01 +1.6772e+00
24251 +1.256064062e-03 +1.256064062e-03 +7.273125606e+01 +7.273125606e+01 -2.5845e+00 -2.2755e+00 -2.0896e+00 +9.3287e-01 +1.6769e+00
24534 +9.780991193e-04 +9.780991193e-04 +7.273097810e+01 +7.273097810e+01 -2.5826e+00 -2.2756e+00 -2.0891e+00 +9.3189e-01 +1.6769e+00
25934 +5.247063445e-04 +5.247063445e-04 +7.273052471e+01 +7.273052471e+01 -2.5825e+00 -2.2758e+00 -2.0893e+00 +9.3264e-01 +1.6772e+00
26034 +1.654021596e-04 +1.654021596e-04 +7.273016540e+01 +7.273016540e+01 -2.5822e+00 -2.2760e+00 -2.0892e+00 +9.3290e-01 +1.6769e+00
26551 +9.584475481e-05 +9.584475481e-05 +7.273009584e+01 +7.273009584e+01 -2.5817e+00 -2.2760e+00 -2.0888e+00 +9.3276e-01 +1.6769e+00
26834 +4.033797519e-05 +4.033797519e-05 +7.273004034e+01 +7.273004034e+01 -2.5822e+00 -2.2760e+00 -2.0889e+00 +9.3267e-01 +1.6768e+00
27034 +2.197782410e-05 +2.197782410e-05 +7.273002198e+01 +7.273002198e+01 -2.5822e+00 -2.2761e+00 -2.0889e+00 +9.3272e-01 +1.6768e+00
27351 +1.218515584e-05 +1.218515584e-05 +7.273001219e+01 +7.273001219e+01 -2.5822e+00 -2.2761e+00 -2.0888e+00 +9.3279e-01 +1.6768e+00
28960 +9.316262890e-06 +9.316262890e-06 +7.273000932e+01 +7.273000932e+01 -2.5824e+00 -2.2760e+00 -2.0888e+00 +9.3279e-01 +1.6769e+00
29351 +6.293444812e-06 +6.293444812e-06 +7.273000629e+01 +7.273000629e+01 -2.5823e+00 -2.2759e+00 -2.0889e+00 +9.3279e-01 +1.6768e+00
30351 +3.683129805e-06 +3.683129805e-06 +7.273000368e+01 +7.273000368e+01 -2.5823e+00 -2.2760e+00 -2.0888e+00 +9.3281e-01 +1.6768e+00
30702 +1.205899935e-06 +1.205899935e-06 +7.273000121e+01 +7.273000121e+01 -2.5823e+00 -2.2760e+00 -2.0888e+00 +9.3279e-01 +1.6768e+00
30851 +7.265806090e-07 +7.265806090e-07 +7.273000073e+01 +7.273000073e+01 -2.5824e+00 -2.2760e+00 -2.0888e+00 +9.3279e-01 +1.6768e+00
31151 +3.411148271e-07 +3.411148271e-07 +7.273000034e+01 +7.273000034e+01 -2.5824e+00 -2.2760e+00 -2.0888e+00 +9.3280e-01 +1.6768e+00
32151 +1.251581665e-07 +1.251581665e-07 +7.273000013e+01 +7.273000013e+01 -2.5824e+00 -2.2760e+00 -2.0888e+00 +9.3281e-01 +1.6768e+00
32351 +4.628475381e-08 +4.628475381e-08 +7.273000005e+01 +7.273000005e+01 -2.5824e+00 -2.2760e+00 -2.0888e+00 +9.3280e-01 +1.6768e+00
33834 +3.518186986e-08 +3.518186986e-08 +7.273000004e+01 +7.273000004e+01 -2.5824e+00 -2.2760e+00 -2.0888e+00 +9.3280e-01 +1.6768e+00
35151 +2.480250316e-08 +2.480250316e-08 +7.273000002e+01 +7.273000002e+01 -2.5824e+00 -2.2760e+00 -2.0888e+00 +9.3280e-01 +1.6768e+00
35234 +1.030541341e-08 +1.030541341e-08 +7.273000001e+01 +7.273000001e+01 -2.5824e+00 -2.2760e+00 -2.0888e+00 +9.3280e-01 +1.6768e+00
35634 +4.311417001e-09 +4.311417001e-09 +7.273000000e+01 +7.273000000e+01 -2.5824e+00 -2.2760e+00 -2.0888e+00 +9.3280e-01 +1.6768e+00
% function evaluation | noise-free fitness - Fopt (1.368700000000e+02) | best noise-free fitness - Fopt | measured fitness | best measured fitness | x1 | x2...
1 +2.799615525e+02 +2.799615525e+02 +4.168315525e+02 +4.168315525e+02 -2.4079e+00 -4.3926e+00 -1.2804e+00 -8.5751e-01 +5.6284e-01
5 +1.476206733e+02 +1.476206733e+02 +2.844906733e+02 +2.844906733e+02 -2.3974e+00 +5.9230e-01 +6.1316e-01 -6.0528e-01 +6.5653e-01
21 +9.915505243e+01 +9.915505243e+01 +2.360250524e+02 +2.360250524e+02 +1.3635e-01 +4.4012e+00 +8.0140e-01 -4.0586e-01 +1.5178e+00
280 +5.986349029e+01 +5.986349029e+01 +1.967334903e+02 +1.967334903e+02 -6.9852e-01 +2.3925e+00 +3.8453e+00 +2.5560e-01 +9.7831e-01
328 +3.176080843e+01 +3.176080843e+01 +1.686308084e+02 +1.686308084e+02 +1.3298e+00 +2.7547e+00 +3.7514e+00 +0.0000e+00 +1.5275e+00
1219 +1.121243497e+01 +1.121243497e+01 +1.480824350e+02 +1.480824350e+02 +1.6469e+00 +2.8328e+00 +3.9033e+00 +4.0732e-01 +2.3030e-01
2281 +8.024360708e+00 +8.024360708e+00 +1.448943607e+02 +1.448943607e+02 +1.6555e+00 +2.8025e+00 +3.8966e+00 +8.6407e-01 +5.3014e-01
4214 +5.594100269e+00 +5.594100269e+00 +1.424641003e+02 +1.424641003e+02 +2.4953e+00 +3.5917e+00 +3.7765e+00 +1.3118e+00 +5.5576e-01
6294 +3.649415249e+00 +3.649415249e+00 +1.405194152e+02 +1.405194152e+02 +2.4854e+00 +3.6342e+00 +3.8864e+00 +1.3074e+00 +5.6259e-01
7675 +2.305345039e+00 +2.305345039e+00 +1.391753450e+02 +1.391753450e+02 +2.5319e+00 +3.6273e+00 +3.8429e+00 +1.3207e+00 +5.6152e-01
8840 +1.316554715e+00 +1.316554715e+00 +1.381865547e+02 +1.381865547e+02 +2.5151e+00 +3.6229e+00 +3.8570e+00 +8.4016e-01 +5.6266e-01
11036 +9.281920320e-01 +9.281920320e-01 +1.377981920e+02 +1.377981920e+02 +3.5059e+00 +3.6188e+00 +3.8587e+00 +8.8415e-01 +5.5045e-01
12765 +4.641930759e-01 +4.641930759e-01 +1.373341931e+02 +1.373341931e+02 +3.5172e+00 +3.6018e+00 +3.8583e+00 +8.3442e-01 +5.4819e-01
12865 +2.644260000e-01 +2.644260000e-01 +1.371344260e+02 +1.371344260e+02 +3.4910e+00 +3.6017e+00 +3.8498e+00 +8.4833e-01 +5.4844e-01
13165 +1.929373959e-01 +1.929373959e-01 +1.370629374e+02 +1.370629374e+02 +3.5081e+00 +3.6018e+00 +3.8488e+00 +8.4438e-01 +5.4859e-01
13365 +1.379968966e-01 +1.379968966e-01 +1.370079969e+02 +1.370079969e+02 +3.5099e+00 +3.6017e+00 +3.8485e+00 +8.5068e-01 +5.4854e-01
14697 +8.141202919e-02 +8.141202919e-02 +1.369514120e+02 +1.369514120e+02 +3.5251e+00 +3.6053e+00 +3.8518e+00 +8.5175e-01 +5.5021e-01
15052 +4.385771202e-02 +4.385771202e-02 +1.369138577e+02 +1.369138577e+02 +3.5229e+00 +3.6034e+00 +3.8564e+00 +8.4982e-01 +5.5632e-01
15652 +3.344145861e-02 +3.344145861e-02 +1.369034415e+02 +1.369034415e+02 +3.5223e+00 +3.6043e+00 +3.8556e+00 +8.5483e-01 +5.5523e-01
16052 +2.163996840e-02 +2.163996840e-02 +1.368916400e+02 +1.368916400e+02 +3.5226e+00 +3.6062e+00 +3.8568e+00 +8.5172e-01 +5.5472e-01
17102 +1.424980067e-02 +1.424980067e-02 +1.368842498e+02 +1.368842498e+02 +3.5195e+00 +3.6082e+00 +3.8534e+00 +8.5092e-01 +5.5318e-01
17202 +6.952787870e-03 +6.952787870e-03 +1.368769528e+02 +1.368769528e+02 +3.5203e+00 +3.6128e+00 +3.8534e+00 +8.5145e-01 +5.5434e-01
17497 +6.063298805e-03 +6.063298805e-03 +1.368760633e+02 +1.368760633e+02 +3.5194e+00 +3.6127e+00 +3.8531e+00 +8.5125e-01 +5.5386e-01
18052 +2.542062334e-03 +2.542062334e-03 +1.368725421e+02 +1.368725421e+02 +3.5175e+00 +3.6101e+00 +3.8544e+00 +8.5124e-01 +5.5446e-01
18252 +1.784558006e-03 +1.784558006e-03 +1.368717846e+02 +1.368717846e+02 +3.5165e+00 +3.6103e+00 +3.8557e+00 +8.5123e-01 +5.5453e-01
18340 +1.385560417e-03 +1.385560417e-03 +1.368713856e+02 +1.368713856e+02 +3.5167e+00 +3.6108e+00 +3.8546e+00 +8.5132e-01 +5.5455e-01
18440 +9.175910682e-04 +9.175910682e-04 +1.368709176e+02 +1.368709176e+02 +3.5170e+00 +3.6125e+00 +3.8555e+00 +8.5127e-01 +5.5438e-01
19240 +3.263505251e-04 +3.263505251e-04 +1.368703264e+02 +1.368703264e+02 +3.5167e+00 +3.6122e+00 +3.8549e+00 +8.5168e-01 +5.5421e-01
19340 +2.174899273e-04 +2.174899273e-04 +1.368702175e+02 +1.368702175e+02 +3.5164e+00 +3.6117e+00 +3.8549e+00 +8.5199e-01 +5.5414e-01
19902 +7.625716862e-05 +7.625716862e-05 +1.368700763e+02 +1.368700763e+02 +3.5162e+00 +3.6122e+00 +3.8550e+00 +8.5186e-01 +5.5436e-01
20140 +3.676206293e-05 +3.676206293e-05 +1.368700368e+02 +1.368700368e+02 +3.5161e+00 +3.6120e+00 +3.8550e+00 +8.5192e-01 +5.5442e-01
20202 +4.730214300e-06 +4.730214300e-06 +1.368700047e+02 +1.368700047e+02 +3.5160e+00 +3.6121e+00 +3.8552e+00 +8.5205e-01 +5.5441e-01
21835 +3.569284445e-06 +3.569284445e-06 +1.368700036e+02 +1.368700036e+02 +3.5160e+00 +3.6121e+00 +3.8552e+00 +8.5197e-01 +5.5441e-01
23102 +2.424584096e-06 +2.424584096e-06 +1.368700024e+02 +1.368700024e+02 +3.5159e+00 +3.6121e+00 +3.8552e+00 +8.5202e-01 +5.5440e-01
23297 +1.286314131e-06 +1.286314131e-06 +1.368700013e+02 +1.368700013e+02 +3.5160e+00 +3.6120e+00 +3.8552e+00 +8.5198e-01 +5.5441e-01
23357 +9.070558917e-07 +9.070558917e-07 +1.368700009e+02 +1.368700009e+02 +3.5160e+00 +3.6120e+00 +3.8552e+00 +8.5198e-01 +5.5441e-01
24797 +5.879413436e-07 +5.879413436e-07 +1.368700006e+02 +1.368700006e+02 +3.5160e+00 +3.6120e+00 +3.8552e+00 +8.5199e-01 +5.5440e-01
25746 +3.196265652e-07 +3.196265652e-07 +1.368700003e+02 +1.368700003e+02 +3.5160e+00 +3.6120e+00 +3.8552e+00 +8.5199e-01 +5.5440e-01
26346 +2.420714225e-07 +2.420714225e-07 +1.368700002e+02 +1.368700002e+02 +3.5160e+00 +3.6120e+00 +3.8552e+00 +8.5200e-01 +5.5440e-01
26497 +1.025644281e-07 +1.025644281e-07 +1.368700001e+02 +1.368700001e+02 +3.5160e+00 +3.6120e+00 +3.8552e+00 +8.5200e-01 +5.5441e-01
27157 +8.612676083e-08 +8.612676083e-08 +1.368700001e+02 +1.368700001e+02 +3.5160e+00 +3.6120e+00 +3.8552e+00 +8.5200e-01 +5.5440e-01
27357 +2.912304353e-08 +2.912304353e-08 +1.368700000e+02 +1.368700000e+02 +3.5160e+00 +3.6120e+00 +3.8552e+00 +8.5200e-01 +5.5440e-01
27757 +6.455110224e-09 +6.455110224e-09 +1.368700000e+02 +1.368700000e+02 +3.5160e+00 +3.6120e+00 +3.8552e+00 +8.5200e-01 +5.5440e-01
% function evaluation | noise-free fitness - Fopt (2.196000000000e+01) | best noise-free fitness - Fopt | measured fitness | best measured fitness | x1 | x2...
1 +1.890371527e+03 +1.890371527e+03 +1.912331527e+03 +1.912331527e+03 +4.1765e-02 +8.8807e-01 +3.7861e+00 -1.3257e+00 +3.1107e+00
3 +1.320657536e+03 +1.320657536e+03 +1.342617536e+03 +1.342617536e+03 +2.7338e+00 -3.6817e+00 -2.1809e+00 -4.3475e+00 +2.3497e+00
5 +4.434961180e+02 +4.434961180e+02 +4.654561180e+02 +4.654561180e+02 +2.7276e+00 -4.7130e+00 -4.2074e+00 -2.0281e-01 +5.6725e-01
7 +3.042015037e+02 +3.042015037e+02 +3.261615037e+02 +3.261615037e+02 -1.9643e+00 -1.2882e+00 +2.0809e+00 -9.0208e-01 +1.7869e-01
8 +1.794221975e+02 +1.794221975e+02 +2.013821975e+02 +2.013821975e+02 -4.6343e+00 +1.6551e+00 +8.9384e-01 +5.2345e-01 -3.1548e+00
17 +1.209073682e+02 +1.209073682e+02 +1.428673682e+02 +1.428673682e+02 -3.3639e+00 +2.9553e+00 -6.0756e-01 +2.2823e+00 -2.5036e+00
61 +9.486871651e+01 +9.486871651e+01 +1.168287165e+02 +1.168287165e+02 +2.3621e+00 +1.2081e+00 +9.6843e-01 +4.3475e-01 -1.7642e+00
259 +5.830581750e+01 +5.830581750e+01 +8.026581750e+01 +8.026581750e+01 +0.0000e+00 +2.3300e+00 +5.9601e-01 +1.8636e+00 -2.9359e+00
300 +3.334141277e+01 +3.334141277e+01 +5.530141277e+01 +5.530141277e+01 +1.4675e+00 -6.0779e-04 +9.1602e-01 +1.4773e+00 -2.9500e+00
828 +2.171718352e+01 +2.171718352e+01 +4.367718352e+01 +4.367718352e+01 +1.4389e+00 +1.4148e+00 +1.7620e+00 +2.7510e+00 -2.8971e+00
1193 +1.447518919e+01 +1.447518919e+01 +3.643518919e+01 +3.643518919e+01 +1.4186e+00 -1.3431e+00 +1.0744e+00 +1.8805e+00 -2.1997e+00
1812 +5.235446318e+00 +5.235446318e+00 +2.719544632e+01 +2.719544632e+01 +3.2355e+00 -6.8434e-01 +1.6710e+00 +2.3438e+00 -2.5849e+00
3439 +3.533293382e+00 +3.533293382e+00 +2.549329338e+01 +2.549329338e+01 +3.3060e+00 +2.3569e-01 +1.7178e+00 +2.2922e+00 -2.2825e+00
6969 +2.300632355e+00 +2.300632355e+00 +2.426063236e+01 +2.426063236e+01 +3.2914e+00 +2.0105e-01 +1.6977e+00 +2.3072e+00 -2.2742e+00
10880 +1.468128418e+00 +1.468128418e+00 +2.342812842e+01 +2.342812842e+01 +3.2814e+00 +1.9989e-01 +1.6977e+00 +2.3035e+00 -2.6006e+00
15982 +9.990393775e-01 +9.990393775e-01 +2.295903938e+01 +2.295903938e+01 +3.2922e+00 +1.9575e-01 +1.6925e+00 +2.2999e+00 -2.6177e+00
16584 +4.582503281e-01 +4.582503281e-01 +2.241825033e+01 +2.241825033e+01 +3.2728e+00 -6.0408e-01 +1.6964e+00 +2.3020e+00 -2.6213e+00
16611 +1.106015410e-01 +1.106015410e-01 +2.207060154e+01 +2.207060154e+01 +3.2876e+00 -6.5250e-01 +1.6945e+00 +2.2970e+00 -2.6168e+00
17284 +3.571907785e-02 +3.571907785e-02 +2.199571908e+01 +2.199571908e+01 +3.2882e+00 -6.3372e-01 +1.6950e+00 +2.3014e+00 -2.6135e+00
18043 +9.700345114e-03 +9.700345114e-03 +2.196970035e+01 +2.196970035e+01 +3.2915e+00 -6.3904e-01 +1.6954e+00 +2.2984e+00 -2.6159e+00
18573 +5.592117456e-03 +5.592117456e-03 +2.196559212e+01 +2.196559212e+01 +3.2946e+00 -6.3566e-01 +1.6943e+00 +2.3003e+00 -2.6168e+00
20786 +2.675473699e-03 +2.675473699e-03 +2.196267547e+01 +2.196267547e+01 +3.2944e+00 -6.3677e-01 +1.6933e+00 +2.3000e+00 -2.6166e+00
21659 +2.358147354e-03 +2.358147354e-03 +2.196235815e+01 +2.196235815e+01 +3.2941e+00 -6.3645e-01 +1.6932e+00 +2.2999e+00 -2.6166e+00
21959 +1.000299245e-03 +1.000299245e-03 +2.196100030e+01 +2.196100030e+01 +3.2926e+00 -6.3650e-01 +1.6930e+00 +2.2992e+00 -2.6167e+00
22059 +7.006535267e-04 +7.006535267e-04 +2.196070065e+01 +2.196070065e+01 +3.2923e+00 -6.3589e-01 +1.6930e+00 +2.2990e+00 -2.6168e+00
22295 +2.135011549e-04 +2.135011549e-04 +2.196021350e+01 +2.196021350e+01 +3.2932e+00 -6.3575e-01 +1.6929e+00 +2.2987e+00 -2.6167e+00
22373 +1.493067695e-04 +1.493067695e-04 +2.196014931e+01 +2.196014931e+01 +3.2933e+00 -6.3589e-01 +1.6925e+00 +2.2982e+00 -2.6170e+00
22638 +8.875288334e-05 +8.875288334e-05 +2.196008875e+01 +2.196008875e+01 +3.2934e+00 -6.3606e-01 +1.6926e+00 +2.2986e+00 -2.6168e+00
23038 +1.697999785e-05 +1.697999785e-05 +2.196001698e+01 +2.196001698e+01 +3.2934e+00 -6.3599e-01 +1.6927e+00 +2.2984e+00 -2.6168e+00
24259 +1.077357707e-05 +1.077357707e-05 +2.196001077e+01 +2.196001077e+01 +3.2937e+00 -6.3604e-01 +1.6927e+00 +2.2984e+00 -2.6168e+00
26120 +6.231745214e-06 +6.231745214e-06 +2.196000623e+01 +2.196000623e+01 +3.2937e+00 -6.3604e-01 +1.6928e+00 +2.2984e+00 -2.6168e+00
27412 +3.496404233e-06 +3.496404233e-06 +2.196000350e+01 +2.196000350e+01 +3.2937e+00 -6.3598e-01 +1.6928e+00 +2.2984e+00 -2.6168e+00
27712 +2.430420334e-06 +2.430420334e-06 +2.196000243e+01 +2.196000243e+01 +3.2937e+00 -6.3601e-01 +1.6928e+00 +2.2984e+00 -2.6168e+00
27979 +7.788186132e-07 +7.788186132e-07 +2.196000078e+01 +2.196000078e+01 +3.2936e+00 -6.3601e-01 +1.6928e+00 +2.2984e+00 -2.6168e+00
28379 +4.693416962e-07 +4.693416962e-07 +2.196000047e+01 +2.196000047e+01 +3.2936e+00 -6.3601e-01 +1.6928e+00 +2.2984e+00 -2.6168e+00
28612 +2.717785534e-07 +2.717785534e-07 +2.196000027e+01 +2.196000027e+01 +3.2936e+00 -6.3600e-01 +1.6928e+00 +2.2984e+00 -2.6168e+00
28879 +1.881564415e-07 +1.881564415e-07 +2.196000019e+01 +2.196000019e+01 +3.2936e+00 -6.3600e-01 +1.6928e+00 +2.2984e+00 -2.6168e+00
29212 +1.076548592e-07 +1.076548592e-07 +2.196000011e+01 +2.196000011e+01 +3.2936e+00 -6.3600e-01 +1.6928e+00 +2.2984e+00 -2.6168e+00
29979 +8.057874012e-08 +8.057874012e-08 +2.196000008e+01 +2.196000008e+01 +3.2936e+00 -6.3599e-01 +1.6928e+00 +2.2984e+00 -2.6168e+00
30756 +3.361382639e-08 +3.361382639e-08 +2.196000003e+01 +2.196000003e+01 +3.2936e+00 -6.3600e-01 +1.6928e+00 +2.2984e+00 -2.6168e+00
31986 +2.086758855e-08 +2.086758855e-08 +2.196000002e+01 +2.196000002e+01 +3.2936e+00 -6.3600e-01 +1.6928e+00 +2.2984e+00 -2.6168e+00
32586 +1.429033603e-08 +1.429033603e-08 +2.196000001e+01 +2.196000001e+01 +3.2936e+00 -6.3600e-01 +1.6928e+00 +2.2984e+00 -2.6168e+00
33959 +4.170921386e-09 +4.170921386e-09 +2.196000000e+01 +2.196000000e+01 +3.2936e+00 -6.3600e-01 +1.6928e+00 +2.2984e+00 -2.6168e+00
% function evaluation | noise-free fitness - Fopt (-2.139000000000e+01) | best noise-free fitness - Fopt | measured fitness | best measured fitness | x1 | x2...
1 +2.146747050e+03 +2.146747050e+03 +2.125357050e+03 +2.125357050e+03 -2.0012e+00 +1.0434e+00 +2.6188e+00 -4.5835e+00 +4.3120e+00
2 +9.201875152e+01 +9.201875152e+01 +7.062875152e+01 +7.062875152e+01 +7.4310e-01 +4.1301e+00 +2.3747e+00 -1.6554e+00 -9.2953e-01
199 +5.012243200e+01 +5.012243200e+01 +2.873243200e+01 +2.873243200e+01 +1.7210e+00 +2.1020e+00 +1.7863e-01 -2.6323e+00 -1.5477e+00
228 +3.363976215e+01 +3.363976215e+01 +1.224976215e+01 +1.224976215e+01 +1.0877e+00 +2.9089e+00 +2.6837e-01 -3.0550e+00 -1.6385e+00
399 +2.187878570e+01 +2.187878570e+01 +4.887857025e-01 +4.887857025e-01 +2.2094e+00 +3.5812e+00 +1.0807e+00 -2.9451e+00 -1.5607e+00
1578 +1.313727341e+01 +1.313727341e+01 -8.252726589e+00 -8.252726589e+00 +4.2305e+00 +3.4336e+00 +6.6438e-01 -3.1284e+00 -1.5959e+00
2867 +9.974335353e+00 +9.974335353e+00 -1.141566465e+01 -1.141566465e+01 +3.2009e+00 +3.5490e+00 +1.1880e+00 -3.1728e+00 -1.5991e+00
5314 +6.005701404e+00 +6.005701404e+00 -1.538429860e+01 -1.538429860e+01 +3.2181e+00 +3.6092e+00 +1.7103e+00 -3.0630e+00 -1.2924e+00
7423 +3.894613718e+00 +3.894613718e+00 -1.749538628e+01 -1.749538628e+01 +3.1904e+00 +3.6026e+00 +1.6848e+00 -3.0830e+00 -1.2891e+00
8445 +2.315450254e+00 +2.315450254e+00 -1.907454975e+01 -1.907454975e+01 +3.2055e+00 +3.6008e+00 +1.1334e+00 -3.0803e+00 -1.2522e+00
15044 +1.368209842e+00 +1.368209842e+00 -2.002179016e+01 -2.002179016e+01 +3.1703e+00 +3.6379e+00 +1.1274e+00 -3.0833e+00 -1.6143e+00
20211 +9.998723591e-01 +9.998723591e-01 -2.039012764e+01 -2.039012764e+01 +3.2057e+00 +3.6301e+00 +1.1303e+00 -3.0909e+00 -1.6215e+00
27201 +6.453623242e-02 +6.453623242e-02 -2.132546377e+01 -2.132546377e+01 +3.1920e+00 +2.7986e+00 +1.1317e+00 -3.0939e+00 -1.6235e+00
27855 +9.143614975e-03 +9.143614975e-03 -2.138085639e+01 -2.138085639e+01 +3.1981e+00 +2.8016e+00 +1.1299e+00 -3.0898e+00 -1.6216e+00
29936 +4.292976197e-03 +4.292976197e-03 -2.138570702e+01 -2.138570702e+01 +3.2007e+00 +2.8024e+00 +1.1290e+00 -3.0904e+00 -1.6202e+00
30065 +2.279935157e-03 +2.279935157e-03 -2.138772006e+01 -2.138772006e+01 +3.2017e+00 +2.8035e+00 +1.1315e+00 -3.0903e+00 -1.6207e+00
30728 +1.170998871e-03 +1.170998871e-03 -2.138882900e+01 -2.138882900e+01 +3.2024e+00 +2.8015e+00 +1.1310e+00 -3.0900e+00 -1.6207e+00
31465 +7.698922241e-04 +7.698922241e-04 -2.138923011e+01 -2.138923011e+01 +3.2023e+00 +2.8021e+00 +1.1302e+00 -3.0901e+00 -1.6206e+00
32928 +6.117308032e-04 +6.117308032e-04 -2.138938827e+01 -2.138938827e+01 +3.2027e+00 +2.8017e+00 +1.1303e+00 -3.0905e+00 -1.6206e+00
33165 +3.230707268e-04 +3.230707268e-04 -2.138967693e+01 -2.138967693e+01 +3.2030e+00 +2.8030e+00 +1.1303e+00 -3.0905e+00 -1.6208e+00
33328 +2.369217739e-04 +2.369217739e-04 -2.138976308e+01 -2.138976308e+01 +3.2034e+00 +2.8030e+00 +1.1302e+00 -3.0905e+00 -1.6208e+00
33428 +1.381498080e-04 +1.381498080e-04 -2.138986185e+01 -2.138986185e+01 +3.2038e+00 +2.8029e+00 +1.1302e+00 -3.0903e+00 -1.6209e+00
33765 +6.529746377e-05 +6.529746377e-05 -2.138993470e+01 -2.138993470e+01 +3.2040e+00 +2.8026e+00 +1.1304e+00 -3.0902e+00 -1.6208e+00
34365 +5.802975618e-05 +5.802975618e-05 -2.138994197e+01 -2.138994197e+01 +3.2040e+00 +2.8025e+00 +1.1304e+00 -3.0902e+00 -1.6208e+00
34805 +1.589621952e-05 +1.589621952e-05 -2.138998410e+01 -2.138998410e+01 +3.2039e+00 +2.8023e+00 +1.1305e+00 -3.0903e+00 -1.6208e+00
35728 +8.118238778e-06 +8.118238778e-06 -2.138999188e+01 -2.138999188e+01 +3.2039e+00 +2.8024e+00 +1.1304e+00 -3.0903e+00 -1.6208e+00
36828 +5.760504333e-06 +5.760504333e-06 -2.138999424e+01 -2.138999424e+01 +3.2039e+00 +2.8024e+00 +1.1304e+00 -3.0904e+00 -1.6208e+00
36867 +2.772106466e-06 +2.772106466e-06 -2.138999723e+01 -2.138999723e+01 +3.2040e+00 +2.8024e+00 +1.1304e+00 -3.0904e+00 -1.6208e+00
37167 +2.153267577e-06 +2.153267577e-06 -2.138999785e+01 -2.138999785e+01 +3.2039e+00 +2.8024e+00 +1.1304e+00 -3.0904e+00 -1.6208e+00
37467 +1.037154014e-06 +1.037154014e-06 -2.138999896e+01 -2.138999896e+01 +3.2040e+00 +2.8024e+00 +1.1304e+00 -3.0904e+00 -1.6208e+00
37667 +8.934961961e-07 +8.934961961e-07 -2.138999911e+01 -2.138999911e+01 +3.2040e+00 +2.8024e+00 +1.1304e+00 -3.0904e+00 -1.6208e+00
37972 +1.862662167e-07 +1.862662167e-07 -2.138999981e+01 -2.138999981e+01 +3.2040e+00 +2.8024e+00 +1.1304e+00 -3.0904e+00 -1.6208e+00
38067 +1.447908886e-07 +1.447908886e-07 -2.138999986e+01 -2.138999986e+01 +3.2040e+00 +2.8024e+00 +1.1304e+00 -3.0904e+00 -1.6208e+00
38665 +2.789231246e-08 +2.789231246e-08 -2.138999997e+01 -2.138999997e+01 +3.2040e+00 +2.8024e+00 +1.1304e+00 -3.0904e+00 -1.6208e+00
40728 +1.571062214e-08 +1.571062214e-08 -2.138999998e+01 -2.138999998e+01 +3.2040e+00 +2.8024e+00 +1.1304e+00 -3.0904e+00 -1.6208e+00
42782 +9.952135116e-09 +9.952135116e-09 -2.138999999e+01 -2.138999999e+01 +3.2040e+00 +2.8024e+00 +1.1304e+00 -3.0904e+00 -1.6208e+00
% function evaluation | noise-free fitness - Fopt (5.176600000000e+02) | best noise-free fitness - Fopt | measured fitness | best measured fitness | x1 | x2...
1 +3.144161618e+02 +3.144161618e+02 +8.320761618e+02 +8.320761618e+02 +4.0687e+00 +3.0912e+00 -2.7356e+00 -1.8351e+00 +3.2074e+00
2 +1.990986931e+02 +1.990986931e+02 +7.167586931e+02 +7.167586931e+02 -4.4472e+00 +4.2623e+00 +1.8198e-01 +4.8204e-01 -6.1553e-01
3 +1.438448725e+02 +1.438448725e+02 +6.615048725e+02 +6.615048725e+02 -1.9660e+00 +4.5421e+00 +2.6769e+00 -4.7693e-01 +1.2525e+00
9 +9.939278716e+01 +9.939278716e+01 +6.170527872e+02 +6.170527872e+02 -2.8980e+00 -3.3013e+00 -1.8219e-01 +2.5375e+00 +2.6344e+00
227 +4.686716026e+01 +4.686716026e+01 +5.645271603e+02 +5.645271603e+02 -5.0000e+00 -1.9185e-02 +1.5165e-01 +3.8359e+00 +2.2697e+00
437 +3.649614228e+01 +3.649614228e+01 +5.541561423e+02 +5.541561423e+02 -7.3644e-01 +4.1340e+00 +6.4583e-01 +3.7944e+00 +2.6979e+00
590 +2.398385351e+01 +2.398385351e+01 +5.416438535e+02 +5.416438535e+02 +1.4763e-01 +3.3016e+00 +5.7383e-01 +3.3315e+00 +2.2998e+00
1610 +1.581682618e+01 +1.581682618e+01 +5.334768262e+02 +5.334768262e+02 -3.8320e+00 +3.2556e+00 -1.6907e-01 +3.7198e+00 +2.3035e+00
3255 +8.857910281e+00 +8.857910281e+00 +5.265179103e+02 +5.265179103e+02 -3.9890e+00 +4.6003e+00 +1.1562e+00 +3.7276e+00 +2.2694e+00
5304 +6.308130910e+00 +6.308130910e+00 +5.239681309e+02 +5.239681309e+02 -3.8481e+00 +4.6725e+00 +5.9153e-01 +3.7647e+00 +2.2553e+00
6812 +3.371684523e+00 +3.371684523e+00 +5.210316845e+02 +5.210316845e+02 -3.8172e+00 +3.1896e+00 -3.4296e-02 +3.7235e+00 +2.2672e+00
8212 +2.383272416e+00 +2.383272416e+00 +5.200432724e+02 +5.200432724e+02 -3.8566e+00 +3.1948e+00 -1.5064e-02 +3.7337e+00 +2.2670e+00
9512 +1.470578197e+00 +1.470578197e+00 +5.191305782e+02 +5.191305782e+02 -3.8758e+00 +3.2086e+00 +5.9450e-01 +3.7380e+00 +2.2559e+00
13812 +9.988545139e-01 +9.988545139e-01 +5.186588545e+02 +5.186588545e+02 -3.8873e+00 +3.1743e+00 +5.8914e-01 +3.7362e+00 +2.2676e+00
15491 +3.819867874e-01 +3.819867874e-01 +5.180419868e+02 +5.180419868e+02 -3.8870e+00 +3.1710e+00 +5.9659e-01 +3.7265e+00 +1.8956e+00
15515 +8.913942011e-02 +8.913942011e-02 +5.177491394e+02 +5.177491394e+02 -3.8893e+00 +3.1603e+00 +5.9341e-01 +3.7352e+00 +1.9037e+00
16137 +6.044257585e-02 +6.044257585e-02 +5.177204426e+02 +5.177204426e+02 -3.8900e+00 +3.1740e+00 +5.9224e-01 +3.7357e+00 +1.9022e+00
16937 +9.563923314e-03 +9.563923314e-03 +5.176695639e+02 +5.176695639e+02 -3.8881e+00 +3.1746e+00 +5.9241e-01 +3.7391e+00 +1.9064e+00
18663 +4.444052865e-03 +4.444052865e-03 +5.176644441e+02 +5.176644441e+02 -3.8883e+00 +3.1761e+00 +5.9150e-01 +3.7363e+00 +1.9079e+00
19976 +3.793389988e-03 +3.793389988e-03 +5.176637934e+02 +5.176637934e+02 -3.8875e+00 +3.1732e+00 +5.9152e-01 +3.7360e+00 +1.9085e+00
20004 +1.303459959e-03 +1.303459959e-03 +5.176613035e+02 +5.176613035e+02 -3.8881e+00 +3.1741e+00 +5.9027e-01 +3.7364e+00 +1.9074e+00
20948 +1.132754352e-04 +1.132754352e-04 +5.176601133e+02 +5.176601133e+02 -3.8880e+00 +3.1726e+00 +5.9125e-01 +3.7367e+00 +1.9074e+00
22631 +8.765948928e-05 +8.765948928e-05 +5.176600877e+02 +5.176600877e+02 -3.8876e+00 +3.1725e+00 +5.9101e-01 +3.7368e+00 +1.9071e+00
23148 +5.758226575e-05 +5.758226575e-05 +5.176600576e+02 +5.176600576e+02 -3.8884e+00 +3.1726e+00 +5.9119e-01 +3.7367e+00 +1.9072e+00
23515 +3.882796670e-05 +3.882796670e-05 +5.176600388e+02 +5.176600388e+02 -3.8883e+00 +3.1729e+00 +5.9114e-01 +3.7367e+00 +1.9072e+00
23931 +2.114116887e-05 +2.114116887e-05 +5.176600211e+02 +5.176600211e+02 -3.8881e+00 +3.1727e+00 +5.9114e-01 +3.7367e+00 +1.9072e+00
24223 +1.516860402e-05 +1.516860402e-05 +5.176600152e+02 +5.176600152e+02 -3.8878e+00 +3.1727e+00 +5.9117e-01 +3.7367e+00 +1.9072e+00
24337 +7.912176443e-06 +7.912176443e-06 +5.176600079e+02 +5.176600079e+02 -3.8879e+00 +3.1727e+00 +5.9116e-01 +3.7368e+00 +1.9072e+00
25994 +5.143414796e-06 +5.143414796e-06 +5.176600051e+02 +5.176600051e+02 -3.8880e+00 +3.1728e+00 +5.9118e-01 +3.7367e+00 +1.9072e+00
26048 +2.355381980e-06 +2.355381980e-06 +5.176600024e+02 +5.176600024e+02 -3.8880e+00 +3.1728e+00 +5.9119e-01 +3.7368e+00 +1.9072e+00
26815 +8.089873518e-07 +8.089873518e-07 +5.176600008e+02 +5.176600008e+02 -3.8880e+00 +3.1728e+00 +5.9119e-01 +3.7368e+00 +1.9072e+00
27015 +4.938718803e-07 +4.938718803e-07 +5.176600005e+02 +5.176600005e+02 -3.8880e+00 +3.1728e+00 +5.9121e-01 +3.7368e+00 +1.9072e+00
28315 +3.649496421e-07 +3.649496421e-07 +5.176600004e+02 +5.176600004e+02 -3.8880e+00 +3.1728e+00 +5.9120e-01 +3.7368e+00 +1.9072e+00
28682 +8.059043921e-08 +8.059043921e-08 +5.176600001e+02 +5.176600001e+02 -3.8880e+00 +3.1728e+00 +5.9120e-01 +3.7368e+00 +1.9072e+00
29182 +4.845810508e-08 +4.845810508e-08 +5.176600000e+02 +5.176600000e+02 -3.8880e+00 +3.1728e+00 +5.9120e-01 +3.7368e+00 +1.9072e+00
29882 +2.958256573e-08 +2.958256573e-08 +5.176600000e+02 +5.176600000e+02 -3.8880e+00 +3.1728e+00 +5.9120e-01 +3.7368e+00 +1.9072e+00
30315 +2.489559847e-08 +2.489559847e-08 +5.176600000e+02 +5.176600000e+02 -3.8880e+00 +3.1728e+00 +5.9120e-01 +3.7368e+00 +1.9072e+00
30537 +5.436959327e-09 +5.436959327e-09 +5.176600000e+02 +5.176600000e+02 -3.8880e+00 +3.1728e+00 +5.9120e-01 +3.7368e+00 +1.9072e+00
