% function evaluation | noise-free fitness - Fopt (4.078000000000e+01) | best noise-free fitness - Fopt | measured fitness | best measured fitness | x1 | x2...
1 +3.116672276e+01 +3.116672276e+01 +7.194672276e+01 +7.194672276e+01 +1.4564e+00 -4.1249e+00 -4.3305e+00 -8.5326e-01 -6.7966e-01
2 +1.412859050e+01 +1.412859050e+01 +5.490859050e+01 +5.490859050e+01 -7.5215e-01 +1.0238e+00 +1.5139e+00 -1.5771e+00 +1.8539e+00
156 +8.250052134e+00 +8.250052134e+00 +4.903005213e+01 +4.903005213e+01 -2.9159e+00 +7.3638e-01 +3.3046e+00 -3.5003e+00 -3.7018e+00
233 +6.155932532e+00 +6.155932532e+00 +4.693593253e+01 +4.693593253e+01 -2.6547e+00 -4.0624e+00 +5.0000e+00 -1.5619e+00 -3.7952e+00
305 +3.142819982e+00 +3.142819982e+00 +4.392281998e+01 +4.392281998e+01 -1.6740e+00 -4.1001e-02 +1.8660e+00 -2.0816e+00 -2.3670e+00
555 +1.353730748e+00 +1.353730748e+00 +4.213373075e+01 +4.213373075e+01 -2.1028e+00 -1.5885e-01 +2.4769e+00 -2.5387e+00 -2.9476e+00
826 +8.513808581e-01 +8.513808581e-01 +4.163138086e+01 +4.163138086e+01 -3.6649e+00 -1.5865e+00 +4.3725e+00 -1.9475e+00 -4.1401e+00
1123 +4.596840210e-01 +4.596840210e-01 +4.123968402e+01 +4.123968402e+01 -2.3418e+00 -1.1188e+00 +3.5628e+00 -2.5452e+00 -3.8800e+00
1207 +3.438121685e-01 +3.438121685e-01 +4.112381217e+01 +4.112381217e+01 -2.7327e+00 -2.2561e+00 +4.0141e+00 -2.2836e+00 -3.6220e+00
1370 +1.449455728e-02 +1.449455728e-02 +4.079449456e+01 +4.079449456e+01 -2.5799e+00 -2.1771e+00 +4.3837e+00 -2.0313e+00 -3.9192e+00
3021 +5.493349550e-03 +5.493349550e-03 +4.078549335e+01 +4.078549335e+01 -2.6105e+00 -1.8871e+00 +4.2775e+00 -2.2435e+00 -3.8798e+00
3311 +1.173976199e-03 +1.173976199e-03 +4.078117398e+01 +4.078117398e+01 -2.5201e+00 -1.8400e+00 +4.0156e+00 -2.2963e+00 -3.7950e+00
3539 +3.895445303e-05 +3.895445303e-05 +4.078003895e+01 +4.078003895e+01 -2.5758e+00 -1.8693e+00 +3.9641e+00 -2.1380e+00 -3.7455e+00
4927 +6.194176052e-06 +6.194176052e-06 +4.078000619e+01 +4.078000619e+01 -2.5061e+00 -1.8523e+00 +3.9251e+00 -2.1605e+00 -3.6944e+00
5827 +2.061448463e-06 +2.061448463e-06 +4.078000206e+01 +4.078000206e+01 -2.5218e+00 -1.8495e+00 +3.9358e+00 -2.1566e+00 -3.6924e+00
6125 +1.553633851e-06 +1.553633851e-06 +4.078000155e+01 +4.078000155e+01 -2.5223e+00 -1.8210e+00 +3.9240e+00 -2.1409e+00 -3.6834e+00
6425 +7.997046865e-07 +7.997046865e-07 +4.078000080e+01 +4.078000080e+01 -2.5215e+00 -1.8026e+00 +3.9068e+00 -2.1435e+00 -3.6645e+00
6598 +3.051313016e-07 +3.051313016e-07 +4.078000031e+01 +4.078000031e+01 -2.5233e+00 -1.7592e+00 +3.8761e+00 -2.1825e+00 -3.6688e+00
7098 +1.356509998e-07 +1.356509998e-07 +4.078000014e+01 +4.078000014e+01 -2.5069e+00 -1.7588e+00 +3.8760e+00 -2.1756e+00 -3.6611e+00
7125 +5.795705960e-08 +5.795705960e-08 +4.078000006e+01 +4.078000006e+01 -2.5096e+00 -1.7676e+00 +3.8868e+00 -2.1676e+00 -3.6645e+00
7719 +1.123265747e-08 +1.123265747e-08 +4.078000001e+01 +4.078000001e+01 -2.5240e+00 -1.7851e+00 +3.8914e+00 -2.1625e+00 -3.6713e+00
8654 +2.254409992e-10 +2.254409992e-10 +4.078000000e+01 +4.078000000e+01 -2.5155e+00 -1.7911e+00 +3.8946e+00 -2.1636e+00 -3.6705e+00
% function evaluation | noise-free fitness - Fopt (-1.600000000000e+00) | best noise-free fitness - Fopt | measured fitness | best measured fitness | x1 | x2...
1 +7.002133009e+01 +7.002133009e+01 +6.842133009e+01 +6.842133009e+01 +1.6431e+00 +2.9132e+00 +2.5811e+00 +4.0433e+00 -4.6217e+00
2 +4.795450833e+01 +4.795450833e+01 +4.635450833e+01 +4.635450833e+01 +1.3665e-01 -4.8987e-01 +3.4851e+00 +4.9816e-01 +1.7266e-01
3 +2.463434790e+01 +2.463434790e+01 +2.303434790e+01 +2.303434790e+01 +3.2259e+00 +2.7348e+00 +2.8423e+00 -1.0348e+00 +3.7470e+00
8 +8.105613119e+00 +8.105613119e+00 +6.505613119e+00 +6.505613119e+00 -2.8913e+00 +2.1076e+00 -3.0865e+00 -3.6405e+00 +3.7903e+00
398 +2.194360792e+00 +2.194360792e+00 +5.943607923e-01 +5.943607923e-01 -3.2590e+00 +3.7640e+00 -2.6711e+00 -3.4403e+00 +2.8331e+00
759 +1.388618202e+00 +1.388618202e+00 -2.113817981e-01 -2.113817981e-01 -5.0000e+00 +4.7752e+00 -3.4033e+00 -3.3157e+00 +2.9411e+00
1236 +8.997983975e-01 +8.997983975e-01 -7.002016025e-01 -7.002016025e-01 -4.7279e+00 +4.3726e+00 -3.0347e+00 -3.7848e+00 +2.6620e+00
% function evaluation | noise-free fitness - Fopt (-3.708400000000e+02) | best noise-free fitness - Fopt | measured fitness | best measured fitness | x1 | x2...
1 +7.248350037e+01 +7.248350037e+01 -2.983564996e+02 -2.983564996e+02 -4.8776e-01 -2.1970e-01 -4.6903e+00 -3.7807e+00 +1.5514e+00
5 +2.334738790e+01 +2.334738790e+01 -3.474926121e+02 -3.474926121e+02 +4.8641e+00 +3.3008e+00 +3.4504e+00 -3.4545e+00 +5.7196e-01
185 +4.712086958e+00 +4.712086958e+00 -3.661279130e+02 -3.661279130e+02 +3.5693e+00 -3.8771e+00 +5.0000e+00 +4.3648e+00 -1.7781e+00
451 +3.072501039e+00 +3.072501039e+00 -3.677674990e+02 -3.677674990e+02 +3.8850e+00 -2.9935e+00 +3.8967e+00 +4.5208e+00 -1.3802e+00
570 +2.479669925e+00 +2.479669925e+00 -3.683603301e+02 -3.683603301e+02 +4.1288e+00 -3.2298e+00 +3.4518e+00 +4.4251e+00 -2.0675e+00
1182 +1.388643527e+00 +1.388643527e+00 -3.694513565e+02 -3.694513565e+02 +4.1179e+00 -3.4622e+00 +4.2078e+00 +4.8756e+00 -1.9337e+00
49741 +1.509770991e-01 +1.509770991e-01 -3.706890229e+02 -3.706890229e+02 +3.7973e+00 -1.2802e+00 -6.2534e-01 +2.4705e+00 +3.4456e-01
% function evaluation | noise-free fitness - Fopt (-3.256000000000e+01) | best noise-free fitness - Fopt | measured fitness | best measured fitness | x1 | x2...
1 +7.109637080e+01 +7.109637080e+01 +3.853637080e+01 +3.853637080e+01 +3.3316e+00 -4.4796e+00 +4.1191e+00 -3.7268e+00 -3.3825e+00
4 +2.733007012e+01 +2.733007012e+01 -5.229929882e+00 -5.229929882e+00 -3.0373e+00 -4.1420e+00 +4.4766e+00 +3.3960e+00 -2.7649e+00
26 +2.403191019e+01 +2.403191019e+01 -8.528089808e+00 -8.528089808e+00 -1.8206e+00 -3.2936e+00 +5.6378e-01 +5.8036e-01 -2.7566e+00
342 +1.151713968e+01 +1.151713968e+01 -2.104286032e+01 -2.104286032e+01 -4.0578e+00 -4.1834e+00 -7.8425e-01 +4.2340e-01 +3.3860e+00
650 +9.716713660e+00 +9.716713660e+00 -2.284328634e+01 -2.284328634e+01 -4.0807e+00 -4.1229e+00 +4.8945e-01 +1.6470e+00 +3.1245e+00
1250 +4.961332134e+00 +4.961332134e+00 -2.759866787e+01 -2.759866787e+01 +7.7638e-01 -3.9801e+00 +2.1184e-02 +3.0040e+00 -3.2176e-01
1284 +2.271128429e+00 +2.271128429e+00 -3.028887157e+01 -3.028887157e+01 +3.9051e-01 -3.9690e+00 -1.0580e+00 +4.1763e+00 -1.4674e+00
1322 +2.722563384e-01 +2.722563384e-01 -3.228774366e+01 -3.228774366e+01 +1.2400e+00 -3.7857e+00 -1.2174e+00 +3.4606e+00 -1.4485e+00
2114 +4.001350216e-02 +4.001350216e-02 -3.251998650e+01 -3.251998650e+01 +1.2869e+00 -3.4947e+00 -1.2059e+00 +3.1045e+00 -1.6469e+00
2492 +2.996242437e-02 +2.996242437e-02 -3.253003758e+01 -3.253003758e+01 +1.1496e+00 -3.4803e+00 -1.0819e+00 +3.4318e+00 -1.2876e+00
2713 +3.818165308e-03 +3.818165308e-03 -3.255618183e+01 -3.255618183e+01 +1.1901e+00 -3.3956e+00 -1.2741e+00 +3.3364e+00 -1.3252e+00
3803 +7.851341216e-04 +7.851341216e-04 -3.255921487e+01 -3.255921487e+01 +1.1046e+00 -3.3132e+00 -1.4573e+00 +3.5870e+00 -1.3114e+00
4086 +1.302043315e-04 +1.302043315e-04 -3.255986980e+01 -3.255986980e+01 +1.0743e+00 -3.3490e+00 -1.5532e+00 +3.5648e+00 -1.3522e+00
4504 +8.548143577e-05 +8.548143577e-05 -3.255991452e+01 -3.255991452e+01 +1.0834e+00 -3.2217e+00 -1.4751e+00 +3.5594e+00 -1.2248e+00
4555 +3.637996085e-05 +3.637996085e-05 -3.255996362e+01 -3.255996362e+01 +1.0199e+00 -3.2468e+00 -1.5418e+00 +3.5660e+00 -1.2166e+00
4755 +5.576324803e-06 +5.576324803e-06 -3.255999442e+01 -3.255999442e+01 +1.0205e+00 -3.3012e+00 -1.5416e+00 +3.5843e+00 -1.2533e+00
6199 +1.598541417e-06 +1.598541417e-06 -3.255999840e+01 -3.255999840e+01 +1.0497e+00 -3.2824e+00 -1.5589e+00 +3.5846e+00 -1.2390e+00
6363 +1.110141099e-06 +1.110141099e-06 -3.255999889e+01 -3.255999889e+01 +1.0321e+00 -3.2827e+00 -1.5579e+00 +3.5845e+00 -1.2435e+00
6463 +2.809442776e-07 +2.809442776e-07 -3.255999972e+01 -3.255999972e+01 +1.0459e+00 -3.2681e+00 -1.5667e+00 +3.5826e+00 -1.2583e+00
6555 +1.194000276e-07 +1.194000276e-07 -3.255999988e+01 -3.255999988e+01 +1.0604e+00 -3.2700e+00 -1.5654e+00 +3.5857e+00 -1.2546e+00
7263 +9.112790167e-08 +9.112790167e-08 -3.255999991e+01 -3.255999991e+01 +1.0422e+00 -3.2746e+00 -1.5610e+00 +3.5898e+00 -1.2530e+00
7399 +1.955417872e-08 +1.955417872e-08 -3.255999998e+01 -3.255999998e+01 +1.0461e+00 -3.2694e+00 -1.5530e+00 +3.5900e+00 -1.2502e+00
8120 +1.388294635e-08 +1.388294635e-08 -3.255999999e+01 -3.255999999e+01 +1.0490e+00 -3.2701e+00 -1.5544e+00 +3.5897e+00 -1.2505e+00
8720 +5.868585617e-09 +5.868585617e-09 -3.255999999e+01 -3.255999999e+01 +1.0541e+00 -3.2620e+00 -1.5566e+00 +3.5887e+00 -1.2491e+00
% function evaluation | noise-free fitness - Fopt (5.154000000000e+02) | best noise-free fitness - Fopt | measured fitness | best measured fitness | x1 | x2...
1 +4.176886590e+01 +4.176886590e+01 +5.571688659e+02 +5.571688659e+02 -3.4244e+00 -1.3009e+00 -1.7260e+00 +1.7672e+00 -9.6294e-01
9 +2.630370262e+01 +2.630370262e+01 +5.417037026e+02 +5.417037026e+02 -2.7669e+00 +1.5944e+00 +3.0685e-02 +5.4492e-01 -3.6831e+00
17 +1.113714545e+01 +1.113714545e+01 +5.265371455e+02 +5.265371455e+02 +3.5637e+00 -3.3457e+00 -3.0842e+00 -2.0524e-01 +3.7978e+00
328 +8.940595354e+00 +8.940595354e+00 +5.243405954e+02 +5.243405954e+02 +4.2781e+00 -3.7345e+00 -3.0992e+00 +1.8791e-02 +2.8229e+00
828 +3.523144814e+00 +3.523144814e+00 +5.189231448e+02 +5.189231448e+02 +3.6216e+00 -3.7282e+00 -2.3815e+00 +2.6673e-01 +2.6263e+00
1010 +2.375238780e+00 +2.375238780e+00 +5.177752388e+02 +5.177752388e+02 +3.1661e+00 -3.7060e+00 -6.1191e-01 -1.4247e+00 +2.3778e-01
% function evaluation | noise-free fitness - Fopt (9.862300000000e+02) | best noise-free fitness - Fopt | measured fitness | best measured fitness | x1 | x2...
1 +7.762855226e+01 +7.762855226e+01 +1.063858552e+03 +1.063858552e+03 +4.4165e+00 +4.4408e+00 -1.7752e+00 +8.9633e-01 -7.4094e-01
3 +5.694714358e+01 +5.694714358e+01 +1.043177144e+03 +1.043177144e+03 +4.3636e+00 -1.2235e+00 -1.8168e+00 +2.4711e+00 -3.9654e+00
14 +1.403451011e+01 +1.403451011e+01 +1.000264510e+03 +1.000264510e+03 -1.3536e+00 +2.6695e+00 +4.0532e+00 -2.2109e+00 -3.6333e+00
85 +8.245566167e+00 +8.245566167e+00 +9.944755662e+02 +9.944755662e+02 -1.4713e+00 -4.6063e+00 +7.0957e-01 +2.8917e+00 -2.7902e+00
124 +6.099238388e+00 +6.099238388e+00 +9.923292384e+02 +9.923292384e+02 -3.5190e+00 -4.7255e+00 +2.0753e+00 +2.1830e+00 -2.3126e+00
269 +2.842998639e+00 +2.842998639e+00 +9.890729986e+02 +9.890729986e+02 -3.4833e+00 -2.4280e+00 +4.4865e-01 +4.3200e+00 -2.2703e+00
311 +2.144095448e+00 +2.144095448e+00 +9.883740954e+02 +9.883740954e+02 -3.9554e+00 -2.9535e+00 +1.7761e+00 +3.2675e+00 -2.5569e+00
535 +4.785477819e-01 +4.785477819e-01 +9.867085478e+02 +9.867085478e+02 -4.2893e+00 -2.9119e+00 +7.2676e-01 +3.9544e+00 -3.1323e+00
794 +3.847766548e-01 +3.847766548e-01 +9.866147767e+02 +9.866147767e+02 -4.1759e+00 -2.7965e+00 +8.5806e-01 +4.1429e+00 -2.9091e+00
1207 +2.287581581e-02 +2.287581581e-02 +9.862528758e+02 +9.862528758e+02 -3.7161e+00 -3.4604e+00 +9.4462e-01 +3.8840e+00 -2.4444e+00
1448 +1.117102582e-02 +1.117102582e-02 +9.862411710e+02 +9.862411710e+02 -3.9807e+00 -3.5795e+00 +1.1050e+00 +3.7395e+00 -2.4784e+00
1938 +5.165100964e-03 +5.165100964e-03 +9.862351651e+02 +9.862351651e+02 -3.5028e+00 -3.5486e+00 +1.1559e+00 +3.6562e+00 -2.2696e+00
2039 +3.716783994e-03 +3.716783994e-03 +9.862337168e+02 +9.862337168e+02 -3.4466e+00 -3.4967e+00 +1.1400e+00 +3.4388e+00 -2.2404e+00
2209 +1.778852679e-04 +1.778852679e-04 +9.862301779e+02 +9.862301779e+02 -3.4409e+00 -3.5517e+00 +1.1595e+00 +3.4514e+00 -2.3856e+00
3679 +8.420005292e-05 +8.420005292e-05 +9.862300842e+02 +9.862300842e+02 -3.4473e+00 -3.5522e+00 +1.1665e+00 +3.4917e+00 -2.3978e+00
4296 +7.162332054e-06 +7.162332054e-06 +9.862300072e+02 +9.862300072e+02 -3.6290e+00 -3.5094e+00 +1.1830e+00 +3.5301e+00 -2.4238e+00
5384 +3.869115631e-06 +3.869115631e-06 +9.862300039e+02 +9.862300039e+02 -3.6206e+00 -3.5431e+00 +1.2244e+00 +3.4807e+00 -2.3925e+00
5502 +5.226036137e-07 +5.226036137e-07 +9.862300005e+02 +9.862300005e+02 -3.6168e+00 -3.5273e+00 +1.1929e+00 +3.5176e+00 -2.3938e+00
5984 +1.742685072e-07 +1.742685072e-07 +9.862300002e+02 +9.862300002e+02 -3.6169e+00 -3.5563e+00 +1.2090e+00 +3.4985e+00 -2.3940e+00
6224 +3.353989086e-09 +3.353989086e-09 +9.862300000e+02 +9.862300000e+02 -3.6121e+00 -3.5534e+00 +1.2025e+00 +3.5072e+00 -2.3884e+00
% function evaluation | noise-free fitness - Fopt (1.240800000000e+02) | best noise-free fitness - Fopt | measured fitness | best measured fitness | x1 | x2...
1 +6.608332228e+01 +6.608332228e+01 +1.901633223e+02 +1.901633223e+02 -2.5228e+00 -4.3303e+00 +1.5329e+00 -1.7542e+00 -4.5569e+00
2 +4.854655892e+01 +4.854655892e+01 +1.726265589e+02 +1.726265589e+02 -2.1621e+00 +8.2959e-01 +5.7476e-01 -6.3702e-01 +3.2714e+00
9 +3.733335123e+01 +3.733335123e+01 +1.614133512e+02 +1.614133512e+02 -4.3003e+00 +1.3015e+00 +1.4286e-01 -3.1333e+00 -1.4788e+00
12 +2.402140094e+01 +2.402140094e+01 +1.481014009e+02 +1.481014009e+02 +1.7513e+00 +1.1239e+00 -2.7096e+00 -1.5245e+00 -9.4731e-01
33 +7.580081515e+00 +7.580081515e+00 +1.316600815e+02 +1.316600815e+02 -1.3177e+00 -3.8312e-01 -7.0840e-01 -9.6748e-01 -4.1689e+00
268 +5.960135019e+00 +5.960135019e+00 +1.300401350e+02 +1.300401350e+02 -1.1994e+00 -2.6524e-01 -1.0410e+00 -1.4389e+00 -3.4361e+00
360 +2.356931748e+00 +2.356931748e+00 +1.264369317e+02 +1.264369317e+02 -2.2409e+00 -1.2323e+00 +2.9676e-01 -1.8022e+00 -3.4282e+00
617 +4.835878230e-01 +4.835878230e-01 +1.245635878e+02 +1.245635878e+02 -2.6290e+00 -5.7685e-01 -4.6994e-01 +7.7215e-02 -3.5566e+00
756 +1.187256453e-01 +1.187256453e-01 +1.241987256e+02 +1.241987256e+02 -2.9625e+00 -2.3820e-01 -4.1365e-01 -9.9723e-02 -3.1613e+00
1025 +7.302994067e-02 +7.302994067e-02 +1.241530299e+02 +1.241530299e+02 -3.3994e+00 -3.2171e-01 -2.2243e-01 -5.2261e-01 -3.1883e+00
1299 +6.257298394e-02 +6.257298394e-02 +1.241425730e+02 +1.241425730e+02 -3.6998e+00 -2.9470e-01 +4.2814e-04 -4.4834e-02 -3.1059e+00
1540 +2.469528306e-02 +2.469528306e-02 +1.241046953e+02 +1.241046953e+02 -3.9265e+00 -5.2199e-01 -4.3217e-01 +4.2456e-02 -3.3950e+00
1717 +1.236551046e-02 +1.236551046e-02 +1.240923655e+02 +1.240923655e+02 -3.7144e+00 -7.2867e-01 -2.5533e-01 -4.4020e-01 -3.3327e+00
2196 +7.270667331e-03 +7.270667331e-03 +1.240872707e+02 +1.240872707e+02 -3.5752e+00 -3.9454e-01 -4.4678e-01 -2.1474e-01 -3.3300e+00
2244 +9.946774343e-04 +9.946774343e-04 +1.240809947e+02 +1.240809947e+02 -3.5042e+00 -6.0195e-01 -2.8088e-01 -5.8474e-01 -3.4312e+00
3550 +2.133509409e-05 +2.133509409e-05 +1.240800213e+02 +1.240800213e+02 -3.5893e+00 -5.9345e-01 -2.3095e-01 -3.5383e-01 -3.3751e+00
4077 +6.777097468e-06 +6.777097468e-06 +1.240800068e+02 +1.240800068e+02 -3.4602e+00 -5.6530e-01 -2.2517e-01 -4.4366e-01 -3.3748e+00
4377 +6.180203485e-06 +6.180203485e-06 +1.240800062e+02 +1.240800062e+02 -3.4371e+00 -5.7725e-01 -2.1188e-01 -4.4436e-01 -3.3723e+00
4648 +3.685391150e-06 +3.685391150e-06 +1.240800037e+02 +1.240800037e+02 -3.4848e+00 -5.6445e-01 -2.0670e-01 -4.3230e-01 -3.3766e+00
4877 +1.616196315e-06 +1.616196315e-06 +1.240800016e+02 +1.240800016e+02 -3.4939e+00 -5.8892e-01 -2.0423e-01 -4.3412e-01 -3.3810e+00
5713 +1.315148324e-06 +1.315148324e-06 +1.240800013e+02 +1.240800013e+02 -3.5228e+00 -5.9306e-01 -2.0360e-01 -4.0205e-01 -3.3660e+00
5830 +3.464410696e-07 +3.464410696e-07 +1.240800003e+02 +1.240800003e+02 -3.5107e+00 -5.7376e-01 -1.8960e-01 -3.8282e-01 -3.3598e+00
6238 +1.550351953e-07 +1.550351953e-07 +1.240800002e+02 +1.240800002e+02 -3.5080e+00 -5.6624e-01 -2.1718e-01 -3.7260e-01 -3.3519e+00
6762 +4.480770599e-08 +4.480770599e-08 +1.240800000e+02 +1.240800000e+02 -3.5144e+00 -5.6833e-01 -2.1318e-01 -3.6994e-01 -3.3569e+00
7162 +3.759656408e-08 +3.759656408e-08 +1.240800000e+02 +1.240800000e+02 -3.5142e+00 -5.6689e-01 -2.1847e-01 -3.6994e-01 -3.3572e+00
8047 +1.110707615e-08 +1.110707615e-08 +1.240800000e+02 +1.240800000e+02 -3.5173e+00 -5.6764e-01 -2.1046e-01 -3.7901e-01 -3.3621e+00
8162 +3.432873541e-09 +3.432873541e-09 +1.240800000e+02 +1.240800000e+02 -3.5160e+00 -5.6813e-01 -2.1560e-01 -3.7711e-01 -3.3587e+00
% function evaluation | noise-free fitness - Fopt (-4.683100000000e+02) | best noise-free fitness - Fopt | measured fitness | best measured fitness | x1 | x2...
1 +6.382741769e+01 +6.382741769e+01 -4.044825823e+02 -4.044825823e+02 +1.2788e+00 -4.3477e+00 +1.9175e+00 +3.6874e+00 +2.5178e+00
2 +5.675798724e+01 +5.675798724e+01 -4.115520128e+02 -4.115520128e+02 +4.3020e+00 +2.7908e+00 +3.6655e-01 +4.0839e+00 +3.8179e+00
12 +3.083065418e+01 +3.083065418e+01 -4.374793458e+02 -4.374793458e+02 +2.7672e-02 +1.1491e+00 -6.7194e-01 -2.9461e+00 +3.9512e+00
69 +2.162138178e+00 +2.162138178e+00 -4.661478618e+02 -4.661478618e+02 +4.8387e+00 -1.6859e+00 -2.3199e+00 -2.5306e+00 -1.9107e-01
% function evaluation | noise-free fitness - Fopt (-6.062000000000e+01) | best noise-free fitness - Fopt | measured fitness | best measured fitness | x1 | x2...
1 +1.402499516e+01 +1.402499516e+01 -4.659500484e+01 -4.659500484e+01 +1.8253e+00 -2.1274e-01 -3.1156e+00 +3.8495e+00 -2.0306e+00
6 +3.785295482e+00 +3.785295482e+00 -5.683470452e+01 -5.683470452e+01 +1.5221e+00 +2.3630e+00 +3.6553e+00 +2.0164e+00 -2.0847e+00
416 +2.020349142e+00 +2.020349142e+00 -5.859965086e+01 -5.859965086e+01 +1.4977e+00 +2.9414e+00 +3.1976e+00 +1.7876e+00 -2.8085e+00
3876 +1.583934744e+00 +1.583934744e+00 -5.903606526e+01 -5.903606526e+01 +1.4188e+00 +3.1226e+00 +3.1115e+00 +2.1330e+00 -3.0458e+00
% function evaluation | noise-free fitness - Fopt (2.864600000000e+02) | best noise-free fitness - Fopt | measured fitness | best measured fitness | x1 | x2...
1 +7.753424133e+01 +7.753424133e+01 +3.639942413e+02 +3.639942413e+02 -3.9935e+00 -4.2853e+00 -2.9598e+00 +4.1794e+00 +4.9449e+00
5 +5.797868968e+01 +5.797868968e+01 +3.444386897e+02 +3.444386897e+02 -8.4764e-01 -2.5236e+00 -7.0017e-01 +4.6191e+00 +3.3318e+00
8 +7.336126727e+00 +7.336126727e+00 +2.937961267e+02 +2.937961267e+02 -3.9822e+00 +6.4467e-02 -2.0823e+00 +2.4338e+00 -2.1965e+00
268 +1.323538501e+00 +1.323538501e+00 +2.877835385e+02 +2.877835385e+02 -4.0091e+00 +1.3296e+00 -4.0008e+00 +3.7354e+00 -2.6410e+00
295 +6.413520033e-01 +6.413520033e-01 +2.871013520e+02 +2.871013520e+02 -4.3355e+00 +1.3045e-01 -2.9625e+00 +3.1531e+00 -2.0362e+00
650 +1.611398967e-01 +1.611398967e-01 +2.866211399e+02 +2.866211399e+02 -4.3478e+00 -2.3092e-01 -3.3411e+00 +3.3396e+00 -2.2755e+00
810 +4.618584588e-02 +4.618584588e-02 +2.865061858e+02 +2.865061858e+02 -3.6900e+00 +9.2566e-01 -3.2172e+00 +3.3702e+00 -1.8670e+00
991 +7.990953436e-03 +7.990953436e-03 +2.864679910e+02 +2.864679910e+02 -3.7025e+00 +8.2273e-01 -3.3475e+00 +3.4667e+00 -2.0504e+00
1773 +4.352243236e-03 +4.352243236e-03 +2.864643522e+02 +2.864643522e+02 -3.6986e+00 +5.6759e-01 -3.3093e+00 +3.5910e+00 -2.0495e+00
1868 +2.794003941e-03 +2.794003941e-03 +2.864627940e+02 +2.864627940e+02 -3.7423e+00 +7.0315e-01 -3.3230e+00 +3.4596e+00 -2.0451e+00
2239 +3.213713294e-04 +3.213713294e-04 +2.864603214e+02 +2.864603214e+02 -3.7577e+00 +5.4589e-01 -3.3340e+00 +3.4903e+00 -2.0284e+00
2705 +1.386015300e-04 +1.386015300e-04 +2.864601386e+02 +2.864601386e+02 -3.7664e+00 +5.3800e-01 -3.3803e+00 +3.4482e+00 -1.9848e+00
3298 +9.967751714e-05 +9.967751714e-05 +2.864600997e+02 +2.864600997e+02 -3.7034e+00 +5.2301e-01 -3.3582e+00 +3.4633e+00 -1.9632e+00
3403 +9.749202434e-06 +9.749202434e-06 +2.864600097e+02 +2.864600097e+02 -3.7379e+00 +4.1409e-01 -3.3907e+00 +3.4724e+00 -1.9553e+00
4603 +2.977334930e-06 +2.977334930e-06 +2.864600030e+02 +2.864600030e+02 -3.7683e+00 +4.1160e-01 -3.3714e+00 +3.4591e+00 -1.9583e+00
4803 +2.356477637e-06 +2.356477637e-06 +2.864600024e+02 +2.864600024e+02 -3.7737e+00 +4.1070e-01 -3.3710e+00 +3.4644e+00 -1.9562e+00
5369 +1.418011948e-06 +1.418011948e-06 +2.864600014e+02 +2.864600014e+02 -3.7662e+00 +4.2454e-01 -3.3860e+00 +3.4797e+00 -1.9536e+00
5703 +9.673638033e-07 +9.673638033e-07 +2.864600010e+02 +2.864600010e+02 -3.7650e+00 +4.2290e-01 -3.4017e+00 +3.4836e+00 -1.9530e+00
6135 +4.727205578e-07 +4.727205578e-07 +2.864600005e+02 +2.864600005e+02 -3.7494e+00 +4.1934e-01 -3.3815e+00 +3.4677e+00 -1.9172e+00
6305 +1.094010145e-07 +1.094010145e-07 +2.864600001e+02 +2.864600001e+02 -3.7475e+00 +4.0787e-01 -3.3924e+00 +3.4660e+00 -1.9306e+00
7005 +5.141873771e-08 +5.141873771e-08 +2.864600001e+02 +2.864600001e+02 -3.7498e+00 +4.0805e-01 -3.4001e+00 +3.4682e+00 -1.9180e+00
7474 +7.040796390e-09 +7.040796390e-09 +2.864600000e+02 +2.864600000e+02 -3.7500e+00 +4.0344e-01 -3.3916e+00 +3.4687e+00 -1.9201e+00
% function evaluation | noise-free fitness - Fopt (1.134200000000e+02) | best noise-free fitness - Fopt | measured fitness | best measured fitness | x1 | x2...
1 +5.811458097e+01 +5.811458097e+01 +1.715345810e+02 +1.715345810e+02 -4.8533e+00 +4.6865e+00 -2.2924e+00 -3.3589e+00 -2.0830e-01
3 +3.414993313e+01 +3.414993313e+01 +1.475699331e+02 +1.475699331e+02 -3.2733e+00 -2.6898e+00 +3.9939e-01 -2.4377e+00 +4.2429e+00
18 +9.178996813e+00 +9.178996813e+00 +1.225989968e+02 +1.225989968e+02 -4.4474e-01 -3.4605e+00 +2.9833e+00 +1.0551e+00 +1.4365e+00
216 +5.486354681e+00 +5.486354681e+00 +1.189063547e+02 +1.189063547e+02 -1.1906e+00 +5.4642e-01 -5.0000e+00 -5.0000e+00 +2.6243e+00
275 +2.085479690e+00 +2.085479690e+00 +1.155054797e+02 +1.155054797e+02 -2.1127e+00 -1.6699e-01 -3.6789e+00 -2.9071e+00 +2.4184e+00
526 +8.447099554e-01 +8.447099554e-01 +1.142647100e+02 +1.142647100e+02 -2.3713e+00 -1.0074e+00 -2.6837e+00 -3.1681e+00 +4.0643e+00
600 +5.088121280e-01 +5.088121280e-01 +1.139288121e+02 +1.139288121e+02 -1.2153e+00 -2.8046e-01 -4.2004e+00 -4.4038e+00 +3.0702e+00
678 +5.984799074e-02 +5.984799074e-02 +1.134798480e+02 +1.134798480e+02 -1.7410e+00 -7.0120e-01 -3.2979e+00 -3.7937e+00 +3.2727e+00
869 +3.191264420e-02 +3.191264420e-02 +1.134519126e+02 +1.134519126e+02 -1.9707e+00 -6.6168e-01 -3.3572e+00 -3.6456e+00 +3.0693e+00
1585 +2.362026863e-02 +2.362026863e-02 +1.134436203e+02 +1.134436203e+02 -1.9926e+00 -6.8697e-01 -3.6944e+00 -3.6846e+00 +2.9399e+00
1688 +1.525031803e-02 +1.525031803e-02 +1.134352503e+02 +1.134352503e+02 -1.8615e+00 -7.2889e-01 -3.6639e+00 -3.5623e+00 +2.8927e+00
1872 +7.028404817e-03 +7.028404817e-03 +1.134270284e+02 +1.134270284e+02 -1.9208e+00 -1.0592e+00 -3.3410e+00 -3.6092e+00 +3.3879e+00
2161 +5.091960352e-04 +5.091960352e-04 +1.134205092e+02 +1.134205092e+02 -1.8668e+00 -7.7063e-01 -3.3868e+00 -3.7095e+00 +3.4281e+00
2585 +2.371218091e-04 +2.371218091e-04 +1.134202371e+02 +1.134202371e+02 -1.8173e+00 -7.6981e-01 -3.3152e+00 -3.6420e+00 +3.3886e+00
3324 +4.843591061e-05 +4.843591061e-05 +1.134200484e+02 +1.134200484e+02 -1.6821e+00 -7.7096e-01 -3.4758e+00 -3.6864e+00 +3.3858e+00
3998 +2.228586524e-05 +2.228586524e-05 +1.134200223e+02 +1.134200223e+02 -1.7139e+00 -7.7062e-01 -3.4378e+00 -3.7063e+00 +3.4626e+00
4523 +6.597495485e-06 +6.597495485e-06 +1.134200066e+02 +1.134200066e+02 -1.7279e+00 -6.9055e-01 -3.5226e+00 -3.7176e+00 +3.3545e+00
5254 +1.333715119e-06 +1.333715119e-06 +1.134200013e+02 +1.134200013e+02 -1.7396e+00 -7.0199e-01 -3.4824e+00 -3.6924e+00 +3.3532e+00
5770 +6.703887721e-07 +6.703887721e-07 +1.134200007e+02 +1.134200007e+02 -1.7357e+00 -7.1529e-01 -3.4566e+00 -3.6884e+00 +3.3688e+00
6110 +5.014666300e-07 +5.014666300e-07 +1.134200005e+02 +1.134200005e+02 -1.7413e+00 -7.2375e-01 -3.4449e+00 -3.6936e+00 +3.3753e+00
6259 +1.537344758e-07 +1.537344758e-07 +1.134200002e+02 +1.134200002e+02 -1.7472e+00 -7.2271e-01 -3.4630e+00 -3.6937e+00 +3.3832e+00
6310 +4.229335104e-08 +4.229335104e-08 +1.134200000e+02 +1.134200000e+02 -1.7473e+00 -7.2210e-01 -3.4587e+00 -3.6986e+00 +3.3878e+00
6459 +1.134567640e-08 +1.134567640e-08 +1.134200000e+02 +1.134200000e+02 -1.7455e+00 -7.2773e-01 -3.4583e+00 -3.6963e+00 +3.3824e+00
7454 +6.879915304e-09 +6.879915304e-09 +1.134200000e+02 +1.134200000e+02 -1.7451e+00 -7.2719e-01 -3.4568e+00 -3.6965e+00 +3.3853e+00
% function evaluation | noise-free fitness - Fopt (-1.958600000000e+02) | best noise-free fitness - Fopt | measured fitness | best measured fitness | x1 | x2...
1 +2.429877477e+01 +2.429877477e+01 -1.715612252e+02 -1.715612252e+02 -3.8501e+00 -2.4980e+00 +4.4806e+00 +7.1686e-01 +1.1927e+00
256 +1.890034682e+00 +1.890034682e+00 -1.939699653e+02 -1.939699653e+02 -3.5726e+00 -3.3188e+00 +1.0393e+00 -3.3179e+00 -3.0942e+00
368 +1.555671060e+00 +1.555671060e+00 -1.943043289e+02 -1.943043289e+02 -3.8377e+00 -3.6003e+00 +1.1651e+00 -3.4097e+00 -3.1396e+00
2765 +9.979363600e-01 +9.979363600e-01 -1.948620636e+02 -1.948620636e+02 -3.8068e+00 -3.5652e+00 +1.3216e+00 -3.0070e+00 -3.1629e+00
% function evaluation | noise-free fitness - Fopt (-5.760000000000e+00) | best noise-free fitness - Fopt | measured fitness | best measured fitness | x1 | x2...
1 +6.517297414e+01 +6.517297414e+01 +5.941297414e+01 +5.941297414e+01 -3.1362e+00 +1.2391e+00 -2.4400e+00 +5.5754e-01 +1.6383e+00
4 +5.722975731e+01 +5.722975731e+01 +5.146975731e+01 +5.146975731e+01 +3.3789e+00 +3.0565e+00 -9.0522e-01 +5.0002e-01 -4.1686e-01
6 +2.966094588e+01 +2.966094588e+01 +2.390094588e+01 +2.390094588e+01 -3.6555e+00 -2.2144e+00 +3.0361e+00 +1.3578e+00 -1.9993e+00
15 +1.920000989e+01 +1.920000989e+01 +1.344000989e+01 +1.344000989e+01 +4.8572e+00 -1.2384e+00 +1.4987e+00 -2.7438e+00 +2.8637e+00
27 +1.126276371e+01 +1.126276371e+01 +5.502763707e+00 +5.502763707e+00 +7.5313e-01 +2.7948e+00 -3.6764e+00 +1.3597e+00 -1.2608e+00
37 +7.994087346e+00 +7.994087346e+00 +2.234087346e+00 +2.234087346e+00 +4.1932e+00 -2.9808e+00 +4.2721e-01 -5.2142e-01 +2.2541e+00
216 +2.492856819e+00 +2.492856819e+00 -3.267143181e+00 -3.267143181e+00 +4.0003e+00 -8.7102e-01 -1.6478e-02 -2.8832e+00 +2.9669e+00
443 +4.984766021e-01 +4.984766021e-01 -5.261523398e+00 -5.261523398e+00 +3.0960e+00 -6.3109e-01 +4.8955e-01 -1.7176e+00 +3.1431e+00
578 +3.223127116e-01 +3.223127116e-01 -5.437687288e+00 -5.437687288e+00 +3.2811e+00 -1.0304e+00 -6.8149e-01 -2.2368e+00 +2.9923e+00
778 +1.239856472e-01 +1.239856472e-01 -5.636014353e+00 -5.636014353e+00 +3.2787e+00 -1.2382e+00 -6.3720e-01 -1.7776e+00 +2.7865e+00
1138 +9.026404011e-02 +9.026404011e-02 -5.669735960e+00 -5.669735960e+00 +3.2743e+00 -1.2284e+00 -5.9749e-01 -2.0600e+00 +2.7376e+00
1401 +5.077373864e-02 +5.077373864e-02 -5.709226261e+00 -5.709226261e+00 +3.3035e+00 -1.0690e+00 -5.2534e-01 -2.1025e+00 +2.7822e+00
1468 +2.332962489e-02 +2.332962489e-02 -5.736670375e+00 -5.736670375e+00 +3.6515e+00 -1.7514e+00 +1.8323e-01 -1.6104e+00 +2.4205e+00
2057 +1.283042026e-02 +1.283042026e-02 -5.747169580e+00 -5.747169580e+00 +3.5778e+00 -2.0378e+00 +1.2302e-01 -1.5289e+00 +2.4894e+00
2240 +3.497190600e-03 +3.497190600e-03 -5.756502809e+00 -5.756502809e+00 +3.5019e+00 -1.8452e+00 +1.4035e-01 -1.5243e+00 +2.4357e+00
2963 +1.107127406e-03 +1.107127406e-03 -5.758892873e+00 -5.758892873e+00 +3.4851e+00 -1.5365e+00 +2.5203e-01 -1.7244e+00 +2.5597e+00
3102 +9.295177461e-04 +9.295177461e-04 -5.759070482e+00 -5.759070482e+00 +3.3975e+00 -1.5948e+00 +1.5343e-01 -1.6055e+00 +2.5961e+00
3259 +1.236154257e-04 +1.236154257e-04 -5.759876385e+00 -5.759876385e+00 +3.4404e+00 -1.5561e+00 +5.7497e-02 -1.7359e+00 +2.5625e+00
3559 +5.663589003e-05 +5.663589003e-05 -5.759943364e+00 -5.759943364e+00 +3.4402e+00 -1.5348e+00 +6.8691e-02 -1.7162e+00 +2.5413e+00
3909 +2.840755158e-05 +2.840755158e-05 -5.759971592e+00 -5.759971592e+00 +3.4331e+00 -1.3366e+00 +2.4325e-02 -1.7702e+00 +2.6397e+00
3930 +2.364610169e-05 +2.364610169e-05 -5.759976354e+00 -5.759976354e+00 +3.4107e+00 -1.4058e+00 +1.0543e-01 -1.7165e+00 +2.6237e+00
4102 +1.781540070e-06 +1.781540070e-06 -5.759998218e+00 -5.759998218e+00 +3.4214e+00 -1.4550e+00 +6.8550e-02 -1.7204e+00 +2.5933e+00
5702 +5.552115807e-07 +5.552115807e-07 -5.759999445e+00 -5.759999445e+00 +3.4032e+00 -1.4131e+00 +3.5801e-02 -1.7218e+00 +2.5794e+00
6650 +2.485642039e-07 +2.485642039e-07 -5.759999751e+00 -5.759999751e+00 +3.4088e+00 -1.4133e+00 +4.6723e-02 -1.7211e+00 +2.5965e+00
6916 +6.109900319e-08 +6.109900319e-08 -5.759999939e+00 -5.759999939e+00 +3.4085e+00 -1.4197e+00 +3.0639e-02 -1.7215e+00 +2.6037e+00
7302 +3.502287438e-08 +3.502287438e-08 -5.759999965e+00 -5.759999965e+00 +3.4116e+00 -1.4250e+00 +2.8296e-02 -1.7271e+00 +2.6037e+00
7450 +1.313916176e-08 +1.313916176e-08 -5.759999987e+00 -5.759999987e+00 +3.4093e+00 -1.4214e+00 +2.8795e-02 -1.7225e+00 +2.5983e+00
8190 +2.530684107e-09 +2.530684107e-09 -5.759999997e+00 -5.759999997e+00 +3.4073e+00 -1.4179e+00 +2.4713e-02 -1.7254e+00 +2.5946e+00
% function evaluation | noise-free fitness - Fopt (-4.986500000000e+02) | best noise-free fitness - Fopt | measured fitness | best measured fitness | x1 | x2...
1 +2.545026347e+01 +2.545026347e+01 -4.731997365e+02 -4.731997365e+02 -4.3735e+00 -3.9475e-01 +4.8014e-01 -7.3740e-01 -3.1797e+00
17 +1.774577279e+01 +1.774577279e+01 -4.809042272e+02 -4.809042272e+02 +2.0784e+00 +3.2344e+00 +6.8104e-01 +4.0096e+00 -4.8481e+00
114 +6.567793277e+00 +6.567793277e+00 -4.920822067e+02 -4.920822067e+02 -2.0620e+00 +3.3713e+00 -1.7059e+00 +1.4489e-02 -6.3211e-02
258 +2.812991332e+00 +2.812991332e+00 -4.958370087e+02 -4.958370087e+02 -2.3392e+00 +3.2825e+00 -1.3453e+00 +0.0000e+00 -1.5294e-01
459 +1.673141713e+00 +1.673141713e+00 -4.969768583e+02 -4.969768583e+02 -1.7476e+00 +1.4613e+00 -1.8965e+00 -8.8411e-01 -3.5465e+00
536 +1.123520991e+00 +1.123520991e+00 -4.975264790e+02 -4.975264790e+02 -1.4549e+00 +1.5303e+00 -1.4793e+00 -1.3137e+00 -4.0595e+00
626 +5.302900016e-01 +5.302900016e-01 -4.981197100e+02 -4.981197100e+02 -1.3929e+00 +1.2743e+00 -1.5646e+00 -1.6972e+00 -3.2980e+00
906 +1.638446600e-01 +1.638446600e-01 -4.984861553e+02 -4.984861553e+02 -1.9225e+00 +1.1237e+00 -1.0986e+00 -8.4840e-01 -3.4079e+00
989 +1.026116425e-02 +1.026116425e-02 -4.986397388e+02 -4.986397388e+02 -1.1752e+00 +1.1405e+00 -1.3937e+00 -6.7549e-01 -3.6928e+00
1806 +3.716264757e-03 +3.716264757e-03 -4.986462837e+02 -4.986462837e+02 -1.1535e+00 +1.0772e+00 -1.3188e+00 -6.9442e-01 -3.8552e+00
1859 +9.014571388e-04 +9.014571388e-04 -4.986490985e+02 -4.986490985e+02 -1.3586e+00 +1.1998e+00 -1.4450e+00 -8.7316e-01 -3.8070e+00
3263 +1.453954268e-04 +1.453954268e-04 -4.986498546e+02 -4.986498546e+02 -1.2899e+00 +1.2107e+00 -1.4010e+00 -7.9719e-01 -3.8111e+00
3433 +2.865432629e-05 +2.865432629e-05 -4.986499713e+02 -4.986499713e+02 -1.1525e+00 +1.1858e+00 -1.4264e+00 -7.8711e-01 -3.8129e+00
3663 +2.505809937e-05 +2.505809937e-05 -4.986499749e+02 -4.986499749e+02 -1.1769e+00 +1.1594e+00 -1.4303e+00 -8.1535e-01 -3.8066e+00
3917 +6.952779358e-06 +6.952779358e-06 -4.986499930e+02 -4.986499930e+02 -1.1489e+00 +1.1519e+00 -1.4512e+00 -7.0798e-01 -3.8656e+00
4059 +1.855152050e-07 +1.855152050e-07 -4.986499998e+02 -4.986499998e+02 -1.1660e+00 +1.1557e+00 -1.4566e+00 -7.3090e-01 -3.8808e+00
5759 +1.308204105e-07 +1.308204105e-07 -4.986499999e+02 -4.986499999e+02 -1.2029e+00 +1.1668e+00 -1.4577e+00 -7.2813e-01 -3.8715e+00
6016 +5.078743470e-08 +5.078743470e-08 -4.986499999e+02 -4.986499999e+02 -1.1723e+00 +1.1572e+00 -1.4563e+00 -7.3793e-01 -3.8690e+00
6459 +2.897252216e-09 +2.897252216e-09 -4.986500000e+02 -4.986500000e+02 -1.1883e+00 +1.1675e+00 -1.4620e+00 -7.3067e-01 -3.8703e+00
% function evaluation | noise-free fitness - Fopt (-4.286000000000e+01) | best noise-free fitness - Fopt | measured fitness | best measured fitness | x1 | x2...
1 +7.454332123e+01 +7.454332123e+01 +3.168332123e+01 +3.168332123e+01 -2.9257e+00 +2.3167e+00 +9.9082e-01 -3.0443e+00 +6.7135e-01
2 +5.636123947e+01 +5.636123947e+01 +1.350123947e+01 +1.350123947e+01 -3.9284e-01 -3.1490e+00 -1.2889e+00 -4.6232e+00 +2.6703e+00
23 +1.905641588e+01 +1.905641588e+01 -2.380358412e+01 -2.380358412e+01 -2.7464e+00 -1.3697e+00 -4.7856e+00 -3.6261e-01 -1.0121e+00
55 +1.171243181e+01 +1.171243181e+01 -3.114756819e+01 -3.114756819e+01 -4.5987e-01 +6.5830e-01 +4.5736e+00 +3.8653e-01 +2.8306e+00
147 +8.224039010e+00 +8.224039010e+00 -3.463596099e+01 -3.463596099e+01 -1.7516e+00 -1.8473e+00 +5.9055e-01 -2.6042e+00 +2.2456e-01
500 +5.833601374e+00 +5.833601374e+00 -3.702639863e+01 -3.702639863e+01 -6.9774e-01 +1.0613e+00 +3.6457e+00 +8.1811e-02 +2.2274e+00
1007 +3.408956515e+00 +3.408956515e+00 -3.945104348e+01 -3.945104348e+01 -1.1783e+00 +3.4794e-01 +3.4857e+00 -1.7067e-01 +2.5863e+00
6283 +2.285012202e+00 +2.285012202e+00 -4.057498780e+01 -4.057498780e+01 +2.4012e+00 -1.9864e-01 +4.4164e-01 +6.2885e-01 +1.0184e+00
7183 +5.285928086e-01 +5.285928086e-01 -4.233140719e+01 -4.233140719e+01 +2.6907e+00 -2.5325e-01 +9.3928e-01 +1.8346e+00 +5.7689e-01
7383 +2.441981962e-01 +2.441981962e-01 -4.261580180e+01 -4.261580180e+01 +2.7547e+00 -7.0387e-01 +1.2899e+00 +1.2905e+00 +8.2142e-02
7683 +4.932084076e-02 +4.932084076e-02 -4.281067916e+01 -4.281067916e+01 +2.7561e+00 -7.1345e-01 +1.2973e+00 +2.0105e+00 +1.3803e-01
7883 +3.598129860e-02 +3.598129860e-02 -4.282401870e+01 -4.282401870e+01 +2.7589e+00 -6.6259e-01 +1.3054e+00 +1.8176e+00 +1.6661e-01
9436 +2.273517173e-02 +2.273517173e-02 -4.283726483e+01 -4.283726483e+01 +2.5246e+00 -1.0424e+00 +9.1384e-01 +1.8627e+00 -2.4952e-01
9636 +1.448581909e-02 +1.448581909e-02 -4.284551418e+01 -4.284551418e+01 +2.3081e+00 -1.0476e+00 +1.0690e+00 +1.9035e+00 -1.5312e-01
9683 +4.824930024e-03 +4.824930024e-03 -4.285517507e+01 -4.285517507e+01 +2.4258e+00 -1.0836e+00 +9.4665e-01 +1.7608e+00 +4.9090e-02
9883 +3.837259390e-03 +3.837259390e-03 -4.285616274e+01 -4.285616274e+01 +2.4511e+00 -9.5481e-01 +9.4444e-01 +1.7924e+00 +8.1531e-02
10436 +1.029213988e-03 +1.029213988e-03 -4.285897079e+01 -4.285897079e+01 +2.6556e+00 -9.4123e-01 +1.1598e+00 +1.8861e+00 -1.2887e-01
10608 +6.342508039e-04 +6.342508039e-04 -4.285936575e+01 -4.285936575e+01 +2.6270e+00 -1.0109e+00 +1.1579e+00 +1.8803e+00 -1.7216e-01
10883 +1.866582321e-04 +1.866582321e-04 -4.285981334e+01 -4.285981334e+01 +2.5172e+00 -9.4381e-01 +1.1436e+00 +1.8166e+00 +6.9690e-03
11988 +1.525810120e-04 +1.525810120e-04 -4.285984742e+01 -4.285984742e+01 +2.4507e+00 -9.4913e-01 +1.1196e+00 +1.8454e+00 +1.1463e-01
12183 +2.588470184e-05 +2.588470184e-05 -4.285997412e+01 -4.285997412e+01 +2.3831e+00 -1.0383e+00 +1.0780e+00 +1.9363e+00 +9.2361e-02
12388 +1.907466568e-05 +1.907466568e-05 -4.285998093e+01 -4.285998093e+01 +2.3413e+00 -1.1093e+00 +1.0713e+00 +1.9323e+00 +7.4567e-02
12783 +1.283296839e-05 +1.283296839e-05 -4.285998717e+01 -4.285998717e+01 +2.3458e+00 -1.0863e+00 +1.0874e+00 +1.9045e+00 +6.9298e-02
13008 +9.807966045e-06 +9.807966045e-06 -4.285999019e+01 -4.285999019e+01 +2.3407e+00 -1.0884e+00 +1.0897e+00 +1.9352e+00 +8.0708e-02
13588 +6.247130479e-06 +6.247130479e-06 -4.285999375e+01 -4.285999375e+01 +2.3568e+00 -1.0925e+00 +1.0942e+00 +1.9252e+00 +6.2046e-02
13933 +1.282156845e-06 +1.282156845e-06 -4.285999872e+01 -4.285999872e+01 +2.4104e+00 -1.0634e+00 +1.1009e+00 +1.9052e+00 +4.7431e-02
14188 +5.421722236e-07 +5.421722236e-07 -4.285999946e+01 -4.285999946e+01 +2.4044e+00 -1.0700e+00 +1.1000e+00 +1.9049e+00 +4.0336e-02
14588 +3.142680782e-07 +3.142680782e-07 -4.285999969e+01 -4.285999969e+01 +2.3946e+00 -1.0700e+00 +1.0983e+00 +1.9158e+00 +4.4935e-02
15510 +2.410781050e-07 +2.410781050e-07 -4.285999976e+01 -4.285999976e+01 +2.3947e+00 -1.0609e+00 +1.0979e+00 +1.9073e+00 +3.4671e-02
16010 +6.676987852e-08 +6.676987852e-08 -4.285999993e+01 -4.285999993e+01 +2.4064e+00 -1.0608e+00 +1.0992e+00 +1.9071e+00 +2.8751e-02
16510 +5.494896982e-08 +5.494896982e-08 -4.285999995e+01 -4.285999995e+01 +2.4048e+00 -1.0623e+00 +1.1001e+00 +1.9097e+00 +2.9436e-02
16908 +1.522082727e-08 +1.522082727e-08 -4.285999998e+01 -4.285999998e+01 +2.4175e+00 -1.0621e+00 +1.1070e+00 +1.9105e+00 +2.0071e-02
17510 +7.781196132e-09 +7.781196132e-09 -4.285999999e+01 -4.285999999e+01 +2.4157e+00 -1.0612e+00 +1.1091e+00 +1.9148e+00 +2.3747e-02
