% function evaluation | noise-free fitness - Fopt (6.870000000000e+00) | best noise-free fitness - Fopt | measured fitness | best measured fitness | x1 | x2...
1 +3.011965648e+01 +3.011965648e+01 +3.698965648e+01 +3.698965648e+01 +4.3855e+00 -4.6454e+00 +4.6800e+00
2 +1.349051222e+01 +1.349051222e+01 +2.036051222e+01 +2.036051222e+01 -9.0054e-01 -2.9781e+00 +3.9560e+00
4 +3.947199519e+00 +3.947199519e+00 +1.081719952e+01 +1.081719952e+01 +3.4597e+00 +7.7289e-01 -1.1738e+00
590 +2.170052426e+00 +2.170052426e+00 +9.040052426e+00 +9.040052426e+00 -7.5103e-01 -2.7727e+00 +3.2934e+00
3926 +7.790355122e-01 +7.790355122e-01 +7.649035512e+00 +7.649035512e+00 +3.4597e+00 -1.8049e-01 +4.4911e+00
21907 +5.827113096e-01 +5.827113096e-01 +7.452711310e+00 +7.452711310e+00 +2.9000e+00 -7.7281e-01 +3.4453e+00
33598 +3.974489161e-01 +3.974489161e-01 +7.267448916e+00 +7.267448916e+00 +2.9001e+00 -7.7368e-01 +3.4481e+00
33981 +2.468028057e-01 +2.468028057e-01 +7.116802806e+00 +7.116802806e+00 +2.9000e+00 -7.7377e-01 +3.4477e+00
34922 +1.470710025e-01 +1.470710025e-01 +7.017071003e+00 +7.017071003e+00 +2.9007e+00 -7.7609e-01 +3.4466e+00
35033 +8.717801120e-02 +8.717801120e-02 +6.957178011e+00 +6.957178011e+00 +2.9012e+00 -7.7770e-01 +3.4458e+00
35174 +5.525807223e-02 +5.525807223e-02 +6.925258072e+00 +6.925258072e+00 +2.9017e+00 -7.7919e-01 +3.4451e+00
35258 +3.975957493e-02 +3.975957493e-02 +6.909759575e+00 +6.909759575e+00 +2.9017e+00 -7.7904e-01 +3.4452e+00
35571 +2.312561640e-02 +2.312561640e-02 +6.893125616e+00 +6.893125616e+00 +2.9016e+00 -7.7897e-01 +3.4453e+00
35628 +1.259786301e-02 +1.259786301e-02 +6.882597863e+00 +6.882597863e+00 +2.9016e+00 -7.7884e-01 +3.4453e+00
35873 +6.495446851e-03 +6.495446851e-03 +6.876495447e+00 +6.876495447e+00 +2.9016e+00 -7.7877e-01 +3.4454e+00
35979 +4.349443254e-03 +4.349443254e-03 +6.874349443e+00 +6.874349443e+00 +2.9016e+00 -7.7877e-01 +3.4454e+00
36065 +3.767837843e-03 +3.767837843e-03 +6.873767838e+00 +6.873767838e+00 +2.9015e+00 -7.7871e-01 +3.4454e+00
36246 +1.423671957e-03 +1.423671957e-03 +6.871423672e+00 +6.871423672e+00 +2.9015e+00 -7.7873e-01 +3.4454e+00
36626 +9.368710457e-04 +9.368710457e-04 +6.870936871e+00 +6.870936871e+00 +2.9015e+00 -7.7873e-01 +3.4454e+00
36755 +4.997009727e-04 +4.997009727e-04 +6.870499701e+00 +6.870499701e+00 +2.9015e+00 -7.7874e-01 +3.4454e+00
36767 +3.950508490e-04 +3.950508490e-04 +6.870395051e+00 +6.870395051e+00 +2.9015e+00 -7.7874e-01 +3.4454e+00
36859 +2.472785474e-04 +2.472785474e-04 +6.870247279e+00 +6.870247279e+00 +2.9016e+00 -7.7874e-01 +3.4454e+00
37173 +1.263834369e-04 +1.263834369e-04 +6.870126383e+00 +6.870126383e+00 +2.9016e+00 -7.7874e-01 +3.4454e+00
37222 +5.950567250e-05 +5.950567250e-05 +6.870059506e+00 +6.870059506e+00 +2.9016e+00 -7.7874e-01 +3.4454e+00
37385 +2.046531478e-05 +2.046531478e-05 +6.870020465e+00 +6.870020465e+00 +2.9016e+00 -7.7874e-01 +3.4454e+00
37489 +1.204111259e-05 +1.204111259e-05 +6.870012041e+00 +6.870012041e+00 +2.9016e+00 -7.7874e-01 +3.4454e+00
37772 +3.220570320e-06 +3.220570320e-06 +6.870003221e+00 +6.870003221e+00 +2.9016e+00 -7.7874e-01 +3.4454e+00
38048 +1.989212273e-06 +1.989212273e-06 +6.870001989e+00 +6.870001989e+00 +2.9016e+00 -7.7874e-01 +3.4454e+00
38089 +1.296812855e-06 +1.296812855e-06 +6.870001297e+00 +6.870001297e+00 +2.9016e+00 -7.7874e-01 +3.4454e+00
38251 +5.894454524e-07 +5.894454524e-07 +6.870000589e+00 +6.870000589e+00 +2.9016e+00 -7.7874e-01 +3.4454e+00
38598 +3.792364192e-07 +3.792364192e-07 +6.870000379e+00 +6.870000379e+00 +2.9016e+00 -7.7874e-01 +3.4454e+00
38825 +1.985914277e-07 +1.985914277e-07 +6.870000199e+00 +6.870000199e+00 +2.9016e+00 -7.7874e-01 +3.4454e+00
38900 +1.117783608e-07 +1.117783608e-07 +6.870000112e+00 +6.870000112e+00 +2.9016e+00 -7.7874e-01 +3.4454e+00
39103 +9.259184353e-08 +9.259184353e-08 +6.870000093e+00 +6.870000093e+00 +2.9016e+00 -7.7874e-01 +3.4454e+00
39119 +4.785869923e-08 +4.785869923e-08 +6.870000048e+00 +6.870000048e+00 +2.9016e+00 -7.7874e-01 +3.4454e+00
39181 +2.720063907e-08 +2.720063907e-08 +6.870000027e+00 +6.870000027e+00 +2.9016e+00 -7.7874e-01 +3.4454e+00
39400 +2.029673318e-08 +2.029673318e-08 +6.870000020e+00 +6.870000020e+00 +2.9016e+00 -7.7874e-01 +3.4454e+00
39425 +6.320933110e-09 +6.320933110e-09 +6.870000006e+00 +6.870000006e+00 +2.9016e+00 -7.7874e-01 +3.4454e+00
% function evaluation | noise-free fitness - Fopt (1.000000000000e-02) | best noise-free fitness - Fopt | measured fitness | best measured fitness | x1 | x2...
1 +2.845014302e+01 +2.845014302e+01 +2.846014302e+01 +2.846014302e+01 -2.1380e+00 +1.3233e+00 -2.8420e+00
3 +9.084427965e+00 +9.084427965e+00 +9.094427965e+00 +9.094427965e+00 +2.2763e+00 -1.7143e+00 -3.8797e+00
25 +2.786291579e+00 +2.786291579e+00 +2.796291579e+00 +2.796291579e+00 +2.8226e+00 -2.7707e+00 -1.0949e+00
1507 +9.722401966e-01 +9.722401966e-01 +9.822401966e-01 +9.822401966e-01 -1.7012e+00 -1.8146e+00 +4.9128e+00
33826 +4.129034570e-01 +4.129034570e-01 +4.229034570e-01 +4.229034570e-01 -3.4520e+00 -5.8606e-01 +3.0705e+00
42067 +3.564160010e-01 +3.564160010e-01 +3.664160010e-01 +3.664160010e-01 -3.4521e+00 -5.8609e-01 +3.0704e+00
42573 +2.287901691e-01 +2.287901691e-01 +2.387901691e-01 +2.387901691e-01 -3.4520e+00 -5.8607e-01 +3.0702e+00
43283 +1.349803899e-01 +1.349803899e-01 +1.449803899e-01 +1.449803899e-01 -3.4519e+00 -5.8543e-01 +3.0702e+00
43342 +9.194501299e-02 +9.194501299e-02 +1.019450130e-01 +1.019450130e-01 -3.4520e+00 -5.8489e-01 +3.0703e+00
43442 +6.092112505e-02 +6.092112505e-02 +7.092112505e-02 +7.092112505e-02 -3.4521e+00 -5.8461e-01 +3.0703e+00
43514 +2.004993607e-02 +2.004993607e-02 +3.004993607e-02 +3.004993607e-02 -3.4523e+00 -5.8424e-01 +3.0702e+00
43666 +1.571972354e-02 +1.571972354e-02 +2.571972354e-02 +2.571972354e-02 -3.4524e+00 -5.8401e-01 +3.0702e+00
43862 +9.206683364e-03 +9.206683364e-03 +1.920668336e-02 +1.920668336e-02 -3.4524e+00 -5.8409e-01 +3.0702e+00
44026 +4.264655656e-03 +4.264655656e-03 +1.426465566e-02 +1.426465566e-02 -3.4524e+00 -5.8407e-01 +3.0702e+00
44217 +1.742813791e-03 +1.742813791e-03 +1.174281379e-02 +1.174281379e-02 -3.4524e+00 -5.8409e-01 +3.0702e+00
44342 +1.165974310e-03 +1.165974310e-03 +1.116597431e-02 +1.116597431e-02 -3.4524e+00 -5.8409e-01 +3.0702e+00
44402 +9.269956029e-04 +9.269956029e-04 +1.092699560e-02 +1.092699560e-02 -3.4524e+00 -5.8408e-01 +3.0702e+00
44588 +5.695856551e-04 +5.695856551e-04 +1.056958566e-02 +1.056958566e-02 -3.4524e+00 -5.8409e-01 +3.0702e+00
44656 +3.477229964e-04 +3.477229964e-04 +1.034772300e-02 +1.034772300e-02 -3.4524e+00 -5.8409e-01 +3.0702e+00
44836 +2.188226261e-04 +2.188226261e-04 +1.021882263e-02 +1.021882263e-02 -3.4524e+00 -5.8409e-01 +3.0702e+00
44936 +1.563450784e-04 +1.563450784e-04 +1.015634508e-02 +1.015634508e-02 -3.4524e+00 -5.8409e-01 +3.0702e+00
45065 +6.524971559e-05 +6.524971559e-05 +1.006524972e-02 +1.006524972e-02 -3.4524e+00 -5.8409e-01 +3.0702e+00
45140 +3.533158911e-05 +3.533158911e-05 +1.003533159e-02 +1.003533159e-02 -3.4524e+00 -5.8409e-01 +3.0702e+00
45355 +7.957910348e-06 +7.957910348e-06 +1.000795791e-02 +1.000795791e-02 -3.4524e+00 -5.8409e-01 +3.0702e+00
45631 +1.458667883e-06 +1.458667883e-06 +1.000145867e-02 +1.000145867e-02 -3.4524e+00 -5.8409e-01 +3.0702e+00
46046 +9.067158402e-07 +9.067158402e-07 +1.000090672e-02 +1.000090672e-02 -3.4524e+00 -5.8409e-01 +3.0702e+00
46123 +4.335050012e-07 +4.335050012e-07 +1.000043351e-02 +1.000043351e-02 -3.4524e+00 -5.8409e-01 +3.0702e+00
46249 +2.068845848e-07 +2.068845848e-07 +1.000020688e-02 +1.000020688e-02 -3.4524e+00 -5.8409e-01 +3.0702e+00
46413 +1.221492716e-07 +1.221492716e-07 +1.000012215e-02 +1.000012215e-02 -3.4524e+00 -5.8409e-01 +3.0702e+00
46416 +9.481428598e-08 +9.481428598e-08 +1.000009481e-02 +1.000009481e-02 -3.4524e+00 -5.8409e-01 +3.0702e+00
46615 +4.481962934e-08 +4.481962934e-08 +1.000004482e-02 +1.000004482e-02 -3.4524e+00 -5.8409e-01 +3.0702e+00
46697 +3.345868271e-08 +3.345868271e-08 +1.000003346e-02 +1.000003346e-02 -3.4524e+00 -5.8409e-01 +3.0702e+00
46894 +2.122538945e-08 +2.122538945e-08 +1.000002123e-02 +1.000002123e-02 -3.4524e+00 -5.8409e-01 +3.0702e+00
46966 +1.282793782e-08 +1.282793782e-08 +1.000001283e-02 +1.000001283e-02 -3.4524e+00 -5.8409e-01 +3.0702e+00
47045 +8.189674050e-09 +8.189674050e-09 +1.000000819e-02 +1.000000819e-02 -3.4524e+00 -5.8409e-01 +3.0702e+00
% function evaluation | noise-free fitness - Fopt (-1.306100000000e+02) | best noise-free fitness - Fopt | measured fitness | best measured fitness | x1 | x2...
1 +2.966482399e+01 +2.966482399e+01 -1.009451760e+02 -1.009451760e+02 -2.9900e+00 +2.0328e+00 +9.6379e-01
2 +2.006342366e+01 +2.006342366e+01 -1.105465763e+02 -1.105465763e+02 +4.7799e+00 -4.2393e+00 +2.9526e+00
6 +2.151324007e+00 +2.151324007e+00 -1.284586760e+02 -1.284586760e+02 +2.9784e+00 -2.2031e+00 +2.6931e+00
12 +1.226589872e+00 +1.226589872e+00 -1.293834101e+02 -1.293834101e+02 +3.4391e+00 +4.2417e+00 +3.5557e+00
5508 +7.082129177e-01 +7.082129177e-01 -1.299017871e+02 -1.299017871e+02 +2.6942e+00 +5.3709e+00 -2.1276e+00
38034 +6.263232420e-01 +6.263232420e-01 -1.299836768e+02 -1.299836768e+02 +4.5970e+00 +3.9597e+00 -3.9208e+00
46368 +3.548016226e-01 +3.548016226e-01 -1.302551984e+02 -1.302551984e+02 +5.1012e+00 +3.1655e+00 +2.2191e+00
% function evaluation | noise-free fitness - Fopt (-2.231200000000e+02) | best noise-free fitness - Fopt | measured fitness | best measured fitness | x1 | x2...
1 +1.458652974e+01 +1.458652974e+01 -2.085334703e+02 -2.085334703e+02 -1.8960e+00 +2.6273e+00 +2.0471e+00
25 +3.257347571e+00 +3.257347571e+00 -2.198626524e+02 -2.198626524e+02 +2.2475e+00 +4.9300e+00 -1.4125e+00
229 +1.176989948e+00 +1.176989948e+00 -2.219430101e+02 -2.219430101e+02 -8.0084e-03 +4.1881e+00 -3.7737e+00
2778 +7.984396558e-01 +7.984396558e-01 -2.223215603e+02 -2.223215603e+02 +3.7735e+00 +1.2109e+00 -1.8592e-01
42532 +4.438618207e-01 +4.438618207e-01 -2.226761382e+02 -2.226761382e+02 +3.1260e+00 +4.9668e+00 +5.9231e-01
56543 +3.666395894e-01 +3.666395894e-01 -2.227533604e+02 -2.227533604e+02 +4.3161e+00 +1.5707e+00 -2.6914e+00
% function evaluation | noise-free fitness - Fopt (-4.443000000000e+01) | best noise-free fitness - Fopt | measured fitness | best measured fitness | x1 | x2...
1 +2.496531174e+01 +2.496531174e+01 -1.946468826e+01 -1.946468826e+01 +1.0399e+00 -1.5914e-01 +1.2206e+00
3 +9.428855922e+00 +9.428855922e+00 -3.500114408e+01 -3.500114408e+01 +1.5096e+00 -3.1306e+00 +4.8289e+00
19 +6.123373894e+00 +6.123373894e+00 -3.830662611e+01 -3.830662611e+01 -2.5278e+00 +2.0739e+00 +4.1525e+00
27 +3.292831410e+00 +3.292831410e+00 -4.113716859e+01 -4.113716859e+01 +5.4928e+00 +3.6358e+00 +3.3437e+00
1082 +2.400997877e+00 +2.400997877e+00 -4.202900212e+01 -4.202900212e+01 +7.2636e-01 +5.5183e+00 +3.3437e+00
4730 +1.234705058e+00 +1.234705058e+00 -4.319529494e+01 -4.319529494e+01 +1.0007e+00 +5.5177e+00 +3.3437e+00
21326 +9.727282487e-01 +9.727282487e-01 -4.345727175e+01 -4.345727175e+01 -4.0939e+00 +2.9351e+00 +2.2055e+00
73563 +5.626996756e-01 +5.626996756e-01 -4.386730032e+01 -4.386730032e+01 +4.2278e+00 +3.5374e+00 -4.2714e+00
74212 +3.847015814e-01 +3.847015814e-01 -4.404529842e+01 -4.404529842e+01 +4.2267e+00 +3.5375e+00 -4.2712e+00
74526 +2.494286295e-01 +2.494286295e-01 -4.418057137e+01 -4.418057137e+01 +4.2273e+00 +3.5373e+00 -4.2715e+00
75882 +1.272167314e-01 +1.272167314e-01 -4.430278327e+01 -4.430278327e+01 +4.2231e+00 +3.5314e+00 -4.2736e+00
75911 +6.887935043e-02 +6.887935043e-02 -4.436112065e+01 -4.436112065e+01 +4.2214e+00 +3.5288e+00 -4.2745e+00
75939 +4.514497766e-02 +4.514497766e-02 -4.438485502e+01 -4.438485502e+01 +4.2208e+00 +3.5280e+00 -4.2748e+00
75946 +3.067852737e-02 +3.067852737e-02 -4.439932147e+01 -4.439932147e+01 +4.2205e+00 +3.5276e+00 -4.2750e+00
76043 +7.526871801e-03 +7.526871801e-03 -4.442247313e+01 -4.442247313e+01 +4.2201e+00 +3.5269e+00 -4.2752e+00
76383 +4.255684188e-03 +4.255684188e-03 -4.442574432e+01 -4.442574432e+01 +4.2200e+00 +3.5268e+00 -4.2752e+00
76594 +3.245397938e-03 +3.245397938e-03 -4.442675460e+01 -4.442675460e+01 +4.2200e+00 +3.5268e+00 -4.2752e+00
76742 +1.056479837e-03 +1.056479837e-03 -4.442894352e+01 -4.442894352e+01 +4.2200e+00 +3.5268e+00 -4.2752e+00
76999 +8.486419258e-04 +8.486419258e-04 -4.442915136e+01 -4.442915136e+01 +4.2200e+00 +3.5268e+00 -4.2752e+00
77021 +5.546140284e-04 +5.546140284e-04 -4.442944539e+01 -4.442944539e+01 +4.2200e+00 +3.5268e+00 -4.2752e+00
77261 +3.238775914e-04 +3.238775914e-04 -4.442967612e+01 -4.442967612e+01 +4.2200e+00 +3.5268e+00 -4.2752e+00
77405 +2.390829349e-04 +2.390829349e-04 -4.442976092e+01 -4.442976092e+01 +4.2200e+00 +3.5268e+00 -4.2752e+00
77552 +1.322965050e-04 +1.322965050e-04 -4.442986770e+01 -4.442986770e+01 +4.2200e+00 +3.5268e+00 -4.2752e+00
77631 +5.078333258e-05 +5.078333258e-05 -4.442994922e+01 -4.442994922e+01 +4.2200e+00 +3.5268e+00 -4.2752e+00
77805 +3.212609442e-05 +3.212609442e-05 -4.442996787e+01 -4.442996787e+01 +4.2200e+00 +3.5268e+00 -4.2752e+00
78136 +2.396133420e-05 +2.396133420e-05 -4.442997604e+01 -4.442997604e+01 +4.2200e+00 +3.5268e+00 -4.2752e+00
78246 +1.501083030e-05 +1.501083030e-05 -4.442998499e+01 -4.442998499e+01 +4.2200e+00 +3.5268e+00 -4.2752e+00
78248 +9.404482476e-06 +9.404482476e-06 -4.442999060e+01 -4.442999060e+01 +4.2200e+00 +3.5268e+00 -4.2752e+00
78408 +6.296942502e-06 +6.296942502e-06 -4.442999370e+01 -4.442999370e+01 +4.2200e+00 +3.5268e+00 -4.2752e+00
78590 +3.034709017e-06 +3.034709017e-06 -4.442999697e+01 -4.442999697e+01 +4.2200e+00 +3.5268e+00 -4.2752e+00
78798 +2.416333714e-06 +2.416333714e-06 -4.442999758e+01 -4.442999758e+01 +4.2200e+00 +3.5268e+00 -4.2752e+00
79098 +1.531313295e-06 +1.531313295e-06 -4.442999847e+01 -4.442999847e+01 +4.2200e+00 +3.5268e+00 -4.2752e+00
79204 +5.223102093e-07 +5.223102093e-07 -4.442999948e+01 -4.442999948e+01 +4.2200e+00 +3.5268e+00 -4.2752e+00
79441 +3.499986363e-07 +3.499986363e-07 -4.442999965e+01 -4.442999965e+01 +4.2200e+00 +3.5268e+00 -4.2752e+00
79531 +1.352752861e-07 +1.352752861e-07 -4.442999986e+01 -4.442999986e+01 +4.2200e+00 +3.5268e+00 -4.2752e+00
79977 +9.713493654e-08 +9.713493654e-08 -4.442999990e+01 -4.442999990e+01 +4.2200e+00 +3.5268e+00 -4.2752e+00
80153 +3.638645296e-08 +3.638645296e-08 -4.442999996e+01 -4.442999996e+01 +4.2200e+00 +3.5268e+00 -4.2752e+00
80603 +2.465310445e-08 +2.465310445e-08 -4.442999998e+01 -4.442999998e+01 +4.2200e+00 +3.5268e+00 -4.2752e+00
80880 +8.505118387e-09 +8.505118387e-09 -4.442999999e+01 -4.442999999e+01 +4.2200e+00 +3.5268e+00 -4.2752e+00
% function evaluation | noise-free fitness - Fopt (-5.119300000000e+02) | best noise-free fitness - Fopt | measured fitness | best measured fitness | x1 | x2...
1 +2.364483034e+01 +2.364483034e+01 -4.882851697e+02 -4.882851697e+02 +3.7621e+00 -9.3681e-01 +3.3780e+00
4 +1.092861017e+01 +1.092861017e+01 -5.010013898e+02 -5.010013898e+02 -4.2927e+00 +2.3247e+00 +1.3323e+00
8 +8.150783671e+00 +8.150783671e+00 -5.037792163e+02 -5.037792163e+02 -2.7227e-01 +7.0024e-01 -1.8524e+00
110 +4.023721266e+00 +4.023721266e+00 -5.079062787e+02 -5.079062787e+02 -1.9740e+00 -1.4930e+00 -2.4845e+00
229 +3.784239791e+00 +3.784239791e+00 -5.081457602e+02 -5.081457602e+02 +4.2191e+00 +3.0250e+00 -5.4266e+00
384 +2.401490420e+00 +2.401490420e+00 -5.095285096e+02 -5.095285096e+02 -4.0641e+00 +2.0177e+00 -2.4701e+00
3376 +1.516668923e+00 +1.516668923e+00 -5.104133311e+02 -5.104133311e+02 +3.7030e+00 +7.3898e-02 -1.0066e+00
3918 +6.248823748e-01 +6.248823748e-01 -5.113051176e+02 -5.113051176e+02 +5.3044e+00 -2.0078e+00 +2.5381e+00
32738 +3.833109326e-01 +3.833109326e-01 -5.115466891e+02 -5.115466891e+02 +5.3044e+00 -2.0081e+00 +2.5379e+00
34511 +2.459689464e-01 +2.459689464e-01 -5.116840311e+02 -5.116840311e+02 +5.3031e+00 -2.0074e+00 +2.5378e+00
34627 +1.464654205e-01 +1.464654205e-01 -5.117835346e+02 -5.117835346e+02 +5.2977e+00 -2.0065e+00 +2.5396e+00
35176 +9.498744466e-02 +9.498744466e-02 -5.118350126e+02 -5.118350126e+02 +5.2962e+00 -2.0063e+00 +2.5401e+00
54680 +5.969417795e-02 +5.969417795e-02 -5.118703058e+02 -5.118703058e+02 -4.0861e+00 +2.6800e+00 +6.8709e-01
54832 +2.946019630e-02 +2.946019630e-02 -5.119005398e+02 -5.119005398e+02 -4.0870e+00 +2.6802e+00 +6.8724e-01
55066 +2.469705365e-02 +2.469705365e-02 -5.119053029e+02 -5.119053029e+02 -4.0873e+00 +2.6802e+00 +6.8743e-01
55265 +6.297064065e-03 +6.297064065e-03 -5.119237029e+02 -5.119237029e+02 -4.0872e+00 +2.6802e+00 +6.8736e-01
55550 +3.269029717e-03 +3.269029717e-03 -5.119267310e+02 -5.119267310e+02 -4.0872e+00 +2.6802e+00 +6.8733e-01
55905 +2.399564902e-03 +2.399564902e-03 -5.119276004e+02 -5.119276004e+02 -4.0872e+00 +2.6802e+00 +6.8732e-01
56201 +1.492494344e-03 +1.492494344e-03 -5.119285075e+02 -5.119285075e+02 -4.0871e+00 +2.6802e+00 +6.8731e-01
56384 +7.069959059e-04 +7.069959059e-04 -5.119292930e+02 -5.119292930e+02 -4.0871e+00 +2.6802e+00 +6.8731e-01
56392 +5.254424929e-04 +5.254424929e-04 -5.119294746e+02 -5.119294746e+02 -4.0871e+00 +2.6802e+00 +6.8731e-01
56565 +3.318446422e-04 +3.318446422e-04 -5.119296682e+02 -5.119296682e+02 -4.0871e+00 +2.6802e+00 +6.8732e-01
56747 +2.250037053e-04 +2.250037053e-04 -5.119297750e+02 -5.119297750e+02 -4.0871e+00 +2.6802e+00 +6.8731e-01
56809 +1.302888194e-04 +1.302888194e-04 -5.119298697e+02 -5.119298697e+02 -4.0871e+00 +2.6802e+00 +6.8732e-01
56991 +8.067526585e-05 +8.067526585e-05 -5.119299193e+02 -5.119299193e+02 -4.0871e+00 +2.6802e+00 +6.8732e-01
57070 +4.951596134e-05 +4.951596134e-05 -5.119299505e+02 -5.119299505e+02 -4.0871e+00 +2.6802e+00 +6.8732e-01
57132 +2.876934485e-05 +2.876934485e-05 -5.119299712e+02 -5.119299712e+02 -4.0871e+00 +2.6802e+00 +6.8732e-01
57319 +2.362620307e-05 +2.362620307e-05 -5.119299764e+02 -5.119299764e+02 -4.0871e+00 +2.6802e+00 +6.8732e-01
57365 +1.383196940e-05 +1.383196940e-05 -5.119299862e+02 -5.119299862e+02 -4.0871e+00 +2.6802e+00 +6.8732e-01
57520 +8.550870234e-06 +8.550870234e-06 -5.119299914e+02 -5.119299914e+02 -4.0871e+00 +2.6802e+00 +6.8732e-01
57557 +4.273308775e-06 +4.273308775e-06 -5.119299957e+02 -5.119299957e+02 -4.0871e+00 +2.6802e+00 +6.8732e-01
57740 +2.389168856e-06 +2.389168856e-06 -5.119299976e+02 -5.119299976e+02 -4.0871e+00 +2.6802e+00 +6.8732e-01
58414 +5.171687576e-07 +5.171687576e-07 -5.119299995e+02 -5.119299995e+02 -4.0871e+00 +2.6802e+00 +6.8732e-01
58921 +2.976182714e-07 +2.976182714e-07 -5.119299997e+02 -5.119299997e+02 -4.0871e+00 +2.6802e+00 +6.8732e-01
59072 +2.337196179e-07 +2.337196179e-07 -5.119299998e+02 -5.119299998e+02 -4.0871e+00 +2.6802e+00 +6.8732e-01
59393 +9.657378541e-08 +9.657378541e-08 -5.119299999e+02 -5.119299999e+02 -4.0871e+00 +2.6802e+00 +6.8732e-01
59440 +6.119000773e-08 +6.119000773e-08 -5.119299999e+02 -5.119299999e+02 -4.0871e+00 +2.6802e+00 +6.8732e-01
59735 +2.655662001e-08 +2.655662001e-08 -5.119300000e+02 -5.119300000e+02 -4.0871e+00 +2.6802e+00 +6.8732e-01
59756 +1.057236432e-08 +1.057236432e-08 -5.119300000e+02 -5.119300000e+02 -4.0871e+00 +2.6802e+00 +6.8732e-01
60027 +9.063512607e-09 +9.063512607e-09 -5.119300000e+02 -5.119300000e+02 -4.0871e+00 +2.6802e+00 +6.8732e-01
% function evaluation | noise-free fitness - Fopt (-5.640600000000e+02) | best noise-free fitness - Fopt | measured fitness | best measured fitness | x1 | x2...
1 +2.201448198e+01 +2.201448198e+01 -5.420455180e+02 -5.420455180e+02 +3.6863e+00 +2.2609e+00 -3.9076e+00
5 +6.013965503e+00 +6.013965503e+00 -5.580460345e+02 -5.580460345e+02 -3.0205e+00 +3.4780e+00 +1.5694e+00
18 +2.803123983e+00 +2.803123983e+00 -5.612568760e+02 -5.612568760e+02 +2.5245e+00 +2.8500e+00 +1.1646e-01
137 +1.422932689e+00 +1.422932689e+00 -5.626370673e+02 -5.626370673e+02 -3.0205e+00 +4.3446e+00 -2.4461e-01
3706 +4.432056803e-01 +4.432056803e-01 -5.636167943e+02 -5.636167943e+02 -3.0205e+00 +4.3553e+00 -2.4461e-01
4263 +2.664554189e-01 +2.664554189e-01 -5.637935446e+02 -5.637935446e+02 -3.0205e+00 +4.3513e+00 -2.4465e-01
4414 +2.194663342e-01 +2.194663342e-01 -5.638405337e+02 -5.638405337e+02 -3.0231e+00 +4.3550e+00 -2.4696e-01
4702 +1.265222671e-01 +1.265222671e-01 -5.639334777e+02 -5.639334777e+02 -3.0214e+00 +4.3524e+00 -2.4569e-01
4738 +6.639485449e-02 +6.639485449e-02 -5.639936051e+02 -5.639936051e+02 -3.0212e+00 +4.3517e+00 -2.4565e-01
4770 +3.321597058e-02 +3.321597058e-02 -5.640267840e+02 -5.640267840e+02 -3.0211e+00 +4.3513e+00 -2.4559e-01
4936 +1.961582027e-02 +1.961582027e-02 -5.640403842e+02 -5.640403842e+02 -3.0210e+00 +4.3511e+00 -2.4559e-01
5417 +9.460272439e-03 +9.460272439e-03 -5.640505397e+02 -5.640505397e+02 -3.0210e+00 +4.3512e+00 -2.4558e-01
5582 +4.487307735e-03 +4.487307735e-03 -5.640555127e+02 -5.640555127e+02 -3.0210e+00 +4.3511e+00 -2.4557e-01
5836 +2.676359993e-03 +2.676359993e-03 -5.640573236e+02 -5.640573236e+02 -3.0210e+00 +4.3511e+00 -2.4557e-01
5851 +1.800453223e-03 +1.800453223e-03 -5.640581995e+02 -5.640581995e+02 -3.0210e+00 +4.3511e+00 -2.4557e-01
5981 +1.225580787e-03 +1.225580787e-03 -5.640587744e+02 -5.640587744e+02 -3.0210e+00 +4.3511e+00 -2.4558e-01
6292 +6.305372669e-04 +6.305372669e-04 -5.640593695e+02 -5.640593695e+02 -3.0210e+00 +4.3511e+00 -2.4557e-01
6519 +3.728705045e-04 +3.728705045e-04 -5.640596271e+02 -5.640596271e+02 -3.0210e+00 +4.3511e+00 -2.4557e-01
6767 +1.897880073e-04 +1.897880073e-04 -5.640598102e+02 -5.640598102e+02 -3.0210e+00 +4.3511e+00 -2.4557e-01
6772 +1.405055730e-04 +1.405055730e-04 -5.640598595e+02 -5.640598595e+02 -3.0210e+00 +4.3511e+00 -2.4557e-01
7075 +8.768469172e-05 +8.768469172e-05 -5.640599123e+02 -5.640599123e+02 -3.0210e+00 +4.3511e+00 -2.4557e-01
7288 +3.795123109e-05 +3.795123109e-05 -5.640599620e+02 -5.640599620e+02 -3.0210e+00 +4.3511e+00 -2.4557e-01
7488 +1.882731908e-05 +1.882731908e-05 -5.640599812e+02 -5.640599812e+02 -3.0210e+00 +4.3511e+00 -2.4557e-01
7628 +8.740041721e-06 +8.740041721e-06 -5.640599913e+02 -5.640599913e+02 -3.0210e+00 +4.3511e+00 -2.4557e-01
8007 +2.337622618e-06 +2.337622618e-06 -5.640599977e+02 -5.640599977e+02 -3.0210e+00 +4.3511e+00 -2.4557e-01
8087 +1.053880510e-06 +1.053880510e-06 -5.640599989e+02 -5.640599989e+02 -3.0210e+00 +4.3511e+00 -2.4557e-01
107529 +9.219240837e-07 +9.219240837e-07 -5.640599991e+02 -5.640599991e+02 -2.7620e+00 -2.5527e-01 +4.2759e+00
107642 +5.669418215e-07 +5.669418215e-07 -5.640599994e+02 -5.640599994e+02 -2.7620e+00 -2.5527e-01 +4.2759e+00
107761 +3.918323728e-07 +3.918323728e-07 -5.640599996e+02 -5.640599996e+02 -2.7620e+00 -2.5527e-01 +4.2759e+00
107962 +1.287813802e-07 +1.287813802e-07 -5.640599999e+02 -5.640599999e+02 -2.7620e+00 -2.5527e-01 +4.2759e+00
108073 +9.956329450e-08 +9.956329450e-08 -5.640599999e+02 -5.640599999e+02 -2.7620e+00 -2.5527e-01 +4.2759e+00
108213 +4.757578154e-08 +4.757578154e-08 -5.640600000e+02 -5.640600000e+02 -2.7620e+00 -2.5527e-01 +4.2759e+00
108542 +3.440447927e-08 +3.440447927e-08 -5.640600000e+02 -5.640600000e+02 -2.7620e+00 -2.5527e-01 +4.2759e+00
108572 +6.922618923e-09 +6.922618923e-09 -5.640600000e+02 -5.640600000e+02 -2.7620e+00 -2.5527e-01 +4.2759e+00
% function evaluation | noise-free fitness - Fopt (-3.437000000000e+01) | best noise-free fitness - Fopt | measured fitness | best measured fitness | x1 | x2...
1 +3.290849720e+01 +3.290849720e+01 -1.461502799e+00 -1.461502799e+00 -4.7693e+00 -9.9518e-01 +5.9223e-01
2 +1.312471189e+01 +1.312471189e+01 -2.124528811e+01 -2.124528811e+01 -2.1019e-01 +2.3606e+00 +4.3039e+00
5 +4.572982221e+00 +4.572982221e+00 -2.979701778e+01 -2.979701778e+01 -3.6520e+00 -2.4370e+00 -6.4181e-01
14 +3.530353686e+00 +3.530353686e+00 -3.083964631e+01 -3.083964631e+01 -1.5485e+00 -2.0080e+00 -4.2051e+00
470 +1.444571435e+00 +1.444571435e+00 -3.292542857e+01 -3.292542857e+01 -9.9654e-01 +2.5789e+00 -3.3203e+00
5326 +9.648362845e-01 +9.648362845e-01 -3.340516372e+01 -3.340516372e+01 +1.7706e+00 +1.1785e+00 -1.3625e+00
11005 +4.954521688e-01 +4.954521688e-01 -3.387454783e+01 -3.387454783e+01 -2.8273e-01 -2.0181e+00 -4.2922e+00
% function evaluation | noise-free fitness - Fopt (5.004000000000e+01) | best noise-free fitness - Fopt | measured fitness | best measured fitness | x1 | x2...
1 +2.024660957e+01 +2.024660957e+01 +7.028660957e+01 +7.028660957e+01 -2.7173e-02 -4.1855e+00 +4.7539e+00
6 +1.198597291e+01 +1.198597291e+01 +6.202597291e+01 +6.202597291e+01 +1.2495e+00 +4.1964e+00 -3.1207e+00
9 +7.862409397e+00 +7.862409397e+00 +5.790240940e+01 +5.790240940e+01 +2.4002e+00 +1.6320e+00 -2.0541e+00
34 +4.772976396e+00 +4.772976396e+00 +5.481297640e+01 +5.481297640e+01 +2.2271e+00 +1.0566e+00 +1.8543e+00
138 +3.532920830e+00 +3.532920830e+00 +5.357292083e+01 +5.357292083e+01 +1.7619e+00 +1.6320e+00 -4.1849e+00
300 +2.364703431e+00 +2.364703431e+00 +5.240470343e+01 +5.240470343e+01 +1.7643e+00 +6.2636e-01 -4.0485e+00
3036 +1.371718260e+00 +1.371718260e+00 +5.141171826e+01 +5.141171826e+01 -4.0397e-02 +1.6648e+00 -2.6094e+00
9819 +9.947765660e-01 +9.947765660e-01 +5.103477657e+01 +5.103477657e+01 +8.1903e-01 -9.8562e-01 -3.1626e+00
9970 +5.168653331e-01 +5.168653331e-01 +5.055686533e+01 +5.055686533e+01 +8.1818e-01 -9.8305e-01 -3.1619e+00
10019 +3.311399338e-01 +3.311399338e-01 +5.037113993e+01 +5.037113993e+01 +8.1729e-01 -9.8218e-01 -3.1618e+00
10459 +2.462310773e-01 +2.462310773e-01 +5.028623108e+01 +5.028623108e+01 +8.1912e-01 -9.8231e-01 -3.1610e+00
10507 +1.124971288e-01 +1.124971288e-01 +5.015249713e+01 +5.015249713e+01 +8.2330e-01 -9.8236e-01 -3.1598e+00
10874 +8.905501065e-02 +8.905501065e-02 +5.012905501e+01 +5.012905501e+01 +8.2337e-01 -9.8262e-01 -3.1598e+00
10937 +5.107382571e-02 +5.107382571e-02 +5.009107383e+01 +5.009107383e+01 +8.2354e-01 -9.8282e-01 -3.1599e+00
10973 +3.929455705e-02 +3.929455705e-02 +5.007929456e+01 +5.007929456e+01 +8.2401e-01 -9.8294e-01 -3.1598e+00
10997 +1.900300778e-02 +1.900300778e-02 +5.005900301e+01 +5.005900301e+01 +8.2401e-01 -9.8300e-01 -3.1598e+00
11056 +8.945291577e-03 +8.945291577e-03 +5.004894529e+01 +5.004894529e+01 +8.2391e-01 -9.8300e-01 -3.1599e+00
11252 +5.475264462e-03 +5.475264462e-03 +5.004547526e+01 +5.004547526e+01 +8.2391e-01 -9.8300e-01 -3.1599e+00
11375 +3.628897578e-03 +3.628897578e-03 +5.004362890e+01 +5.004362890e+01 +8.2389e-01 -9.8301e-01 -3.1599e+00
11550 +2.129609574e-03 +2.129609574e-03 +5.004212961e+01 +5.004212961e+01 +8.2392e-01 -9.8303e-01 -3.1599e+00
11568 +1.466712706e-03 +1.466712706e-03 +5.004146671e+01 +5.004146671e+01 +8.2392e-01 -9.8302e-01 -3.1599e+00
11702 +9.577400194e-04 +9.577400194e-04 +5.004095774e+01 +5.004095774e+01 +8.2391e-01 -9.8302e-01 -3.1599e+00
11723 +4.929497313e-04 +4.929497313e-04 +5.004049295e+01 +5.004049295e+01 +8.2392e-01 -9.8302e-01 -3.1599e+00
11941 +3.178143342e-04 +3.178143342e-04 +5.004031781e+01 +5.004031781e+01 +8.2391e-01 -9.8302e-01 -3.1599e+00
11958 +1.417811953e-04 +1.417811953e-04 +5.004014178e+01 +5.004014178e+01 +8.2391e-01 -9.8302e-01 -3.1599e+00
12095 +9.920787680e-05 +9.920787680e-05 +5.004009921e+01 +5.004009921e+01 +8.2391e-01 -9.8302e-01 -3.1599e+00
12241 +5.668688252e-05 +5.668688252e-05 +5.004005669e+01 +5.004005669e+01 +8.2391e-01 -9.8302e-01 -3.1599e+00
12377 +1.310532512e-05 +1.310532512e-05 +5.004001311e+01 +5.004001311e+01 +8.2391e-01 -9.8302e-01 -3.1599e+00
12574 +6.363188405e-06 +6.363188405e-06 +5.004000636e+01 +5.004000636e+01 +8.2391e-01 -9.8302e-01 -3.1599e+00
12653 +5.051718581e-06 +5.051718581e-06 +5.004000505e+01 +5.004000505e+01 +8.2391e-01 -9.8302e-01 -3.1599e+00
12656 +3.659612943e-06 +3.659612943e-06 +5.004000366e+01 +5.004000366e+01 +8.2391e-01 -9.8302e-01 -3.1599e+00
12802 +2.296792118e-06 +2.296792118e-06 +5.004000230e+01 +5.004000230e+01 +8.2391e-01 -9.8302e-01 -3.1599e+00
12923 +7.384733891e-07 +7.384733891e-07 +5.004000074e+01 +5.004000074e+01 +8.2391e-01 -9.8302e-01 -3.1599e+00
13094 +5.997810959e-07 +5.997810959e-07 +5.004000060e+01 +5.004000060e+01 +8.2391e-01 -9.8302e-01 -3.1599e+00
13158 +3.191018934e-07 +3.191018934e-07 +5.004000032e+01 +5.004000032e+01 +8.2391e-01 -9.8302e-01 -3.1599e+00
13218 +1.623552208e-07 +1.623552208e-07 +5.004000016e+01 +5.004000016e+01 +8.2391e-01 -9.8302e-01 -3.1599e+00
13242 +1.456929368e-07 +1.456929368e-07 +5.004000015e+01 +5.004000015e+01 +8.2391e-01 -9.8302e-01 -3.1599e+00
13267 +9.893279440e-08 +9.893279440e-08 +5.004000010e+01 +5.004000010e+01 +8.2391e-01 -9.8302e-01 -3.1599e+00
13337 +4.440657619e-08 +4.440657619e-08 +5.004000004e+01 +5.004000004e+01 +8.2391e-01 -9.8302e-01 -3.1599e+00
13501 +3.898220058e-08 +3.898220058e-08 +5.004000004e+01 +5.004000004e+01 +8.2391e-01 -9.8302e-01 -3.1599e+00
13578 +1.781045711e-08 +1.781045711e-08 +5.004000002e+01 +5.004000002e+01 +8.2391e-01 -9.8302e-01 -3.1599e+00
13652 +7.821753911e-09 +7.821753911e-09 +5.004000001e+01 +5.004000001e+01 +8.2391e-01 -9.8302e-01 -3.1599e+00
% function evaluation | noise-free fitness - Fopt (-3.341700000000e+02) | best noise-free fitness - Fopt | measured fitness | best measured fitness | x1 | x2...
1 +5.662040514e+00 +5.662040514e+00 -3.285079595e+02 -3.285079595e+02 +3.1525e+00 -2.5965e+00 -2.3160e-01
30 +3.325709072e+00 +3.325709072e+00 -3.308442909e+02 -3.308442909e+02 -7.8448e-01 -5.2030e+00 -1.3048e+00
585 +2.280905816e+00 +2.280905816e+00 -3.318890942e+02 -3.318890942e+02 +2.1066e+00 -4.1764e+00 +4.5797e+00
4530 +1.438175953e+00 +1.438175953e+00 -3.327318240e+02 -3.327318240e+02 +1.7825e+00 -2.2036e+00 +2.6655e+00
7772 +9.342997222e-01 +9.342997222e-01 -3.332357003e+02 -3.332357003e+02 -6.9868e-01 -2.0404e+00 +4.5248e+00
35242 +6.282604724e-01 +6.282604724e-01 -3.335417395e+02 -3.335417395e+02 -5.0417e-01 -4.6119e+00 +5.4547e-01
36167 +3.075906485e-01 +3.075906485e-01 -3.338624094e+02 -3.338624094e+02 -5.0946e-01 -4.6031e+00 +5.4308e-01
36190 +1.916910431e-01 +1.916910431e-01 -3.339783090e+02 -3.339783090e+02 -5.1308e-01 -4.5965e+00 +5.4116e-01
36232 +1.476021138e-01 +1.476021138e-01 -3.340223979e+02 -3.340223979e+02 -5.1159e-01 -4.5993e+00 +5.4198e-01
36271 +8.710624108e-02 +8.710624108e-02 -3.340828938e+02 -3.340828938e+02 -5.1176e-01 -4.5987e+00 +5.4183e-01
36455 +5.954814866e-02 +5.954814866e-02 -3.341104519e+02 -3.341104519e+02 -5.1209e-01 -4.5983e+00 +5.4173e-01
36828 +3.704973244e-02 +3.704973244e-02 -3.341329503e+02 -3.341329503e+02 -5.1233e-01 -4.5980e+00 +5.4173e-01
36951 +2.090075468e-02 +2.090075468e-02 -3.341490992e+02 -3.341490992e+02 -5.1223e-01 -4.5981e+00 +5.4173e-01
37179 +1.471022057e-02 +1.471022057e-02 -3.341552898e+02 -3.341552898e+02 -5.1224e-01 -4.5982e+00 +5.4176e-01
37275 +7.912170758e-03 +7.912170758e-03 -3.341620878e+02 -3.341620878e+02 -5.1227e-01 -4.5982e+00 +5.4183e-01
37278 +5.438703171e-03 +5.438703171e-03 -3.341645613e+02 -3.341645613e+02 -5.1231e-01 -4.5982e+00 +5.4185e-01
37473 +3.100340372e-03 +3.100340372e-03 -3.341668997e+02 -3.341668997e+02 -5.1231e-01 -4.5983e+00 +5.4187e-01
37618 +2.482219786e-03 +2.482219786e-03 -3.341675178e+02 -3.341675178e+02 -5.1231e-01 -4.5982e+00 +5.4186e-01
37787 +1.018319039e-03 +1.018319039e-03 -3.341689817e+02 -3.341689817e+02 -5.1230e-01 -4.5983e+00 +5.4186e-01
37972 +4.170608866e-04 +4.170608866e-04 -3.341695829e+02 -3.341695829e+02 -5.1230e-01 -4.5983e+00 +5.4187e-01
38087 +2.917605360e-04 +2.917605360e-04 -3.341697082e+02 -3.341697082e+02 -5.1230e-01 -4.5983e+00 +5.4187e-01
38301 +1.114848990e-04 +1.114848990e-04 -3.341698885e+02 -3.341698885e+02 -5.1230e-01 -4.5983e+00 +5.4186e-01
38547 +9.702735053e-05 +9.702735053e-05 -3.341699030e+02 -3.341699030e+02 -5.1230e-01 -4.5983e+00 +5.4186e-01
38664 +3.776373137e-05 +3.776373137e-05 -3.341699622e+02 -3.341699622e+02 -5.1230e-01 -4.5983e+00 +5.4186e-01
38991 +1.131124901e-05 +1.131124901e-05 -3.341699887e+02 -3.341699887e+02 -5.1230e-01 -4.5983e+00 +5.4186e-01
39395 +4.379730626e-06 +4.379730626e-06 -3.341699956e+02 -3.341699956e+02 -5.1230e-01 -4.5983e+00 +5.4186e-01
39695 +3.336140935e-06 +3.336140935e-06 -3.341699967e+02 -3.341699967e+02 -5.1230e-01 -4.5983e+00 +5.4186e-01
39841 +1.317518240e-06 +1.317518240e-06 -3.341699987e+02 -3.341699987e+02 -5.1230e-01 -4.5983e+00 +5.4186e-01
40153 +8.319461244e-07 +8.319461244e-07 -3.341699992e+02 -3.341699992e+02 -5.1230e-01 -4.5983e+00 +5.4186e-01
40464 +6.145724001e-07 +6.145724001e-07 -3.341699994e+02 -3.341699994e+02 -5.1230e-01 -4.5983e+00 +5.4186e-01
40531 +2.232980592e-07 +2.232980592e-07 -3.341699998e+02 -3.341699998e+02 -5.1230e-01 -4.5983e+00 +5.4186e-01
40736 +1.425501637e-07 +1.425501637e-07 -3.341699999e+02 -3.341699999e+02 -5.1230e-01 -4.5983e+00 +5.4186e-01
40818 +9.448746141e-08 +9.448746141e-08 -3.341699999e+02 -3.341699999e+02 -5.1230e-01 -4.5983e+00 +5.4186e-01
40940 +3.471348009e-08 +3.471348009e-08 -3.341700000e+02 -3.341700000e+02 -5.1230e-01 -4.5983e+00 +5.4186e-01
41142 +2.340044603e-08 +2.340044603e-08 -3.341700000e+02 -3.341700000e+02 -5.1230e-01 -4.5983e+00 +5.4186e-01
41217 +1.322206344e-08 +1.322206344e-08 -3.341700000e+02 -3.341700000e+02 -5.1230e-01 -4.5983e+00 +5.4186e-01
41551 +9.657128430e-09 +9.657128430e-09 -3.341700000e+02 -3.341700000e+02 -5.1230e-01 -4.5983e+00 +5.4186e-01
41553 +6.089635463e-09 +6.089635463e-09 -3.341700000e+02 -3.341700000e+02 -5.1230e-01 -4.5983e+00 +5.4186e-01
% function evaluation | noise-free fitness - Fopt (-1.216400000000e+02) | best noise-free fitness - Fopt | measured fitness | best measured fitness | x1 | x2...
1 +3.971890167e+01 +3.971890167e+01 -8.192109833e+01 -8.192109833e+01 -2.3864e+00 -4.1455e+00 +7.4253e-01
2 +9.599110031e+00 +9.599110031e+00 -1.120408900e+02 -1.120408900e+02 -2.1983e+00 +1.3878e+00 +3.5672e+00
8 +4.616152166e+00 +4.616152166e+00 -1.170238478e+02 -1.170238478e+02 -1.4637e+00 +4.8184e+00 +1.9809e+00
121 +2.792690997e+00 +2.792690997e+00 -1.188473090e+02 -1.188473090e+02 -2.1853e+00 +4.8216e+00 -1.4253e+00
424 +2.013967582e+00 +2.013967582e+00 -1.196260324e+02 -1.196260324e+02 -2.9881e+00 +1.3097e+00 -2.0443e-01
1267 +1.272889391e+00 +1.272889391e+00 -1.203671106e+02 -1.203671106e+02 -2.4563e+00 +3.5365e+00 -9.3104e-01
2636 +9.629826577e-01 +9.629826577e-01 -1.206770173e+02 -1.206770173e+02 -2.1978e+00 +4.8216e+00 -1.4253e+00
9109 +5.536469716e-01 +5.536469716e-01 -1.210863530e+02 -1.210863530e+02 -3.4075e+00 +2.8040e+00 -2.5502e+00
10447 +3.441853786e-01 +3.441853786e-01 -1.212958146e+02 -1.212958146e+02 -3.4049e+00 +2.8026e+00 -2.5509e+00
10458 +2.392292578e-01 +2.392292578e-01 -1.214007707e+02 -1.214007707e+02 -3.4036e+00 +2.8018e+00 -2.5513e+00
10538 +1.563590973e-01 +1.563590973e-01 -1.214836409e+02 -1.214836409e+02 -3.4029e+00 +2.7995e+00 -2.5514e+00
10584 +8.528239994e-02 +8.528239994e-02 -1.215547176e+02 -1.215547176e+02 -3.4018e+00 +2.8000e+00 -2.5517e+00
10631 +3.023929303e-02 +3.023929303e-02 -1.216097607e+02 -1.216097607e+02 -3.4017e+00 +2.8004e+00 -2.5518e+00
10891 +2.287281674e-02 +2.287281674e-02 -1.216171272e+02 -1.216171272e+02 -3.4014e+00 +2.8005e+00 -2.5518e+00
11057 +1.319441623e-02 +1.319441623e-02 -1.216268056e+02 -1.216268056e+02 -3.4016e+00 +2.8005e+00 -2.5518e+00
11177 +9.350277630e-03 +9.350277630e-03 -1.216306497e+02 -1.216306497e+02 -3.4016e+00 +2.8005e+00 -2.5518e+00
11299 +6.086877074e-03 +6.086877074e-03 -1.216339131e+02 -1.216339131e+02 -3.4015e+00 +2.8005e+00 -2.5518e+00
11384 +3.317919614e-03 +3.317919614e-03 -1.216366821e+02 -1.216366821e+02 -3.4015e+00 +2.8005e+00 -2.5518e+00
11437 +2.103422556e-03 +2.103422556e-03 -1.216378966e+02 -1.216378966e+02 -3.4015e+00 +2.8005e+00 -2.5518e+00
11552 +1.481627782e-03 +1.481627782e-03 -1.216385184e+02 -1.216385184e+02 -3.4015e+00 +2.8005e+00 -2.5518e+00
11709 +5.863896425e-04 +5.863896425e-04 -1.216394136e+02 -1.216394136e+02 -3.4015e+00 +2.8005e+00 -2.5518e+00
11823 +3.925794275e-04 +3.925794275e-04 -1.216396074e+02 -1.216396074e+02 -3.4015e+00 +2.8005e+00 -2.5518e+00
11896 +2.045018650e-04 +2.045018650e-04 -1.216397955e+02 -1.216397955e+02 -3.4015e+00 +2.8005e+00 -2.5518e+00
11922 +1.280934871e-04 +1.280934871e-04 -1.216398719e+02 -1.216398719e+02 -3.4015e+00 +2.8005e+00 -2.5518e+00
12043 +7.476926935e-05 +7.476926935e-05 -1.216399252e+02 -1.216399252e+02 -3.4015e+00 +2.8005e+00 -2.5518e+00
12046 +5.989416825e-05 +5.989416825e-05 -1.216399401e+02 -1.216399401e+02 -3.4015e+00 +2.8005e+00 -2.5518e+00
12317 +3.783648961e-05 +3.783648961e-05 -1.216399622e+02 -1.216399622e+02 -3.4015e+00 +2.8005e+00 -2.5518e+00
12542 +2.158738921e-05 +2.158738921e-05 -1.216399784e+02 -1.216399784e+02 -3.4015e+00 +2.8005e+00 -2.5518e+00
12618 +4.337107967e-06 +4.337107967e-06 -1.216399957e+02 -1.216399957e+02 -3.4015e+00 +2.8005e+00 -2.5518e+00
12661 +3.815736534e-06 +3.815736534e-06 -1.216399962e+02 -1.216399962e+02 -3.4015e+00 +2.8005e+00 -2.5518e+00
13034 +2.266576985e-06 +2.266576985e-06 -1.216399977e+02 -1.216399977e+02 -3.4015e+00 +2.8005e+00 -2.5518e+00
13056 +1.286817380e-06 +1.286817380e-06 -1.216399987e+02 -1.216399987e+02 -3.4015e+00 +2.8005e+00 -2.5518e+00
13141 +7.531921682e-07 +7.531921682e-07 -1.216399992e+02 -1.216399992e+02 -3.4015e+00 +2.8005e+00 -2.5518e+00
13321 +6.297939308e-07 +6.297939308e-07 -1.216399994e+02 -1.216399994e+02 -3.4015e+00 +2.8005e+00 -2.5518e+00
13323 +3.614273254e-07 +3.614273254e-07 -1.216399996e+02 -1.216399996e+02 -3.4015e+00 +2.8005e+00 -2.5518e+00
13508 +1.276532515e-07 +1.276532515e-07 -1.216399999e+02 -1.216399999e+02 -3.4015e+00 +2.8005e+00 -2.5518e+00
13696 +8.995688461e-08 +8.995688461e-08 -1.216399999e+02 -1.216399999e+02 -3.4015e+00 +2.8005e+00 -2.5518e+00
13892 +4.462678760e-08 +4.462678760e-08 -1.216400000e+02 -1.216400000e+02 -3.4015e+00 +2.8005e+00 -2.5518e+00
13930 +3.576059271e-08 +3.576059271e-08 -1.216400000e+02 -1.216400000e+02 -3.4015e+00 +2.8005e+00 -2.5518e+00
13996 +2.346732231e-08 +2.346732231e-08 -1.216400000e+02 -1.216400000e+02 -3.4015e+00 +2.8005e+00 -2.5518e+00
14299 +1.025436802e-08 +1.025436802e-08 -1.216400000e+02 -1.216400000e+02 -3.4015e+00 +2.8005e+00 -2.5518e+00
14386 +7.789310530e-09 +7.789310530e-09 -1.216400000e+02 -1.216400000e+02 -3.4015e+00 +2.8005e+00 -2.5518e+00
% function evaluation | noise-free fitness - Fopt (1.341000000000e+01) | best noise-free fitness - Fopt | measured fitness | best measured fitness | x1 | x2...
1 +1.211646589e+01 +1.211646589e+01 +2.552646589e+01 +2.552646589e+01 -2.2572e+00 +3.0990e+00 -3.5200e+00
17 +8.862031142e+00 +8.862031142e+00 +2.227203114e+01 +2.227203114e+01 -2.4026e-01 +3.8121e+00 +3.3864e+00
100 +6.028580525e+00 +6.028580525e+00 +1.943858052e+01 +1.943858052e+01 +4.2627e+00 +2.9068e+00 -5.7311e-01
143 +3.719184178e+00 +3.719184178e+00 +1.712918418e+01 +1.712918418e+01 -5.9863e+00 -3.1139e+00 +2.9253e+00
942 +2.045100466e+00 +2.045100466e+00 +1.545510047e+01 +1.545510047e+01 +2.0340e+00 +5.0130e+00 -4.1733e-01
2934 +1.431262610e+00 +1.431262610e+00 +1.484126261e+01 +1.484126261e+01 -3.2695e+00 -6.5077e-01 +2.2341e+00
4342 +8.306967897e-01 +8.306967897e-01 +1.424069679e+01 +1.424069679e+01 +1.5478e+00 -7.6253e-01 +5.0124e+00
28441 +6.243131280e-01 +6.243131280e-01 +1.403431313e+01 +1.403431313e+01 +1.5478e+00 -7.6253e-01 +5.0151e+00
65558 +3.972381869e-01 +3.972381869e-01 +1.380723819e+01 +1.380723819e+01 -3.2702e+00 +3.0041e+00 +2.2339e+00
66210 +2.448446223e-01 +2.448446223e-01 +1.365484462e+01 +1.365484462e+01 -3.2707e+00 +3.0046e+00 +2.2321e+00
66303 +1.437480248e-01 +1.437480248e-01 +1.355374802e+01 +1.355374802e+01 -3.2709e+00 +3.0056e+00 +2.2302e+00
66409 +9.306046844e-02 +9.306046844e-02 +1.350306047e+01 +1.350306047e+01 -3.2710e+00 +3.0062e+00 +2.2291e+00
66540 +5.416464264e-02 +5.416464264e-02 +1.346416464e+01 +1.346416464e+01 -3.2709e+00 +3.0063e+00 +2.2292e+00
66736 +3.875961739e-02 +3.875961739e-02 +1.344875962e+01 +1.344875962e+01 -3.2708e+00 +3.0063e+00 +2.2292e+00
66789 +2.104945329e-02 +2.104945329e-02 +1.343104945e+01 +1.343104945e+01 -3.2706e+00 +3.0065e+00 +2.2292e+00
66866 +1.582849226e-02 +1.582849226e-02 +1.342582849e+01 +1.342582849e+01 -3.2706e+00 +3.0066e+00 +2.2292e+00
67041 +8.651704832e-03 +8.651704832e-03 +1.341865170e+01 +1.341865170e+01 -3.2706e+00 +3.0066e+00 +2.2291e+00
67092 +5.281856728e-03 +5.281856728e-03 +1.341528186e+01 +1.341528186e+01 -3.2706e+00 +3.0066e+00 +2.2291e+00
67096 +1.870514087e-03 +1.870514087e-03 +1.341187051e+01 +1.341187051e+01 -3.2706e+00 +3.0066e+00 +2.2290e+00
67142 +7.520800636e-04 +7.520800636e-04 +1.341075208e+01 +1.341075208e+01 -3.2706e+00 +3.0066e+00 +2.2290e+00
67510 +5.343496973e-04 +5.343496973e-04 +1.341053435e+01 +1.341053435e+01 -3.2706e+00 +3.0066e+00 +2.2290e+00
67584 +2.177232574e-04 +2.177232574e-04 +1.341021772e+01 +1.341021772e+01 -3.2706e+00 +3.0066e+00 +2.2290e+00
67671 +1.067067875e-04 +1.067067875e-04 +1.341010671e+01 +1.341010671e+01 -3.2706e+00 +3.0066e+00 +2.2290e+00
67774 +9.586715577e-05 +9.586715577e-05 +1.341009587e+01 +1.341009587e+01 -3.2706e+00 +3.0066e+00 +2.2290e+00
67930 +2.396372222e-05 +2.396372222e-05 +1.341002396e+01 +1.341002396e+01 -3.2706e+00 +3.0066e+00 +2.2290e+00
68236 +8.406162721e-06 +8.406162721e-06 +1.341000841e+01 +1.341000841e+01 -3.2706e+00 +3.0066e+00 +2.2290e+00
68542 +3.775855966e-06 +3.775855966e-06 +1.341000378e+01 +1.341000378e+01 -3.2706e+00 +3.0066e+00 +2.2290e+00
68971 +2.409345276e-06 +2.409345276e-06 +1.341000241e+01 +1.341000241e+01 -3.2706e+00 +3.0066e+00 +2.2290e+00
69035 +1.490877146e-06 +1.490877146e-06 +1.341000149e+01 +1.341000149e+01 -3.2706e+00 +3.0066e+00 +2.2290e+00
69094 +9.602414934e-07 +9.602414934e-07 +1.341000096e+01 +1.341000096e+01 -3.2706e+00 +3.0066e+00 +2.2290e+00
69131 +6.188348429e-07 +6.188348429e-07 +1.341000062e+01 +1.341000062e+01 -3.2706e+00 +3.0066e+00 +2.2290e+00
69170 +3.365078065e-07 +3.365078065e-07 +1.341000034e+01 +1.341000034e+01 -3.2706e+00 +3.0066e+00 +2.2290e+00
69288 +1.596007930e-07 +1.596007930e-07 +1.341000016e+01 +1.341000016e+01 -3.2706e+00 +3.0066e+00 +2.2290e+00
69472 +1.518097204e-07 +1.518097204e-07 +1.341000015e+01 +1.341000015e+01 -3.2706e+00 +3.0066e+00 +2.2290e+00
69511 +6.742711989e-08 +6.742711989e-08 +1.341000007e+01 +1.341000007e+01 -3.2706e+00 +3.0066e+00 +2.2290e+00
69758 +3.378804614e-08 +3.378804614e-08 +1.341000003e+01 +1.341000003e+01 -3.2706e+00 +3.0066e+00 +2.2290e+00
69856 +2.235086960e-08 +2.235086960e-08 +1.341000002e+01 +1.341000002e+01 -3.2706e+00 +3.0066e+00 +2.2290e+00
69859 +1.431583208e-08 +1.431583208e-08 +1.341000001e+01 +1.341000001e+01 -3.2706e+00 +3.0066e+00 +2.2290e+00
70021 +9.809390633e-09 +9.809390633e-09 +1.341000001e+01 +1.341000001e+01 -3.2706e+00 +3.0066e+00 +2.2290e+00
% function evaluation | noise-free fitness - Fopt (-2.363000000000e+01) | best noise-free fitness - Fopt | measured fitness | best measured fitness | x1 | x2...
1 +1.889701279e+01 +1.889701279e+01 -4.732987207e+00 -4.732987207e+00 -2.0216e-01 +2.8989e+00 +4.5904e-01
12 +7.790493728e+00 +7.790493728e+00 -1.583950627e+01 -1.583950627e+01 +2.5138e+00 -5.7211e-01 -2.2596e+00
53 +5.164850254e+00 +5.164850254e+00 -1.846514975e+01 -1.846514975e+01 -1.2577e-01 +1.3320e-01 +1.6761e+00
116 +3.884222250e+00 +3.884222250e+00 -1.974577775e+01 -1.974577775e+01 -2.0216e-01 +7.9928e-01 +4.5904e-01
196 +2.440492104e+00 +2.440492104e+00 -2.118950790e+01 -2.118950790e+01 -5.9156e-01 +7.9928e-01 -5.5803e-01
483 +1.539111856e+00 +1.539111856e+00 -2.209088814e+01 -2.209088814e+01 -2.5708e-01 -1.3435e+00 +3.1562e-01
9078 +8.772634004e-01 +8.772634004e-01 -2.275273660e+01 -2.275273660e+01 +3.2115e-01 -1.1960e+00 -4.4836e-01
15033 +4.998510494e-01 +4.998510494e-01 -2.313014895e+01 -2.313014895e+01 +3.5626e+00 -4.9403e+00 +3.8197e+00
78293 +3.060336652e-01 +3.060336652e-01 -2.332396633e+01 -2.332396633e+01 -1.5412e+00 -3.1070e+00 -1.9349e+00
% function evaluation | noise-free fitness - Fopt (-6.075000000000e+01) | best noise-free fitness - Fopt | measured fitness | best measured fitness | x1 | x2...
1 +1.506046310e+01 +1.506046310e+01 -4.568953690e+01 -4.568953690e+01 +7.0917e-01 -7.3316e-01 -5.3857e-02
8 +7.913638714e+00 +7.913638714e+00 -5.283636129e+01 -5.283636129e+01 +7.3756e-02 +8.5962e-03 -9.2914e-01
33 +4.522386693e+00 +4.522386693e+00 -5.622761331e+01 -5.622761331e+01 +3.4016e+00 -4.6680e+00 +3.5065e+00
164 +3.633093451e+00 +3.633093451e+00 -5.711690655e+01 -5.711690655e+01 +4.5457e+00 -5.2873e+00 +5.5837e+00
341 +2.479421152e+00 +2.479421152e+00 -5.827057885e+01 -5.827057885e+01 +3.5403e-02 -6.5678e-01 +7.8820e-01
1914 +5.649919147e-01 +5.649919147e-01 -6.018500809e+01 -6.018500809e+01 -1.6527e+00 -1.6220e-01 -2.8123e-01
10868 +3.675563103e-01 +3.675563103e-01 -6.038244369e+01 -6.038244369e+01 -1.6525e+00 -1.6235e-01 -2.8038e-01
22364 +2.182006933e-01 +2.182006933e-01 -6.053179931e+01 -6.053179931e+01 +9.2773e-01 -4.0286e+00 +4.3021e+00
22381 +1.143460002e-01 +1.143460002e-01 -6.063565400e+01 -6.063565400e+01 +9.2795e-01 -4.0286e+00 +4.3031e+00
22413 +6.004392093e-02 +6.004392093e-02 -6.068995608e+01 -6.068995608e+01 +9.2836e-01 -4.0293e+00 +4.3020e+00
22882 +3.775403268e-02 +3.775403268e-02 -6.071224597e+01 -6.071224597e+01 +9.2840e-01 -4.0293e+00 +4.3017e+00
22951 +1.653920131e-02 +1.653920131e-02 -6.073346080e+01 -6.073346080e+01 +9.2840e-01 -4.0293e+00 +4.3017e+00
23132 +1.536210850e-02 +1.536210850e-02 -6.073463789e+01 -6.073463789e+01 +9.2841e-01 -4.0293e+00 +4.3017e+00
23297 +7.068501305e-03 +7.068501305e-03 -6.074293150e+01 -6.074293150e+01 +9.2834e-01 -4.0292e+00 +4.3019e+00
23416 +4.325072709e-03 +4.325072709e-03 -6.074567493e+01 -6.074567493e+01 +9.2832e-01 -4.0292e+00 +4.3020e+00
23479 +1.548743118e-03 +1.548743118e-03 -6.074845126e+01 -6.074845126e+01 +9.2830e-01 -4.0292e+00 +4.3020e+00
23769 +3.468953907e-04 +3.468953907e-04 -6.074965310e+01 -6.074965310e+01 +9.2831e-01 -4.0292e+00 +4.3020e+00
23981 +2.259450968e-04 +2.259450968e-04 -6.074977405e+01 -6.074977405e+01 +9.2831e-01 -4.0292e+00 +4.3020e+00
24001 +1.360910687e-04 +1.360910687e-04 -6.074986391e+01 -6.074986391e+01 +9.2831e-01 -4.0292e+00 +4.3020e+00
24140 +8.612910581e-05 +8.612910581e-05 -6.074991387e+01 -6.074991387e+01 +9.2831e-01 -4.0292e+00 +4.3020e+00
24271 +4.415736367e-05 +4.415736367e-05 -6.074995584e+01 -6.074995584e+01 +9.2831e-01 -4.0292e+00 +4.3020e+00
24549 +2.990086737e-05 +2.990086737e-05 -6.074997010e+01 -6.074997010e+01 +9.2831e-01 -4.0292e+00 +4.3020e+00
24630 +2.165898714e-05 +2.165898714e-05 -6.074997834e+01 -6.074997834e+01 +9.2831e-01 -4.0292e+00 +4.3020e+00
24887 +1.406057546e-05 +1.406057546e-05 -6.074998594e+01 -6.074998594e+01 +9.2831e-01 -4.0292e+00 +4.3020e+00
24933 +9.627597173e-06 +9.627597173e-06 -6.074999037e+01 -6.074999037e+01 +9.2831e-01 -4.0292e+00 +4.3020e+00
25217 +3.028157657e-06 +3.028157657e-06 -6.074999697e+01 -6.074999697e+01 +9.2831e-01 -4.0292e+00 +4.3020e+00
25269 +1.885689983e-06 +1.885689983e-06 -6.074999811e+01 -6.074999811e+01 +9.2831e-01 -4.0292e+00 +4.3020e+00
25430 +1.153550848e-06 +1.153550848e-06 -6.074999885e+01 -6.074999885e+01 +9.2831e-01 -4.0292e+00 +4.3020e+00
25666 +9.476583642e-07 +9.476583642e-07 -6.074999905e+01 -6.074999905e+01 +9.2831e-01 -4.0292e+00 +4.3020e+00
25692 +5.540369301e-07 +5.540369301e-07 -6.074999945e+01 -6.074999945e+01 +9.2831e-01 -4.0292e+00 +4.3020e+00
25714 +2.598942643e-07 +2.598942643e-07 -6.074999974e+01 -6.074999974e+01 +9.2831e-01 -4.0292e+00 +4.3020e+00
25843 +2.101610690e-07 +2.101610690e-07 -6.074999979e+01 -6.074999979e+01 +9.2831e-01 -4.0292e+00 +4.3020e+00
26116 +1.552386450e-07 +1.552386450e-07 -6.074999984e+01 -6.074999984e+01 +9.2831e-01 -4.0292e+00 +4.3020e+00
26119 +7.835376437e-08 +7.835376437e-08 -6.074999992e+01 -6.074999992e+01 +9.2831e-01 -4.0292e+00 +4.3020e+00
26236 +4.381059426e-08 +4.381059426e-08 -6.074999996e+01 -6.074999996e+01 +9.2831e-01 -4.0292e+00 +4.3020e+00
26492 +3.338678312e-08 +3.338678312e-08 -6.074999997e+01 -6.074999997e+01 +9.2831e-01 -4.0292e+00 +4.3020e+00
26598 +2.026757784e-08 +2.026757784e-08 -6.074999998e+01 -6.074999998e+01 +9.2831e-01 -4.0292e+00 +4.3020e+00
26689 +1.049756548e-08 +1.049756548e-08 -6.074999999e+01 -6.074999999e+01 +9.2831e-01 -4.0292e+00 +4.3020e+00
26878 +7.602395158e-09 +7.602395158e-09 -6.074999999e+01 -6.074999999e+01 +9.2831e-01 -4.0292e+00 +4.3020e+00
% function evaluation | noise-free fitness - Fopt (-1.000000000000e+03) | best noise-free fitness - Fopt | measured fitness | best measured fitness | x1 | x2...
1 +1.668814181e+01 +1.668814181e+01 -9.833118582e+02 -9.833118582e+02 +1.4104e+00 -7.5289e-01 -4.8996e+00
34 +8.628709740e+00 +8.628709740e+00 -9.913712903e+02 -9.913712903e+02 +3.0968e-01 +1.7547e+00 +3.7737e+00
39 +2.771779317e+00 +2.771779317e+00 -9.972282207e+02 -9.972282207e+02 -4.9265e-01 -2.9751e+00 -4.3929e+00
361 +2.273812001e+00 +2.273812001e+00 -9.977261880e+02 -9.977261880e+02 -2.0790e+00 -2.9751e+00 -1.5470e+00
2154 +1.300512698e+00 +1.300512698e+00 -9.986994873e+02 -9.986994873e+02 -7.9188e-02 +2.6039e-01 -2.2705e+00
5165 +7.071044888e-01 +7.071044888e-01 -9.992928955e+02 -9.992928955e+02 -1.3463e+00 -1.7897e+00 -1.8120e+00
17845 +4.979887278e-01 +4.979887278e-01 -9.995020113e+02 -9.995020113e+02 +3.6550e-01 -9.0710e-01 -3.1076e+00
43386 +3.668034594e-01 +3.668034594e-01 -9.996331965e+02 -9.996331965e+02 +3.6822e-01 -9.0601e-01 -3.1075e+00
43457 +2.302478367e-01 +2.302478367e-01 -9.997697522e+02 -9.997697522e+02 +3.7197e-01 -9.0445e-01 -3.1075e+00
43485 +1.011933068e-01 +1.011933068e-01 -9.998988067e+02 -9.998988067e+02 +3.7460e-01 -9.0335e-01 -3.1075e+00
43742 +9.028276200e-02 +9.028276200e-02 -9.999097172e+02 -9.999097172e+02 +3.7419e-01 -9.0358e-01 -3.1074e+00
43944 +4.879381907e-02 +4.879381907e-02 -9.999512062e+02 -9.999512062e+02 +3.7172e-01 -9.0495e-01 -3.1070e+00
44288 +3.968290713e-02 +3.968290713e-02 -9.999603171e+02 -9.999603171e+02 +3.7100e-01 -9.0550e-01 -3.1069e+00
44357 +1.363369929e-02 +1.363369929e-02 -9.999863663e+02 -9.999863663e+02 +3.7166e-01 -9.0510e-01 -3.1070e+00
44675 +8.081331322e-03 +8.081331322e-03 -9.999919187e+02 -9.999919187e+02 +3.7154e-01 -9.0515e-01 -3.1070e+00
44810 +6.185835255e-03 +6.185835255e-03 -9.999938142e+02 -9.999938142e+02 +3.7160e-01 -9.0513e-01 -3.1070e+00
44901 +3.930513932e-03 +3.930513932e-03 -9.999960695e+02 -9.999960695e+02 +3.7150e-01 -9.0519e-01 -3.1070e+00
45016 +2.395146493e-03 +2.395146493e-03 -9.999976049e+02 -9.999976049e+02 +3.7149e-01 -9.0520e-01 -3.1070e+00
45275 +1.422765301e-03 +1.422765301e-03 -9.999985772e+02 -9.999985772e+02 +3.7152e-01 -9.0518e-01 -3.1070e+00
45332 +8.050058257e-04 +8.050058257e-04 -9.999991950e+02 -9.999991950e+02 +3.7151e-01 -9.0518e-01 -3.1070e+00
45376 +4.137037508e-04 +4.137037508e-04 -9.999995863e+02 -9.999995863e+02 +3.7151e-01 -9.0518e-01 -3.1070e+00
45709 +2.318334467e-04 +2.318334467e-04 -9.999997682e+02 -9.999997682e+02 +3.7151e-01 -9.0518e-01 -3.1070e+00
45843 +1.020823036e-04 +1.020823036e-04 -9.999998979e+02 -9.999998979e+02 +3.7151e-01 -9.0518e-01 -3.1070e+00
45857 +8.306571488e-05 +8.306571488e-05 -9.999999169e+02 -9.999999169e+02 +3.7151e-01 -9.0518e-01 -3.1070e+00
46232 +6.023694607e-05 +6.023694607e-05 -9.999999398e+02 -9.999999398e+02 +3.7151e-01 -9.0518e-01 -3.1070e+00
46441 +3.894897509e-05 +3.894897509e-05 -9.999999611e+02 -9.999999611e+02 +3.7151e-01 -9.0518e-01 -3.1070e+00
46480 +2.207795467e-05 +2.207795467e-05 -9.999999779e+02 -9.999999779e+02 +3.7151e-01 -9.0518e-01 -3.1070e+00
46488 +1.443239205e-05 +1.443239205e-05 -9.999999856e+02 -9.999999856e+02 +3.7151e-01 -9.0518e-01 -3.1070e+00
46757 +8.327326555e-06 +8.327326555e-06 -9.999999917e+02 -9.999999917e+02 +3.7151e-01 -9.0518e-01 -3.1070e+00
47079 +3.273953325e-06 +3.273953325e-06 -9.999999967e+02 -9.999999967e+02 +3.7151e-01 -9.0518e-01 -3.1070e+00
47105 +1.635091735e-06 +1.635091735e-06 -9.999999984e+02 -9.999999984e+02 +3.7151e-01 -9.0518e-01 -3.1070e+00
47146 +1.493093691e-06 +1.493093691e-06 -9.999999985e+02 -9.999999985e+02 +3.7151e-01 -9.0518e-01 -3.1070e+00
47358 +8.171356285e-07 +8.171356285e-07 -9.999999992e+02 -9.999999992e+02 +3.7151e-01 -9.0518e-01 -3.1070e+00
47461 +4.678344112e-07 +4.678344112e-07 -9.999999995e+02 -9.999999995e+02 +3.7151e-01 -9.0518e-01 -3.1070e+00
47678 +3.960635695e-07 +3.960635695e-07 -9.999999996e+02 -9.999999996e+02 +3.7151e-01 -9.0518e-01 -3.1070e+00
47829 +2.380065780e-07 +2.380065780e-07 -9.999999998e+02 -9.999999998e+02 +3.7151e-01 -9.0518e-01 -3.1070e+00
47921 +1.291051603e-07 +1.291051603e-07 -9.999999999e+02 -9.999999999e+02 +3.7151e-01 -9.0518e-01 -3.1070e+00
47926 +9.525854239e-08 +9.525854239e-08 -9.999999999e+02 -9.999999999e+02 +3.7151e-01 -9.0518e-01 -3.1070e+00
48022 +2.655883691e-08 +2.655883691e-08 -1.000000000e+03 -1.000000000e+03 +3.7151e-01 -9.0518e-01 -3.1070e+00
48091 +1.804585281e-08 +1.804585281e-08 -1.000000000e+03 -1.000000000e+03 +3.7151e-01 -9.0518e-01 -3.1070e+00
48274 +1.351395440e-08 +1.351395440e-08 -1.000000000e+03 -1.000000000e+03 +3.7151e-01 -9.0518e-01 -3.1070e+00
48322 +7.623043530e-09 +7.623043530e-09 -1.000000000e+03 -1.000000000e+03 +3.7151e-01 -9.0518e-01 -3.1070e+00
