% function evaluation | noise-free fitness - Fopt (-1.025500000000e+02) | best noise-free fitness - Fopt | measured fitness | best measured fitness | x1 | x2...
1 +1.299355464e+02 +1.299355464e+02 +2.738554639e+01 +2.738554639e+01 -8.2115e-01 +4.4803e+00 -1.7051e+00 +4.5861e+00 -2.1024e+00
2 +1.092560319e+01 +1.092560319e+01 -9.162439681e+01 -9.162439681e+01 -2.0269e+00 +2.7515e+00 +8.0358e-01 -1.4799e+00 +2.1205e-01
22 +9.648483597e+00 +9.648483597e+00 -9.290151640e+01 -9.290151640e+01 +2.4998e+00 +8.9053e-01 -1.1182e+00 +1.3484e+00 +8.1127e-01
114 +5.345078847e+00 +5.345078847e+00 -9.720492115e+01 -9.720492115e+01 -1.2855e+00 -1.6386e+00 -5.4563e-01 +2.5188e+00 +0.0000e+00
125 +3.591457022e+00 +3.591457022e+00 -9.895854298e+01 -9.895854298e+01 +1.0060e+00 -1.0609e+00 +9.0366e-01 +1.5836e+00 -5.2590e-01
241 +1.906711980e+00 +1.906711980e+00 -1.006432880e+02 -1.006432880e+02 -3.7070e-02 -8.1186e-01 +1.1550e-01 +1.5014e+00 +1.5835e+00
2818 +1.581250464e+00 +1.581250464e+00 -1.009687495e+02 -1.009687495e+02 -1.4476e+00 -8.9391e-01 -9.6980e-01 +1.3766e+00 -7.2336e-01
4399 +9.168531429e-01 +9.168531429e-01 -1.016331469e+02 -1.016331469e+02 -1.4686e+00 -1.7661e+00 -1.3495e+00 +1.7218e+00 +1.2771e+00
20348 +5.674993969e-01 +5.674993969e-01 -1.019825006e+02 -1.019825006e+02 -1.2278e+00 -2.7226e+00 -7.7646e-01 +1.4022e+00 +2.9645e-01
% function evaluation | noise-free fitness - Fopt (7.169000000000e+01) | best noise-free fitness - Fopt | measured fitness | best measured fitness | x1 | x2...
1 +5.790452352e+01 +5.790452352e+01 +1.295945235e+02 +1.295945235e+02 -1.2558e+00 +2.1893e+00 -4.0296e+00 +2.0428e+00 +2.0790e+00
2 +3.286079131e+01 +3.286079131e+01 +1.045507913e+02 +1.045507913e+02 +2.4620e+00 -4.1522e+00 -3.0169e-01 +3.5675e+00 -3.3177e-01
3 +2.398451344e+01 +2.398451344e+01 +9.567451344e+01 +9.567451344e+01 +1.1836e+00 +7.3161e-01 +3.9498e+00 +3.3402e+00 -2.8350e+00
23 +1.406286816e+01 +1.406286816e+01 +8.575286816e+01 +8.575286816e+01 -2.3017e+00 +5.5054e-01 +1.5546e+00 -1.0353e-01 -3.5358e-01
45 +8.841456043e+00 +8.841456043e+00 +8.053145604e+01 +8.053145604e+01 -2.7259e+00 +1.7994e-01 -1.2871e-02 -4.3170e+00 +1.9385e+00
92 +5.403476170e+00 +5.403476170e+00 +7.709347617e+01 +7.709347617e+01 +9.1168e-01 -2.6934e+00 +2.5101e+00 -1.7701e+00 +1.0706e+00
246 +2.763781904e+00 +2.763781904e+00 +7.445378190e+01 +7.445378190e+01 +1.3323e+00 +0.0000e+00 +2.4013e+00 -2.2952e+00 +1.6034e+00
248 +2.478298414e+00 +2.478298414e+00 +7.416829841e+01 +7.416829841e+01 +2.0478e+00 -4.5618e-01 +7.7785e-01 +0.0000e+00 +1.2731e+00
4686 +8.591219952e-01 +8.591219952e-01 +7.254912200e+01 +7.254912200e+01 +3.8766e-01 +2.2922e-01 -5.3092e-01 +4.2040e-01 +1.0508e-01
% function evaluation | noise-free fitness - Fopt (2.140100000000e+02) | best noise-free fitness - Fopt | measured fitness | best measured fitness | x1 | x2...
1 +7.081720551e+01 +7.081720551e+01 +2.848272055e+02 +2.848272055e+02 -1.3526e-01 -4.7281e+00 -1.9080e+00 -4.6869e+00 +3.5895e+00
2 +4.203071409e+01 +4.203071409e+01 +2.560407141e+02 +2.560407141e+02 -7.8479e-02 +3.5929e-01 -3.8351e+00 +4.1102e-02 +4.5244e+00
6 +1.580762374e+01 +1.580762374e+01 +2.298176237e+02 +2.298176237e+02 -6.8031e-01 -3.9036e+00 +7.1804e-01 -3.0895e-01 +1.5583e-03
54 +5.479754171e+00 +5.479754171e+00 +2.194897542e+02 +2.194897542e+02 -4.4412e+00 +1.7864e+00 +4.0150e+00 +2.6534e-01 +2.1275e-01
95 +3.200869102e+00 +3.200869102e+00 +2.172108691e+02 +2.172108691e+02 -5.2597e-01 -4.3951e-01 +7.5168e-01 +1.1787e+00 +4.8603e-01
313 +1.998133325e+00 +1.998133325e+00 +2.160081333e+02 +2.160081333e+02 -3.6892e+00 +1.4499e+00 +1.4548e+00 +1.0969e+00 +3.8810e-01
7488 +9.101088755e-01 +9.101088755e-01 +2.149201089e+02 +2.149201089e+02 -2.0729e+00 -6.9511e-01 -4.3831e-01 +7.5643e-01 -5.7666e-01
% function evaluation | noise-free fitness - Fopt (-5.848000000000e+01) | best noise-free fitness - Fopt | measured fitness | best measured fitness | x1 | x2...
1 +1.149340538e+01 +1.149340538e+01 -4.698659462e+01 -4.698659462e+01 +4.0459e+00 -2.8788e+00 -2.8284e+00 +4.2441e+00 -1.2051e+00
6 +9.256874131e-01 +9.256874131e-01 -5.755431259e+01 -5.755431259e+01 +1.5638e-01 +1.3219e+00 +2.6739e-01 +7.5737e-01 +1.5502e+00
% function evaluation | noise-free fitness - Fopt (-6.130800000000e+02) | best noise-free fitness - Fopt | measured fitness | best measured fitness | x1 | x2...
1 +2.403289527e+01 +2.403289527e+01 -5.890471047e+02 -5.890471047e+02 +3.1033e+00 -8.6235e-01 +2.5389e-01 -3.4486e+00 -1.6816e+00
2 +1.571354971e+01 +1.571354971e+01 -5.973664503e+02 -5.973664503e+02 -7.8911e-01 +4.3371e+00 -1.8828e+00 +1.2462e+00 +5.4046e-01
62 +9.173275820e+00 +9.173275820e+00 -6.039067242e+02 -6.039067242e+02 -4.7272e-01 +5.0000e+00 -2.2983e+00 -1.6759e+00 -2.2771e+00
73 +4.013483382e+00 +4.013483382e+00 -6.090665166e+02 -6.090665166e+02 +1.1228e+00 -1.8326e-01 +2.2896e+00 +1.8954e+00 +2.4101e+00
199 +1.461823915e+00 +1.461823915e+00 -6.116181761e+02 -6.116181761e+02 +0.0000e+00 +6.1035e-01 +4.8773e-01 +2.9858e-01 +1.2132e+00
33799 +8.155954541e-01 +8.155954541e-01 -6.122644045e+02 -6.122644045e+02 +1.2275e+00 +1.5183e-01 +5.1026e-01 -7.7799e-01 +6.5231e-01
45736 +6.165520162e-01 +6.165520162e-01 -6.124634480e+02 -6.124634480e+02 +2.7846e-01 +4.4436e-01 +3.7133e-01 -1.5597e+00 +1.4440e-01
% function evaluation | noise-free fitness - Fopt (-1.852700000000e+02) | best noise-free fitness - Fopt | measured fitness | best measured fitness | x1 | x2...
1 +1.788493033e+01 +1.788493033e+01 -1.673850697e+02 -1.673850697e+02 -7.1261e-01 -7.1074e-02 +4.4888e+00 +3.3209e+00 +1.3411e+00
2 +1.294974629e+01 +1.294974629e+01 -1.723202537e+02 -1.723202537e+02 -4.0682e+00 +1.2965e+00 +3.0378e+00 -3.1054e-01 +2.7578e-01
76 +8.026018979e+00 +8.026018979e+00 -1.772439810e+02 -1.772439810e+02 -1.3703e+00 -2.1385e+00 -4.4913e+00 -5.8958e-01 -1.2885e+00
92 +5.406970229e+00 +5.406970229e+00 -1.798630298e+02 -1.798630298e+02 -5.3602e-01 -5.1101e-01 -7.8283e-01 -1.6668e+00 -1.5177e+00
204 +2.693781911e+00 +2.693781911e+00 -1.825762181e+02 -1.825762181e+02 +8.7459e-01 +9.9068e-01 +1.1392e+00 -3.3010e-01 -1.2830e+00
238 +2.176787058e+00 +2.176787058e+00 -1.830932129e+02 -1.830932129e+02 -5.6943e-01 -1.9245e+00 +1.1074e-01 +3.5993e-01 +1.5742e+00
3381 +1.251984997e+00 +1.251984997e+00 -1.840180150e+02 -1.840180150e+02 -1.0384e+00 +3.9318e-01 -2.4237e+00 +4.4005e-01 -2.2873e-01
10812 +9.682815608e-01 +9.682815608e-01 -1.843017184e+02 -1.843017184e+02 -1.3755e+00 +5.3167e-01 +1.7623e+00 +1.4086e-01 -3.2754e-01
48389 +6.186562306e-01 +6.186562306e-01 -1.846513438e+02 -1.846513438e+02 -9.3348e-01 +3.9182e-01 -8.8514e-01 +1.5891e+00 -3.0154e-01
% function evaluation | noise-free fitness - Fopt (3.747000000000e+01) | best noise-free fitness - Fopt | measured fitness | best measured fitness | x1 | x2...
1 +4.676893147e+01 +4.676893147e+01 +8.423893147e+01 +8.423893147e+01 +2.8263e+00 -1.7133e+00 +2.1518e+00 +1.2981e+00 -3.8299e+00
2 +3.814410521e+01 +3.814410521e+01 +7.561410521e+01 +7.561410521e+01 +4.6923e-01 -3.1792e+00 -2.3389e-01 +9.3825e-01 -4.0043e+00
8 +1.874254317e+01 +1.874254317e+01 +5.621254317e+01 +5.621254317e+01 -1.6511e+00 +3.6694e+00 -1.1463e+00 +4.0460e+00 -2.2919e+00
21 +8.329726911e+00 +8.329726911e+00 +4.579972691e+01 +4.579972691e+01 +1.7114e+00 -1.3657e+00 -2.6870e+00 -2.4626e-01 -4.6093e-01
198 +4.559328694e+00 +4.559328694e+00 +4.202932869e+01 +4.202932869e+01 +1.1409e+00 -2.0487e+00 +2.7399e-01 +0.0000e+00 +0.0000e+00
314 +3.468060205e+00 +3.468060205e+00 +4.093806020e+01 +4.093806020e+01 -1.4777e+00 +1.0531e+00 -4.6933e-01 +1.1559e+00 -2.3634e+00
3039 +1.237291011e+00 +1.237291011e+00 +3.870729101e+01 +3.870729101e+01 +0.0000e+00 +5.1404e-01 -2.5853e+00 +1.6140e+00 +1.6554e-01
7291 +7.457186837e-01 +7.457186837e-01 +3.821571868e+01 +3.821571868e+01 +0.0000e+00 +3.6689e-01 -9.5092e-01 -4.3585e-01 +7.3148e-02
19749 +6.279017636e-01 +6.279017636e-01 +3.809790176e+01 +3.809790176e+01 +1.9346e-02 +3.6405e-02 -9.2245e-01 -1.1516e+00 +1.0252e+00
% function evaluation | noise-free fitness - Fopt (-3.944700000000e+02) | best noise-free fitness - Fopt | measured fitness | best measured fitness | x1 | x2...
1 +2.015313445e+01 +2.015313445e+01 -3.743168655e+02 -3.743168655e+02 +2.5337e-01 +3.5647e+00 +1.3555e+00 +2.9350e+00 +1.0511e-01
7 +1.309678565e+01 +1.309678565e+01 -3.813732143e+02 -3.813732143e+02 +9.8048e-01 +1.0752e+00 -2.6167e-01 +3.8837e+00 -2.2069e-01
51 +7.660894912e+00 +7.660894912e+00 -3.868091051e+02 -3.868091051e+02 -4.7466e+00 +2.5669e+00 -3.5965e+00 +1.3495e+00 +5.0000e+00
159 +5.966755920e+00 +5.966755920e+00 -3.885032441e+02 -3.885032441e+02 -2.1230e+00 +0.0000e+00 -1.0960e+00 +1.4284e-01 +5.0000e+00
378 +2.503737427e-01 +2.503737427e-01 -3.942196263e+02 -3.942196263e+02 +0.0000e+00 +0.0000e+00 +0.0000e+00 +0.0000e+00 +0.0000e+00
% function evaluation | noise-free fitness - Fopt (-1.026200000000e+02) | best noise-free fitness - Fopt | measured fitness | best measured fitness | x1 | x2...
1 +2.436952607e+01 +2.436952607e+01 -7.825047393e+01 -7.825047393e+01 +4.1240e-01 -9.2954e-01 +3.1038e+00 -2.4423e+00 -3.5797e+00
21 +1.472456675e+01 +1.472456675e+01 -8.789543325e+01 -8.789543325e+01 -1.5603e+00 +2.4678e+00 -1.6924e+00 -4.2410e+00 -2.1226e+00
27 +8.250205206e+00 +8.250205206e+00 -9.436979479e+01 -9.436979479e+01 -1.6610e+00 -3.5358e-01 -1.5843e+00 -3.7391e+00 -4.6083e+00
58 +5.514327618e+00 +5.514327618e+00 -9.710567238e+01 -9.710567238e+01 +1.5738e+00 +1.0585e+00 -2.6631e+00 -4.2777e+00 -5.0000e+00
132 +1.964821959e+00 +1.964821959e+00 -1.006551780e+02 -1.006551780e+02 +1.7429e+00 +1.3032e+00 -7.1682e-01 -5.0000e+00 -5.0000e+00
1742 +7.924210530e-01 +7.924210530e-01 -1.018275789e+02 -1.018275789e+02 +1.3469e+00 +1.4813e+00 -2.0274e+00 -4.6227e+00 -5.0000e+00
23789 +5.152198111e-01 +5.152198111e-01 -1.021047802e+02 -1.021047802e+02 +1.7423e-01 +4.4894e+00 -2.6534e+00 -4.9559e+00 -5.0000e+00
39624 +3.595659192e-01 +3.595659192e-01 -1.022604341e+02 -1.022604341e+02 -7.4515e-01 +3.6166e+00 -2.1288e+00 -4.7081e+00 -5.0000e+00
% function evaluation | noise-free fitness - Fopt (2.728300000000e+02) | best noise-free fitness - Fopt | measured fitness | best measured fitness | x1 | x2...
1 +4.208566353e+01 +4.208566353e+01 +3.149156635e+02 +3.149156635e+02 +3.4494e-01 +2.4325e+00 +4.3362e+00 +2.1331e+00 +1.8667e+00
2 +2.319036155e+01 +2.319036155e+01 +2.960203615e+02 +2.960203615e+02 +2.4955e+00 +2.6666e+00 +3.1653e+00 +1.8713e+00 -1.6186e+00
10 +1.289419439e+01 +1.289419439e+01 +2.857241944e+02 +2.857241944e+02 -5.6507e-01 -1.5904e-02 -1.2280e+00 -7.4296e-01 -2.5520e+00
24 +8.480492164e+00 +8.480492164e+00 +2.813104922e+02 +2.813104922e+02 +3.3866e+00 -6.2307e-01 -1.7807e+00 +2.2068e+00 -6.4508e-01
162 +5.476309325e+00 +5.476309325e+00 +2.783063093e+02 +2.783063093e+02 +0.0000e+00 +1.7025e-01 +1.5832e+00 +8.9179e-01 -6.3024e-01
201 +3.925140281e+00 +3.925140281e+00 +2.767551403e+02 +2.767551403e+02 +1.2343e+00 -1.3769e+00 -2.7123e-01 -1.0824e+00 +0.0000e+00
1213 +2.268528174e+00 +2.268528174e+00 +2.750985282e+02 +2.750985282e+02 +2.1471e+00 +3.1302e-01 -1.7780e+00 +9.9870e-01 -4.9900e-01
7874 +1.056798847e+00 +1.056798847e+00 +2.738867988e+02 +2.738867988e+02 -1.2957e+00 +1.7950e+00 +7.4082e-02 +9.6233e-01 +1.1507e+00
18604 +9.404650949e-01 +9.404650949e-01 +2.737704651e+02 +2.737704651e+02 -2.3868e+00 -1.5653e+00 +4.0687e-01 -8.8261e-02 +1.1444e+00
% function evaluation | noise-free fitness - Fopt (-3.400000000000e+00) | best noise-free fitness - Fopt | measured fitness | best measured fitness | x1 | x2...
1 +3.348851138e+01 +3.348851138e+01 +3.008851138e+01 +3.008851138e+01 +2.1286e+00 +6.6864e-01 -4.4141e+00 -3.4197e+00 +3.7809e-01
6 +2.382130368e+01 +2.382130368e+01 +2.042130368e+01 +2.042130368e+01 +2.6581e-01 +1.1248e+00 -2.5572e+00 +2.6670e+00 -1.9945e+00
20 +8.385437232e+00 +8.385437232e+00 +4.985437232e+00 +4.985437232e+00 +2.3481e-01 -3.2809e+00 -1.9871e+00 +4.3244e-01 +1.3236e-01
105 +4.456366081e+00 +4.456366081e+00 +1.056366081e+00 +1.056366081e+00 -1.8455e+00 -4.8783e+00 -1.9247e+00 -5.9177e-01 +0.0000e+00
434 +3.725016267e+00 +3.725016267e+00 +3.250162671e-01 +3.250162671e-01 +3.1615e-01 -1.8979e-01 +0.0000e+00 +4.8279e-02 -1.6432e+00
576 +1.716913616e+00 +1.716913616e+00 -1.683086384e+00 -1.683086384e+00 -2.4156e-01 +0.0000e+00 +2.9685e-01 -1.5530e+00 -3.4900e-01
1677 +1.572583017e+00 +1.572583017e+00 -1.827416983e+00 -1.827416983e+00 +4.1950e-01 -1.6699e+00 +1.7591e-01 -7.5847e-01 +1.9790e-01
16751 +7.534187254e-01 +7.534187254e-01 -2.646581275e+00 -2.646581275e+00 -8.4509e-01 +5.3928e-01 -2.2846e-01 -1.8653e-01 -4.1126e-01
35377 +3.678763599e-01 +3.678763599e-01 -3.032123640e+00 -3.032123640e+00 +5.0222e-01 +5.4735e-01 +8.4728e-01 +6.8630e-01 -6.6338e-01
% function evaluation | noise-free fitness - Fopt (-1.851700000000e+02) | best noise-free fitness - Fopt | measured fitness | best measured fitness | x1 | x2...
1 +2.637065361e+01 +2.637065361e+01 -1.587993464e+02 -1.587993464e+02 +1.9297e+00 +3.6656e-01 -3.9380e+00 +2.6486e+00 -2.6920e+00
2 +2.150881842e+01 +2.150881842e+01 -1.636611816e+02 -1.636611816e+02 -4.1527e+00 +3.0893e+00 -1.1537e+00 +7.6955e-01 -4.8696e-01
6 +8.931172481e+00 +8.931172481e+00 -1.762388275e+02 -1.762388275e+02 -1.7459e+00 +3.0612e+00 +1.3131e+00 -1.6429e+00 +3.5926e+00
83 +5.903526203e+00 +5.903526203e+00 -1.792664738e+02 -1.792664738e+02 -6.4475e-01 +1.8526e+00 -9.4230e-01 -7.7763e-01 +5.0000e+00
873 +2.604163872e+00 +2.604163872e+00 -1.825658361e+02 -1.825658361e+02 -1.0256e+00 +3.4109e+00 -1.7768e+00 -2.4913e+00 +5.0000e+00
952 +2.324631683e+00 +2.324631683e+00 -1.828453683e+02 -1.828453683e+02 +9.1967e-01 -2.9371e-01 -1.7610e+00 -3.3881e+00 +5.0000e+00
4872 +1.472750469e+00 +1.472750469e+00 -1.836972495e+02 -1.836972495e+02 -5.6053e-02 +3.4927e-01 -1.2613e+00 -3.2599e+00 +5.0000e+00
27246 +7.319430333e-01 +7.319430333e-01 -1.844380570e+02 -1.844380570e+02 +3.7468e-01 +4.9070e-01 -1.8599e+00 -3.5481e+00 +5.0000e+00
% function evaluation | noise-free fitness - Fopt (1.013400000000e+02) | best noise-free fitness - Fopt | measured fitness | best measured fitness | x1 | x2...
1 +5.541920921e+01 +5.541920921e+01 +1.567592092e+02 +1.567592092e+02 -4.9855e+00 +8.0096e-01 -1.1111e+00 +2.9794e+00 +2.5961e+00
3 +3.546146544e+01 +3.546146544e+01 +1.368014654e+02 +1.368014654e+02 -3.8096e+00 -3.8854e+00 -3.0285e+00 -1.6078e+00 -4.9683e+00
12 +1.306693718e+01 +1.306693718e+01 +1.144069372e+02 +1.144069372e+02 +1.9037e+00 +2.6077e+00 +5.9596e-01 +2.6791e+00 +2.8353e+00
14 +9.968257300e+00 +9.968257300e+00 +1.113082573e+02 +1.113082573e+02 +2.2972e+00 -3.1926e+00 -2.4559e+00 -1.4629e+00 -1.9615e+00
266 +3.719130366e+00 +3.719130366e+00 +1.050591304e+02 +1.050591304e+02 +1.6643e-02 -1.3163e+00 +1.8295e-01 +1.3497e+00 +2.6556e-01
369 +2.457164817e+00 +2.457164817e+00 +1.037971648e+02 +1.037971648e+02 -5.0414e-01 -7.4965e-01 +1.5304e+00 +6.7030e-01 +1.3356e+00
493 +1.559522163e+00 +1.559522163e+00 +1.028995222e+02 +1.028995222e+02 -5.6298e-01 +1.9306e+00 +1.7095e+00 +2.2212e+00 +2.6290e+00
19745 +8.336413979e-01 +8.336413979e-01 +1.021736414e+02 +1.021736414e+02 -1.6708e-01 +5.0652e-01 +4.7934e-01 +7.6703e-01 +6.6461e-01
28700 +6.185910143e-01 +6.185910143e-01 +1.019585910e+02 +1.019585910e+02 -8.1514e-01 +1.6101e+00 +4.1477e-01 +8.7603e-01 +1.6522e+00
% function evaluation | noise-free fitness - Fopt (-2.400000000000e+00) | best noise-free fitness - Fopt | measured fitness | best measured fitness | x1 | x2...
1 +3.532514468e+01 +3.532514468e+01 +3.292514468e+01 +3.292514468e+01 -4.1659e+00 +1.9509e+00 +6.8736e-01 -2.2370e+00 -3.4067e+00
5 +2.131399495e+01 +2.131399495e+01 +1.891399495e+01 +1.891399495e+01 -4.1350e+00 -3.0874e-01 +1.1103e+00 -3.9645e-01 +2.1359e-01
6 +1.368809803e+01 +1.368809803e+01 +1.128809803e+01 +1.128809803e+01 +1.2529e+00 +4.6172e-01 -3.6554e+00 +6.9927e-01 +8.0644e-01
24 +8.012773735e+00 +8.012773735e+00 +5.612773735e+00 +5.612773735e+00 +1.1625e+00 -1.1371e+00 -1.0869e+00 +2.9385e+00 -1.8309e+00
166 +4.838529911e+00 +4.838529911e+00 +2.438529911e+00 +2.438529911e+00 -1.8524e+00 +2.5279e+00 -3.1968e-01 +1.2926e-01 +1.8183e+00
519 +3.395311543e+00 +3.395311543e+00 +9.953115431e-01 +9.953115431e-01 +4.9906e-02 +4.6231e-01 +6.9003e-01 +0.0000e+00 -8.7594e-01
1141 +2.286780496e+00 +2.286780496e+00 -1.132195039e-01 -1.132195039e-01 +1.5010e+00 +2.0511e+00 +5.8781e-02 +0.0000e+00 +8.0052e-02
1920 +9.555487552e-01 +9.555487552e-01 -1.444451245e+00 -1.444451245e+00 +0.0000e+00 -6.4086e-01 +1.4885e+00 +1.0722e+00 +0.0000e+00
% function evaluation | noise-free fitness - Fopt (-2.778000000000e+01) | best noise-free fitness - Fopt | measured fitness | best measured fitness | x1 | x2...
1 +8.713402902e+01 +8.713402902e+01 +5.935402902e+01 +5.935402902e+01 +4.1623e+00 +4.6785e+00 +6.0210e-01 +3.8552e+00 -1.8327e+00
2 +3.728514602e+01 +3.728514602e+01 +9.505146025e+00 +9.505146025e+00 +3.1672e+00 +2.3777e+00 -4.2513e+00 -4.1886e-01 -1.4638e+00
8 +1.653590129e+01 +1.653590129e+01 -1.124409871e+01 -1.124409871e+01 +5.0442e-01 -2.1863e+00 -2.3407e+00 -1.6623e+00 -1.5509e+00
12 +1.556454744e+01 +1.556454744e+01 -1.221545256e+01 -1.221545256e+01 +1.2513e+00 +3.9798e+00 -7.6735e-01 -8.8705e-01 +6.6268e-01
113 +8.756831304e+00 +8.756831304e+00 -1.902316870e+01 -1.902316870e+01 -1.4917e-01 +5.0102e-01 -1.7269e+00 -2.1086e+00 -1.2857e+00
222 +2.887119175e+00 +2.887119175e+00 -2.489288082e+01 -2.489288082e+01 +1.6006e+00 -8.2799e-01 -9.6806e-01 +6.9107e-01 +1.5346e+00
800 +1.882130382e+00 +1.882130382e+00 -2.589786962e+01 -2.589786962e+01 +7.7564e-01 -6.5828e-01 -8.7852e-03 +1.3797e+00 +1.9024e+00
3847 +1.381206011e+00 +1.381206011e+00 -2.639879399e+01 -2.639879399e+01 -6.7098e-01 -1.5982e+00 -3.0813e-01 +6.8739e-01 -7.8581e-01
5001 +6.984097587e-01 +6.984097587e-01 -2.708159024e+01 -2.708159024e+01 -8.2401e-01 -2.0684e+00 -1.4787e+00 +2.2478e+00 -5.0746e-01
