% function evaluation | noise-free fitness - Fopt (-1.000000000000e+03) | best noise-free fitness - Fopt | measured fitness | best measured fitness | x1 | x2...
1 +4.052625056e+01 +4.052625056e+01 -9.594737494e+02 -9.594737494e+02 +1.4950e+00 +3.6175e+00 +3.6057e+00
4 +1.675226068e+01 +1.675226068e+01 -9.832477393e+02 -9.832477393e+02 +1.8111e+00 +1.3262e+00 -3.8569e+00
13 +7.068395141e+00 +7.068395141e+00 -9.929316049e+02 -9.929316049e+02 +6.8675e-01 -2.4991e-01 -3.4818e+00
123 +6.114551744e+00 +6.114551744e+00 -9.938854483e+02 -9.938854483e+02 +4.2078e+00 +2.5240e+00 -3.1317e+00
150 +2.065285440e+00 +2.065285440e+00 -9.979347146e+02 -9.979347146e+02 -3.4876e-01 +1.5587e-01 -1.1755e+00
311 +1.158871133e+00 +1.158871133e+00 -9.988411289e+02 -9.988411289e+02 +7.7320e-02 -2.0432e-01 +2.1873e+00
414 +4.480294592e-01 +4.480294592e-01 -9.995519705e+02 -9.995519705e+02 -3.2520e-01 +2.3479e-01 +2.1008e+00
514 +3.499273321e-01 +3.499273321e-01 -9.996500727e+02 -9.996500727e+02 +4.5983e-01 +1.7291e-01 +2.3560e+00
611 +1.547322367e-01 +1.547322367e-01 -9.998452678e+02 -9.998452678e+02 +4.1896e-02 -1.7866e-01 +2.1200e+00
660 +5.713577240e-03 +5.713577240e-03 -9.999942864e+02 -9.999942864e+02 +5.5679e-01 +7.8205e-02 +2.2459e+00
778 +3.572468138e-03 +3.572468138e-03 -9.999964275e+02 -9.999964275e+02 +5.7185e-01 +1.8494e-01 +2.2747e+00
811 +1.469912287e-03 +1.469912287e-03 -9.999985301e+02 -9.999985301e+02 +8.8592e-01 +3.0263e-01 +2.3895e+00
918 +9.367971767e-04 +9.367971767e-04 -9.999990632e+02 -9.999990632e+02 +7.8146e-01 +4.0401e-01 +2.3910e+00
1330 +4.195396573e-04 +4.195396573e-04 -9.999995805e+02 -9.999995805e+02 +8.9009e-01 +4.5114e-01 +2.4487e+00
1464 +3.831418855e-04 +3.831418855e-04 -9.999996169e+02 -9.999996169e+02 +8.9390e-01 +4.7598e-01 +2.4534e+00
1661 +2.329652917e-04 +2.329652917e-04 -9.999997670e+02 -9.999997670e+02 +9.2624e-01 +4.4226e-01 +2.4493e+00
2075 +4.224467420e-05 +4.224467420e-05 -9.999999578e+02 -9.999999578e+02 +1.1253e+00 +5.5511e-01 +2.5370e+00
2211 +3.198961019e-05 +3.198961019e-05 -9.999999680e+02 -9.999999680e+02 +1.0929e+00 +5.4514e-01 +2.5176e+00
2308 +1.653077197e-05 +1.653077197e-05 -9.999999835e+02 -9.999999835e+02 +1.1615e+00 +6.2490e-01 +2.5579e+00
2478 +9.281114671e-06 +9.281114671e-06 -9.999999907e+02 -9.999999907e+02 +1.1652e+00 +6.2261e-01 +2.5615e+00
2884 +5.971780411e-06 +5.971780411e-06 -9.999999940e+02 -9.999999940e+02 +1.1945e+00 +6.0958e-01 +2.5640e+00
2928 +1.988553436e-06 +1.988553436e-06 -9.999999980e+02 -9.999999980e+02 +1.2250e+00 +6.2806e-01 +2.5778e+00
3471 +1.545536293e-06 +1.545536293e-06 -9.999999985e+02 -9.999999985e+02 +1.2434e+00 +6.3879e-01 +2.5857e+00
3840 +9.338566542e-07 +9.338566542e-07 -9.999999991e+02 -9.999999991e+02 +1.2443e+00 +6.5120e-01 +2.5893e+00
3902 +5.514863233e-07 +5.514863233e-07 -9.999999994e+02 -9.999999994e+02 +1.2679e+00 +6.6865e-01 +2.6021e+00
3960 +3.760638947e-07 +3.760638947e-07 -9.999999996e+02 -9.999999996e+02 +1.2656e+00 +6.6262e-01 +2.5977e+00
4010 +2.200640665e-07 +2.200640665e-07 -9.999999998e+02 -9.999999998e+02 +1.2794e+00 +6.6929e-01 +2.6037e+00
4159 +1.008359050e-07 +1.008359050e-07 -9.999999999e+02 -9.999999999e+02 +1.2990e+00 +6.8517e-01 +2.6141e+00
4167 +5.782419521e-08 +5.782419521e-08 -9.999999999e+02 -9.999999999e+02 +1.3016e+00 +6.8303e-01 +2.6134e+00
4235 +2.922172371e-08 +2.922172371e-08 -1.000000000e+03 -1.000000000e+03 +1.3254e+00 +6.9393e-01 +2.6217e+00
4285 +1.121748028e-09 +1.121748028e-09 -1.000000000e+03 -1.000000000e+03 +1.3326e+00 +7.0539e-01 +2.6269e+00
% function evaluation | noise-free fitness - Fopt (1.000000000000e+03) | best noise-free fitness - Fopt | measured fitness | best measured fitness | x1 | x2...
1 +5.018583267e+01 +5.018583267e+01 +1.050185833e+03 +1.050185833e+03 -3.0564e+00 +1.1853e+00 -3.9726e+00
5 +2.239909448e+01 +2.239909448e+01 +1.022399094e+03 +1.022399094e+03 +3.2120e+00 -1.1347e+00 -4.9051e+00
11 +1.071537854e+01 +1.071537854e+01 +1.010715379e+03 +1.010715379e+03 -3.4506e+00 -4.3865e+00 +4.0514e+00
31 +8.719267635e+00 +8.719267635e+00 +1.008719268e+03 +1.008719268e+03 +2.9863e+00 +1.4142e+00 -4.6003e+00
98 +6.113979836e+00 +6.113979836e+00 +1.006113980e+03 +1.006113980e+03 +4.2360e+00 +2.1448e+00 -3.7008e+00
103 +3.487325900e+00 +3.487325900e+00 +1.003487326e+03 +1.003487326e+03 +3.3380e+00 +1.7611e+00 -4.2327e+00
155 +1.896187257e+00 +1.896187257e+00 +1.001896187e+03 +1.001896187e+03 +3.0957e+00 +1.8603e+00 -3.8687e+00
254 +9.314259854e-01 +9.314259854e-01 +1.000931426e+03 +1.000931426e+03 +3.2664e+00 +1.9076e+00 -3.4629e+00
4994 +4.442040670e-01 +4.442040670e-01 +1.000444204e+03 +1.000444204e+03 -1.8918e+00 +8.7230e-02 -2.4834e+00
5444 +3.195292504e-01 +3.195292504e-01 +1.000319529e+03 +1.000319529e+03 -1.8378e+00 +1.4876e-02 -2.4499e+00
5583 +1.763220147e-01 +1.763220147e-01 +1.000176322e+03 +1.000176322e+03 -1.1739e+00 -8.4496e-01 -2.5111e+00
5733 +1.437588329e-01 +1.437588329e-01 +1.000143759e+03 +1.000143759e+03 -1.1519e+00 -8.4253e-01 -2.5037e+00
6627 +7.345621184e-02 +7.345621184e-02 +1.000073456e+03 +1.000073456e+03 -1.4364e+00 -5.1923e-01 -2.3576e+00
6783 +5.335733675e-02 +5.335733675e-02 +1.000053357e+03 +1.000053357e+03 -1.4950e+00 -4.1240e-01 -2.2834e+00
6895 +2.524381184e-02 +2.524381184e-02 +1.000025244e+03 +1.000025244e+03 -1.4194e+00 -5.1278e-01 -2.2272e+00
6945 +1.587809672e-02 +1.587809672e-02 +1.000015878e+03 +1.000015878e+03 -1.4770e+00 -5.2363e-01 -2.1303e+00
7145 +1.177535230e-02 +1.177535230e-02 +1.000011775e+03 +1.000011775e+03 -1.4450e+00 -5.1963e-01 -2.1506e+00
7445 +9.086298826e-03 +9.086298826e-03 +1.000009086e+03 +1.000009086e+03 -1.4364e+00 -5.2784e-01 -2.1310e+00
7633 +6.137250959e-03 +6.137250959e-03 +1.000006137e+03 +1.000006137e+03 -1.3490e+00 -6.3649e-01 -2.1500e+00
8049 +3.725207781e-03 +3.725207781e-03 +1.000003725e+03 +1.000003725e+03 -1.2759e+00 -7.1374e-01 -2.1324e+00
8744 +2.350065154e-03 +2.350065154e-03 +1.000002350e+03 +1.000002350e+03 -1.2614e+00 -7.4098e-01 -2.0841e+00
8833 +1.393136774e-03 +1.393136774e-03 +1.000001393e+03 +1.000001393e+03 -1.2601e+00 -7.5229e-01 -2.0526e+00
9065 +5.150440716e-04 +5.150440716e-04 +1.000000515e+03 +1.000000515e+03 -1.0714e+00 -9.8312e-01 -1.9735e+00
9199 +2.044911676e-04 +2.044911676e-04 +1.000000204e+03 +1.000000204e+03 -1.0157e+00 -1.0544e+00 -1.9998e+00
9249 +1.498144301e-04 +1.498144301e-04 +1.000000150e+03 +1.000000150e+03 -9.3172e-01 -1.1600e+00 -1.9900e+00
9327 +3.362589860e-05 +3.362589860e-05 +1.000000034e+03 +1.000000034e+03 -8.3131e-01 -1.2776e+00 -2.0066e+00
9381 +1.807026945e-05 +1.807026945e-05 +1.000000018e+03 +1.000000018e+03 -7.8674e-01 -1.3215e+00 -2.0047e+00
9731 +9.108220866e-06 +9.108220866e-06 +1.000000009e+03 +1.000000009e+03 -7.7795e-01 -1.3312e+00 -2.0093e+00
11094 +6.228257007e-06 +6.228257007e-06 +1.000000006e+03 +1.000000006e+03 -7.7002e-01 -1.3429e+00 -2.0174e+00
11245 +3.916674700e-06 +3.916674700e-06 +1.000000004e+03 +1.000000004e+03 -7.7001e-01 -1.3362e+00 -2.0234e+00
11331 +2.107223850e-06 +2.107223850e-06 +1.000000002e+03 +1.000000002e+03 -7.7567e-01 -1.3353e+00 -2.0255e+00
11431 +1.561080694e-06 +1.561080694e-06 +1.000000002e+03 +1.000000002e+03 -7.8953e-01 -1.3159e+00 -2.0317e+00
11628 +9.704220929e-07 +9.704220929e-07 +1.000000001e+03 +1.000000001e+03 -7.3034e-01 -1.3819e+00 -2.0348e+00
11690 +1.681748927e-07 +1.681748927e-07 +1.000000000e+03 +1.000000000e+03 -7.5378e-01 -1.3575e+00 -2.0401e+00
12260 +1.097022277e-07 +1.097022277e-07 +1.000000000e+03 +1.000000000e+03 -7.5116e-01 -1.3609e+00 -2.0417e+00
12331 +9.404323009e-08 +9.404323009e-08 +1.000000000e+03 +1.000000000e+03 -7.5202e-01 -1.3593e+00 -2.0424e+00
12415 +1.336377409e-08 +1.336377409e-08 +1.000000000e+03 +1.000000000e+03 -7.2441e-01 -1.3923e+00 -2.0446e+00
12923 +3.981313057e-09 +3.981313057e-09 +1.000000000e+03 +1.000000000e+03 -7.2625e-01 -1.3888e+00 -2.0482e+00
% function evaluation | noise-free fitness - Fopt (-4.913000000000e+01) | best noise-free fitness - Fopt | measured fitness | best measured fitness | x1 | x2...
1 +7.763367072e+01 +7.763367072e+01 +2.850367072e+01 +2.850367072e+01 +2.8736e+00 +4.9058e-02 +2.7757e+00
2 +2.366292706e+01 +2.366292706e+01 -2.546707294e+01 -2.546707294e+01 -4.5061e+00 +1.1306e+00 -3.2060e+00
14 +1.454081723e+01 +1.454081723e+01 -3.458918277e+01 -3.458918277e+01 -2.5777e+00 -1.1678e+00 +3.0412e+00
78 +4.736513635e+00 +4.736513635e+00 -4.439348637e+01 -4.439348637e+01 -1.3468e+00 +1.7599e+00 +2.6575e+00
85 +2.207121221e+00 +2.207121221e+00 -4.692287878e+01 -4.692287878e+01 -2.9168e+00 -1.4151e+00 +5.0000e+00
352 +1.554714045e+00 +1.554714045e+00 -4.757528595e+01 -4.757528595e+01 -3.4058e+00 -1.0505e+00 +4.1620e+00
389 +8.195996305e-01 +8.195996305e-01 -4.831040037e+01 -4.831040037e+01 -3.2097e+00 -1.1569e+00 +4.5706e+00
% function evaluation | noise-free fitness - Fopt (2.977300000000e+02) | best noise-free fitness - Fopt | measured fitness | best measured fitness | x1 | x2...
1 +6.033157295e+01 +6.033157295e+01 +3.580615729e+02 +3.580615729e+02 -8.3485e-01 -4.9700e+00 +1.0785e+00
2 +3.041678297e+01 +3.041678297e+01 +3.281467830e+02 +3.281467830e+02 -2.9074e+00 -1.5529e+00 +4.6850e+00
3 +1.702113849e+01 +1.702113849e+01 +3.147511385e+02 +3.147511385e+02 +2.5458e+00 -4.4497e+00 -2.1721e+00
14 +9.661074869e+00 +9.661074869e+00 +3.073910749e+02 +3.073910749e+02 -2.2699e-01 +4.6135e+00 +1.4753e+00
93 +3.901594202e+00 +3.901594202e+00 +3.016315942e+02 +3.016315942e+02 +2.6301e+00 +1.0692e+00 -1.1835e+00
123 +2.069309253e+00 +2.069309253e+00 +2.997993093e+02 +2.997993093e+02 +6.2391e-01 +1.0553e+00 +2.6748e+00
276 +1.010074916e+00 +1.010074916e+00 +2.987400749e+02 +2.987400749e+02 +5.4196e-02 +1.2484e+00 +2.1987e+00
327 +7.258988384e-01 +7.258988384e-01 +2.984558988e+02 +2.984558988e+02 -1.5157e+00 +9.8212e-01 +3.2005e+00
418 +4.391894850e-01 +4.391894850e-01 +2.981691895e+02 +2.981691895e+02 -8.0805e-01 +1.1261e+00 +2.5590e+00
581 +3.403502813e-01 +3.403502813e-01 +2.980703503e+02 +2.980703503e+02 -1.6002e+00 +1.1291e+00 +2.6591e+00
619 +2.024464835e-01 +2.024464835e-01 +2.979324465e+02 +2.979324465e+02 -1.5240e+00 +1.1060e+00 +2.7124e+00
678 +1.300782068e-01 +1.300782068e-01 +2.978600782e+02 +2.978600782e+02 -1.5474e+00 +1.0341e+00 +2.9421e+00
1144 +9.340142041e-02 +9.340142041e-02 +2.978234014e+02 +2.978234014e+02 -1.9619e+00 +1.0214e+00 +2.9414e+00
1322 +5.565588485e-02 +5.565588485e-02 +2.977856559e+02 +2.977856559e+02 -1.8911e+00 +8.8260e-01 +3.1597e+00
1361 +3.259904810e-02 +3.259904810e-02 +2.977625990e+02 +2.977625990e+02 -2.2197e+00 +9.3503e-01 +3.1714e+00
1436 +2.061124135e-02 +2.061124135e-02 +2.977506112e+02 +2.977506112e+02 -2.2250e+00 +8.8223e-01 +3.2365e+00
1602 +1.530178643e-02 +1.530178643e-02 +2.977453018e+02 +2.977453018e+02 -2.3583e+00 +8.4062e-01 +3.3208e+00
1830 +7.882069162e-03 +7.882069162e-03 +2.977378821e+02 +2.977378821e+02 -2.8268e+00 +8.5778e-01 +3.3618e+00
1832 +6.243431099e-03 +6.243431099e-03 +2.977362434e+02 +2.977362434e+02 -2.7447e+00 +8.4716e-01 +3.3678e+00
1968 +3.680000201e-03 +3.680000201e-03 +2.977336800e+02 +2.977336800e+02 -2.8976e+00 +8.1317e-01 +3.4342e+00
1971 +9.929575728e-04 +9.929575728e-04 +2.977309930e+02 +2.977309930e+02 -3.3735e+00 +7.5114e-01 +3.5959e+00
2087 +5.649964642e-04 +5.649964642e-04 +2.977305650e+02 +2.977305650e+02 -3.3680e+00 +7.4031e-01 +3.6231e+00
2126 +2.074513422e-04 +2.074513422e-04 +2.977302075e+02 +2.977302075e+02 -3.5380e+00 +7.2926e-01 +3.6780e+00
2176 +2.662695658e-05 +2.662695658e-05 +2.977300266e+02 +2.977300266e+02 -3.7467e+00 +6.8507e-01 +3.8123e+00
2224 +1.107034177e-05 +1.107034177e-05 +2.977300111e+02 +2.977300111e+02 -3.6260e+00 +6.9869e-01 +3.7605e+00
2306 +9.938244375e-06 +9.938244375e-06 +2.977300099e+02 +2.977300099e+02 -3.6233e+00 +6.7492e-01 +3.8078e+00
2338 +1.709775177e-06 +1.709775177e-06 +2.977300017e+02 +2.977300017e+02 -3.6925e+00 +6.7896e-01 +3.7928e+00
2471 +9.794267726e-07 +9.794267726e-07 +2.977300010e+02 +2.977300010e+02 -3.6864e+00 +6.7405e-01 +3.8018e+00
2473 +1.331535486e-07 +1.331535486e-07 +2.977300001e+02 +2.977300001e+02 -3.7564e+00 +6.6383e-01 +3.8397e+00
2605 +3.189938980e-09 +3.189938980e-09 +2.977300000e+02 +2.977300000e+02 -3.7932e+00 +6.5869e-01 +3.8508e+00
% function evaluation | noise-free fitness - Fopt (5.157000000000e+01) | best noise-free fitness - Fopt | measured fitness | best measured fitness | x1 | x2...
1 +8.367280353e+01 +8.367280353e+01 +1.352428035e+02 +1.352428035e+02 +1.8190e+00 +4.6166e+00 -9.2978e-01
2 +5.114404904e+01 +5.114404904e+01 +1.027140490e+02 +1.027140490e+02 +7.2305e-01 -2.7413e+00 -2.3137e+00
3 +2.551576808e+01 +2.551576808e+01 +7.708576808e+01 +7.708576808e+01 -3.1165e-01 -3.6884e+00 -3.7228e+00
10 +4.202770345e+00 +4.202770345e+00 +5.577277034e+01 +5.577277034e+01 +1.6455e+00 +1.0705e+00 -2.3486e+00
72 +8.868646940e-02 +8.868646940e-02 +5.165868647e+01 +5.165868647e+01 +1.8446e+00 +1.2549e+00 -2.4217e+00
317 +3.568987960e-03 +3.568987960e-03 +5.157356899e+01 +5.157356899e+01 +1.9969e+00 +1.3378e+00 -2.4610e+00
529 +1.485714266e-03 +1.485714266e-03 +5.157148571e+01 +5.157148571e+01 +1.6498e+00 +1.3299e+00 -2.4836e+00
563 +9.055543227e-04 +9.055543227e-04 +5.157090555e+01 +5.157090555e+01 +1.7764e+00 +1.3741e+00 -2.4887e+00
929 +6.214015291e-04 +6.214015291e-04 +5.157062140e+01 +5.157062140e+01 +1.8006e+00 +1.3321e+00 -2.4767e+00
1015 +4.125422456e-05 +4.125422456e-05 +5.157004125e+01 +5.157004125e+01 +1.8396e+00 +1.3503e+00 -2.4618e+00
1626 +3.901153464e-05 +3.901153464e-05 +5.157003901e+01 +5.157003901e+01 +1.8492e+00 +1.3491e+00 -2.4521e+00
2363 +2.363653190e-05 +2.363653190e-05 +5.157002364e+01 +5.157002364e+01 +1.8941e+00 +1.3369e+00 -2.4178e+00
2577 +1.572856672e-05 +1.572856672e-05 +5.157001573e+01 +5.157001573e+01 +1.9013e+00 +1.3323e+00 -2.4032e+00
2903 +7.931137148e-06 +7.931137148e-06 +5.157000793e+01 +5.157000793e+01 +1.9095e+00 +1.3253e+00 -2.3826e+00
3011 +6.161315447e-06 +6.161315447e-06 +5.157000616e+01 +5.157000616e+01 +1.9511e+00 +1.3070e+00 -2.3315e+00
3048 +6.763021503e-07 +6.763021503e-07 +5.157000068e+01 +5.157000068e+01 +1.9919e+00 +1.2991e+00 -2.2937e+00
3126 +3.933000627e-07 +3.933000627e-07 +5.157000039e+01 +5.157000039e+01 +2.0202e+00 +1.2970e+00 -2.2709e+00
3180 +2.082296291e-07 +2.082296291e-07 +5.157000021e+01 +5.157000021e+01 +2.0251e+00 +1.2886e+00 -2.2587e+00
3260 +6.492541615e-08 +6.492541615e-08 +5.157000006e+01 +5.157000006e+01 +2.0490e+00 +1.2863e+00 -2.2461e+00
3297 +4.959547795e-08 +4.959547795e-08 +5.157000005e+01 +5.157000005e+01 +2.0513e+00 +1.2827e+00 -2.2274e+00
3410 +1.195580523e-08 +1.195580523e-08 +5.157000001e+01 +5.157000001e+01 +2.0521e+00 +1.2818e+00 -2.2291e+00
3515 +2.274582300e-09 +2.274582300e-09 +5.157000000e+01 +5.157000000e+01 +2.0578e+00 +1.2822e+00 -2.2292e+00
% function evaluation | noise-free fitness - Fopt (3.943000000000e+01) | best noise-free fitness - Fopt | measured fitness | best measured fitness | x1 | x2...
1 +6.081141083e+01 +6.081141083e+01 +1.002414108e+02 +1.002414108e+02 -1.6472e+00 +3.7809e+00 +2.3117e-01
5 +1.353240919e+01 +1.353240919e+01 +5.296240919e+01 +5.296240919e+01 -3.0333e+00 -1.8199e+00 +3.3006e+00
7 +5.879215661e+00 +5.879215661e+00 +4.530921566e+01 +4.530921566e+01 -3.3511e+00 +3.0034e+00 +2.1556e+00
88 +3.017000305e+00 +3.017000305e+00 +4.244700030e+01 +4.244700030e+01 -8.4590e-01 +6.8895e-01 +1.2282e+00
301 +1.577057187e+00 +1.577057187e+00 +4.100705719e+01 +4.100705719e+01 -8.2441e-01 -6.2479e-01 +3.4576e+00
463 +1.311931919e-01 +1.311931919e-01 +3.956119319e+01 +3.956119319e+01 -1.5942e+00 -4.1403e-01 +3.5722e+00
601 +8.742842893e-02 +8.742842893e-02 +3.951742843e+01 +3.951742843e+01 -1.8977e+00 -5.9310e-01 +3.5983e+00
737 +6.291386710e-02 +6.291386710e-02 +3.949291387e+01 +3.949291387e+01 -2.0517e+00 -6.8207e-01 +3.6732e+00
797 +2.948366475e-02 +2.948366475e-02 +3.945948366e+01 +3.945948366e+01 -2.2124e+00 -1.3211e+00 +3.6039e+00
835 +1.400876543e-02 +1.400876543e-02 +3.944400877e+01 +3.944400877e+01 -2.1463e+00 -9.8943e-01 +3.6164e+00
1038 +6.479494363e-03 +6.479494363e-03 +3.943647949e+01 +3.943647949e+01 -2.2921e+00 -1.1516e+00 +3.6054e+00
1218 +3.547262801e-03 +3.547262801e-03 +3.943354726e+01 +3.943354726e+01 -2.4806e+00 -1.5577e+00 +3.5828e+00
1268 +1.537115785e-03 +1.537115785e-03 +3.943153712e+01 +3.943153712e+01 -2.6499e+00 -1.7292e+00 +3.5816e+00
1318 +9.612540188e-04 +9.612540188e-04 +3.943096125e+01 +3.943096125e+01 -2.7839e+00 -1.8650e+00 +3.5806e+00
1397 +4.159936913e-04 +4.159936913e-04 +3.943041599e+01 +3.943041599e+01 -2.7243e+00 -1.6651e+00 +3.5784e+00
1418 +1.589871612e-04 +1.589871612e-04 +3.943015899e+01 +3.943015899e+01 -2.9604e+00 -1.9880e+00 +3.5790e+00
1468 +7.515524396e-05 +7.515524396e-05 +3.943007516e+01 +3.943007516e+01 -3.0160e+00 -2.0002e+00 +3.5784e+00
1534 +9.187973589e-06 +9.187973589e-06 +3.943000919e+01 +3.943000919e+01 -2.8877e+00 -1.9153e+00 +3.5639e+00
1843 +6.260147430e-06 +6.260147430e-06 +3.943000626e+01 +3.943000626e+01 -2.9402e+00 -1.9680e+00 +3.5617e+00
1860 +3.883760073e-06 +3.883760073e-06 +3.943000388e+01 +3.943000388e+01 -2.9294e+00 -2.0138e+00 +3.5529e+00
1917 +1.797020659e-06 +1.797020659e-06 +3.943000180e+01 +3.943000180e+01 -2.9216e+00 -1.9782e+00 +3.5594e+00
1920 +4.848994450e-08 +4.848994450e-08 +3.943000005e+01 +3.943000005e+01 -2.9940e+00 -2.0528e+00 +3.5579e+00
2142 +2.675179189e-09 +2.675179189e-09 +3.943000000e+01 +3.943000000e+01 -3.0203e+00 -2.0828e+00 +3.5570e+00
% function evaluation | noise-free fitness - Fopt (1.322900000000e+02) | best noise-free fitness - Fopt | measured fitness | best measured fitness | x1 | x2...
1 +7.798107949e+01 +7.798107949e+01 +2.102710795e+02 +2.102710795e+02 +2.4808e+00 +1.2564e+00 -3.3877e+00
3 +1.718754906e+01 +1.718754906e+01 +1.494775491e+02 +1.494775491e+02 -2.1654e+00 -3.2670e+00 +2.7393e+00
12 +1.075452132e+01 +1.075452132e+01 +1.430445213e+02 +1.430445213e+02 -2.2984e+00 -6.3187e-01 -6.4004e-01
31 +9.458770532e+00 +9.458770532e+00 +1.417487705e+02 +1.417487705e+02 -2.2607e+00 -6.3299e-02 -9.1755e-01
56 +3.251456790e+00 +3.251456790e+00 +1.355414568e+02 +1.355414568e+02 -2.7195e+00 +3.0363e+00 -1.9228e+00
190 +1.757581844e+00 +1.757581844e+00 +1.340475818e+02 +1.340475818e+02 -1.7688e+00 +4.1179e+00 -2.5314e+00
199 +4.565208887e-01 +4.565208887e-01 +1.327465209e+02 +1.327465209e+02 -1.5417e+00 +2.7744e+00 -2.3279e+00
342 +8.458764801e-02 +8.458764801e-02 +1.323745876e+02 +1.323745876e+02 -2.1168e+00 +1.4794e+00 -1.9284e+00
729 +2.113423084e-02 +2.113423084e-02 +1.323111342e+02 +1.323111342e+02 -1.9782e+00 +4.6056e-01 -1.7119e+00
783 +3.938373121e-03 +3.938373121e-03 +1.322939384e+02 +1.322939384e+02 -1.9691e+00 +7.0776e-01 -1.8156e+00
801 +1.125667423e-03 +1.125667423e-03 +1.322911257e+02 +1.322911257e+02 -2.0807e+00 +5.9524e-01 -1.7553e+00
916 +8.228428783e-04 +8.228428783e-04 +1.322908228e+02 +1.322908228e+02 -2.0538e+00 +4.9267e-01 -1.7379e+00
1330 +5.465349031e-04 +5.465349031e-04 +1.322905465e+02 +1.322905465e+02 -2.1633e+00 +3.9342e-01 -1.6683e+00
1432 +2.252674344e-04 +2.252674344e-04 +1.322902253e+02 +1.322902253e+02 -2.1036e+00 +3.5069e-01 -1.6987e+00
1565 +9.066774987e-05 +9.066774987e-05 +1.322900907e+02 +1.322900907e+02 -2.1234e+00 +2.3694e-01 -1.6602e+00
1714 +3.313580393e-05 +3.313580393e-05 +1.322900331e+02 +1.322900331e+02 -2.1399e+00 +1.0076e-01 -1.6289e+00
1864 +2.453504669e-05 +2.453504669e-05 +1.322900245e+02 +1.322900245e+02 -2.1589e+00 +1.4192e-01 -1.6391e+00
1873 +6.551346786e-06 +6.551346786e-06 +1.322900066e+02 +1.322900066e+02 -2.1368e+00 +2.0124e-02 -1.6224e+00
1882 +1.653487971e-06 +1.653487971e-06 +1.322900017e+02 +1.322900017e+02 -2.1643e+00 +1.0952e-02 -1.6147e+00
2174 +1.212148590e-06 +1.212148590e-06 +1.322900012e+02 +1.322900012e+02 -2.1654e+00 -4.7223e-03 -1.6075e+00
2215 +8.357170600e-07 +8.357170600e-07 +1.322900008e+02 +1.322900008e+02 -2.1626e+00 -9.3551e-03 -1.6112e+00
2322 +3.312235890e-07 +3.312235890e-07 +1.322900003e+02 +1.322900003e+02 -2.1645e+00 -3.0989e-02 -1.6061e+00
2514 +2.223713977e-07 +2.223713977e-07 +1.322900002e+02 +1.322900002e+02 -2.1598e+00 -9.0816e-02 -1.5962e+00
2612 +1.413497728e-07 +1.413497728e-07 +1.322900001e+02 +1.322900001e+02 -2.1681e+00 -4.9109e-02 -1.6011e+00
2732 +8.832481058e-08 +8.832481058e-08 +1.322900001e+02 +1.322900001e+02 -2.1670e+00 -1.0576e-01 -1.5936e+00
2775 +5.065962227e-08 +5.065962227e-08 +1.322900001e+02 +1.322900001e+02 -2.1735e+00 -1.0829e-01 -1.5911e+00
2827 +2.112986408e-08 +2.112986408e-08 +1.322900000e+02 +1.322900000e+02 -2.1695e+00 -8.0784e-02 -1.5952e+00
2859 +1.235554237e-08 +1.235554237e-08 +1.322900000e+02 +1.322900000e+02 -2.1693e+00 -9.0982e-02 -1.5933e+00
2915 +2.758781648e-09 +2.758781648e-09 +1.322900000e+02 +1.322900000e+02 -2.1732e+00 -1.0420e-01 -1.5902e+00
% function evaluation | noise-free fitness - Fopt (-4.871000000000e+01) | best noise-free fitness - Fopt | measured fitness | best measured fitness | x1 | x2...
1 +8.601854728e+00 +8.601854728e+00 -4.010814527e+01 -4.010814527e+01 +4.5351e+00 +1.8029e+00 +4.8840e-01
140 +3.378891224e+00 +3.378891224e+00 -4.533110878e+01 -4.533110878e+01 +4.1696e+00 -1.6911e+00 -1.1923e+00
163 +6.344635119e-01 +6.344635119e-01 -4.807553649e+01 -4.807553649e+01 +3.2939e+00 +1.4758e+00 +2.9838e-01
233 +3.958154866e-01 +3.958154866e-01 -4.831418451e+01 -4.831418451e+01 +3.8668e+00 +3.0934e+00 +9.3035e-01
273 +2.000844188e-01 +2.000844188e-01 -4.850991558e+01 -4.850991558e+01 +3.5832e+00 +1.5698e+00 +3.1532e-01
453 +1.388914979e-01 +1.388914979e-01 -4.857110850e+01 -4.857110850e+01 +3.7993e+00 +1.8099e+00 +3.6798e-01
570 +8.960587699e-02 +8.960587699e-02 -4.862039412e+01 -4.862039412e+01 +3.9451e+00 +2.1701e+00 +4.4913e-01
627 +4.945046610e-02 +4.945046610e-02 -4.866054953e+01 -4.866054953e+01 +3.9933e+00 +3.2054e+00 +8.1945e-01
633 +1.196632317e-02 +1.196632317e-02 -4.869803368e+01 -4.869803368e+01 +3.6749e+00 +2.6488e+00 +7.0788e-01
1046 +3.903280902e-03 +3.903280902e-03 -4.870609672e+01 -4.870609672e+01 +3.7247e+00 +2.8646e+00 +7.7595e-01
1588 +2.004145820e-03 +2.004145820e-03 -4.870799585e+01 -4.870799585e+01 +3.6858e+00 +3.1230e+00 +8.7817e-01
1675 +1.259474863e-03 +1.259474863e-03 -4.870874053e+01 -4.870874053e+01 +3.6929e+00 +3.1292e+00 +8.9747e-01
1733 +9.586541535e-04 +9.586541535e-04 -4.870904135e+01 -4.870904135e+01 +3.6885e+00 +3.1808e+00 +9.1965e-01
2092 +5.070201950e-04 +5.070201950e-04 -4.870949298e+01 -4.870949298e+01 +3.6752e+00 +3.3148e+00 +9.6935e-01
2142 +2.445906627e-04 +2.445906627e-04 -4.870975541e+01 -4.870975541e+01 +3.6739e+00 +3.4082e+00 +1.0102e+00
2192 +1.563773485e-04 +1.563773485e-04 -4.870984362e+01 -4.870984362e+01 +3.6729e+00 +3.4821e+00 +1.0426e+00
2292 +8.412678668e-05 +8.412678668e-05 -4.870991587e+01 -4.870991587e+01 +3.6715e+00 +3.5871e+00 +1.0885e+00
2316 +2.425408310e-05 +2.425408310e-05 -4.870997575e+01 -4.870997575e+01 +3.6357e+00 +3.6400e+00 +1.1166e+00
2365 +7.139760946e-06 +7.139760946e-06 -4.870999286e+01 -4.870999286e+01 +3.6320e+00 +3.7072e+00 +1.1456e+00
2366 +5.351124550e-06 +5.351124550e-06 -4.870999465e+01 -4.870999465e+01 +3.6363e+00 +3.7566e+00 +1.1670e+00
2406 +2.187118703e-06 +2.187118703e-06 -4.870999781e+01 -4.870999781e+01 +3.6225e+00 +3.7422e+00 +1.1692e+00
2415 +2.017734388e-07 +2.017734388e-07 -4.870999980e+01 -4.870999980e+01 +3.6017e+00 +3.8052e+00 +1.1985e+00
2676 +7.392139878e-08 +7.392139878e-08 -4.870999993e+01 -4.870999993e+01 +3.5914e+00 +3.8656e+00 +1.2290e+00
2867 +1.139218853e-08 +1.139218853e-08 -4.870999999e+01 -4.870999999e+01 +3.5932e+00 +3.8794e+00 +1.2324e+00
3227 +7.577227734e-10 +7.577227734e-10 -4.871000000e+01 -4.871000000e+01 +3.5976e+00 +3.8873e+00 +1.2340e+00
% function evaluation | noise-free fitness - Fopt (-2.833000000000e+01) | best noise-free fitness - Fopt | measured fitness | best measured fitness | x1 | x2...
1 +6.067355895e+01 +6.067355895e+01 +3.234355895e+01 +3.234355895e+01 -3.5129e+00 -5.9084e-01 -1.0973e-01
4 +6.450528073e+00 +6.450528073e+00 -2.187947193e+01 -2.187947193e+01 +4.3149e+00 -3.5382e+00 -1.9614e+00
27 +2.404864832e+00 +2.404864832e+00 -2.592513517e+01 -2.592513517e+01 +1.5384e+00 -6.1799e-01 +2.0793e+00
151 +5.390020368e-01 +5.390020368e-01 -2.779099796e+01 -2.779099796e+01 +2.8168e+00 +1.3577e+00 +3.0878e+00
299 +3.852541533e-01 +3.852541533e-01 -2.794474585e+01 -2.794474585e+01 +1.4775e+00 +2.5533e-01 +2.1344e+00
301 +4.206483926e-03 +4.206483926e-03 -2.832579352e+01 -2.832579352e+01 +1.5227e+00 +8.5133e-01 +2.3834e+00
725 +1.791049076e-03 +1.791049076e-03 -2.832820895e+01 -2.832820895e+01 +1.5659e+00 +9.7180e-01 +2.3796e+00
917 +7.274962917e-04 +7.274962917e-04 -2.832927250e+01 -2.832927250e+01 +1.5779e+00 +9.0731e-01 +2.3886e+00
987 +2.567323312e-05 +2.567323312e-05 -2.832997433e+01 -2.832997433e+01 +1.8563e+00 +1.2488e+00 +2.6036e+00
1328 +2.373762061e-05 +2.373762061e-05 -2.832997626e+01 -2.832997626e+01 +1.9348e+00 +1.2320e+00 +2.6368e+00
1340 +4.771375544e-07 +4.771375544e-07 -2.832999952e+01 -2.832999952e+01 +1.9310e+00 +1.2879e+00 +2.6528e+00
1827 +1.277809787e-07 +1.277809787e-07 -2.832999987e+01 -2.832999987e+01 +1.9515e+00 +1.2889e+00 +2.6647e+00
2297 +6.014997922e-08 +6.014997922e-08 -2.832999994e+01 -2.832999994e+01 +1.9617e+00 +1.3015e+00 +2.6697e+00
2709 +3.243037128e-08 +3.243037128e-08 -2.832999997e+01 -2.832999997e+01 +1.9726e+00 +1.3119e+00 +2.6777e+00
2743 +3.610370669e-09 +3.610370669e-09 -2.833000000e+01 -2.833000000e+01 +1.9791e+00 +1.3293e+00 +2.6849e+00
% function evaluation | noise-free fitness - Fopt (-1.516100000000e+02) | best noise-free fitness - Fopt | measured fitness | best measured fitness | x1 | x2...
1 +1.094185198e+01 +1.094185198e+01 -1.406681480e+02 -1.406681480e+02 +1.7535e+00 +3.3087e+00 -3.7740e+00
91 +9.138187503e+00 +9.138187503e+00 -1.424718125e+02 -1.424718125e+02 -1.0430e+00 -3.9786e+00 -2.1685e+00
137 +4.638267173e+00 +4.638267173e+00 -1.469717328e+02 -1.469717328e+02 +6.0032e-01 -2.5921e+00 -1.3138e+00
183 +3.160015214e+00 +3.160015214e+00 -1.484499848e+02 -1.484499848e+02 -1.2491e+00 -3.1036e+00 -2.0327e+00
419 +2.173334421e+00 +2.173334421e+00 -1.494366656e+02 -1.494366656e+02 -7.5733e-01 -3.3352e+00 -1.7746e+00
4548 +1.548278162e+00 +1.548278162e+00 -1.500617218e+02 -1.500617218e+02 +2.2527e-01 +1.6016e+00 +4.7735e+00
4676 +6.291362469e-01 +6.291362469e-01 -1.509808638e+02 -1.509808638e+02 +1.1130e-01 +1.4872e+00 +5.0000e+00
6908 +3.883250294e-01 +3.883250294e-01 -1.512216750e+02 -1.512216750e+02 -2.1024e-01 +1.5283e+00 +4.8098e+00
7175 +2.484955044e-01 +2.484955044e-01 -1.513615045e+02 -1.513615045e+02 -4.5482e-01 +1.5285e+00 +4.7631e+00
7387 +1.577983927e-01 +1.577983927e-01 -1.514522016e+02 -1.514522016e+02 -7.3455e-01 +1.5252e+00 +4.7192e+00
7858 +9.840387726e-02 +9.840387726e-02 -1.515115961e+02 -1.515115961e+02 -1.4177e+00 +1.5302e+00 +4.6366e+00
8308 +6.179579535e-02 +6.179579535e-02 -1.515482042e+02 -1.515482042e+02 -1.7178e+00 +1.5332e+00 +4.5601e+00
8758 +3.884445304e-02 +3.884445304e-02 -1.515711555e+02 -1.515711555e+02 -1.7915e+00 +1.5315e+00 +4.4722e+00
8976 +2.483278489e-02 +2.483278489e-02 -1.515851672e+02 -1.515851672e+02 -1.8990e+00 +1.5296e+00 +4.4011e+00
9150 +1.535545573e-02 +1.535545573e-02 -1.515946445e+02 -1.515946445e+02 -2.0199e+00 +1.5079e+00 +4.3279e+00
9303 +7.680259033e-03 +7.680259033e-03 -1.516023197e+02 -1.516023197e+02 -2.2150e+00 +1.5114e+00 +4.2200e+00
9353 +5.427668830e-03 +5.427668830e-03 -1.516045723e+02 -1.516045723e+02 -2.2709e+00 +1.5097e+00 +4.1957e+00
9403 +3.659774694e-03 +3.659774694e-03 -1.516063402e+02 -1.516063402e+02 -2.3882e+00 +1.4973e+00 +4.1469e+00
9503 +1.815342577e-03 +1.815342577e-03 -1.516081847e+02 -1.516081847e+02 -2.5632e+00 +1.4915e+00 +4.0725e+00
9506 +1.244068249e-03 +1.244068249e-03 -1.516087559e+02 -1.516087559e+02 -2.6028e+00 +1.4978e+00 +4.0776e+00
9553 +9.730724193e-04 +9.730724193e-04 -1.516090269e+02 -1.516090269e+02 -2.6489e+00 +1.4960e+00 +4.0483e+00
9603 +6.048861273e-04 +6.048861273e-04 -1.516093951e+02 -1.516093951e+02 -2.7887e+00 +1.4979e+00 +4.0310e+00
9614 +2.760555866e-04 +2.760555866e-04 -1.516097239e+02 -1.516097239e+02 -2.9069e+00 +1.4915e+00 +4.0051e+00
9653 +2.429664179e-04 +2.429664179e-04 -1.516097570e+02 -1.516097570e+02 -2.9412e+00 +1.4985e+00 +4.0092e+00
9664 +1.166029097e-04 +1.166029097e-04 -1.516098834e+02 -1.516098834e+02 -3.0128e+00 +1.4902e+00 +3.9662e+00
9703 +9.430976044e-05 +9.430976044e-05 -1.516099057e+02 -1.516099057e+02 -3.0837e+00 +1.4987e+00 +3.9670e+00
9714 +4.238141904e-05 +4.238141904e-05 -1.516099576e+02 -1.516099576e+02 -3.0967e+00 +1.4891e+00 +3.9353e+00
9753 +1.283356971e-05 +1.283356971e-05 -1.516099872e+02 -1.516099872e+02 -3.2029e+00 +1.4941e+00 +3.9107e+00
9803 +6.678784814e-07 +6.678784814e-07 -1.516099993e+02 -1.516099993e+02 -3.2973e+00 +1.4890e+00 +3.8627e+00
9853 +1.802445979e-07 +1.802445979e-07 -1.516099998e+02 -1.516099998e+02 -3.3720e+00 +1.4849e+00 +3.8246e+00
9906 +4.816200772e-08 +4.816200772e-08 -1.516100000e+02 -1.516100000e+02 -3.4351e+00 +1.4872e+00 +3.8306e+00
9981 +6.038987976e-09 +6.038987976e-09 -1.516100000e+02 -1.516100000e+02 -3.4281e+00 +1.4851e+00 +3.8169e+00
% function evaluation | noise-free fitness - Fopt (-1.069900000000e+02) | best noise-free fitness - Fopt | measured fitness | best measured fitness | x1 | x2...
1 +5.815111550e+01 +5.815111550e+01 -4.883888450e+01 -4.883888450e+01 +2.8060e+00 +9.4751e-01 -4.3531e+00
9 +2.947093498e+01 +2.947093498e+01 -7.751906502e+01 -7.751906502e+01 -2.7225e+00 +3.4223e+00 +3.2529e+00
11 +1.348636218e+01 +1.348636218e+01 -9.350363782e+01 -9.350363782e+01 -2.6334e+00 +3.7662e+00 -5.0962e-01
110 +8.044218253e+00 +8.044218253e+00 -9.894578175e+01 -9.894578175e+01 -3.4699e+00 +2.9475e+00 -1.9106e+00
166 +1.901712053e+00 +1.901712053e+00 -1.050882879e+02 -1.050882879e+02 -3.4278e+00 -9.9313e-02 +1.6617e+00
319 +4.727284839e-02 +4.727284839e-02 -1.069427272e+02 -1.069427272e+02 -2.5319e+00 -6.5537e-01 +6.3745e-01
519 +3.001611678e-02 +3.001611678e-02 -1.069599839e+02 -1.069599839e+02 -2.5044e+00 -6.1926e-01 +6.7520e-01
613 +1.911498050e-02 +1.911498050e-02 -1.069708850e+02 -1.069708850e+02 -2.1981e+00 -7.5252e-01 +3.8806e-01
701 +5.667890811e-03 +5.667890811e-03 -1.069843321e+02 -1.069843321e+02 -2.1202e+00 -5.9811e-01 +4.6468e-01
1001 +3.690633594e-03 +3.690633594e-03 -1.069863094e+02 -1.069863094e+02 -2.0242e+00 -5.9050e-01 +4.8186e-01
1299 +9.383647738e-04 +9.383647738e-04 -1.069890616e+02 -1.069890616e+02 -1.9511e+00 -6.5681e-01 +3.2705e-01
1561 +2.310560615e-04 +2.310560615e-04 -1.069897689e+02 -1.069897689e+02 -1.7637e+00 -7.0859e-01 +1.5826e-01
1888 +1.066476399e-04 +1.066476399e-04 -1.069898934e+02 -1.069898934e+02 -1.6961e+00 -7.3237e-01 +8.7243e-02
1901 +8.699720630e-05 +8.699720630e-05 -1.069899130e+02 -1.069899130e+02 -1.6782e+00 -7.4952e-01 +6.2604e-02
2008 +4.104811781e-05 +4.104811781e-05 -1.069899590e+02 -1.069899590e+02 -1.6592e+00 -7.6188e-01 +3.0428e-02
2273 +2.516193564e-05 +2.516193564e-05 -1.069899748e+02 -1.069899748e+02 -1.5726e+00 -7.7866e-01 -5.0819e-02
2334 +2.487979090e-05 +2.487979090e-05 -1.069899751e+02 -1.069899751e+02 -1.6063e+00 -7.7585e-01 -2.4984e-02
2416 +6.642757199e-06 +6.642757199e-06 -1.069899934e+02 -1.069899934e+02 -1.5606e+00 -7.9702e-01 -7.7784e-02
2453 +2.468355660e-06 +2.468355660e-06 -1.069899975e+02 -1.069899975e+02 -1.5215e+00 -8.2457e-01 -1.3556e-01
3314 +1.494620719e-06 +1.494620719e-06 -1.069899985e+02 -1.069899985e+02 -1.5196e+00 -8.1447e-01 -1.1659e-01
3579 +7.454093804e-07 +7.454093804e-07 -1.069899993e+02 -1.069899993e+02 -1.5041e+00 -8.1600e-01 -1.2975e-01
3713 +5.697024505e-07 +5.697024505e-07 -1.069899994e+02 -1.069899994e+02 -1.4906e+00 -8.2136e-01 -1.4117e-01
3811 +3.807841722e-07 +3.807841722e-07 -1.069899996e+02 -1.069899996e+02 -1.4931e+00 -8.2269e-01 -1.4337e-01
3825 +1.917635615e-07 +1.917635615e-07 -1.069899998e+02 -1.069899998e+02 -1.4842e+00 -8.2869e-01 -1.5804e-01
3953 +1.575043456e-07 +1.575043456e-07 -1.069899998e+02 -1.069899998e+02 -1.4781e+00 -8.2912e-01 -1.6238e-01
4037 +4.726909708e-08 +4.726909708e-08 -1.069900000e+02 -1.069900000e+02 -1.4630e+00 -8.3340e-01 -1.7486e-01
4087 +3.858070841e-08 +3.858070841e-08 -1.069900000e+02 -1.069900000e+02 -1.4607e+00 -8.3545e-01 -1.8001e-01
4142 +1.245332726e-08 +1.245332726e-08 -1.069900000e+02 -1.069900000e+02 -1.4537e+00 -8.3753e-01 -1.8557e-01
4192 +9.650932498e-09 +9.650932498e-09 -1.069900000e+02 -1.069900000e+02 -1.4480e+00 -8.3953e-01 -1.9107e-01
% function evaluation | noise-free fitness - Fopt (1.000300000000e+02) | best noise-free fitness - Fopt | measured fitness | best measured fitness | x1 | x2...
1 +6.461634719e+01 +6.461634719e+01 +1.646463472e+02 +1.646463472e+02 -1.8517e+00 +2.8661e+00 +8.7312e-02
2 +6.182668590e+01 +6.182668590e+01 +1.618566859e+02 +1.618566859e+02 +3.8782e+00 +1.2366e+00 -3.4722e+00
13 +1.687816595e+01 +1.687816595e+01 +1.169081660e+02 +1.169081660e+02 -4.0257e+00 -3.1753e+00 +2.4873e+00
16 +9.335082629e+00 +9.335082629e+00 +1.093650826e+02 +1.093650826e+02 +2.1566e+00 -3.1080e+00 -1.2609e+00
90 +2.349220549e-01 +2.349220549e-01 +1.002649221e+02 +1.002649221e+02 -1.2388e+00 -2.1581e+00 -2.9788e-01
401 +2.344952345e-02 +2.344952345e-02 +1.000534495e+02 +1.000534495e+02 -7.0094e-01 -2.4069e+00 -4.8210e-01
423 +1.408487581e-02 +1.408487581e-02 +1.000440849e+02 +1.000440849e+02 -8.2475e-01 -1.8323e+00 -4.2818e-02
774 +6.574623459e-03 +6.574623459e-03 +1.000365746e+02 +1.000365746e+02 -7.9306e-01 -1.9111e+00 -1.1198e-01
816 +3.007609519e-03 +3.007609519e-03 +1.000330076e+02 +1.000330076e+02 -9.8728e-01 -1.9514e+00 -8.6168e-02
924 +2.136727366e-03 +2.136727366e-03 +1.000321367e+02 +1.000321367e+02 -1.0663e+00 -1.9924e+00 -1.0844e-01
932 +8.210828371e-04 +8.210828371e-04 +1.000308211e+02 +1.000308211e+02 -1.0304e+00 -1.9161e+00 -6.8425e-02
1042 +3.494269599e-04 +3.494269599e-04 +1.000303494e+02 +1.000303494e+02 -1.2217e+00 -1.6827e+00 +9.3239e-02
1258 +2.339083349e-05 +2.339083349e-05 +1.000300234e+02 +1.000300234e+02 -1.2667e+00 -1.7477e+00 +6.9824e-02
2257 +1.435544921e-05 +1.435544921e-05 +1.000300144e+02 +1.000300144e+02 -1.3055e+00 -1.7195e+00 +9.9379e-02
2307 +9.591366421e-06 +9.591366421e-06 +1.000300096e+02 +1.000300096e+02 -1.3130e+00 -1.7191e+00 +9.9507e-02
2547 +6.252584015e-06 +6.252584015e-06 +1.000300063e+02 +1.000300063e+02 -1.3275e+00 -1.6979e+00 +1.1073e-01
2903 +3.973610120e-06 +3.973610120e-06 +1.000300040e+02 +1.000300040e+02 -1.3342e+00 -1.6899e+00 +1.1847e-01
2988 +1.856724452e-06 +1.856724452e-06 +1.000300019e+02 +1.000300019e+02 -1.3507e+00 -1.6750e+00 +1.3066e-01
3159 +1.187147106e-06 +1.187147106e-06 +1.000300012e+02 +1.000300012e+02 -1.3748e+00 -1.6639e+00 +1.4273e-01
3285 +9.515856334e-07 +9.515856334e-07 +1.000300010e+02 +1.000300010e+02 -1.3746e+00 -1.6615e+00 +1.4495e-01
3312 +6.119496874e-07 +6.119496874e-07 +1.000300006e+02 +1.000300006e+02 -1.3862e+00 -1.6548e+00 +1.5229e-01
3366 +3.972871099e-07 +3.972871099e-07 +1.000300004e+02 +1.000300004e+02 -1.3877e+00 -1.6437e+00 +1.5876e-01
3547 +2.200584106e-07 +2.200584106e-07 +1.000300002e+02 +1.000300002e+02 -1.4029e+00 -1.6266e+00 +1.7404e-01
3615 +1.405731354e-07 +1.405731354e-07 +1.000300001e+02 +1.000300001e+02 -1.4103e+00 -1.6317e+00 +1.7167e-01
3691 +5.794365165e-08 +5.794365165e-08 +1.000300001e+02 +1.000300001e+02 -1.4163e+00 -1.6248e+00 +1.7610e-01
4438 +2.446792280e-08 +2.446792280e-08 +1.000300000e+02 +1.000300000e+02 -1.4273e+00 -1.6120e+00 +1.8656e-01
4640 +1.567693175e-08 +1.567693175e-08 +1.000300000e+02 +1.000300000e+02 -1.4285e+00 -1.6137e+00 +1.8605e-01
4875 +9.514224075e-09 +9.514224075e-09 +1.000300000e+02 +1.000300000e+02 -1.4386e+00 -1.6100e+00 +1.9002e-01
4892 +3.393225256e-09 +3.393225256e-09 +1.000300000e+02 +1.000300000e+02 -1.4402e+00 -1.6048e+00 +1.9400e-01
% function evaluation | noise-free fitness - Fopt (-2.788900000000e+02) | best noise-free fitness - Fopt | measured fitness | best measured fitness | x1 | x2...
1 +7.309776955e+01 +7.309776955e+01 -2.057922305e+02 -2.057922305e+02 -4.9333e-01 +3.1384e+00 +3.1955e+00
2 +5.260628152e+01 +5.260628152e+01 -2.262837185e+02 -2.262837185e+02 +3.2563e+00 +1.2897e+00 -2.5458e+00
6 +9.356137569e+00 +9.356137569e+00 -2.695338624e+02 -2.695338624e+02 -1.1687e+00 -4.8110e+00 +2.3516e+00
20 +1.802316990e+00 +1.802316990e+00 -2.770876830e+02 -2.770876830e+02 -1.5549e+00 -3.9703e+00 -2.6347e-01
175 +8.080200504e-02 +8.080200504e-02 -2.788091980e+02 -2.788091980e+02 -3.7981e+00 -3.4384e+00 -2.5168e-01
213 +4.307522120e-02 +4.307522120e-02 -2.788469248e+02 -2.788469248e+02 -3.6525e+00 -3.3441e+00 -3.2092e-01
294 +1.235315700e-04 +1.235315700e-04 -2.788898765e+02 -2.788898765e+02 -3.7091e+00 -3.4948e+00 +1.4263e-02
747 +3.103612687e-05 +3.103612687e-05 -2.788899690e+02 -2.788899690e+02 -3.7164e+00 -3.4857e+00 -8.3149e-03
1024 +6.598473362e-06 +6.598473362e-06 -2.788899934e+02 -2.788899934e+02 -3.7459e+00 -3.4796e+00 -3.0197e-02
1304 +5.132958904e-06 +5.132958904e-06 -2.788899949e+02 -2.788899949e+02 -3.7413e+00 -3.4746e+00 -2.9305e-02
1422 +4.799827593e-07 +4.799827593e-07 -2.788899995e+02 -2.788899995e+02 -3.7847e+00 -3.4520e+00 -5.5340e-02
1857 +3.396933153e-07 +3.396933153e-07 -2.788899997e+02 -2.788899997e+02 -3.9086e+00 -3.3971e+00 -9.5392e-02
1872 +1.709356638e-07 +1.709356638e-07 -2.788899998e+02 -2.788899998e+02 -3.8118e+00 -3.4445e+00 -5.7024e-02
2168 +1.568525363e-07 +1.568525363e-07 -2.788899998e+02 -2.788899998e+02 -3.8111e+00 -3.4428e+00 -5.9951e-02
2760 +8.236202120e-08 +8.236202120e-08 -2.788899999e+02 -2.788899999e+02 -3.8218e+00 -3.4401e+00 -6.1358e-02
2810 +6.114345297e-08 +6.114345297e-08 -2.788899999e+02 -2.788899999e+02 -3.8253e+00 -3.4388e+00 -6.1801e-02
3007 +4.371827345e-10 +4.371827345e-10 -2.788900000e+02 -2.788900000e+02 -3.8799e+00 -3.4144e+00 -7.9961e-02
% function evaluation | noise-free fitness - Fopt (5.142200000000e+02) | best noise-free fitness - Fopt | measured fitness | best measured fitness | x1 | x2...
1 +4.554166700e+01 +4.554166700e+01 +5.597616670e+02 +5.597616670e+02 +3.6137e+00 +2.5388e+00 +2.7495e+00
5 +3.758376087e+01 +3.758376087e+01 +5.518037609e+02 +5.518037609e+02 -4.1940e-01 +2.7434e+00 -1.8205e+00
24 +2.395857838e+01 +2.395857838e+01 +5.381785784e+02 +5.381785784e+02 -1.6456e+00 +6.3734e-01 +3.0228e+00
60 +1.031007895e+01 +1.031007895e+01 +5.245300789e+02 +5.245300789e+02 -3.0586e+00 +1.6355e+00 +5.0000e+00
66 +5.890820587e+00 +5.890820587e+00 +5.201108206e+02 +5.201108206e+02 +1.3486e+00 -2.7961e+00 -1.5458e+00
115 +3.194154505e+00 +3.194154505e+00 +5.174141545e+02 +5.174141545e+02 +7.2769e-03 +3.8159e+00 +2.8867e+00
192 +2.445566449e+00 +2.445566449e+00 +5.166655664e+02 +5.166655664e+02 -1.8138e+00 +4.2347e-01 +1.3141e+00
543 +1.044192808e+00 +1.044192808e+00 +5.152641928e+02 +5.152641928e+02 -6.5900e-01 +2.1881e-01 +1.8177e+00
614 +9.370794552e-01 +9.370794552e-01 +5.151570795e+02 +5.151570795e+02 -8.2871e-01 +5.1431e-01 +1.4371e+00
% function evaluation | noise-free fitness - Fopt (6.098800000000e+02) | best noise-free fitness - Fopt | measured fitness | best measured fitness | x1 | x2...
1 +7.630678415e+01 +7.630678415e+01 +6.861867842e+02 +6.861867842e+02 -4.7845e+00 +4.5478e+00 -4.2693e+00
3 +5.241894049e+01 +5.241894049e+01 +6.622989405e+02 +6.622989405e+02 -3.1833e+00 +8.8996e-01 +2.8140e+00
15 +3.583487967e+01 +3.583487967e+01 +6.457148797e+02 +6.457148797e+02 +3.3169e+00 -4.3858e+00 -1.8583e+00
25 +2.187275265e+01 +2.187275265e+01 +6.317527527e+02 +6.317527527e+02 -2.4460e+00 +3.0092e+00 -2.9117e+00
48 +8.972457119e+00 +8.972457119e+00 +6.188524571e+02 +6.188524571e+02 -7.5764e-01 +3.4783e+00 -1.6745e+00
209 +9.223070771e-01 +9.223070771e-01 +6.108023071e+02 +6.108023071e+02 -5.0000e+00 +4.0382e+00 -5.4298e-01
