% function evaluation | noise-free fitness - Fopt (-5.465000000000e+02) | best noise-free fitness - Fopt | measured fitness | best measured fitness | x1 | x2...
1 +2.780493566e+04 +2.780493566e+04 +2.725843566e+04 +2.725843566e+04 -2.1506e+00 -1.9989e+00
2 +3.869078626e+03 +3.869078626e+03 +3.322578626e+03 +3.322578626e+03 -1.7130e+00 -2.3565e-01
4 +2.494004869e+03 +2.494004869e+03 +1.947504869e+03 +1.947504869e+03 +1.8435e-01 +3.5912e+00
7 +4.636482798e+00 +4.636482798e+00 -5.418635172e+02 -5.418635172e+02 +9.8944e-01 +2.0327e+00
11 +3.756264170e+00 +3.756264170e+00 -5.427437358e+02 -5.427437358e+02 -3.8633e-01 +2.4375e+00
17 +1.949080835e+00 +1.949080835e+00 -5.445509192e+02 -5.445509192e+02 -1.2098e+00 +2.3162e+00
53 +1.542481197e+00 +1.542481197e+00 -5.449575188e+02 -5.449575188e+02 -1.1549e+00 +2.3489e+00
565 +7.326431344e-01 +7.326431344e-01 -5.457673569e+02 -5.457673569e+02 -2.1764e+00 +2.1368e+00
1156 +2.731128804e-01 +2.731128804e-01 -5.462268871e+02 -5.462268871e+02 -2.1936e+00 +2.0652e+00
1853 +2.330414426e-01 +2.330414426e-01 -5.462669586e+02 -5.462669586e+02 -2.1690e+00 +2.1115e+00
2684 +1.934228740e-03 +1.934228740e-03 -5.464980658e+02 -5.464980658e+02 -2.0983e+00 +2.1083e+00
14577 +3.676806438e-04 +3.676806438e-04 -5.464996323e+02 -5.464996323e+02 -2.1012e+00 +2.1055e+00
% function evaluation | noise-free fitness - Fopt (1.000000000000e+03) | best noise-free fitness - Fopt | measured fitness | best measured fitness | x1 | x2...
1 +7.607188921e+03 +7.607188921e+03 +8.607188921e+03 +8.607188921e+03 +4.0157e+00 +8.8546e-01
2 +2.053520804e+02 +2.053520804e+02 +1.205352080e+03 +1.205352080e+03 +1.4675e+00 +3.3483e+00
7 +3.670438916e+00 +3.670438916e+00 +1.003670439e+03 +1.003670439e+03 -1.4078e+00 +2.2417e+00
268 +2.406379730e+00 +2.406379730e+00 +1.002406380e+03 +1.002406380e+03 -8.3412e-01 +1.2741e+00
294 +1.176927095e+00 +1.176927095e+00 +1.001176927e+03 +1.001176927e+03 +1.3941e+00 +2.9478e+00
1739 +7.443785239e-01 +7.443785239e-01 +1.000744379e+03 +1.000744379e+03 -1.9534e+00 +2.1143e+00
1782 +3.261366034e-01 +3.261366034e-01 +1.000326137e+03 +1.000326137e+03 -1.9926e+00 +2.1242e+00
1883 +1.256721012e-01 +1.256721012e-01 +1.000125672e+03 +1.000125672e+03 -2.1558e+00 +2.1076e+00
3313 +6.228240772e-02 +6.228240772e-02 +1.000062282e+03 +1.000062282e+03 -2.0917e+00 +2.1233e+00
3407 +2.474301758e-02 +2.474301758e-02 +1.000024743e+03 +1.000024743e+03 -2.0748e+00 +2.1095e+00
3657 +1.368097050e-02 +1.368097050e-02 +1.000013681e+03 +1.000013681e+03 -2.0819e+00 +2.1119e+00
4107 +7.697608781e-03 +7.697608781e-03 +1.000007698e+03 +1.000007698e+03 -2.0990e+00 +2.1115e+00
5505 +1.181982825e-03 +1.181982825e-03 +1.000001182e+03 +1.000001182e+03 -2.1063e+00 +2.1066e+00
8405 +8.276660930e-04 +8.276660930e-04 +1.000000828e+03 +1.000000828e+03 -2.1054e+00 +2.1029e+00
9105 +5.286541136e-04 +5.286541136e-04 +1.000000529e+03 +1.000000529e+03 -2.1009e+00 +2.1051e+00
9705 +2.671459823e-04 +2.671459823e-04 +1.000000267e+03 +1.000000267e+03 -2.1017e+00 +2.1059e+00
13641 +6.068460254e-05 +6.068460254e-05 +1.000000061e+03 +1.000000061e+03 -2.1057e+00 +2.1042e+00
18155 +2.153918604e-05 +2.153918604e-05 +1.000000022e+03 +1.000000022e+03 -2.1040e+00 +2.1052e+00
18855 +1.495089566e-05 +1.495089566e-05 +1.000000015e+03 +1.000000015e+03 -2.1044e+00 +2.1048e+00
% function evaluation | noise-free fitness - Fopt (2.083800000000e+02) | best noise-free fitness - Fopt | measured fitness | best measured fitness | x1 | x2...
1 +3.381558861e+04 +3.381558861e+04 +3.402396861e+04 +3.402396861e+04 -3.8810e+00 +4.6598e+00
2 +1.053882955e+04 +1.053882955e+04 +1.074720955e+04 +1.074720955e+04 -4.1514e+00 +3.2549e+00
4 +2.362595412e+03 +2.362595412e+03 +2.570975412e+03 +2.570975412e+03 -3.9172e+00 -4.2904e-01
10 +5.100221519e+02 +5.100221519e+02 +7.184021519e+02 +7.184021519e+02 +2.0916e+00 +3.6350e+00
13 +6.526478851e+00 +6.526478851e+00 +2.149064789e+02 +2.149064789e+02 -1.6679e+00 +8.2985e-01
19 +2.983550956e+00 +2.983550956e+00 +2.113635510e+02 +2.113635510e+02 -1.0545e+00 +1.7864e+00
25 +2.511428128e+00 +2.511428128e+00 +2.108914281e+02 +2.108914281e+02 -9.2966e-01 +2.0794e+00
276 +3.998626308e-01 +3.998626308e-01 +2.087798626e+02 +2.087798626e+02 -2.1863e+00 +2.0536e+00
672 +3.048373303e-01 +3.048373303e-01 +2.086848373e+02 +2.086848373e+02 -2.0626e+00 +2.0828e+00
1301 +2.161254091e-01 +2.161254091e-01 +2.085961254e+02 +2.085961254e+02 -2.1966e+00 +2.0771e+00
2395 +1.074027631e-01 +1.074027631e-01 +2.084874028e+02 +2.084874028e+02 -2.0395e+00 +2.1233e+00
3066 +8.958755990e-03 +8.958755990e-03 +2.083889588e+02 +2.083889588e+02 -2.0861e+00 +2.1101e+00
8774 +9.548018864e-04 +9.548018864e-04 +2.083809548e+02 +2.083809548e+02 -2.1103e+00 +2.1044e+00
12418 +5.686597688e-04 +5.686597688e-04 +2.083805687e+02 +2.083805687e+02 -2.1077e+00 +2.1053e+00
13239 +3.817949120e-04 +3.817949120e-04 +2.083803818e+02 +2.083803818e+02 -2.1037e+00 +2.1063e+00
15047 +2.189277072e-04 +2.189277072e-04 +2.083802189e+02 +2.083802189e+02 -2.1070e+00 +2.1037e+00
16947 +1.192773355e-04 +1.192773355e-04 +2.083801193e+02 +2.083801193e+02 -2.1070e+00 +2.1042e+00
19853 +9.074741553e-05 +9.074741553e-05 +2.083800907e+02 +2.083800907e+02 -2.1031e+00 +2.1055e+00
% function evaluation | noise-free fitness - Fopt (-1.449600000000e+02) | best noise-free fitness - Fopt | measured fitness | best measured fitness | x1 | x2...
1 +1.336377815e+03 +1.336377815e+03 +1.191417815e+03 +1.191417815e+03 +4.3277e+00 -2.9910e+00
3 +8.636804839e+02 +8.636804839e+02 +7.187204839e+02 +7.187204839e+02 -3.1509e+00 +2.7446e-02
7 +4.134163453e+01 +4.134163453e+01 -1.036183655e+02 -1.036183655e+02 -1.1884e+00 -2.5521e+00
34 +3.762154694e+00 +3.762154694e+00 -1.411978453e+02 -1.411978453e+02 -2.4445e+00 -1.7108e+00
56 +1.212539687e+00 +1.212539687e+00 -1.437474603e+02 -1.437474603e+02 -2.0451e+00 -1.7641e+00
247 +1.649400162e-01 +1.649400162e-01 -1.447950600e+02 -1.447950600e+02 -2.0262e+00 -2.1177e+00
1076 +1.482675439e-01 +1.482675439e-01 -1.448117325e+02 -1.448117325e+02 -2.1373e+00 -2.0746e+00
2101 +8.409340958e-03 +8.409340958e-03 -1.449515907e+02 -1.449515907e+02 -2.0876e+00 -2.1072e+00
8506 +5.717293242e-03 +5.717293242e-03 -1.449542827e+02 -1.449542827e+02 -2.1091e+00 -2.0992e+00
10053 +7.751558171e-04 +7.751558171e-04 -1.449592248e+02 -1.449592248e+02 -2.1023e+00 -2.1070e+00
13552 +5.767685109e-04 +5.767685109e-04 -1.449594232e+02 -1.449594232e+02 -2.1001e+00 -2.1061e+00
17431 +1.110202419e-06 +1.110202419e-06 -1.449599989e+02 -1.449599989e+02 -2.1048e+00 -2.1048e+00
% function evaluation | noise-free fitness - Fopt (-6.300000000000e+00) | best noise-free fitness - Fopt | measured fitness | best measured fitness | x1 | x2...
1 +2.522926701e+00 +2.522926701e+00 -3.777073299e+00 -3.777073299e+00 -1.3975e+00 -1.9055e+00
108 +1.494067277e+00 +1.494067277e+00 -4.805932723e+00 -4.805932723e+00 +1.9920e+00 -1.7698e+00
742 +6.564049242e-01 +6.564049242e-01 -5.643595076e+00 -5.643595076e+00 +2.0839e+00 -2.1617e+00
816 +1.592454663e-01 +1.592454663e-01 -6.140754534e+00 -6.140754534e+00 +2.0684e+00 -2.1363e+00
1866 +7.042770884e-02 +7.042770884e-02 -6.229572291e+00 -6.229572291e+00 +2.0655e+00 -2.1259e+00
5348 +1.721426765e-03 +1.721426765e-03 -6.298278573e+00 -6.298278573e+00 +2.0984e+00 -2.1081e+00
10577 +9.289710531e-04 +9.289710531e-04 -6.299071029e+00 -6.299071029e+00 +2.0988e+00 -2.1065e+00
% function evaluation | noise-free fitness - Fopt (-2.206000000000e+01) | best noise-free fitness - Fopt | measured fitness | best measured fitness | x1 | x2...
1 +4.653568166e+03 +4.653568166e+03 +4.631508166e+03 +4.631508166e+03 -4.7231e+00 +4.7550e+00
2 +3.128615611e+03 +3.128615611e+03 +3.106555611e+03 +3.106555611e+03 -2.1054e+00 +8.1840e-01
6 +2.751983128e+00 +2.751983128e+00 -1.930801687e+01 -1.930801687e+01 -3.3060e-01 +2.7507e+00
44 +2.240802083e+00 +2.240802083e+00 -1.981919792e+01 -1.981919792e+01 +2.0690e+00 +1.4939e+00
246 +1.342520206e+00 +1.342520206e+00 -2.071747979e+01 -2.071747979e+01 +1.8652e+00 +2.1464e+00
639 +9.272811022e-01 +9.272811022e-01 -2.113271890e+01 -2.113271890e+01 +2.0649e+00 +1.0058e+00
2165 +2.847256048e-01 +2.847256048e-01 -2.177527440e+01 -2.177527440e+01 +1.9981e+00 +2.1267e+00
3044 +1.293120030e-01 +1.293120030e-01 -2.193068800e+01 -2.193068800e+01 +2.1590e+00 +2.1061e+00
3210 +3.515292620e-02 +3.515292620e-02 -2.202484707e+01 -2.202484707e+01 +2.1399e+00 +2.0920e+00
3880 +1.651902749e-02 +1.651902749e-02 -2.204348097e+01 -2.204348097e+01 +2.0868e+00 +2.1036e+00
5530 +6.185159861e-03 +6.185159861e-03 -2.205381484e+01 -2.205381484e+01 +2.1150e+00 +2.1061e+00
6130 +9.235116915e-04 +9.235116915e-04 -2.205907649e+01 -2.205907649e+01 +2.1022e+00 +2.1038e+00
14601 +3.815805012e-04 +3.815805012e-04 -2.205961842e+01 -2.205961842e+01 +2.1011e+00 +2.1054e+00
% function evaluation | noise-free fitness - Fopt (7.129000000000e+01) | best noise-free fitness - Fopt | measured fitness | best measured fitness | x1 | x2...
1 +7.455844412e+04 +7.455844412e+04 +7.462973412e+04 +7.462973412e+04 +4.4078e+00 -1.9982e+00
2 +5.799789823e+03 +5.799789823e+03 +5.871079823e+03 +5.871079823e+03 +1.4160e+00 +4.3133e+00
4 +2.139873669e+03 +2.139873669e+03 +2.211163669e+03 +2.211163669e+03 +4.8111e+00 +3.6072e+00
9 +6.306382045e+00 +6.306382045e+00 +7.759638204e+01 +7.759638204e+01 -1.3317e+00 +2.1354e+00
26 +1.582393672e+00 +1.582393672e+00 +7.287239367e+01 +7.287239367e+01 -2.3032e+00 +8.9635e-01
355 +9.541525576e-01 +9.541525576e-01 +7.224415256e+01 +7.224415256e+01 +1.4523e+00 +2.9608e+00
2957 +1.205725869e-02 +1.205725869e-02 +7.130205726e+01 +7.130205726e+01 -2.1184e+00 +2.1069e+00
4407 +1.812782178e-03 +1.812782178e-03 +7.129181278e+01 +7.129181278e+01 -2.0997e+00 +2.1083e+00
9157 +3.013429398e-04 +3.013429398e-04 +7.129030134e+01 +7.129030134e+01 -2.1018e+00 +2.1061e+00
% function evaluation | noise-free fitness - Fopt (-1.054000000000e+01) | best noise-free fitness - Fopt | measured fitness | best measured fitness | x1 | x2...
1 +6.220928296e+02 +6.220928296e+02 +6.115528296e+02 +6.115528296e+02 +3.7201e+00 -1.6065e-01
39 +1.917490187e+02 +1.917490187e+02 +1.812090187e+02 +1.812090187e+02 +1.9692e+00 -4.6530e-01
40 +5.096058785e+00 +5.096058785e+00 -5.443941215e+00 -5.443941215e+00 +5.6018e-01 -1.2506e+00
59 +3.163489108e+00 +3.163489108e+00 -7.376510892e+00 -7.376510892e+00 +1.8745e+00 -1.3494e+00
83 +7.420945363e-01 +7.420945363e-01 -9.797905464e+00 -9.797905464e+00 +2.1345e+00 -2.1521e+00
490 +3.440426403e-01 +3.440426403e-01 -1.019595736e+01 -1.019595736e+01 +2.1810e+00 -2.1140e+00
964 +1.581760023e-01 +1.581760023e-01 -1.038182400e+01 -1.038182400e+01 +2.0655e+00 -2.0928e+00
1014 +6.602890737e-02 +6.602890737e-02 -1.047397109e+01 -1.047397109e+01 +2.0611e+00 -2.1073e+00
1064 +5.715522143e-02 +5.715522143e-02 -1.048284478e+01 -1.048284478e+01 +2.0576e+00 -2.1188e+00
3649 +5.490747260e-03 +5.490747260e-03 -1.053450925e+01 -1.053450925e+01 +2.0904e+00 -2.1094e+00
4868 +2.986734235e-03 +2.986734235e-03 -1.053701327e+01 -1.053701327e+01 +2.0960e+00 -2.1091e+00
4968 +1.034770872e-03 +1.034770872e-03 -1.053896523e+01 -1.053896523e+01 +2.1009e+00 -2.1074e+00
5118 +9.271905711e-04 +9.271905711e-04 -1.053907281e+01 -1.053907281e+01 +2.1006e+00 -2.1073e+00
5618 +5.934035377e-04 +5.934035377e-04 -1.053940660e+01 -1.053940660e+01 +2.1020e+00 -2.1068e+00
% function evaluation | noise-free fitness - Fopt (3.860100000000e+02) | best noise-free fitness - Fopt | measured fitness | best measured fitness | x1 | x2...
1 +5.408851235e+04 +5.408851235e+04 +5.447452235e+04 +5.447452235e+04 -3.6407e-02 +2.4930e+00
2 +1.722979770e+04 +1.722979770e+04 +1.761580770e+04 +1.761580770e+04 +4.9676e+00 -3.4367e+00
6 +5.346372906e+03 +5.346372906e+03 +5.732382906e+03 +5.732382906e+03 +1.3939e+00 -3.5627e+00
7 +2.418851704e+03 +2.418851704e+03 +2.804861704e+03 +2.804861704e+03 -4.4249e-01 -3.6437e+00
9 +6.582928738e+02 +6.582928738e+02 +1.044302874e+03 +1.044302874e+03 -3.7762e+00 -3.2969e+00
16 +4.798114648e+00 +4.798114648e+00 +3.908081146e+02 +3.908081146e+02 -1.9911e+00 -1.9483e+00
54 +3.300048781e+00 +3.300048781e+00 +3.893100488e+02 +3.893100488e+02 +3.3527e-01 -1.6970e+00
117 +2.370986110e+00 +2.370986110e+00 +3.883809861e+02 +3.883809861e+02 +2.8604e-01 -2.5114e+00
478 +9.616284909e-01 +9.616284909e-01 +3.869716285e+02 +3.869716285e+02 -1.5022e+00 -2.9677e+00
866 +6.150325677e-02 +6.150325677e-02 +3.860715033e+02 +3.860715033e+02 +2.1227e+00 -2.0858e+00
3399 +2.999960779e-02 +2.999960779e-02 +3.860399996e+02 +3.860399996e+02 +2.0712e+00 -2.1158e+00
10109 +3.055172919e-03 +3.055172919e-03 +3.860130552e+02 +3.860130552e+02 +2.1126e+00 -2.1054e+00
11159 +4.936558065e-04 +4.936558065e-04 +3.860104937e+02 +3.860104937e+02 +2.1016e+00 -2.1047e+00
19073 +2.809532892e-04 +2.809532892e-04 +3.860102810e+02 +3.860102810e+02 +2.1016e+00 -2.1055e+00
% function evaluation | noise-free fitness - Fopt (-1.257000000000e+01) | best noise-free fitness - Fopt | measured fitness | best measured fitness | x1 | x2...
1 +5.952481571e+03 +5.952481571e+03 +5.939911571e+03 +5.939911571e+03 +4.8229e+00 +2.5241e+00
3 +4.389494111e+02 +4.389494111e+02 +4.263794111e+02 +4.263794111e+02 -3.5383e+00 +2.8627e+00
30 +3.555875517e+02 +3.555875517e+02 +3.430175517e+02 +3.430175517e+02 +3.2644e+00 +1.8534e-01
34 +4.052803970e+00 +4.052803970e+00 -8.517196030e+00 -8.517196030e+00 -1.8767e-01 +1.9782e+00
40 +3.433257072e+00 +3.433257072e+00 -9.136742928e+00 -9.136742928e+00 +6.4158e-01 +1.3505e+00
43 +2.118084378e+00 +2.118084378e+00 -1.045191562e+01 -1.045191562e+01 +2.1451e+00 +1.4396e+00
156 +1.089389453e+00 +1.089389453e+00 -1.148061055e+01 -1.148061055e+01 +2.0527e+00 +1.0165e+00
161 +8.138779372e-01 +8.138779372e-01 -1.175612206e+01 -1.175612206e+01 +2.0513e+00 +9.4985e-01
266 +5.476392740e-01 +5.476392740e-01 -1.202236073e+01 -1.202236073e+01 +2.2376e+00 +2.0503e+00
2007 +3.106951908e-01 +3.106951908e-01 -1.225930481e+01 -1.225930481e+01 +2.1945e+00 +2.1033e+00
2100 +2.646644302e-02 +2.646644302e-02 -1.254353356e+01 -1.254353356e+01 +2.0784e+00 +2.1055e+00
3987 +1.882598805e-02 +1.882598805e-02 -1.255117401e+01 -1.255117401e+01 +2.0792e+00 +2.1142e+00
5937 +1.280385744e-02 +1.280385744e-02 -1.255719614e+01 -1.255719614e+01 +2.0905e+00 +2.1029e+00
10629 +6.155949848e-03 +6.155949848e-03 -1.256384405e+01 -1.256384405e+01 +2.0924e+00 +2.1109e+00
11589 +2.959546941e-03 +2.959546941e-03 -1.256704045e+01 -1.256704045e+01 +2.1155e+00 +2.1016e+00
11939 +2.757061944e-04 +2.757061944e-04 -1.256972429e+01 -1.256972429e+01 +2.1079e+00 +2.1037e+00
16446 +1.301755425e-04 +1.301755425e-04 -1.256986982e+01 -1.256986982e+01 +2.1042e+00 +2.1057e+00
% function evaluation | noise-free fitness - Fopt (-1.270400000000e+02) | best noise-free fitness - Fopt | measured fitness | best measured fitness | x1 | x2...
1 +1.082675745e+05 +1.082675745e+05 +1.081405345e+05 +1.081405345e+05 +3.1197e+00 +3.2444e+00
3 +9.587350220e+01 +9.587350220e+01 -3.116649780e+01 -3.116649780e+01 -1.3467e-01 -9.8832e-01
26 +3.071664071e+00 +3.071664071e+00 -1.239683359e+02 -1.239683359e+02 -1.1105e+00 -1.7902e+00
190 +2.125188250e+00 +2.125188250e+00 -1.249148118e+02 -1.249148118e+02 -1.8940e+00 -1.8025e+00
208 +1.389226919e+00 +1.389226919e+00 -1.256507731e+02 -1.256507731e+02 -2.1551e+00 -2.1683e+00
336 +5.194861876e-01 +5.194861876e-01 -1.265205138e+02 -1.265205138e+02 -2.1967e+00 -2.1171e+00
623 +1.516578990e-01 +1.516578990e-01 -1.268883421e+02 -1.268883421e+02 -2.1692e+00 -2.1025e+00
693 +2.900782311e-02 +2.900782311e-02 -1.270109922e+02 -1.270109922e+02 -2.0709e+00 -2.1132e+00
4628 +1.534812885e-02 +1.534812885e-02 -1.270246519e+02 -1.270246519e+02 -2.1238e+00 -2.1051e+00
5653 +7.185430234e-03 +7.185430234e-03 -1.270328146e+02 -1.270328146e+02 -2.1078e+00 -2.1094e+00
6776 +4.774201568e-03 +4.774201568e-03 -1.270352258e+02 -1.270352258e+02 -2.1060e+00 -2.1089e+00
7126 +7.011074760e-05 +7.011074760e-05 -1.270399299e+02 -1.270399299e+02 -2.1034e+00 -2.1049e+00
% function evaluation | noise-free fitness - Fopt (-3.752000000000e+01) | best noise-free fitness - Fopt | measured fitness | best measured fitness | x1 | x2...
1 +1.930955249e+02 +1.930955249e+02 +1.555755249e+02 +1.555755249e+02 +3.1871e+00 -1.3919e+00
3 +3.759678012e+01 +3.759678012e+01 +7.678012193e-02 +7.678012193e-02 -2.8049e+00 -2.9931e+00
10 +4.920899183e+00 +4.920899183e+00 -3.259910082e+01 -3.259910082e+01 +2.3674e+00 -5.5541e-01
12 +1.687402327e+00 +1.687402327e+00 -3.583259767e+01 -3.583259767e+01 -5.6510e-01 -2.7503e+00
212 +1.551499041e+00 +1.551499041e+00 -3.596850096e+01 -3.596850096e+01 +2.1917e+00 -1.7732e+00
670 +2.565763417e-01 +2.565763417e-01 -3.726342366e+01 -3.726342366e+01 +2.0049e+00 -2.1366e+00
1046 +1.133654777e-01 +1.133654777e-01 -3.740663452e+01 -3.740663452e+01 +2.1695e+00 -2.0944e+00
1776 +8.816662342e-02 +8.816662342e-02 -3.743183338e+01 -3.743183338e+01 +2.1481e+00 -2.0812e+00
3326 +4.267327647e-02 +4.267327647e-02 -3.747732672e+01 -3.747732672e+01 +2.1275e+00 -2.0883e+00
3954 +2.599899650e-02 +2.599899650e-02 -3.749400100e+01 -3.749400100e+01 +2.1350e+00 -2.1008e+00
5426 +1.140297039e-02 +1.140297039e-02 -3.750859703e+01 -3.750859703e+01 +2.1168e+00 -2.0963e+00
6566 +3.756780746e-03 +3.756780746e-03 -3.751624322e+01 -3.751624322e+01 +2.0963e+00 -2.1097e+00
% function evaluation | noise-free fitness - Fopt (-3.311600000000e+02) | best noise-free fitness - Fopt | measured fitness | best measured fitness | x1 | x2...
1 +1.795775843e+05 +1.795775843e+05 +1.792464243e+05 +1.792464243e+05 -3.3471e+00 +4.6833e+00
2 +3.983227335e+00 +3.983227335e+00 -3.271767727e+02 -3.271767727e+02 -7.4405e-01 -1.8987e+00
16 +3.185140463e+00 +3.185140463e+00 -3.279748595e+02 -3.279748595e+02 +1.7804e+00 -2.2554e+00
121 +2.089238008e+00 +2.089238008e+00 -3.290707620e+02 -3.290707620e+02 +2.1657e+00 -1.3920e+00
171 +1.533661155e+00 +1.533661155e+00 -3.296263388e+02 -3.296263388e+02 +1.9232e+00 -1.0330e+00
276 +6.925083824e-01 +6.925083824e-01 -3.304674916e+02 -3.304674916e+02 +2.0461e+00 -9.8308e-01
579 +2.691479745e-01 +2.691479745e-01 -3.308908520e+02 -3.308908520e+02 +2.1768e+00 -2.0632e+00
1094 +2.353349858e-01 +2.353349858e-01 -3.309246650e+02 -3.309246650e+02 +2.1021e+00 -2.1362e+00
1188 +4.171476605e-02 +4.171476605e-02 -3.311182852e+02 -3.311182852e+02 +2.0755e+00 -2.1032e+00
1909 +2.735746218e-02 +2.735746218e-02 -3.311326425e+02 -3.311326425e+02 +2.0849e+00 -2.1181e+00
4609 +1.817719378e-02 +1.817719378e-02 -3.311418228e+02 -3.311418228e+02 +2.0848e+00 -2.1155e+00
4959 +1.003408978e-02 +1.003408978e-02 -3.311499659e+02 -3.311499659e+02 +2.0850e+00 -2.1105e+00
7753 +7.025479056e-03 +7.025479056e-03 -3.311529745e+02 -3.311529745e+02 +2.1005e+00 -2.1110e+00
11713 +2.402608299e-03 +2.402608299e-03 -3.311575974e+02 -3.311575974e+02 +2.1026e+00 -2.1084e+00
% function evaluation | noise-free fitness - Fopt (4.481000000000e+01) | best noise-free fitness - Fopt | measured fitness | best measured fitness | x1 | x2...
1 +6.906987796e+03 +6.906987796e+03 +6.951797796e+03 +6.951797796e+03 +3.8955e+00 +4.9665e+00
2 +2.365509878e+02 +2.365509878e+02 +2.813609878e+02 +2.813609878e+02 -3.2649e+00 +9.1827e-01
8 +3.058594136e+00 +3.058594136e+00 +4.786859414e+01 +4.786859414e+01 +9.6859e-01 +2.8817e+00
209 +2.229249726e+00 +2.229249726e+00 +4.703924973e+01 +4.703924973e+01 +0.0000e+00 +2.6078e+00
429 +1.154214596e+00 +1.154214596e+00 +4.596421460e+01 +4.596421460e+01 -2.2994e+00 +2.0881e+00
1027 +7.691843850e-03 +7.691843850e-03 +4.481769184e+01 +4.481769184e+01 -2.0874e+00 +2.1088e+00
5556 +3.392942400e-03 +3.392942400e-03 +4.481339294e+01 +4.481339294e+01 -2.0950e+00 +2.1053e+00
6224 +9.161362660e-04 +9.161362660e-04 +4.481091614e+01 +4.481091614e+01 -2.0993e+00 +2.1055e+00
11171 +4.335408142e-04 +4.335408142e-04 +4.481043354e+01 +4.481043354e+01 -2.1019e+00 +2.1046e+00
11271 +3.002718153e-04 +3.002718153e-04 +4.481030027e+01 +4.481030027e+01 -2.1028e+00 +2.1045e+00
11371 +1.530657852e-04 +1.530657852e-04 +4.481015307e+01 +4.481015307e+01 -2.1052e+00 +2.1040e+00
11471 +6.303276361e-05 +6.303276361e-05 +4.481006303e+01 +4.481006303e+01 -2.1062e+00 +2.1048e+00
12421 +1.257976720e-05 +1.257976720e-05 +4.481001258e+01 +4.481001258e+01 -2.1046e+00 +2.1051e+00
% function evaluation | noise-free fitness - Fopt (-1.764600000000e+02) | best noise-free fitness - Fopt | measured fitness | best measured fitness | x1 | x2...
1 +1.428976014e+05 +1.428976014e+05 +1.427211414e+05 +1.427211414e+05 +1.2259e+00 -4.4953e+00
2 +2.082246988e+04 +2.082246988e+04 +2.064600988e+04 +2.064600988e+04 +1.9227e+00 -6.2567e-01
5 +1.720666842e+03 +1.720666842e+03 +1.544206842e+03 +1.544206842e+03 +4.5741e+00 +2.5510e+00
8 +5.021245775e+00 +5.021245775e+00 -1.714387542e+02 -1.714387542e+02 +2.3577e+00 +1.7956e+00
20 +2.648072466e+00 +2.648072466e+00 -1.738119275e+02 -1.738119275e+02 -5.7119e-01 +2.4941e+00
165 +2.481562956e+00 +2.481562956e+00 -1.739784370e+02 -1.739784370e+02 +0.0000e+00 +2.6706e+00
208 +1.483505230e+00 +1.483505230e+00 -1.749764948e+02 -1.749764948e+02 -1.9241e+00 +2.2048e+00
384 +6.446072280e-02 +6.446072280e-02 -1.763955393e+02 -1.763955393e+02 -2.0900e+00 +2.1238e+00
2222 +2.559418595e-02 +2.559418595e-02 -1.764344058e+02 -1.764344058e+02 -2.1045e+00 +2.0948e+00
3172 +1.285006132e-02 +1.285006132e-02 -1.764471499e+02 -1.764471499e+02 -2.0932e+00 +2.1139e+00
6927 +6.081162181e-03 +6.081162181e-03 -1.764539188e+02 -1.764539188e+02 -2.1091e+00 +2.0991e+00
7277 +2.675562163e-03 +2.675562163e-03 -1.764573244e+02 -1.764573244e+02 -2.0948e+00 +2.1066e+00
8177 +1.349174562e-04 +1.349174562e-04 -1.764598651e+02 -1.764598651e+02 -2.1063e+00 +2.1050e+00
9277 +4.185972489e-05 +4.185972489e-05 -1.764599581e+02 -1.764599581e+02 -2.1057e+00 +2.1049e+00
9977 +3.865695336e-05 +3.865695336e-05 -1.764599613e+02 -1.764599613e+02 -2.1037e+00 +2.1053e+00
17018 +1.459391714e-05 +1.459391714e-05 -1.764599854e+02 -1.764599854e+02 -2.1053e+00 +2.1045e+00
