% function evaluation | noise-free fitness - Fopt (7.627000000000e+01) | best noise-free fitness - Fopt | measured fitness | best measured fitness | x1 | x2...
1 +2.417619642e+06 +2.417619642e+06 +2.417695912e+06 +2.417695912e+06 +4.2336e+00 -4.9311e+00 +3.2920e+00 +1.9796e+00 +2.3039e+00
4 +1.285151381e+05 +1.285151381e+05 +1.285914081e+05 +1.285914081e+05 -5.7116e-01 -3.0915e+00 +1.3280e+00 +3.0784e+00 -2.1053e+00
7 +3.226087705e+04 +3.226087705e+04 +3.233714705e+04 +3.233714705e+04 +4.0339e+00 -4.5532e+00 +1.0889e+00 +2.5654e+00 +2.4949e+00
16 +1.896332431e+02 +1.896332431e+02 +2.659032431e+02 +2.659032431e+02 -2.6229e-01 -3.0123e+00 -3.3928e+00 -1.3991e+00 -1.9698e+00
163 +2.030784049e+01 +2.030784049e+01 +9.657784049e+01 +9.657784049e+01 -1.7162e+00 -3.7388e+00 -3.4442e+00 +3.6888e-01 -2.1251e+00
527 +1.256859259e+01 +1.256859259e+01 +8.883859259e+01 +8.883859259e+01 -1.3486e+00 -4.1662e+00 -3.4761e+00 +1.0142e+00 -1.8197e+00
1299 +8.882440847e+00 +8.882440847e+00 +8.515244085e+01 +8.515244085e+01 +1.1367e+00 -2.3472e+00 -3.4130e-01 -6.9593e-01 -2.6372e+00
2065 +5.451742373e+00 +5.451742373e+00 +8.172174237e+01 +8.172174237e+01 +5.7103e-01 -2.8273e+00 -1.1084e+00 -4.6475e-01 -9.7997e-01
7138 +3.761093825e+00 +3.761093825e+00 +8.003109383e+01 +8.003109383e+01 -1.5923e+00 -2.9320e+00 -1.6905e+00 -2.3982e-01 -4.0739e-01
8055 +6.419123506e-01 +6.419123506e-01 +7.691191235e+01 +7.691191235e+01 -1.1093e+00 -2.7758e+00 -7.9052e-01 +1.4442e-01 -1.3637e+00
19359 +4.588814033e-01 +4.588814033e-01 +7.672888140e+01 +7.672888140e+01 -5.8036e-01 -3.1097e+00 -1.5290e+00 +1.2266e-01 -1.3646e+00
22632 +3.765172529e-01 +3.765172529e-01 +7.664651725e+01 +7.664651725e+01 -7.5341e-01 -3.1232e+00 -1.6195e+00 +1.4517e-01 -1.4777e+00
43794 +2.311893614e-01 +2.311893614e-01 +7.650118936e+01 +7.650118936e+01 -8.1168e-01 -3.1066e+00 -1.2835e+00 +3.5656e-01 -1.4141e+00
% function evaluation | noise-free fitness - Fopt (-2.255000000000e+01) | best noise-free fitness - Fopt | measured fitness | best measured fitness | x1 | x2...
1 +2.315812352e+07 +2.315812352e+07 +2.315810097e+07 +2.315810097e+07 -4.5710e+00 -2.4582e+00 +1.3312e+00 +3.7728e+00 +2.6448e+00
2 +2.101097862e+06 +2.101097862e+06 +2.101075312e+06 +2.101075312e+06 +3.3470e+00 +3.0136e+00 -3.9117e+00 +1.0158e+00 -3.5533e+00
7 +6.594720419e+04 +6.594720419e+04 +6.592465419e+04 +6.592465419e+04 +4.4814e+00 +3.8549e+00 -2.4306e-01 -4.3428e-01 +2.4851e+00
22 +3.827717118e+04 +3.827717118e+04 +3.825462118e+04 +3.825462118e+04 -6.7931e-01 -3.1513e+00 +1.2781e+00 -4.0066e+00 -4.1986e+00
34 +4.157188566e+03 +4.157188566e+03 +4.134638566e+03 +4.134638566e+03 -9.2298e-01 -2.1957e+00 -5.2362e-01 +1.9661e+00 -3.6925e+00
52 +6.560471901e+02 +6.560471901e+02 +6.334971901e+02 +6.334971901e+02 -1.6530e+00 +3.3188e+00 -6.9019e-01 -9.3810e-01 -5.0000e+00
179 +1.258798848e+02 +1.258798848e+02 +1.033298848e+02 +1.033298848e+02 -2.2068e+00 +5.0000e+00 +3.8301e-01 -1.6500e+00 -5.0000e+00
1933 +7.735869547e+01 +7.735869547e+01 +5.480869547e+01 +5.480869547e+01 -1.9726e+00 +2.9811e+00 -8.2599e-02 +9.0007e-01 -4.4240e+00
2485 +3.185885879e+01 +3.185885879e+01 +9.308858787e+00 +9.308858787e+00 +3.4763e-01 +3.6165e+00 +1.8862e+00 +5.5716e-01 -1.7504e-01
9585 +1.656649579e+01 +1.656649579e+01 -5.983504205e+00 -5.983504205e+00 +2.8654e-01 +3.2910e+00 +2.0221e+00 -4.4751e-01 -4.8192e-01
15174 +1.162682297e+01 +1.162682297e+01 -1.092317703e+01 -1.092317703e+01 +2.1207e+00 +4.3623e+00 +1.9929e+00 -3.2879e+00 +9.1357e-01
17825 +3.808008822e+00 +3.808008822e+00 -1.874199118e+01 -1.874199118e+01 +1.8526e+00 +3.3622e+00 +1.9495e+00 -2.2574e+00 +8.0030e-01
22802 +2.089948870e+00 +2.089948870e+00 -2.046005113e+01 -2.046005113e+01 +1.9833e+00 +3.2690e+00 +2.0372e+00 -2.2168e+00 +1.0314e+00
28849 +1.372059384e+00 +1.372059384e+00 -2.117794062e+01 -2.117794062e+01 +2.6812e+00 +2.6856e+00 +2.5387e+00 -2.5487e+00 +2.1057e+00
38868 +9.989573777e-01 +9.989573777e-01 -2.155104262e+01 -2.155104262e+01 +2.1344e+00 +3.3857e+00 +2.7147e+00 -2.6674e+00 +1.5974e+00
% function evaluation | noise-free fitness - Fopt (1.366000000000e+01) | best noise-free fitness - Fopt | measured fitness | best measured fitness | x1 | x2...
1 +1.290689709e+06 +1.290689709e+06 +1.290703369e+06 +1.290703369e+06 +1.7015e+00 +4.4953e+00 +4.6914e+00 -4.8993e+00 -1.7677e-01
3 +2.655757572e+05 +2.655757572e+05 +2.655894172e+05 +2.655894172e+05 +1.2377e+00 +4.1453e+00 -5.7720e-02 +2.8652e+00 +2.4731e+00
20 +7.368101757e+04 +7.368101757e+04 +7.369467757e+04 +7.369467757e+04 -2.8216e+00 +9.6219e-01 -1.7750e+00 +1.3126e+00 -8.3157e-01
37 +9.883749025e+02 +9.883749025e+02 +1.002034902e+03 +1.002034902e+03 +1.4373e+00 +4.8342e+00 +4.1333e+00 +2.3513e+00 +4.4111e+00
68 +6.245956597e+01 +6.245956597e+01 +7.611956597e+01 +7.611956597e+01 +4.3903e+00 +5.0000e+00 +1.7083e+00 -5.9472e-01 +7.8880e-01
292 +3.115739635e+01 +3.115739635e+01 +4.481739635e+01 +4.481739635e+01 +2.6439e+00 +4.7555e+00 +2.6134e+00 +4.0705e-02 +1.6980e+00
942 +2.395508681e+01 +2.395508681e+01 +3.761508681e+01 +3.761508681e+01 +2.7224e+00 +4.7566e+00 +2.2576e+00 +1.7328e-01 +1.7668e+00
2870 +2.685339791e+00 +2.685339791e+00 +1.634533979e+01 +1.634533979e+01 +5.4439e-01 +2.1937e+00 +2.7626e+00 +1.4804e-02 -1.8526e+00
3362 +1.138083430e+00 +1.138083430e+00 +1.479808343e+01 +1.479808343e+01 +1.2471e-01 +1.9497e+00 +2.4730e+00 -1.7563e-01 -2.2593e+00
15184 +9.854031910e-01 +9.854031910e-01 +1.464540319e+01 +1.464540319e+01 +1.4852e-01 +1.9671e+00 +2.5715e+00 -1.5486e-01 -2.2217e+00
20166 +4.761347909e-01 +4.761347909e-01 +1.413613479e+01 +1.413613479e+01 -6.0165e-02 +2.0140e+00 +2.9421e+00 +1.9636e-01 -1.7471e+00
36787 +3.858634968e-01 +3.858634968e-01 +1.404586350e+01 +1.404586350e+01 -4.9958e-03 +1.9916e+00 +2.9111e+00 +2.6227e-01 -1.7538e+00
% function evaluation | noise-free fitness - Fopt (9.378400000000e+02) | best noise-free fitness - Fopt | measured fitness | best measured fitness | x1 | x2...
1 +1.840601925e+06 +1.840601925e+06 +1.841539765e+06 +1.841539765e+06 -2.0748e-01 +1.5553e+00 +2.5185e+00 +3.0986e+00 +2.3733e+00
5 +4.952126911e+05 +4.952126911e+05 +4.961505311e+05 +4.961505311e+05 +2.5922e+00 -8.4009e-01 +3.3999e+00 -1.0731e+00 -4.4924e+00
14 +1.295062439e+05 +1.295062439e+05 +1.304440839e+05 +1.304440839e+05 +4.3995e+00 -2.8793e+00 +3.2419e+00 +3.3493e+00 -4.4139e+00
21 +9.620686893e+04 +9.620686893e+04 +9.714470893e+04 +9.714470893e+04 +3.1920e+00 +1.9639e+00 +9.0896e-01 +1.9720e+00 -4.9698e+00
30 +4.308181198e+04 +4.308181198e+04 +4.401965198e+04 +4.401965198e+04 +1.2070e+00 +3.3052e+00 -9.5438e-01 +3.4247e+00 +1.3613e+00
32 +3.415373424e+03 +3.415373424e+03 +4.353213424e+03 +4.353213424e+03 +2.6342e-01 +1.6754e+00 +4.9218e+00 -1.5508e+00 -1.9369e+00
133 +6.536161573e+01 +6.536161573e+01 +1.003201616e+03 +1.003201616e+03 -1.0122e+00 -3.2758e+00 +5.0000e+00 -2.5748e+00 +2.8168e+00
1433 +6.238161774e+01 +6.238161774e+01 +1.000221618e+03 +1.000221618e+03 -1.5500e+00 -2.8899e+00 +5.0000e+00 -3.2508e+00 +2.9142e+00
2908 +3.490958503e+01 +3.490958503e+01 +9.727495850e+02 +9.727495850e+02 -1.7696e+00 +1.6462e+00 +4.6074e+00 -2.3433e+00 +2.5497e+00
3542 +2.428320530e+01 +2.428320530e+01 +9.621232053e+02 +9.621232053e+02 -1.8867e+00 +3.8446e+00 +4.9804e+00 -1.6774e+00 +3.1457e+00
4587 +8.545923316e+00 +8.545923316e+00 +9.463859233e+02 +9.463859233e+02 -2.4020e-01 +1.4676e+00 +4.9897e+00 -1.3357e+00 +2.9167e-01
6770 +5.951535366e+00 +5.951535366e+00 +9.437915354e+02 +9.437915354e+02 -4.8718e-01 +2.7445e+00 +4.9895e+00 -1.3405e+00 +3.0777e-01
16470 +3.836465604e+00 +3.836465604e+00 +9.416764656e+02 +9.416764656e+02 -6.3418e-01 +4.1642e+00 +4.9979e+00 -1.4474e+00 -2.2373e-01
21890 +2.468300158e+00 +2.468300158e+00 +9.403083002e+02 +9.403083002e+02 -5.0553e-01 +4.1627e+00 +4.9949e+00 -1.7745e+00 -1.2002e+00
22890 +1.554364543e+00 +1.554364543e+00 +9.393943645e+02 +9.393943645e+02 -5.0314e-01 +4.1377e+00 +4.9963e+00 -1.7743e+00 -1.1896e+00
% function evaluation | noise-free fitness - Fopt (-7.872000000000e+01) | best noise-free fitness - Fopt | measured fitness | best measured fitness | x1 | x2...
1 +4.187735792e+06 +4.187735792e+06 +4.187657072e+06 +4.187657072e+06 -3.1000e+00 -9.7221e-01 +2.5902e+00 +3.2218e-01 -3.8866e+00
2 +2.205378429e+06 +2.205378429e+06 +2.205299709e+06 +2.205299709e+06 +4.4989e+00 +3.5839e+00 +4.8614e+00 +3.9534e+00 -3.8275e+00
19 +5.704091283e+02 +5.704091283e+02 +4.916891283e+02 +4.916891283e+02 -1.7177e+00 -4.7896e+00 +5.3190e-01 +1.5934e+00 -9.2067e-01
23 +1.244756805e+02 +1.244756805e+02 +4.575568052e+01 +4.575568052e+01 -3.0301e+00 +6.6314e-01 +4.8834e+00 +2.7418e+00 -2.8208e+00
780 +7.718340183e+01 +7.718340183e+01 -1.536598165e+00 -1.536598165e+00 -3.6759e-01 +1.0808e+00 +2.5147e+00 +1.6676e+00 -2.2333e+00
932 +3.850776249e+01 +3.850776249e+01 -4.021223751e+01 -4.021223751e+01 -1.0008e-01 +8.6365e-01 +2.6927e+00 +1.6164e+00 -1.7590e+00
3021 +1.667149967e+01 +1.667149967e+01 -6.204850033e+01 -6.204850033e+01 +5.0000e+00 +1.6547e+00 +3.6535e-02 +5.4202e-01 -1.7628e+00
5695 +2.054757743e+00 +2.054757743e+00 -7.666524226e+01 -7.666524226e+01 +4.6370e+00 -1.5594e+00 -1.3616e+00 +5.9717e-01 -1.7687e+00
15044 +1.571676580e+00 +1.571676580e+00 -7.714832342e+01 -7.714832342e+01 +4.4432e+00 -1.5254e+00 -1.3489e+00 +5.9907e-01 -1.7677e+00
18831 +9.691154934e-01 +9.691154934e-01 -7.775088451e+01 -7.775088451e+01 +4.0134e+00 -1.5212e+00 -1.3491e+00 +5.8593e-01 -1.7027e+00
26061 +6.273185088e-01 +6.273185088e-01 -7.809268149e+01 -7.809268149e+01 +3.3181e+00 -1.4108e+00 -1.3086e+00 +5.9640e-01 -1.7103e+00
43548 +9.370609595e-02 +9.370609595e-02 -7.862629390e+01 -7.862629390e+01 +3.2842e+00 -1.3763e+00 -2.1044e+00 +3.5030e-01 -1.7670e+00
% function evaluation | noise-free fitness - Fopt (-5.984300000000e+02) | best noise-free fitness - Fopt | measured fitness | best measured fitness | x1 | x2...
1 +1.665780615e+07 +1.665780615e+07 +1.665720772e+07 +1.665720772e+07 -3.5439e+00 -1.7472e+00 -2.7137e+00 +1.6838e+00 +1.0410e+00
2 +1.272854392e+06 +1.272854392e+06 +1.272255962e+06 +1.272255962e+06 +4.9831e+00 +1.7781e+00 +2.3560e+00 -7.5253e-01 +1.8969e+00
3 +1.922130582e+02 +1.922130582e+02 -4.062169418e+02 -4.062169418e+02 -9.3205e-01 -4.9417e+00 -4.6257e+00 +2.5455e+00 -2.7969e+00
434 +1.011952707e+02 +1.011952707e+02 -4.972347293e+02 -4.972347293e+02 -1.3573e+00 +0.0000e+00 -4.0847e+00 +2.4626e+00 -2.9489e+00
500 +3.932511522e+01 +3.932511522e+01 -5.591048848e+02 -5.591048848e+02 -1.2154e+00 -1.1755e+00 -3.1107e+00 +1.4526e+00 -2.6138e+00
3482 +1.920275216e+01 +1.920275216e+01 -5.792272478e+02 -5.792272478e+02 -1.2311e+00 +2.4865e-02 -3.4551e+00 -2.2493e-01 -1.5663e+00
9764 +1.463331565e+01 +1.463331565e+01 -5.837966843e+02 -5.837966843e+02 -3.5916e+00 -9.3704e-01 -2.6337e+00 -1.7447e+00 -3.4158e+00
16892 +3.126297759e+00 +3.126297759e+00 -5.953037022e+02 -5.953037022e+02 -3.5335e+00 +3.3188e-01 -3.3796e+00 -3.9821e+00 -1.8963e+00
22842 +2.493590029e+00 +2.493590029e+00 -5.959364100e+02 -5.959364100e+02 -3.5309e+00 +3.2600e-01 -3.3806e+00 -3.9781e+00 -1.8951e+00
32189 +1.234049433e+00 +1.234049433e+00 -5.971959506e+02 -5.971959506e+02 -3.0994e+00 +4.3354e-01 -2.4932e+00 -3.5924e+00 -1.8847e+00
% function evaluation | noise-free fitness - Fopt (-8.542000000000e+01) | best noise-free fitness - Fopt | measured fitness | best measured fitness | x1 | x2...
1 +9.798121764e+05 +9.798121764e+05 +9.797267564e+05 +9.797267564e+05 +2.5551e+00 -3.0528e+00 +3.2792e+00 +3.6805e+00 -4.3016e+00
2 +3.440114157e+04 +3.440114157e+04 +3.431572157e+04 +3.431572157e+04 -9.6017e-01 -2.4482e+00 +2.4327e-02 +3.5016e+00 +2.5163e+00
37 +5.694897740e+03 +5.694897740e+03 +5.609477740e+03 +5.609477740e+03 +4.9345e+00 -3.3104e+00 +2.0972e+00 +5.5788e-01 -3.6003e+00
94 +3.913325200e+03 +3.913325200e+03 +3.827905200e+03 +3.827905200e+03 -1.0111e+00 -4.6884e+00 +1.5692e+00 +1.7445e+00 +3.5147e+00
137 +8.594938527e+01 +8.594938527e+01 +5.293852700e-01 +5.293852700e-01 -2.2627e+00 -5.0000e+00 +1.0861e+00 +2.7026e+00 +4.5414e+00
544 +4.638029458e+01 +4.638029458e+01 -3.903970542e+01 -3.903970542e+01 -5.8801e-01 -4.8457e+00 +4.0490e-02 +3.2783e+00 +2.7600e+00
1126 +3.726128448e+01 +3.726128448e+01 -4.815871552e+01 -4.815871552e+01 -1.1682e+00 +1.5604e-01 +6.3957e-01 +3.3631e+00 +2.7670e+00
5569 +2.497501836e+01 +2.497501836e+01 -6.044498164e+01 -6.044498164e+01 -5.3320e-01 -1.4917e+00 +2.3856e-01 +3.5099e+00 +2.1468e+00
24221 +1.212722881e+01 +1.212722881e+01 -7.329277119e+01 -7.329277119e+01 +8.7325e-01 -4.0476e-01 +9.2362e-02 +2.8975e+00 +1.4868e+00
29085 +5.888728607e+00 +5.888728607e+00 -7.953127139e+01 -7.953127139e+01 +1.3837e+00 -1.5826e+00 +1.6243e-01 +3.1056e+00 +2.4565e-01
36748 +3.494555839e+00 +3.494555839e+00 -8.192544416e+01 -8.192544416e+01 +1.6502e+00 -2.0692e-01 -1.0919e-02 +3.3137e+00 -1.5990e-01
48026 +1.699527139e+00 +1.699527139e+00 -8.372047286e+01 -8.372047286e+01 +1.8068e+00 -5.0778e-01 +1.8076e-01 +3.2643e+00 -5.9841e-01
% function evaluation | noise-free fitness - Fopt (1.932500000000e+02) | best noise-free fitness - Fopt | measured fitness | best measured fitness | x1 | x2...
1 +5.417895509e+06 +5.417895509e+06 +5.418088759e+06 +5.418088759e+06 -4.3078e+00 -4.4523e+00 +3.7752e+00 +2.5239e+00 -1.0029e+00
2 +2.853548711e+06 +2.853548711e+06 +2.853741961e+06 +2.853741961e+06 -4.8738e+00 +4.9876e+00 -8.2659e-02 -4.5055e+00 -1.5418e-04
4 +5.049994996e+05 +5.049994996e+05 +5.051927496e+05 +5.051927496e+05 -2.3738e+00 +2.2733e+00 +1.7560e+00 +3.4095e+00 -2.1600e+00
5 +3.006479171e+05 +3.006479171e+05 +3.008411671e+05 +3.008411671e+05 +2.2827e+00 -3.9514e-01 -4.4963e+00 +4.0019e+00 +4.2620e+00
15 +4.420908836e+04 +4.420908836e+04 +4.440233836e+04 +4.440233836e+04 -1.9288e+00 +2.4016e-02 +4.4259e+00 +3.6869e+00 -7.0032e-01
27 +3.319329923e+04 +3.319329923e+04 +3.338654923e+04 +3.338654923e+04 -1.5352e+00 -4.5239e-01 -1.6943e+00 -3.8321e-01 +1.9301e+00
73 +4.973240363e+02 +4.973240363e+02 +6.905740363e+02 +6.905740363e+02 -3.9953e+00 +3.2836e+00 -4.7351e-02 -1.6672e+00 +4.0088e+00
170 +3.082523523e+02 +3.082523523e+02 +5.015023523e+02 +5.015023523e+02 -3.6480e+00 +4.5225e+00 +1.1901e-01 -7.9365e-01 +4.6952e+00
202 +2.083211590e+02 +2.083211590e+02 +4.015711590e+02 +4.015711590e+02 -3.6242e+00 +5.0000e+00 -1.6646e-01 -5.3362e-01 +2.8914e+00
272 +1.389710111e+02 +1.389710111e+02 +3.322210111e+02 +3.322210111e+02 -4.6055e+00 +1.5928e+00 +4.9587e+00 +0.0000e+00 +2.9894e+00
779 +1.661135135e+01 +1.661135135e+01 +2.098613513e+02 +2.098613513e+02 -3.8024e+00 +9.3947e-01 -6.7862e-01 -2.0825e+00 +1.8345e+00
2975 +1.292195918e+01 +1.292195918e+01 +2.061719592e+02 +2.061719592e+02 -3.8102e+00 +1.2875e+00 -9.7465e-01 -2.1431e+00 +1.7488e+00
7730 +8.753298320e+00 +8.753298320e+00 +2.020032983e+02 +2.020032983e+02 -3.1211e+00 +1.3861e+00 -2.2495e+00 -1.9446e+00 +1.9210e+00
9954 +3.977616005e+00 +3.977616005e+00 +1.972276160e+02 +1.972276160e+02 -3.0233e+00 +2.4494e+00 -3.1140e+00 -1.9693e+00 +1.7785e+00
14819 +2.007488809e+00 +2.007488809e+00 +1.952574888e+02 +1.952574888e+02 -3.4832e+00 +3.0507e+00 -3.1664e+00 -2.4962e+00 +2.2300e+00
15853 +1.430160686e+00 +1.430160686e+00 +1.946801607e+02 +1.946801607e+02 -3.9968e+00 +3.4794e+00 -2.8430e+00 -2.8562e+00 +2.1234e+00
41097 +7.056666716e-01 +7.056666716e-01 +1.939556667e+02 +1.939556667e+02 -3.6757e+00 +3.5430e+00 -3.3245e+00 -2.7227e+00 +2.3958e+00
% function evaluation | noise-free fitness - Fopt (-1.815000000000e+02) | best noise-free fitness - Fopt | measured fitness | best measured fitness | x1 | x2...
1 +7.641673403e+06 +7.641673403e+06 +7.641491903e+06 +7.641491903e+06 -3.0530e+00 +1.3942e+00 -4.4485e+00 +3.7500e+00 +7.5436e-02
2 +2.004684131e+06 +2.004684131e+06 +2.004502631e+06 +2.004502631e+06 +3.3586e+00 -4.0390e+00 +1.6309e+00 +3.4264e+00 -4.7113e-02
5 +6.874423456e+05 +6.874423456e+05 +6.872608456e+05 +6.872608456e+05 +3.1580e+00 +9.1584e-01 -2.9135e+00 -2.3529e+00 +1.0852e+00
7 +6.119198691e+05 +6.119198691e+05 +6.117383691e+05 +6.117383691e+05 -5.5411e-01 +1.5626e+00 +2.6628e+00 +1.4809e+00 +9.6805e-01
10 +3.091516440e+03 +3.091516440e+03 +2.910016440e+03 +2.910016440e+03 +1.3810e+00 +8.8822e-01 -8.6241e-01 -2.9709e+00 -8.4604e-01
107 +2.443333825e+03 +2.443333825e+03 +2.261833825e+03 +2.261833825e+03 -5.3536e-02 +6.6932e-01 -1.5735e+00 -7.9869e-01 -2.5438e+00
147 +1.178660924e+03 +1.178660924e+03 +9.971609241e+02 +9.971609241e+02 +2.2981e-01 +4.3585e-01 +3.0680e+00 +2.9010e+00 +2.5276e+00
256 +1.086783438e+02 +1.086783438e+02 -7.282165617e+01 -7.282165617e+01 -6.1654e-01 +5.1538e-01 +2.3924e+00 +1.9062e+00 +9.9483e-01
363 +8.116085522e+01 +8.116085522e+01 -1.003391448e+02 -1.003391448e+02 -1.1123e+00 +7.6003e-01 +3.2971e+00 +9.4899e-01 +1.6525e+00
985 +4.640450683e+01 +4.640450683e+01 -1.350954932e+02 -1.350954932e+02 -1.6405e-01 -3.8368e-01 +0.0000e+00 +1.7045e+00 -2.4381e+00
2234 +3.730838794e+01 +3.730838794e+01 -1.441916121e+02 -1.441916121e+02 -2.6182e-01 +2.2539e+00 -1.3652e+00 -4.3401e-01 -3.2491e-02
2604 +9.391740811e+00 +9.391740811e+00 -1.721082592e+02 -1.721082592e+02 +2.1047e-01 +2.6012e+00 -2.5649e+00 -1.1057e-01 -1.6580e-01
10400 +3.115905896e+00 +3.115905896e+00 -1.783840941e+02 -1.783840941e+02 -1.9195e-01 +2.9608e+00 -3.7646e+00 -2.1146e-02 -1.1078e+00
14400 +2.470138675e+00 +2.470138675e+00 -1.790298613e+02 -1.790298613e+02 -1.9211e-01 +2.9608e+00 -3.7706e+00 -3.4003e-03 -1.1083e+00
39545 +1.151260606e+00 +1.151260606e+00 -1.803487394e+02 -1.803487394e+02 -7.0692e-01 +3.0342e+00 -3.7325e+00 -3.6197e-01 -1.4757e+00
40911 +8.907811790e-01 +8.907811790e-01 -1.806092188e+02 -1.806092188e+02 -1.0888e+00 +3.0119e+00 -3.7457e+00 -7.9764e-02 -1.8146e+00
42711 +5.119501390e-01 +5.119501390e-01 -1.809880499e+02 -1.809880499e+02 -1.1099e+00 +3.0425e+00 -3.7494e+00 -2.6047e-01 -1.8173e+00
44061 +3.482101546e-01 +3.482101546e-01 -1.811517898e+02 -1.811517898e+02 -1.1097e+00 +3.0420e+00 -3.7496e+00 -2.5116e-01 -1.8174e+00
% function evaluation | noise-free fitness - Fopt (4.526200000000e+02) | best noise-free fitness - Fopt | measured fitness | best measured fitness | x1 | x2...
1 +3.700244934e+07 +3.700244934e+07 +3.700290196e+07 +3.700290196e+07 -4.0922e+00 -2.6119e-01 -4.4746e+00 -3.7909e+00 +4.4248e+00
2 +9.046388816e+05 +9.046388816e+05 +9.050915016e+05 +9.050915016e+05 +2.8112e+00 -4.2749e+00 +3.5849e+00 -4.2363e+00 +2.8778e+00
12 +4.716085519e+05 +4.716085519e+05 +4.720611719e+05 +4.720611719e+05 -4.5979e+00 +1.3234e+00 +1.3961e+00 +4.9991e+00 +3.6835e-01
22 +3.805532563e+05 +3.805532563e+05 +3.810058763e+05 +3.810058763e+05 +3.0423e+00 -4.2322e+00 +2.9500e+00 +1.0997e+00 +1.8657e+00
41 +4.851282000e+04 +4.851282000e+04 +4.896544000e+04 +4.896544000e+04 +2.4921e+00 -4.5554e+00 -1.2608e+00 -4.0506e+00 -3.2076e+00
59 +1.866969917e+04 +1.866969917e+04 +1.912231917e+04 +1.912231917e+04 +4.6220e+00 -5.0000e+00 -1.4812e+00 -4.0407e+00 -4.7420e+00
72 +1.029990037e+04 +1.029990037e+04 +1.075252037e+04 +1.075252037e+04 +1.4733e+00 -4.8008e+00 -2.0500e+00 -3.9003e+00 -3.1343e+00
77 +2.912813868e+03 +2.912813868e+03 +3.365433868e+03 +3.365433868e+03 -3.2224e-01 -4.7640e+00 -4.2089e+00 -3.2600e-01 -1.9248e+00
225 +1.583196728e+03 +1.583196728e+03 +2.035816728e+03 +2.035816728e+03 +5.1272e-01 -4.5396e+00 -3.8907e+00 +2.5806e+00 +0.0000e+00
239 +1.982530422e+02 +1.982530422e+02 +6.508730422e+02 +6.508730422e+02 +2.7281e+00 -3.7290e+00 -2.6205e+00 -6.1017e-01 -4.2839e+00
379 +1.308958584e+02 +1.308958584e+02 +5.835158584e+02 +5.835158584e+02 -3.0273e+00 -3.2161e+00 -4.3955e+00 -1.0100e+00 -3.9942e+00
650 +9.008526649e+01 +9.008526649e+01 +5.427052665e+02 +5.427052665e+02 +4.2807e+00 -4.5393e+00 -1.8365e+00 +4.4689e-01 -1.9415e+00
3196 +4.428924738e+01 +4.428924738e+01 +4.969092474e+02 +4.969092474e+02 +1.3373e+00 -3.7091e+00 -1.4782e+00 -8.5628e-01 -2.4769e+00
4372 +3.895126400e+01 +3.895126400e+01 +4.915712640e+02 +4.915712640e+02 +1.1855e+00 -3.8695e+00 +3.4804e-01 -2.2036e-01 +3.0810e-01
9879 +1.987756407e+01 +1.987756407e+01 +4.724975641e+02 +4.724975641e+02 -1.6467e+00 -1.4438e+00 -3.8032e-01 -7.9206e-01 -4.0132e+00
13597 +1.471504847e+01 +1.471504847e+01 +4.673350485e+02 +4.673350485e+02 -1.1792e+00 -1.4113e+00 -3.6231e-01 +5.1513e-01 -3.3058e+00
28575 +9.989071476e+00 +9.989071476e+00 +4.626090715e+02 +4.626090715e+02 -8.0279e-01 -1.4122e+00 +6.1875e-01 +1.9618e-01 -2.7672e+00
42901 +5.651188408e+00 +5.651188408e+00 +4.582711884e+02 +4.582711884e+02 +2.8009e-02 -1.0300e+00 +1.6266e+00 +4.7227e-01 -2.7701e+00
45166 +2.186085902e+00 +2.186085902e+00 +4.548060859e+02 +4.548060859e+02 -5.9739e-01 -6.9459e-01 +2.0410e+00 +5.7550e-01 -2.5537e+00
49639 +5.503969355e-01 +5.503969355e-01 +4.531703969e+02 +4.531703969e+02 -1.0820e+00 +3.0094e-01 +3.6589e+00 +7.0326e-01 -2.4731e+00
% function evaluation | noise-free fitness - Fopt (-1.184600000000e+02) | best noise-free fitness - Fopt | measured fitness | best measured fitness | x1 | x2...
1 +1.946780640e+07 +1.946780640e+07 +1.946768794e+07 +1.946768794e+07 -3.5590e+00 -1.4451e+00 -2.3613e+00 -4.1978e+00 +3.9195e+00
2 +1.719708558e+05 +1.719708558e+05 +1.718523958e+05 +1.718523958e+05 -4.2903e+00 -5.8998e-01 +3.2473e-01 -2.1023e+00 -1.3563e+00
19 +3.089052999e+03 +3.089052999e+03 +2.970592999e+03 +2.970592999e+03 -8.8388e-01 +3.0512e+00 +7.4674e-01 -5.1230e-02 -4.7031e+00
70 +1.993112524e+03 +1.993112524e+03 +1.874652524e+03 +1.874652524e+03 +2.6479e-01 +2.3760e+00 -3.2222e+00 -1.2344e-02 -5.0000e+00
72 +4.880650290e+01 +4.880650290e+01 -6.965349710e+01 -6.965349710e+01 -1.8790e+00 -9.0457e-01 +3.8025e+00 +4.0889e-01 -5.0000e+00
169 +3.866724397e+01 +3.866724397e+01 -7.979275603e+01 -7.979275603e+01 -1.8579e+00 -2.3164e+00 +2.2986e+00 +5.3834e-01 -5.0000e+00
1717 +1.165700842e+01 +1.165700842e+01 -1.068029916e+02 -1.068029916e+02 -1.7923e+00 -1.5640e+00 +2.3214e-01 +8.5992e-01 -4.5735e+00
6589 +4.863065037e+00 +4.863065037e+00 -1.135969350e+02 -1.135969350e+02 -2.5968e+00 -2.3214e+00 -4.1274e-01 +6.8003e-01 -3.8491e+00
9495 +1.168756856e+00 +1.168756856e+00 -1.172912431e+02 -1.172912431e+02 -2.5122e+00 -2.2899e+00 -2.2273e+00 +5.7566e-01 -3.5825e+00
9725 +7.369191814e-01 +7.369191814e-01 -1.177230808e+02 -1.177230808e+02 -2.4635e+00 -2.5948e+00 -2.0743e+00 +8.4999e-01 -3.7250e+00
10775 +5.578747185e-01 +5.578747185e-01 -1.179021253e+02 -1.179021253e+02 -2.4694e+00 -2.6032e+00 -2.0660e+00 +8.8770e-01 -3.7262e+00
14487 +3.852915052e-01 +3.852915052e-01 -1.180747085e+02 -1.180747085e+02 -2.4953e+00 -2.7069e+00 -2.1243e+00 +9.1601e-01 -3.7117e+00
19095 +2.183321289e-01 +2.183321289e-01 -1.182416679e+02 -1.182416679e+02 -2.4887e+00 -2.7719e+00 -2.2044e+00 +9.0273e-01 -3.7136e+00
25437 +1.488842564e-01 +1.488842564e-01 -1.183111157e+02 -1.183111157e+02 -2.6051e+00 -2.9231e+00 -2.1328e+00 +9.1615e-01 -3.6487e+00
25829 +9.436865732e-02 +9.436865732e-02 -1.183656313e+02 -1.183656313e+02 -2.6142e+00 -3.1183e+00 -2.1087e+00 +9.7861e-01 -3.6827e+00
33589 +5.798958323e-02 +5.798958323e-02 -1.184020104e+02 -1.184020104e+02 -2.6146e+00 -3.1584e+00 -2.1690e+00 +1.0043e+00 -3.6802e+00
36939 +3.767110879e-02 +3.767110879e-02 -1.184223289e+02 -1.184223289e+02 -2.6140e+00 -3.1651e+00 -2.2130e+00 +1.0065e+00 -3.6741e+00
44667 +2.497748968e-02 +2.497748968e-02 -1.184350225e+02 -1.184350225e+02 -2.6181e+00 -3.1917e+00 -2.2800e+00 +1.0155e+00 -3.6635e+00
47542 +6.985953022e-03 +6.985953022e-03 -1.184530140e+02 -1.184530140e+02 -2.6146e+00 -3.1964e+00 -2.3609e+00 +9.4622e-01 -3.6478e+00
49742 +5.163386437e-03 +5.163386437e-03 -1.184548366e+02 -1.184548366e+02 -2.6145e+00 -3.1963e+00 -2.3588e+00 +9.4062e-01 -3.6478e+00
% function evaluation | noise-free fitness - Fopt (9.973000000000e+01) | best noise-free fitness - Fopt | measured fitness | best measured fitness | x1 | x2...
1 +7.545965129e+06 +7.545965129e+06 +7.546064859e+06 +7.546064859e+06 +6.1515e-01 +2.2456e+00 -4.8350e+00 +1.8176e+00 -1.7286e+00
4 +4.688130782e+06 +4.688130782e+06 +4.688230512e+06 +4.688230512e+06 -2.0958e+00 +4.1042e+00 +5.6179e-01 -2.2841e+00 +3.3270e+00
9 +1.208404140e+06 +1.208404140e+06 +1.208503870e+06 +1.208503870e+06 -1.5311e+00 +3.0405e+00 -1.5301e+00 -1.3504e+00 +4.9650e+00
26 +2.750888905e+03 +2.750888905e+03 +2.850618905e+03 +2.850618905e+03 -2.6290e+00 +1.5576e+00 +2.6818e+00 -4.5588e+00 -2.6255e+00
79 +1.354541580e+03 +1.354541580e+03 +1.454271580e+03 +1.454271580e+03 -4.3931e+00 -2.0174e-01 -1.4293e+00 -5.0000e+00 -8.5116e-01
395 +2.776919456e+01 +2.776919456e+01 +1.274991946e+02 +1.274991946e+02 -5.0000e+00 -1.3099e-01 +6.1128e-01 -2.7131e+00 -1.3492e+00
2393 +2.158361048e+01 +2.158361048e+01 +1.213136105e+02 +1.213136105e+02 -4.5507e+00 -9.3066e-02 -2.0176e+00 -4.7125e+00 -1.1968e+00
2769 +1.293016836e+01 +1.293016836e+01 +1.126601684e+02 +1.126601684e+02 -3.8408e+00 +3.2229e-01 +6.5308e-01 -3.5189e+00 -9.9677e-02
3411 +6.823905761e+00 +6.823905761e+00 +1.065539058e+02 +1.065539058e+02 -3.7803e+00 +5.1688e-01 -6.7194e-01 -3.4201e+00 -2.9221e-01
4911 +5.601541377e+00 +5.601541377e+00 +1.053315414e+02 +1.053315414e+02 -3.7766e+00 +5.2763e-01 -6.6531e-01 -3.4202e+00 -3.2063e-01
8797 +3.656967796e+00 +3.656967796e+00 +1.033869678e+02 +1.033869678e+02 -3.3959e+00 +5.2170e-01 -5.9575e-01 -3.6868e+00 +7.6284e-01
11208 +9.080114916e-01 +9.080114916e-01 +1.006380115e+02 +1.006380115e+02 -3.3500e+00 +5.5243e-01 -1.4434e+00 -3.4345e+00 +1.2645e+00
15115 +1.808931935e-01 +1.808931935e-01 +9.991089319e+01 +9.991089319e+01 -3.4578e+00 +4.8591e-01 -1.7779e+00 -3.0360e+00 +1.6748e+00
24834 +1.510257468e-01 +1.510257468e-01 +9.988102575e+01 +9.988102575e+01 -3.4587e+00 +5.1016e-01 -1.7286e+00 -3.0047e+00 +1.5808e+00
32126 +9.723850610e-02 +9.723850610e-02 +9.982723851e+01 +9.982723851e+01 -3.4587e+00 +5.5117e-01 -1.8325e+00 -2.8294e+00 +1.6023e+00
33349 +4.594541586e-02 +4.594541586e-02 +9.977594542e+01 +9.977594542e+01 -3.3661e+00 +5.9348e-01 -1.6578e+00 -2.7528e+00 +1.7696e+00
45999 +3.862000784e-02 +3.862000784e-02 +9.976862001e+01 +9.976862001e+01 -3.3634e+00 +5.9630e-01 -1.6707e+00 -2.7704e+00 +1.7522e+00
% function evaluation | noise-free fitness - Fopt (4.044000000000e+01) | best noise-free fitness - Fopt | measured fitness | best measured fitness | x1 | x2...
1 +2.249090695e+06 +2.249090695e+06 +2.249131135e+06 +2.249131135e+06 +5.6084e-01 +3.8490e+00 -2.6953e+00 -2.2668e+00 -4.9013e+00
8 +6.622040204e+05 +6.622040204e+05 +6.622444604e+05 +6.622444604e+05 +3.5917e+00 -3.8745e+00 +1.1438e+00 -3.3168e+00 -4.1240e+00
15 +4.082552820e+04 +4.082552820e+04 +4.086596820e+04 +4.086596820e+04 +3.8114e+00 +1.5585e+00 -2.2860e+00 +8.5224e-01 +1.8011e+00
27 +2.751282694e+02 +2.751282694e+02 +3.155682694e+02 +3.155682694e+02 -1.9296e-01 +2.5890e+00 -1.9177e+00 -4.6811e+00 -1.4862e+00
143 +1.532465172e+02 +1.532465172e+02 +1.936865172e+02 +1.936865172e+02 -2.0654e+00 -3.2145e+00 -3.8288e+00 -5.0000e+00 +3.8134e+00
649 +8.627350047e+01 +8.627350047e+01 +1.267135005e+02 +1.267135005e+02 -1.9821e+00 -3.1071e+00 -3.5657e+00 -4.9382e+00 +4.0613e+00
1306 +6.256543803e+01 +6.256543803e+01 +1.030054380e+02 +1.030054380e+02 -1.7405e-01 -6.9877e-01 -2.9287e+00 -3.6678e+00 +1.6155e+00
2088 +3.874192029e+01 +3.874192029e+01 +7.918192029e+01 +7.918192029e+01 +2.2232e+00 -6.5677e-02 -2.8646e+00 -4.4944e-01 +4.4526e+00
2513 +2.332810532e+01 +2.332810532e+01 +6.376810532e+01 +6.376810532e+01 +2.1099e+00 +7.4704e-01 -2.8328e+00 -1.4530e+00 +4.6027e-01
4657 +1.114133866e+01 +1.114133866e+01 +5.158133866e+01 +5.158133866e+01 +4.0738e-01 +2.3167e+00 -5.1601e-01 -3.9218e+00 +6.7515e-01
12432 +8.270521398e+00 +8.270521398e+00 +4.871052140e+01 +4.871052140e+01 +5.9196e-01 +2.5205e+00 +3.4634e-01 -3.9601e+00 +6.8398e-01
20535 +6.239680709e+00 +6.239680709e+00 +4.667968071e+01 +4.667968071e+01 +8.8307e-01 +2.9055e+00 +6.0662e-01 -3.5935e+00 +1.2271e+00
28133 +2.820387664e+00 +2.820387664e+00 +4.326038766e+01 +4.326038766e+01 +1.5213e+00 +2.2651e+00 +1.0032e+00 -2.7197e+00 +2.5571e+00
29533 +8.055973847e-01 +8.055973847e-01 +4.124559738e+01 +4.124559738e+01 +1.5448e+00 +2.9413e+00 +1.1871e+00 -2.7309e+00 +2.6082e+00
% function evaluation | noise-free fitness - Fopt (-1.216000000000e+02) | best noise-free fitness - Fopt | measured fitness | best measured fitness | x1 | x2...
1 +3.382600096e+06 +3.382600096e+06 +3.382478496e+06 +3.382478496e+06 -1.4941e+00 +4.3351e+00 -4.6451e-01 -1.7720e+00 +4.5588e+00
2 +9.089179708e+05 +9.089179708e+05 +9.087963708e+05 +9.087963708e+05 +1.5835e+00 +2.3921e+00 -3.2873e+00 -3.5652e+00 -2.3645e+00
3 +2.052526010e+05 +2.052526010e+05 +2.051310010e+05 +2.051310010e+05 -3.2063e+00 -4.7757e+00 +7.6783e-01 -1.5644e-01 -2.3822e+00
16 +5.811084507e+04 +5.811084507e+04 +5.798924507e+04 +5.798924507e+04 +1.1793e+00 +1.6940e+00 -8.9398e-01 +3.1679e+00 -3.0923e+00
34 +3.836699262e+04 +3.836699262e+04 +3.824539262e+04 +3.824539262e+04 +2.9082e+00 +4.2536e+00 -1.7262e+00 +2.6581e+00 -1.7178e+00
37 +3.744011121e+03 +3.744011121e+03 +3.622411121e+03 +3.622411121e+03 -4.6382e+00 +3.6583e+00 -3.8325e+00 -1.1114e+00 -2.2479e+00
55 +6.121156792e+01 +6.121156792e+01 -6.038843208e+01 -6.038843208e+01 -1.6511e+00 +5.0000e+00 -2.6202e+00 +2.2350e+00 +1.1910e+00
8938 +2.960117853e+01 +2.960117853e+01 -9.199882147e+01 -9.199882147e+01 -4.0009e+00 +3.4875e+00 -2.7538e+00 +1.7936e+00 -9.9334e-01
16275 +1.959792449e+01 +1.959792449e+01 -1.020020755e+02 -1.020020755e+02 -3.8749e+00 +2.6284e+00 -2.3050e+00 +1.8834e+00 -1.4361e+00
23887 +1.207063710e+01 +1.207063710e+01 -1.095293629e+02 -1.095293629e+02 -3.6427e+00 +1.3322e+00 -1.4195e+00 +2.7854e+00 -1.7814e+00
26789 +8.518046829e+00 +8.518046829e+00 -1.130819532e+02 -1.130819532e+02 -5.0000e+00 -1.8434e+00 -2.0777e-02 +2.9832e+00 -2.1273e+00
34919 +4.024036031e+00 +4.024036031e+00 -1.175759640e+02 -1.175759640e+02 -3.8752e+00 +5.0303e-01 -9.6526e-01 +1.7693e+00 +5.4616e-03
38161 +2.165713407e+00 +2.165713407e+00 -1.194342866e+02 -1.194342866e+02 -3.4390e+00 -3.7571e-01 -4.0478e-01 +1.4985e+00 +2.5074e-01
43061 +1.583879477e+00 +1.583879477e+00 -1.200161205e+02 -1.200161205e+02 -3.4383e+00 -3.8020e-01 -4.0410e-01 +1.4909e+00 +2.5449e-01
% function evaluation | noise-free fitness - Fopt (-3.811000000000e+01) | best noise-free fitness - Fopt | measured fitness | best measured fitness | x1 | x2...
1 +9.492544615e+06 +9.492544615e+06 +9.492506505e+06 +9.492506505e+06 -3.7269e+00 +2.6083e+00 +3.9309e+00 +3.6323e-01 +3.5764e+00
2 +4.543970226e+05 +4.543970226e+05 +4.543589126e+05 +4.543589126e+05 +4.2163e+00 -1.9011e+00 +3.9019e-01 +1.9319e+00 -4.9420e+00
25 +2.909834898e+04 +2.909834898e+04 +2.906023898e+04 +2.906023898e+04 -2.6408e+00 +2.4630e-01 +1.1606e+00 +3.4069e+00 +4.0945e-01
67 +1.558366363e+03 +1.558366363e+03 +1.520256363e+03 +1.520256363e+03 -4.1101e+00 -1.4254e+00 +2.8198e+00 +2.7129e+00 +1.4640e+00
142 +4.676831074e+02 +4.676831074e+02 +4.295731074e+02 +4.295731074e+02 -4.1594e+00 -2.8760e+00 -4.0815e-01 +5.0000e+00 +2.8584e+00
197 +3.802188640e+02 +3.802188640e+02 +3.421088640e+02 +3.421088640e+02 -5.0000e+00 +2.9960e+00 -1.6037e+00 +1.2463e+00 +6.0283e-01
218 +1.954848396e+02 +1.954848396e+02 +1.573748396e+02 +1.573748396e+02 -5.0000e+00 +3.3467e-02 +0.0000e+00 +0.0000e+00 +5.4949e-01
394 +2.914377348e+01 +2.914377348e+01 -8.966226520e+00 -8.966226520e+00 -5.0000e+00 -9.3569e-01 -9.0729e-01 +2.8742e+00 +2.1627e+00
696 +2.078368889e+01 +2.078368889e+01 -1.732631111e+01 -1.732631111e+01 -4.6784e+00 -6.7231e-01 +0.0000e+00 -1.7171e+00 -4.6999e-01
1274 +1.494593349e+01 +1.494593349e+01 -2.316406651e+01 -2.316406651e+01 -4.6332e+00 -2.7671e+00 +1.4202e-01 -2.5253e+00 -5.0088e-01
3716 +9.361023617e+00 +9.361023617e+00 -2.874897638e+01 -2.874897638e+01 -4.5514e+00 -2.4513e+00 -1.4747e+00 -2.3175e+00 -5.2480e-01
11188 +4.706659181e+00 +4.706659181e+00 -3.340334082e+01 -3.340334082e+01 -4.0794e+00 -2.2350e+00 -1.1420e+00 -9.3357e-01 -2.7603e-01
11748 +3.516857131e+00 +3.516857131e+00 -3.459314287e+01 -3.459314287e+01 -3.8186e+00 -2.4350e+00 -1.3306e+00 -5.6798e-01 -2.7660e-01
20802 +1.933906886e+00 +1.933906886e+00 -3.617609311e+01 -3.617609311e+01 -3.1300e+00 -2.8053e+00 -1.3412e+00 +2.5902e-01 -3.7871e-01
23152 +1.461936826e+00 +1.461936826e+00 -3.664806317e+01 -3.664806317e+01 -3.1319e+00 -2.8053e+00 -1.3450e+00 +2.5467e-01 -3.7817e-01
