% function evaluation | noise-free fitness - Fopt (-5.465000000000e+02) | best noise-free fitness - Fopt | measured fitness | best measured fitness | x1 | x2...
1 +2.875713299e+05 +2.875713299e+05 +2.870248299e+05 +2.870248299e+05 +4.5013e+00 -3.0657e+00 +8.2792e-01 -4.8575e-01 -6.0209e-01 -1.2411e+00 -1.3969e+00 +4.0899e+00 -2.1406e+00 -4.5095e+00 -4.8514e+00 +3.2803e+00 +3.9520e+00 +2.7209e+00 +1.0153e-01 +4.4251e+00 -3.0100e+00 -4.3172e+00 -4.7281e+00 -2.3679e+00
2 +8.068026020e+04 +8.068026020e+04 +8.013376020e+04 +8.013376020e+04 -2.6886e+00 +1.8222e+00 -7.6504e-01 -4.5610e+00 -1.5995e+00 -4.9012e+00 +4.8513e-01 +9.6247e-01 -1.0587e+00 +2.5534e+00 -2.1181e+00 +4.1756e+00 +4.4239e+00 -1.2018e+00 +2.1396e+00 +2.7015e+00 +1.7427e+00 -3.7477e+00 +2.9367e+00 +2.1379e+00
12 +2.938280563e+04 +2.938280563e+04 +2.883630563e+04 +2.883630563e+04 +2.9194e+00 +3.9977e+00 -1.2018e+00 -4.8424e+00 -2.3555e+00 +4.0481e+00 +1.3427e+00 +1.1011e+00 -2.1837e+00 -4.4908e-01 +2.5363e+00 +1.6316e+00 -2.1472e+00 -3.4266e+00 +1.6785e+00 -3.6933e+00 +2.0102e+00 -1.7014e+00 -2.5894e+00 -1.3075e-01
164 +2.383767118e+04 +2.383767118e+04 +2.329117118e+04 +2.329117118e+04 +3.1214e+00 +1.8836e-01 +1.9276e+00 -5.9676e-02 +1.9910e+00 -2.1604e+00 +9.9125e-01 +2.1386e+00 -1.9348e+00 -5.3493e-01 -2.6294e+00 +2.4209e+00 -2.2941e-01 +1.4718e+00 +3.1873e+00 -9.5112e-01 +1.5490e+00 -8.9409e-01 -1.2714e+00 +3.4709e+00
202 +1.246637032e+04 +1.246637032e+04 +1.191987032e+04 +1.191987032e+04 -3.1973e+00 +5.7231e-01 -4.4915e-01 +3.0728e+00 -3.9011e-01 -2.6504e+00 +1.8748e+00 +2.7222e+00 -7.3388e-01 -3.6998e-01 -1.5170e+00 +2.4281e+00 +2.4155e+00 -2.1853e+00 +2.3906e+00 +3.5852e-01 +2.2677e+00 -2.9866e+00 +5.6447e-01 +1.9564e+00
251 +6.301793791e+03 +6.301793791e+03 +5.755293791e+03 +5.755293791e+03 -1.3054e+00 -1.4486e+00 -2.3858e+00 +3.1533e+00 +3.6658e+00 -3.2492e+00 +1.5465e+00 +3.4463e+00 +0.0000e+00 +1.8237e+00 +0.0000e+00 -2.3413e-01 +2.3188e+00 -4.8747e-01 +2.9466e+00 -1.7701e+00 +1.8314e+00 -1.7637e+00 -7.2111e-01 +1.2174e+00
633 +3.326510413e+03 +3.326510413e+03 +2.780010413e+03 +2.780010413e+03 +0.0000e+00 -2.1321e+00 +2.5436e-01 +9.8925e-01 +2.5393e+00 -3.7790e+00 +1.4679e+00 +1.0309e+00 -1.1885e+00 +2.2260e+00 -9.1580e-02 -5.5472e-02 +6.0488e-01 -2.4469e+00 +2.0340e+00 -1.7959e+00 +2.7052e+00 -2.1543e+00 -2.2115e+00 +2.7107e+00
654 +1.352677988e+03 +1.352677988e+03 +8.061779879e+02 +8.061779879e+02 -2.4349e+00 -1.7741e+00 -3.9766e-01 -6.4095e-01 +3.1160e+00 -2.8761e+00 +4.9661e-01 -3.9682e-01 +0.0000e+00 +2.6650e+00 +8.7621e-01 -3.2886e-01 +2.5749e+00 -1.4255e+00 +2.1378e+00 -1.4053e+00 +2.4773e+00 -2.6056e+00 -2.0868e+00 +1.6062e+00
921 +8.268895900e+02 +8.268895900e+02 +2.803895900e+02 +2.803895900e+02 -2.2245e+00 -3.0147e+00 -4.1885e-01 -1.2373e+00 +2.6505e+00 -2.7935e+00 +6.2243e-01 -4.1552e-01 +2.5020e-01 +1.6190e+00 +1.6870e+00 -5.1150e-01 +2.9112e+00 -1.2465e+00 +2.1534e+00 -1.3822e+00 +1.7698e+00 -2.5144e+00 -1.6984e+00 +1.5682e+00
1040 +5.353471301e+02 +5.353471301e+02 -1.115286994e+01 -1.115286994e+01 +2.0537e+00 -1.9671e+00 +1.4993e+00 -1.9045e+00 +2.4843e+00 -1.6565e+00 -3.4693e-01 -5.6011e-01 +5.2213e-01 +2.7859e-01 +2.5304e+00 -1.5606e-01 +2.9917e+00 -1.8817e+00 +1.6374e+00 -7.4697e-01 +2.4916e+00 -1.9277e+00 -1.6606e+00 +1.5027e+00
1256 +7.989803065e+01 +7.989803065e+01 -4.666019693e+02 -4.666019693e+02 +2.9295e+00 +1.1733e+00 +2.4068e+00 -1.7109e+00 +6.4741e-01 -2.8185e+00 +2.3230e-01 -2.7897e-01 +1.0161e-01 +1.8942e+00 +1.6420e+00 +3.7617e-02 +1.7818e+00 -2.1187e+00 +1.2565e+00 -1.8781e+00 +1.7045e+00 -2.3188e+00 -1.5181e+00 +2.2596e+00
1556 +4.082906193e+01 +4.082906193e+01 -5.056709381e+02 -5.056709381e+02 +1.3931e+00 +9.9635e-01 +1.6105e+00 -1.9638e+00 +7.1288e-01 -2.8526e+00 +3.3029e-01 -3.0795e-01 -1.5693e-01 +1.8588e+00 +1.7531e+00 +2.0467e-01 +1.8323e+00 -1.8372e+00 +1.2518e+00 -1.5111e+00 +1.8535e+00 -2.1067e+00 -1.5192e+00 +2.4592e+00
1756 +1.170141189e+01 +1.170141189e+01 -5.347985881e+02 -5.347985881e+02 +1.4883e+00 +9.1886e-01 +2.0749e+00 -1.7961e+00 +1.0580e+00 -2.7170e+00 +3.4964e-01 -3.0294e-01 +1.2318e-02 +1.8746e+00 +1.7526e+00 +9.1014e-03 +1.8489e+00 -1.7754e+00 +1.2527e+00 -1.6530e+00 +1.8655e+00 -2.1188e+00 -1.5152e+00 +2.4107e+00
1856 +4.022879493e+00 +4.022879493e+00 -5.424771205e+02 -5.424771205e+02 +2.1586e+00 +1.0207e+00 +2.1060e+00 -1.6675e+00 +4.0836e-01 -2.4563e+00 +3.1748e-01 -2.3500e-01 -3.3259e-01 +1.9157e+00 +1.7755e+00 -1.8228e-01 +1.8830e+00 -1.7469e+00 +1.2662e+00 -2.3715e+00 +1.7271e+00 -2.1083e+00 -1.6636e+00 +1.5626e+00
1943 +3.399517620e+00 +3.399517620e+00 -5.431004824e+02 -5.431004824e+02 +1.0341e+00 +9.2380e-01 +2.4398e+00 -2.1020e+00 -1.3399e-01 -2.4984e+00 +3.8366e-01 +4.3524e-01 +2.7002e-01 +1.9048e+00 +2.0867e+00 +5.5619e-01 +6.5328e-01 -2.0170e+00 +1.0605e+00 -2.3171e+00 +2.1423e+00 -1.9499e+00 -1.9337e+00 +1.6991e+00
3921 +2.444052164e+00 +2.444052164e+00 -5.440559478e+02 -5.440559478e+02 -7.1647e-01 +1.1989e+00 +2.3038e+00 -1.7517e+00 -1.4134e+00 -2.9353e+00 +4.8369e-01 +3.8909e-01 -3.9412e-01 +1.5681e+00 +1.6570e+00 +9.9628e-01 +6.0476e-01 -1.9210e+00 +1.0131e+00 -2.5022e+00 +1.9840e+00 -2.1335e+00 -2.1090e+00 +1.7906e+00
% function evaluation | noise-free fitness - Fopt (1.000000000000e+03) | best noise-free fitness - Fopt | measured fitness | best measured fitness | x1 | x2...
1 +2.581982403e+05 +2.581982403e+05 +2.591982403e+05 +2.591982403e+05 +4.5013e+00 -3.0657e+00 +8.2792e-01 -4.8575e-01 -6.0209e-01 -1.2411e+00 -1.3969e+00 +4.0899e+00 -2.1406e+00 -4.5095e+00 -4.8514e+00 +3.2803e+00 +3.9520e+00 +2.7209e+00 +1.0153e-01 +4.4251e+00 -3.0100e+00 -4.3172e+00 -4.7281e+00 -2.3679e+00
2 +2.200676133e+05 +2.200676133e+05 +2.210676133e+05 +2.210676133e+05 -2.6886e+00 +1.8222e+00 -7.6504e-01 -4.5610e+00 -1.5995e+00 -4.9012e+00 +4.8513e-01 +9.6247e-01 -1.0587e+00 +2.5534e+00 -2.1181e+00 +4.1756e+00 +4.4239e+00 -1.2018e+00 +2.1396e+00 +2.7015e+00 +1.7427e+00 -3.7477e+00 +2.9367e+00 +2.1379e+00
6 +1.264358205e+05 +1.264358205e+05 +1.274358205e+05 +1.274358205e+05 +2.6210e+00 +1.9790e+00 -2.7405e+00 -1.1603e+00 +9.1525e-01 +4.1996e+00 +7.1057e-01 -3.3855e+00 -3.8784e+00 +4.3274e+00 +3.1939e+00 -3.4362e+00 -3.5069e+00 -3.2400e+00 +3.2212e+00 +3.9276e-02 +1.1549e+00 +1.1700e+00 -3.6743e+00 +3.4806e+00
7 +4.829559052e+04 +4.829559052e+04 +4.929559052e+04 +4.929559052e+04 -4.3532e-01 -1.2163e+00 +7.9807e-01 +1.8312e+00 -3.8025e+00 +3.4472e+00 +2.0086e+00 +3.2947e+00 -5.6710e-01 -3.6902e+00 +1.2114e+00 -3.7788e+00 -3.6414e+00 -4.9797e+00 -1.8225e+00 +1.2909e+00 -4.9663e+00 -2.3102e+00 -1.8997e+00 +3.0210e+00
73 +3.502850900e+04 +3.502850900e+04 +3.602850900e+04 +3.602850900e+04 -1.0347e+00 +1.5754e+00 +1.5717e+00 -5.0000e+00 -4.9879e-02 +1.7007e+00 +4.8142e+00 -9.1861e-01 -3.2782e+00 -3.0263e+00 +1.4689e+00 -4.5099e+00 -3.1066e+00 -2.6600e+00 -7.1631e-01 -4.5788e+00 +2.3275e-01 -1.7422e+00 -2.5275e+00 +8.4604e-01
126 +1.554714639e+04 +1.554714639e+04 +1.654714639e+04 +1.654714639e+04 +0.0000e+00 +1.9502e+00 -1.5185e+00 -5.0470e-01 +1.3321e+00 -2.6877e+00 -8.1051e-01 +1.3185e+00 -1.1390e+00 +1.8723e+00 -1.5635e+00 +0.0000e+00 -6.3163e-01 -3.6832e+00 +0.0000e+00 -1.6457e+00 -4.2290e-01 -3.2245e+00 -2.2857e+00 +3.3592e+00
152 +8.698312582e+03 +8.698312582e+03 +9.698312582e+03 +9.698312582e+03 +1.4442e+00 +2.5003e+00 -2.1679e-01 +7.3309e-01 +1.0959e+00 -8.9380e-01 +2.7356e+00 +1.3060e+00 -5.2613e-01 -1.4506e-01 -1.3293e+00 -2.7975e+00 -7.2990e-01 +0.0000e+00 -2.8798e-03 -1.7002e+00 -2.0358e+00 -2.9811e+00 -7.4963e-01 +3.0332e+00
272 +5.627480691e+03 +5.627480691e+03 +6.627480691e+03 +6.627480691e+03 +1.8784e+00 +1.4353e+00 -1.7776e+00 +1.4080e+00 +1.6279e+00 -5.0107e-02 +1.7930e+00 +2.8415e+00 -4.2084e-01 +2.5620e-01 +2.0597e-01 -1.4342e+00 -6.0565e-01 -3.5045e-01 -3.8789e+00 -1.0535e+00 -2.0643e+00 -2.6653e+00 -6.0336e-01 +1.7745e+00
280 +2.738341195e+03 +2.738341195e+03 +3.738341195e+03 +3.738341195e+03 +2.2253e+00 +1.0448e+00 -5.5523e-01 -6.1216e-01 +7.7778e-01 -4.0214e-01 +1.4586e+00 +5.4745e-01 +7.9549e-01 -3.4133e-01 -7.8736e-01 -3.4730e+00 -6.3807e-01 +3.4552e-02 -1.5991e+00 -2.4505e+00 -6.9983e-01 -6.5592e-01 -8.3194e-01 +2.7751e+00
327 +1.264163768e+03 +1.264163768e+03 +2.264163768e+03 +2.264163768e+03 +1.2299e+00 +1.6703e+00 -6.0847e-01 -1.1428e+00 +8.9080e-01 -3.3488e-01 +0.0000e+00 +1.5054e+00 -7.6431e-01 -2.8046e+00 -1.1760e+00 -7.9702e-01 -2.3054e+00 -1.0510e+00 -9.8899e-01 -2.5880e+00 -2.6571e+00 -2.4955e+00 -6.9526e-01 +2.4229e+00
467 +3.629192831e+02 +3.629192831e+02 +1.362919283e+03 +1.362919283e+03 +3.0045e+00 +2.1510e+00 -3.3411e-01 -1.2651e+00 +7.6297e-01 -5.9428e-01 +1.5993e-01 +2.0940e+00 -1.1967e+00 -2.5210e+00 -1.1219e+00 -1.4165e+00 -1.9402e+00 -1.0680e+00 -4.0093e-01 -2.4709e+00 -1.5459e+00 -2.6454e+00 -3.0927e-01 +1.4625e+00
1481 +9.081670049e+01 +9.081670049e+01 +1.090816700e+03 +1.090816700e+03 +1.4329e-01 +1.9916e+00 +4.0417e-01 -1.7275e+00 -4.9271e-01 -8.5081e-01 +1.0129e-01 +1.5426e+00 -2.4785e-01 -2.1762e+00 -5.3595e-01 -2.5572e+00 -9.6248e-01 -1.2267e-01 -1.5515e+00 -2.3254e+00 -1.0916e+00 -2.5951e+00 -1.6231e+00 +2.2645e+00
1672 +4.411890188e+01 +4.411890188e+01 +1.044118902e+03 +1.044118902e+03 -8.1120e-01 +2.0055e+00 +7.8403e-01 -1.0363e+00 -1.8922e-01 -9.5046e-01 +1.2876e-01 +1.6101e+00 -2.5098e-01 -1.8206e+00 -2.7382e-01 -1.6690e+00 -1.4079e+00 -2.1343e-01 -2.0382e+00 -2.3519e+00 -7.9618e-01 -2.6399e+00 -1.3967e+00 +1.7708e+00
1715 +9.577619733e+00 +9.577619733e+00 +1.009577620e+03 +1.009577620e+03 -1.4954e+00 +1.9616e+00 +1.0854e+00 -4.0363e-01 -2.8445e-01 -9.1656e-01 +1.8799e-01 +1.6634e+00 -4.2938e-01 -1.8327e+00 -1.1583e+00 -2.4757e+00 -1.2513e+00 -5.7842e-01 -1.3966e+00 -1.9749e+00 -6.8412e-01 -2.6201e+00 -1.2788e+00 +2.0538e+00
1804 +4.218277219e+00 +4.218277219e+00 +1.004218277e+03 +1.004218277e+03 -2.0195e+00 +1.7746e+00 +1.1427e+00 -1.8824e+00 -8.3586e-01 -9.2227e-01 +2.1381e-01 +8.3789e-01 -1.5745e+00 -1.7840e+00 -1.6578e+00 -1.9253e+00 -1.5949e+00 -1.7541e-01 -9.7306e-01 -2.4996e+00 -5.9595e-01 -2.6309e+00 -1.2333e+00 +2.1282e+00
2351 +3.952680354e+00 +3.952680354e+00 +1.003952680e+03 +1.003952680e+03 -4.9402e-01 +1.7856e+00 +9.6687e-01 -1.8812e+00 -1.0209e+00 -9.8865e-01 +2.0273e-01 +2.0427e-01 -1.9754e+00 -1.0369e+00 -1.3950e+00 -1.9307e+00 -2.2115e+00 -1.6049e-01 -1.0200e+00 -2.5307e+00 -5.7305e-01 -2.5947e+00 -1.1592e+00 +2.0315e+00
% function evaluation | noise-free fitness - Fopt (2.083800000000e+02) | best noise-free fitness - Fopt | measured fitness | best measured fitness | x1 | x2...
1 +6.428034251e+05 +6.428034251e+05 +6.430118051e+05 +6.430118051e+05 +4.5013e+00 -3.0657e+00 +8.2792e-01 -4.8575e-01 -6.0209e-01 -1.2411e+00 -1.3969e+00 +4.0899e+00 -2.1406e+00 -4.5095e+00 -4.8514e+00 +3.2803e+00 +3.9520e+00 +2.7209e+00 +1.0153e-01 +4.4251e+00 -3.0100e+00 -4.3172e+00 -4.7281e+00 -2.3679e+00
2 +1.330765412e+05 +1.330765412e+05 +1.332849212e+05 +1.332849212e+05 -2.6886e+00 +1.8222e+00 -7.6504e-01 -4.5610e+00 -1.5995e+00 -4.9012e+00 +4.8513e-01 +9.6247e-01 -1.0587e+00 +2.5534e+00 -2.1181e+00 +4.1756e+00 +4.4239e+00 -1.2018e+00 +2.1396e+00 +2.7015e+00 +1.7427e+00 -3.7477e+00 +2.9367e+00 +2.1379e+00
10 +5.669666864e+04 +5.669666864e+04 +5.690504864e+04 +5.690504864e+04 -5.5297e-01 +9.3563e-01 +1.4053e+00 +1.1240e+00 +3.6987e+00 +2.3128e+00 +2.3999e+00 -4.7125e+00 +1.6405e+00 +3.4768e+00 +3.2201e+00 +1.5164e+00 -1.0130e+00 -2.8677e+00 -2.4565e+00 +2.4357e-01 +1.9276e+00 +4.8996e-01 -1.0345e+00 +3.2064e+00
19 +2.118370733e+04 +2.118370733e+04 +2.139208733e+04 +2.139208733e+04 -8.9730e-01 -1.5881e+00 +1.0287e+00 +2.1763e+00 +3.7038e+00 +1.5553e+00 +3.7345e+00 +3.3864e+00 -4.8941e-01 -1.2782e+00 +1.3655e+00 +3.5057e+00 +1.8134e+00 -1.8894e+00 -2.3408e-01 -2.7521e+00 -1.0255e+00 +2.2556e+00 +3.4452e+00 -1.2333e-01
174 +1.444170451e+04 +1.444170451e+04 +1.465008451e+04 +1.465008451e+04 -6.8804e-01 +0.0000e+00 +3.5219e+00 +1.3156e+00 +4.1333e+00 +2.6175e+00 +3.1177e+00 +3.0339e+00 -1.5860e+00 -3.0275e-01 +8.7913e-01 +2.1379e+00 +7.1770e-01 -7.7540e-01 -9.9207e-01 -1.7657e+00 -5.6755e-01 +1.4785e+00 +3.2086e+00 +0.0000e+00
191 +5.950094630e+03 +5.950094630e+03 +6.158474630e+03 +6.158474630e+03 -7.6789e-01 +9.9765e-02 +1.4143e+00 +1.1847e+00 +4.0807e+00 -2.4535e-02 +4.3043e+00 +0.0000e+00 +1.2100e+00 +0.0000e+00 +7.3496e-01 +1.3766e+00 -3.3008e-01 -2.5355e+00 +2.2699e-01 -2.6552e+00 -1.8167e-01 +2.2728e+00 +2.8246e+00 +1.6679e+00
252 +2.700326150e+03 +2.700326150e+03 +2.908706150e+03 +2.908706150e+03 +2.5850e+00 +2.9530e-01 +1.0684e+00 +2.2525e+00 +2.4771e+00 -7.7196e-02 +1.2558e+00 +5.8959e-01 +6.5641e-01 +8.7299e-01 +9.8565e-01 +1.4273e+00 -1.5467e+00 -1.0014e+00 -3.1594e-01 -1.9169e+00 -3.0713e-01 +1.3333e+00 +2.5237e+00 +1.0214e+00
442 +2.298918035e+03 +2.298918035e+03 +2.507298035e+03 +2.507298035e+03 +2.9092e+00 +4.4187e-02 +5.8853e-01 +1.4476e+00 +1.1175e+00 -7.1006e-01 -8.9882e-01 +1.5374e+00 +9.6172e-01 +1.7657e+00 +6.0207e-01 +1.4143e+00 -6.3379e-01 -1.8374e+00 -3.7388e-01 -2.5852e+00 -4.0482e-01 +1.2918e+00 +1.8449e+00 +2.0116e+00
669 +9.230807823e+02 +9.230807823e+02 +1.131460782e+03 +1.131460782e+03 -7.6642e-01 -2.3628e+00 +1.5446e+00 -1.3115e-01 +9.7256e-01 -6.0170e-01 +3.8267e+00 -1.1251e-01 -1.5105e+00 +6.5882e-02 +2.6318e-01 +1.2663e+00 -1.3266e+00 -2.7419e-01 +2.7904e-01 -1.7780e+00 +1.7477e+00 +3.5763e-01 +1.9288e+00 +1.1823e+00
698 +3.077281083e+02 +3.077281083e+02 +5.161081083e+02 +5.161081083e+02 +3.3125e+00 -1.0636e+00 +7.5865e-01 +0.0000e+00 +0.0000e+00 -7.0364e-01 -5.6225e-01 +1.7796e+00 -2.2031e-01 +1.9473e+00 +9.2016e-01 +1.4834e+00 -6.5908e-01 -1.3985e+00 +6.4864e-01 -1.0579e+00 +1.7887e+00 +7.4113e-01 +1.9244e+00 +8.2816e-01
943 +7.203944851e+00 +7.203944851e+00 +2.155839449e+02 +2.155839449e+02 +2.5913e+00 -2.0692e-01 +1.4880e+00 -1.4641e+00 -2.8639e-02 -1.2314e-01 -4.9591e-01 +1.2020e+00 -1.2091e-01 +7.1195e-01 +8.8994e-01 +1.5110e+00 -8.9824e-01 -1.9596e+00 +7.3360e-01 -1.1654e+00 +2.0086e+00 +9.7239e-01 +2.1765e+00 +8.7187e-01
1043 +4.408727781e+00 +4.408727781e+00 +2.127887278e+02 +2.127887278e+02 +2.1479e+00 +2.4002e-01 +1.6358e-01 -4.3819e-01 -1.2991e-02 -3.0744e-01 -5.0432e-01 +1.1523e+00 -3.1766e-01 +7.4290e-01 +6.7533e-01 +1.4735e+00 -8.6185e-01 -1.3214e+00 +1.5135e+00 -1.6748e+00 +1.0105e+00 +1.2383e+00 +2.3232e+00 +9.4061e-01
1215 +3.596381831e+00 +3.596381831e+00 +2.119763818e+02 +2.119763818e+02 +2.1370e+00 +4.4421e-01 -1.5704e-02 -2.7830e-01 +3.0304e-01 -3.0963e-01 +7.1381e-02 +2.4054e+00 -7.2267e-03 +7.4819e-01 +6.1764e-01 +1.9246e+00 -7.9985e-01 -1.5721e+00 +1.0495e+00 -2.3819e+00 +5.8177e-01 +1.1961e+00 +2.2212e+00 +9.2930e-01
3428 +2.449037736e+00 +2.449037736e+00 +2.108290377e+02 +2.108290377e+02 +1.5095e+00 +4.4017e-01 +2.3210e-01 -3.7479e-01 +6.2149e-01 -2.4194e-01 +2.5213e-01 +1.8212e+00 +1.0405e-01 +1.5918e+00 +6.4975e-01 +1.8930e+00 -6.0182e-01 -2.3410e+00 +8.8371e-01 -2.4220e+00 +5.5506e-01 +1.1894e+00 +2.3413e+00 +8.9513e-01
% function evaluation | noise-free fitness - Fopt (-1.449600000000e+02) | best noise-free fitness - Fopt | measured fitness | best measured fitness | x1 | x2...
1 +1.881910112e+05 +1.881910112e+05 +1.880460512e+05 +1.880460512e+05 +4.5013e+00 -3.0657e+00 +8.2792e-01 -4.8575e-01 -6.0209e-01 -1.2411e+00 -1.3969e+00 +4.0899e+00 -2.1406e+00 -4.5095e+00 -4.8514e+00 +3.2803e+00 +3.9520e+00 +2.7209e+00 +1.0153e-01 +4.4251e+00 -3.0100e+00 -4.3172e+00 -4.7281e+00 -2.3679e+00
2 +7.330650846e+04 +7.330650846e+04 +7.316154846e+04 +7.316154846e+04 -2.6886e+00 +1.8222e+00 -7.6504e-01 -4.5610e+00 -1.5995e+00 -4.9012e+00 +4.8513e-01 +9.6247e-01 -1.0587e+00 +2.5534e+00 -2.1181e+00 +4.1756e+00 +4.4239e+00 -1.2018e+00 +2.1396e+00 +2.7015e+00 +1.7427e+00 -3.7477e+00 +2.9367e+00 +2.1379e+00
47 +4.292367367e+04 +4.292367367e+04 +4.277871367e+04 +4.277871367e+04 +2.0947e+00 -2.1559e+00 +1.0720e+00 +3.4387e+00 -9.9926e-01 +1.7395e+00 -4.1104e+00 -1.5824e+00 -5.0358e-01 +2.6655e+00 +1.3819e+00 -2.4933e+00 +3.3303e+00 +1.1591e+00 -2.9724e+00 +2.6755e+00 -1.9337e+00 -3.3704e+00 +2.1480e+00 -1.5276e+00
53 +2.937776890e+04 +2.937776890e+04 +2.923280890e+04 +2.923280890e+04 -1.8707e+00 -1.8976e+00 -2.3632e+00 +2.7185e-01 +1.1401e+00 +3.4459e+00 -1.0197e+00 +1.2077e+00 -1.5033e+00 +1.3749e+00 +1.8332e+00 -9.2479e-01 +3.3508e+00 -4.4407e-01 -1.7754e+00 +5.0000e+00 -7.2897e-01 -7.8968e-01 -7.6925e-03 -2.2400e-01
167 +2.001189239e+04 +2.001189239e+04 +1.986693239e+04 +1.986693239e+04 -3.5288e+00 -3.6198e+00 +4.0570e+00 -7.8824e-01 -2.1753e+00 +3.7466e+00 +1.7039e+00 -2.0030e-01 +8.5797e-02 +2.0887e+00 +2.0201e+00 -1.5643e+00 +2.1975e+00 +0.0000e+00 -1.0460e+00 +2.5341e+00 +6.3013e-02 -2.3980e-02 +3.3943e+00 +3.6274e-01
362 +1.131563253e+04 +1.131563253e+04 +1.117067253e+04 +1.117067253e+04 -2.1761e+00 -8.1953e-01 -3.0906e+00 -1.2647e-01 -2.5852e+00 +2.9796e+00 -8.7254e-01 +4.5306e-01 -1.7463e+00 +1.5261e+00 +2.7147e+00 +1.6576e+00 +1.5337e+00 -7.7736e-01 +2.2841e-01 +3.5254e+00 -2.4195e+00 -9.9885e-01 +6.1780e-01 -3.8082e+00
407 +7.655291967e+03 +7.655291967e+03 +7.510331967e+03 +7.510331967e+03 -1.8847e+00 -4.9309e+00 -3.1318e+00 +1.2440e+00 -2.9050e+00 +2.7606e+00 +0.0000e+00 +4.6979e-01 -2.6689e+00 -5.3641e-01 +1.2819e+00 +3.2163e+00 +2.6184e+00 -9.2094e-01 +1.3390e+00 +1.3489e+00 -1.7955e+00 -2.7500e+00 +2.5084e+00 -1.8671e+00
419 +3.894411712e+03 +3.894411712e+03 +3.749451712e+03 +3.749451712e+03 -3.5950e+00 -3.2279e+00 +0.0000e+00 +1.9447e+00 -3.0188e+00 +2.8441e+00 +1.0898e+00 +6.3683e-01 -3.1065e+00 +5.0975e-01 +0.0000e+00 +2.2903e+00 +3.8592e-01 -1.8002e-01 +3.5022e+00 +2.2151e-01 -2.7763e+00 -1.2497e+00 +4.6166e-01 -1.5466e+00
654 +1.681425937e+03 +1.681425937e+03 +1.536465937e+03 +1.536465937e+03 -3.1244e+00 -2.9014e+00 -7.4065e-01 +1.9583e+00 -3.2524e+00 +2.1629e+00 -3.7163e-01 +1.5264e+00 -6.2308e-01 +2.7577e+00 +4.5335e-01 +2.4271e+00 -1.1241e-01 +5.5834e-01 +3.3781e+00 +1.3393e-01 -1.7487e+00 -2.1509e+00 +6.1749e-01 -1.4856e+00
749 +1.174409864e+03 +1.174409864e+03 +1.029449864e+03 +1.029449864e+03 -3.0806e+00 -3.0587e+00 -1.0507e+00 +1.6685e+00 -2.3865e+00 +2.5331e+00 -1.7640e+00 +2.7692e+00 +1.0191e+00 -3.2287e-02 -4.5649e-02 +2.5503e+00 -6.8138e-01 +4.7578e-01 +2.1186e+00 +2.9185e-01 -2.3562e+00 -1.9990e+00 +1.7538e+00 -2.2965e+00
1018 +6.624595670e+02 +6.624595670e+02 +5.174995670e+02 +5.174995670e+02 -2.9202e+00 -3.0239e+00 -1.3004e+00 +1.7671e+00 -1.5330e+00 +2.5188e+00 -8.4187e-01 +2.9415e+00 -5.0179e-01 +4.5936e-01 +4.1243e-01 +2.3435e+00 -9.4979e-02 +2.5848e-01 +2.1313e+00 +7.0748e-01 -2.3368e+00 -1.6143e+00 +1.5377e+00 -2.4952e+00
1118 +5.052132742e+02 +5.052132742e+02 +3.602532742e+02 +3.602532742e+02 -2.8397e+00 -2.9823e+00 -1.4358e+00 +1.7537e+00 -1.6368e+00 +2.5193e+00 -8.6788e-01 +3.0483e+00 -5.3296e-01 -7.8899e-02 +4.2894e-01 +2.3771e+00 +2.0453e-01 +2.7195e-01 +2.1841e+00 +4.7291e-01 -2.3084e+00 -1.5369e+00 +1.2895e+00 -2.4302e+00
1152 +3.229512661e+02 +3.229512661e+02 +1.779912661e+02 +1.779912661e+02 -3.0958e+00 -2.7616e+00 -1.5866e+00 -1.2752e+00 -2.8963e+00 +1.8601e+00 +9.2101e-01 +2.4541e+00 +2.4346e-01 +5.5383e-01 -4.3200e-03 +1.2989e+00 +1.5615e+00 +5.2756e-01 +2.2362e+00 +3.5741e-01 -2.5603e+00 -2.0568e+00 +1.2135e+00 -1.9415e+00
1418 +2.322733348e+02 +2.322733348e+02 +8.731333476e+01 +8.731333476e+01 -2.6427e+00 -3.0407e+00 -1.7378e+00 -2.2818e+00 -2.0669e+00 +2.0250e+00 +8.4076e-01 +2.3828e+00 -1.5967e-01 +6.9650e-01 +3.6374e-01 +2.5372e+00 +2.0650e+00 +7.4391e-01 +2.2489e+00 +4.8794e-01 -2.3875e+00 -1.2198e+00 +1.3919e+00 -2.1358e+00
1586 +1.321846471e+02 +1.321846471e+02 -1.277535291e+01 -1.277535291e+01 -2.3876e+00 -2.7350e+00 -1.3793e+00 -2.7443e+00 -1.8004e+00 +2.0733e+00 +1.3372e+00 +3.2468e+00 -8.4022e-01 +1.2952e+00 -6.0862e-02 +2.5480e+00 +1.3362e+00 +6.9045e-01 +2.3047e+00 +2.0632e+00 -2.3451e+00 -1.1349e+00 +1.7574e+00 -1.6321e+00
1860 +4.685921779e+00 +4.685921779e+00 -1.402740782e+02 -1.402740782e+02 +2.7186e-01 -2.4006e+00 -2.2920e+00 -8.8492e-01 -2.3739e+00 +1.3937e+00 +7.0904e-01 +3.0676e+00 -7.0562e-01 +1.1327e+00 +1.0966e-01 +2.3055e+00 +2.8121e-01 +1.4552e+00 +1.1039e+00 +7.8384e-01 -1.5353e+00 -2.0345e+00 +1.5587e+00 -1.7900e+00
2060 +3.557280193e+00 +3.557280193e+00 -1.414027198e+02 -1.414027198e+02 -9.8746e-01 -2.3878e+00 -1.9913e+00 -3.5167e-01 -2.7746e+00 +1.3844e+00 +8.3290e-01 +3.0525e+00 -1.1122e+00 +6.7513e-01 +9.2112e-01 +1.9000e+00 +3.2764e-01 +1.0419e+00 +6.4114e-01 +1.0847e+00 -1.7430e+00 -1.3991e+00 +1.1042e+00 -1.5768e+00
3687 +2.290911504e+00 +2.290911504e+00 -1.426690885e+02 -1.426690885e+02 -1.0105e+00 -2.3872e+00 -2.0009e+00 -4.6254e-02 -2.6347e+00 +1.8139e+00 +1.0225e+00 +2.9975e+00 -1.1839e+00 +1.0973e+00 +6.2129e-01 +2.5460e+00 +2.7404e-01 +9.0397e-01 +9.2919e-01 +2.0200e+00 -1.2978e+00 -1.9467e+00 +9.0144e-01 -1.5184e+00
% function evaluation | noise-free fitness - Fopt (-6.300000000000e+00) | best noise-free fitness - Fopt | measured fitness | best measured fitness | x1 | x2...
1 +1.468288963e+05 +1.468288963e+05 +1.468225963e+05 +1.468225963e+05 +4.5013e+00 -3.0657e+00 +8.2792e-01 -4.8575e-01 -6.0209e-01 -1.2411e+00 -1.3969e+00 +4.0899e+00 -2.1406e+00 -4.5095e+00 -4.8514e+00 +3.2803e+00 +3.9520e+00 +2.7209e+00 +1.0153e-01 +4.4251e+00 -3.0100e+00 -4.3172e+00 -4.7281e+00 -2.3679e+00
25 +7.412095417e+04 +7.412095417e+04 +7.411465417e+04 +7.411465417e+04 -3.6111e+00 -1.2959e+00 +2.6795e+00 -3.4639e+00 +2.3491e+00 +1.5521e+00 +5.3408e-01 -5.5838e-01 +2.1812e+00 +2.2112e-01 +3.7683e+00 +1.5662e+00 -4.3068e+00 -1.0021e+00 -3.9382e+00 -1.8657e+00 -4.9412e+00 -3.3772e+00 -2.0369e-01 -4.3175e+00
74 +4.252273329e+04 +4.252273329e+04 +4.251643329e+04 +4.251643329e+04 -5.0000e+00 +2.5875e+00 -3.1883e+00 +3.5593e-01 -1.7582e-01 +1.6551e+00 -1.8224e+00 +1.0790e+00 -1.6586e+00 +1.2192e+00 -3.2265e+00 +4.0013e+00 -2.2854e+00 +3.0707e-01 -1.2155e+00 -8.5332e-01 +3.3300e-01 -7.5442e-02 +6.7544e-01 -2.7499e+00
147 +3.360265058e+04 +3.360265058e+04 +3.359635058e+04 +3.359635058e+04 -3.1463e+00 +1.1507e+00 -2.6745e+00 +1.2140e+00 -1.0862e+00 -2.4673e-01 +8.2733e-01 +1.5545e+00 +0.0000e+00 +1.9331e+00 -5.4221e-01 +8.3935e-01 +0.0000e+00 -2.7656e-01 -2.4877e+00 -2.0355e+00 -3.3846e-01 +2.7632e-01 +6.7897e-01 -2.6022e+00
284 +2.116317167e+04 +2.116317167e+04 +2.115687167e+04 +2.115687167e+04 -4.2886e+00 +2.2137e+00 +4.7835e-01 +9.1396e-01 -1.8373e+00 +2.4907e+00 +3.6770e+00 +3.0435e+00 -1.0400e+00 +2.0031e+00 -1.2208e-01 +1.0208e+00 +1.1998e+00 -2.5311e-01 -1.0148e+00 +0.0000e+00 -9.4606e-01 -2.0173e+00 +7.1665e-01 -2.8550e+00
320 +9.697163218e+03 +9.697163218e+03 +9.690863218e+03 +9.690863218e+03 -2.3391e+00 +3.8851e-01 +9.8199e-01 -2.1439e+00 +3.8461e-01 -3.2487e+00 -1.8326e+00 -1.8194e+00 -1.7580e+00 +1.7881e-01 -1.5536e-01 +1.6581e+00 -2.4201e+00 -8.6447e-01 -2.1110e+00 +9.6577e-01 +5.9721e-02 +2.1974e-01 -2.8614e+00 -3.3555e-01
542 +3.774360571e+03 +3.774360571e+03 +3.768060571e+03 +3.768060571e+03 -2.6505e+00 +1.1340e+00 +1.9056e+00 -6.9713e-01 +5.5534e-01 -3.4092e+00 +1.0682e+00 +8.4098e-01 -8.7101e-02 +2.4480e+00 -8.7541e-01 +2.4549e+00 -6.9761e-01 -6.9640e-01 -2.1261e+00 +2.0642e+00 -2.8032e+00 -1.7663e+00 -7.2152e-01 -6.8857e-01
699 +1.016723252e+03 +1.016723252e+03 +1.010423252e+03 +1.010423252e+03 +2.6764e-02 -1.1944e+00 +6.2594e-01 -1.0875e+00 -3.7103e-01 -9.3706e-01 -3.5644e-02 +2.2891e-01 +3.1203e-01 +2.8689e+00 -1.6368e+00 +2.6796e+00 -8.4599e-01 -3.5873e-01 -8.1654e-01 +1.6647e+00 -7.2394e-01 -1.6195e+00 -1.7570e+00 -7.8585e-01
947 +6.791985008e+02 +6.791985008e+02 +6.728985008e+02 +6.728985008e+02 +9.2947e-02 -6.5958e-01 +1.0726e-01 -6.9278e-01 +8.0098e-01 -7.3341e-02 -3.8674e-01 +4.3138e-01 +4.8382e-01 +2.9310e+00 -1.7198e+00 +2.3343e+00 -1.9041e+00 +2.6154e+00 +3.9498e-01 +9.0415e-01 -2.4309e+00 -1.9339e-01 -1.4386e+00 -1.5016e+00
1256 +4.210057549e+02 +4.210057549e+02 +4.147057549e+02 +4.147057549e+02 +1.5293e+00 +8.0831e-01 -1.2880e+00 -9.8180e-01 -2.4179e-01 -9.7080e-01 -4.3065e-01 -1.3197e+00 +6.5511e-02 +2.3876e+00 -2.2803e+00 +2.0869e+00 -2.7931e+00 +2.1183e+00 -2.1365e-01 +1.0029e+00 -1.4427e+00 -9.8650e-01 -2.3451e+00 -2.0962e+00
1347 +3.528309744e+02 +3.528309744e+02 +3.465309744e+02 +3.465309744e+02 +1.0580e+00 +6.5794e-02 +1.2455e+00 -8.5320e-01 +2.2689e-01 -4.3567e-01 +1.4616e-01 -4.8065e-01 +2.6189e-01 +2.9614e+00 -1.7297e+00 +2.8231e+00 -2.1880e+00 +2.3253e+00 -3.1456e-01 +1.5804e+00 -3.9197e-01 -8.5806e-01 -1.3553e+00 -1.7821e+00
1506 +1.944868990e+02 +1.944868990e+02 +1.881868990e+02 +1.881868990e+02 +8.7662e-01 +8.7663e-01 -1.4291e+00 -8.9688e-01 -1.1522e+00 -1.5095e+00 -9.8547e-03 -1.1676e+00 +2.6598e-01 +2.5688e+00 -2.1312e+00 +2.6516e+00 -1.9465e+00 +1.6467e+00 -2.8412e-01 +9.6073e-01 -1.0685e+00 -6.7971e-01 -1.7746e+00 -1.8803e+00
1630 +9.626754237e+01 +9.626754237e+01 +8.996754237e+01 +8.996754237e+01 +1.5793e+00 +1.6206e+00 -2.0011e+00 -7.9383e-01 -2.2476e+00 -1.7364e+00 +1.3985e-01 -1.1615e+00 +3.2681e-01 +2.7124e+00 -8.2919e-01 +2.7549e+00 -2.0276e+00 +1.4089e+00 -1.6797e-01 +1.2319e+00 -9.5757e-01 -1.4854e+00 -2.2436e+00 -2.2735e+00
1883 +4.466072356e+01 +4.466072356e+01 +3.836072356e+01 +3.836072356e+01 +1.2885e+00 +9.1277e-02 +1.4694e+00 -7.9090e-01 -3.0851e+00 -1.3525e+00 +1.2060e-01 -4.8144e-01 +3.8083e-01 +2.7355e+00 -9.6229e-01 +2.6118e+00 -2.2361e+00 +1.8155e+00 -1.6078e-01 +2.0588e+00 -1.0215e+00 -1.8484e+00 -1.8617e+00 -2.3715e+00
2008 +3.866975775e+01 +3.866975775e+01 +3.236975775e+01 +3.236975775e+01 +7.5539e-01 +3.1619e-01 +6.5565e-01 -3.6720e-01 -1.8343e+00 -1.6029e-01 +1.3472e-01 +9.4836e-03 +4.0837e-01 +2.7707e+00 -4.3724e-01 +2.0819e+00 -2.3400e+00 +7.8738e-01 -3.4906e-01 +2.0022e+00 -3.4445e-01 -2.2342e+00 -1.9739e+00 -1.2413e+00
2147 +6.487583213e+00 +6.487583213e+00 +1.875832135e-01 +1.875832135e-01 +1.5645e+00 +1.0418e+00 -1.6094e+00 -2.6323e-01 -2.1701e+00 -8.4694e-01 +1.0216e-01 +1.8701e-01 +3.4808e-01 +2.6251e+00 -7.1220e-02 +2.1207e+00 -2.3269e+00 +9.9447e-01 -5.8219e-01 +1.0395e+00 -9.9784e-01 -1.6976e+00 -1.5889e+00 -2.1027e+00
2173 +3.815304410e+00 +3.815304410e+00 -2.484695590e+00 -2.484695590e+00 +1.0293e+00 +8.1305e-01 -9.7927e-01 -6.3678e-02 -1.5421e+00 -5.8951e-01 +1.5214e-01 -3.0947e-01 +4.6397e-01 +2.6442e+00 -1.2516e-01 +2.2167e+00 -1.2254e+00 +1.1306e+00 -5.6726e-01 +6.9126e-01 -1.1200e+00 -2.2712e+00 -1.9418e+00 -2.2132e+00
4337 +2.495869412e+00 +2.495869412e+00 -3.804130588e+00 -3.804130588e+00 +7.8323e-01 +8.9320e-01 -2.5424e+00 -2.2140e-01 -1.8750e+00 -1.3648e+00 -3.3490e-01 +2.4580e-01 +2.5383e-01 +2.5826e+00 -4.1083e-01 +2.4593e+00 -2.0163e+00 +1.6814e+00 -5.9283e-01 +1.3401e+00 -1.4288e+00 -9.5967e-01 -2.3816e+00 -2.0641e+00
% function evaluation | noise-free fitness - Fopt (-2.206000000000e+01) | best noise-free fitness - Fopt | measured fitness | best measured fitness | x1 | x2...
1 +2.903194947e+05 +2.903194947e+05 +2.902974347e+05 +2.902974347e+05 +4.5013e+00 -3.0657e+00 +8.2792e-01 -4.8575e-01 -6.0209e-01 -1.2411e+00 -1.3969e+00 +4.0899e+00 -2.1406e+00 -4.5095e+00 -4.8514e+00 +3.2803e+00 +3.9520e+00 +2.7209e+00 +1.0153e-01 +4.4251e+00 -3.0100e+00 -4.3172e+00 -4.7281e+00 -2.3679e+00
2 +5.798051586e+04 +5.798051586e+04 +5.795845586e+04 +5.795845586e+04 -2.6886e+00 +1.8222e+00 -7.6504e-01 -4.5610e+00 -1.5995e+00 -4.9012e+00 +4.8513e-01 +9.6247e-01 -1.0587e+00 +2.5534e+00 -2.1181e+00 +4.1756e+00 +4.4239e+00 -1.2018e+00 +2.1396e+00 +2.7015e+00 +1.7427e+00 -3.7477e+00 +2.9367e+00 +2.1379e+00
52 +2.238228626e+04 +2.238228626e+04 +2.236022626e+04 +2.236022626e+04 -1.1960e+00 +6.9409e-03 -1.1732e+00 +4.3895e-01 +5.3575e-01 -4.6339e+00 -4.2516e+00 +1.4670e+00 -9.4919e-02 +5.0000e+00 +1.1599e+00 +1.4298e+00 -7.5176e-02 +2.5205e+00 -2.1535e+00 -7.5946e-01 -1.5629e+00 -3.2040e+00 +1.5356e+00 +2.5515e+00
195 +1.389738282e+04 +1.389738282e+04 +1.387532282e+04 +1.387532282e+04 -3.0026e+00 -1.0219e+00 -3.6052e-02 -1.7788e-01 -3.2222e+00 -1.3765e+00 -1.1695e+00 -1.4791e+00 +3.9515e-01 +3.7474e+00 -1.8868e-01 -8.0693e-01 -6.9428e-01 +2.1775e+00 -2.5608e+00 +9.2957e-01 -3.5343e+00 +0.0000e+00 +1.2043e+00 +3.1832e+00
202 +8.782016104e+03 +8.782016104e+03 +8.759956104e+03 +8.759956104e+03 -3.5728e+00 +4.5799e-01 -8.3125e-01 -1.2308e+00 -3.7462e+00 -2.4662e+00 -2.6956e+00 -6.6842e-02 -2.3896e-02 +3.9356e+00 -1.1141e+00 +5.8662e-01 +2.5380e+00 +1.1651e+00 -1.1347e+00 +1.9218e-01 -2.0200e+00 -1.4005e-01 +2.1424e+00 +2.5379e+00
498 +4.363161290e+03 +4.363161290e+03 +4.341101290e+03 +4.341101290e+03 -1.3319e+00 -1.3159e-01 -2.8869e+00 -1.1395e+00 -2.7121e+00 -1.3864e+00 -2.8785e-01 -1.8158e+00 -1.6447e-01 +3.4930e+00 +1.0104e+00 +2.9300e+00 +8.8382e-01 +3.3884e+00 -2.0761e+00 +7.1397e-01 -3.1322e+00 -1.6571e+00 +1.9399e+00 +2.5120e+00
563 +2.690864039e+03 +2.690864039e+03 +2.668804039e+03 +2.668804039e+03 -1.6129e+00 -1.9475e-01 -3.0187e+00 -8.0315e-01 -2.4809e+00 -1.9839e+00 -4.6995e-01 -1.1514e+00 -5.7540e-02 +3.2567e+00 +7.7288e-01 +3.0597e+00 +1.6760e+00 +3.1478e+00 -1.5656e+00 +2.8978e-01 -2.4834e+00 -1.0143e+00 +1.2796e+00 +1.3107e+00
850 +8.818407372e+02 +8.818407372e+02 +8.597807372e+02 +8.597807372e+02 -3.1990e+00 +3.8827e+00 -7.4373e-01 -5.3494e-01 -1.6895e+00 -3.1144e+00 +1.3207e+00 -2.9653e+00 +8.3107e-01 +2.9787e+00 -8.1763e-02 +3.1573e+00 -4.9060e-01 +2.0660e+00 -1.8706e+00 +1.3971e+00 -2.6664e+00 -1.0690e+00 +2.2394e+00 +1.1852e+00
1044 +4.517172896e+02 +4.517172896e+02 +4.296572896e+02 +4.296572896e+02 -1.7782e+00 +0.0000e+00 -4.1801e-01 -1.2863e+00 -1.6833e+00 -2.5975e+00 +1.3656e+00 -2.2373e+00 -5.4229e-01 +2.9249e+00 +4.9969e-01 +3.1580e+00 -3.2852e-01 +1.8424e+00 -1.7113e+00 +4.9641e-01 -7.4272e-01 -1.1091e+00 +2.4080e+00 +1.5602e+00
1151 +3.410195060e+02 +3.410195060e+02 +3.189595060e+02 +3.189595060e+02 -2.7599e+00 -1.1840e+00 -7.1073e-01 -1.5560e+00 -1.6855e+00 -3.0091e+00 +1.3440e+00 -2.5150e+00 +3.4074e-01 +2.8700e+00 +4.7116e-01 +2.9676e+00 +1.4845e-02 +1.7862e+00 -1.7028e+00 +2.3402e-01 -1.6625e+00 -1.6632e+00 +2.5199e+00 +1.7474e+00
1443 +1.721326217e+02 +1.721326217e+02 +1.500726217e+02 +1.500726217e+02 -2.3270e+00 +4.0656e+00 -1.2330e-01 -2.0163e+00 -1.2376e+00 -2.9505e+00 +1.2441e+00 -2.2736e+00 +4.3566e-01 +2.7317e+00 +1.0573e-01 +2.9455e+00 -4.7323e-01 +2.2358e+00 -1.5344e+00 +5.8286e-01 -2.3994e+00 -1.0790e+00 +2.0678e+00 +1.5774e+00
1472 +1.101802006e+02 +1.101802006e+02 +8.812020058e+01 +8.812020058e+01 +1.7219e-01 +2.3022e-01 +4.4993e-01 -2.8397e+00 -8.6485e-01 -3.3532e+00 +8.8501e-01 -2.7214e+00 +5.3886e-01 +2.8000e+00 +4.1083e-01 +2.9453e+00 +1.8185e-01 +2.1855e+00 -1.7709e+00 +5.4376e-01 -2.0535e+00 -1.1585e+00 +1.5012e+00 +1.8360e+00
1565 +5.302793224e+01 +5.302793224e+01 +3.096793224e+01 +3.096793224e+01 +1.5198e+00 -2.3958e+00 -3.0603e-01 -2.9689e+00 -1.1840e+00 -3.0644e+00 +2.0961e+00 -1.6668e+00 -7.4367e-01 +2.6943e+00 +9.7719e-01 +1.6374e+00 +2.5463e-01 +1.9938e+00 -2.0529e+00 +6.7488e-01 -1.3844e+00 -9.6454e-01 +1.7716e+00 +1.6834e+00
1693 +2.821926932e+01 +2.821926932e+01 +6.159269317e+00 +6.159269317e+00 +1.3990e+00 -6.1835e-01 -1.1032e-01 -3.1261e+00 -7.0667e-01 -2.4824e+00 +2.3326e+00 -1.8752e+00 +1.6432e-01 +2.6699e+00 +7.3877e-01 +2.1500e+00 +3.4010e-01 +2.1309e+00 -1.8482e+00 +7.2631e-01 -2.1366e+00 -6.2948e-01 +2.2001e+00 +1.5177e+00
1746 +4.372165053e+00 +4.372165053e+00 -1.768783495e+01 -1.768783495e+01 +1.1412e+00 +8.1803e-01 -7.4464e-02 -2.0402e+00 -5.5414e-01 -2.2108e+00 +1.0828e+00 -2.5735e+00 +8.5731e-01 +2.7136e+00 -2.5465e-02 +2.2101e+00 +2.1620e-01 +1.9531e+00 -1.8274e+00 +7.3354e-01 -1.4943e+00 -7.2484e-01 +1.6458e+00 +1.2598e+00
1918 +3.825097409e+00 +3.825097409e+00 -1.823490259e+01 -1.823490259e+01 +1.9772e+00 +4.6548e-01 -1.2290e+00 -2.1120e+00 -6.3505e-01 -2.2460e+00 +1.5755e+00 -1.9898e+00 +6.2061e-01 +2.6611e+00 -3.1523e-02 +1.6885e+00 +5.6426e-01 +1.2148e+00 -1.7929e+00 +1.3325e+00 -8.9399e-01 -9.5085e-01 +1.7469e+00 +1.5607e+00
4429 +2.214097768e+00 +2.214097768e+00 -1.984590223e+01 -1.984590223e+01 +1.8613e+00 +2.2566e+00 -6.9790e-01 -2.4184e+00 -9.4204e-01 -2.8795e+00 +1.2647e+00 -1.5463e+00 +1.9537e-03 +2.5895e+00 +3.3950e-01 +2.1028e+00 +8.1197e-01 +2.4203e+00 -2.0037e+00 +7.3410e-01 -1.4521e+00 -9.4799e-01 +1.6359e+00 +1.1078e+00
% function evaluation | noise-free fitness - Fopt (7.129000000000e+01) | best noise-free fitness - Fopt | measured fitness | best measured fitness | x1 | x2...
1 +4.868033548e+05 +4.868033548e+05 +4.868746448e+05 +4.868746448e+05 +4.5013e+00 -3.0657e+00 +8.2792e-01 -4.8575e-01 -6.0209e-01 -1.2411e+00 -1.3969e+00 +4.0899e+00 -2.1406e+00 -4.5095e+00 -4.8514e+00 +3.2803e+00 +3.9520e+00 +2.7209e+00 +1.0153e-01 +4.4251e+00 -3.0100e+00 -4.3172e+00 -4.7281e+00 -2.3679e+00
2 +1.777154660e+05 +1.777154660e+05 +1.777867560e+05 +1.777867560e+05 -2.6886e+00 +1.8222e+00 -7.6504e-01 -4.5610e+00 -1.5995e+00 -4.9012e+00 +4.8513e-01 +9.6247e-01 -1.0587e+00 +2.5534e+00 -2.1181e+00 +4.1756e+00 +4.4239e+00 -1.2018e+00 +2.1396e+00 +2.7015e+00 +1.7427e+00 -3.7477e+00 +2.9367e+00 +2.1379e+00
6 +1.487671599e+05 +1.487671599e+05 +1.488384499e+05 +1.488384499e+05 +2.6210e+00 +1.9790e+00 -2.7405e+00 -1.1603e+00 +9.1525e-01 +4.1996e+00 +7.1057e-01 -3.3855e+00 -3.8784e+00 +4.3274e+00 +3.1939e+00 -3.4362e+00 -3.5069e+00 -3.2400e+00 +3.2212e+00 +3.9276e-02 +1.1549e+00 +1.1700e+00 -3.6743e+00 +3.4806e+00
10 +8.237825489e+04 +8.237825489e+04 +8.244954489e+04 +8.244954489e+04 -5.5297e-01 +9.3563e-01 +1.4053e+00 +1.1240e+00 +3.6987e+00 +2.3128e+00 +2.3999e+00 -4.7125e+00 +1.6405e+00 +3.4768e+00 +3.2201e+00 +1.5164e+00 -1.0130e+00 -2.8677e+00 -2.4565e+00 +2.4357e-01 +1.9276e+00 +4.8996e-01 -1.0345e+00 +3.2064e+00
14 +5.477289032e+04 +5.477289032e+04 +5.484418032e+04 +5.484418032e+04 +2.3821e+00 +1.4491e+00 +1.8085e+00 -3.0993e+00 +3.7286e+00 +1.3179e+00 -4.1612e+00 -4.0780e+00 +2.0847e+00 +3.5112e+00 -2.8594e+00 -2.2784e+00 +1.2641e+00 -9.2243e-01 +6.1579e-01 -3.9452e+00 -2.0011e+00 +4.4343e+00 -1.0890e+00 +1.4157e+00
91 +3.447344081e+04 +3.447344081e+04 +3.454473081e+04 +3.454473081e+04 +3.2964e+00 +2.2153e-01 +1.6538e+00 +2.3189e+00 +2.9741e+00 -1.7433e+00 +2.6018e+00 +2.3102e+00 -4.3806e-01 -4.6833e-03 -2.8846e+00 +2.3744e-01 -4.7014e-01 +1.8255e+00 +2.1377e+00 -5.2211e-01 -4.0278e+00 +1.7788e-01 -5.8360e-01 +3.1522e+00
135 +1.822054125e+04 +1.822054125e+04 +1.829183125e+04 +1.829183125e+04 +3.9589e+00 +1.0725e+00 +1.0839e+00 +1.2540e+00 +1.6557e+00 -2.0788e+00 +2.5146e+00 +0.0000e+00 +7.4384e-01 -2.2093e+00 -1.9983e+00 -9.2977e-03 +1.1458e+00 -4.0653e-01 +1.2424e+00 -1.1631e-01 -1.7515e+00 +2.8477e-01 +0.0000e+00 +1.5320e+00
137 +1.343582008e+04 +1.343582008e+04 +1.350711008e+04 +1.350711008e+04 +6.0293e-01 -1.5303e+00 +3.4969e+00 +2.4662e+00 +2.5657e+00 +0.0000e+00 +3.1290e+00 -1.2449e-01 -6.0612e-01 -4.4257e-01 +7.0586e-01 +1.6464e+00 -7.0864e-02 -1.5848e+00 +5.8511e-01 +1.5866e-01 -2.5006e+00 +3.1254e+00 +0.0000e+00 +3.2881e+00
416 +7.287366903e+03 +7.287366903e+03 +7.358656903e+03 +7.358656903e+03 +1.1180e+00 -1.1040e+00 -5.3120e-02 +2.7862e-01 +3.4088e+00 +3.1607e-01 +1.1163e+00 +1.3391e+00 +2.6871e-01 +8.4888e-01 +1.0446e-01 +3.2947e+00 -2.0810e+00 -2.0621e+00 +1.0330e+00 -2.5015e+00 -4.8885e-01 +3.2981e+00 +2.0200e+00 +1.5559e+00
662 +4.671342421e+03 +4.671342421e+03 +4.742632421e+03 +4.742632421e+03 +3.7427e-01 -4.0336e-01 +2.1728e+00 +5.4085e-01 +3.3463e+00 +2.2583e-01 +1.1167e+00 +3.5773e-01 +2.8454e-01 +5.5766e-01 +5.2990e-01 +1.3537e+00 +0.0000e+00 -2.9603e+00 +6.9287e-01 -2.5430e+00 +2.1059e-01 +2.1018e+00 +6.2945e-01 +1.4827e+00
926 +3.628459001e+03 +3.628459001e+03 +3.699749001e+03 +3.699749001e+03 -2.3915e-01 -5.6988e-01 +8.6462e-01 -2.2367e-01 +3.1502e+00 +5.3771e-01 +1.0480e-01 -7.2311e-01 -7.0796e-02 +3.1738e+00 +1.0104e-01 +1.8811e+00 -2.2343e-01 -2.2629e+00 +2.7268e-01 -2.3898e+00 -4.4297e-01 +1.5592e+00 +2.4982e+00 +9.1745e-01
1056 +2.333176818e+03 +2.333176818e+03 +2.404466818e+03 +2.404466818e+03 -1.3463e+00 +2.0546e-01 +1.1514e+00 +2.0707e+00 +2.7997e+00 +3.1895e-01 -1.7346e+00 +2.1008e-02 -5.9417e-01 +3.7048e+00 +9.0341e-01 +7.3762e-01 -9.1520e-01 -2.2710e+00 +5.6907e-01 -8.5613e-01 -2.0400e+00 +1.3835e+00 +2.1557e+00 +7.6210e-01
1126 +1.347231611e+03 +1.347231611e+03 +1.418521611e+03 +1.418521611e+03 -3.4636e-01 +5.8697e-01 +4.5148e-01 +2.2046e+00 +2.8041e+00 +2.3858e-01 +1.9341e-01 -7.2878e-01 -7.1524e-02 +2.6534e+00 +8.8917e-01 +2.2141e+00 -9.5838e-01 -2.4661e+00 +1.1802e+00 -1.1063e+00 -2.7074e+00 +1.2839e+00 +1.4072e+00 +8.5487e-01
1150 +2.081168141e+02 +2.081168141e+02 +2.794068141e+02 +2.794068141e+02 -2.6979e-02 +1.7932e+00 +3.7961e-01 +2.8355e+00 +2.1925e+00 -2.2070e-01 -4.9308e-01 +5.1519e-01 +7.6853e-03 +3.0349e+00 +6.9799e-01 +5.9913e-01 -2.6519e+00 -1.7431e+00 +5.0873e-01 -8.4389e-01 -1.9908e+00 +2.1945e+00 +9.6267e-01 +9.9621e-01
1501 +1.710907830e+01 +1.710907830e+01 +8.839907830e+01 +8.839907830e+01 +1.1237e+00 +1.6115e+00 +2.1609e-01 +2.6835e+00 +1.1617e+00 -1.0990e-01 -5.5041e-01 -5.8566e-01 +3.2546e-03 +2.7231e+00 +1.3716e-01 +6.5223e-01 -1.3444e+00 -1.5901e+00 +4.3797e-01 -5.9314e-01 -1.0145e+00 +1.9297e+00 +1.2275e+00 +1.2470e+00
1726 +6.688157818e+00 +6.688157818e+00 +7.797815782e+01 +7.797815782e+01 +8.7101e-01 -8.4119e-01 +2.3761e+00 +1.8539e+00 +1.2032e+00 +1.8970e-02 +1.1817e-01 -1.4424e+00 +7.2945e-02 +2.7004e+00 +5.9711e-01 +2.2597e+00 -2.7869e-02 -1.4821e+00 +1.0976e+00 -1.1560e+00 -1.2230e+00 +1.7718e+00 +1.5322e+00 +1.0305e+00
1851 +4.210764247e+00 +4.210764247e+00 +7.550076425e+01 +7.550076425e+01 +1.8608e-01 +2.6480e-01 +9.5150e-01 +2.2541e+00 +5.0645e-01 -2.1761e-01 +1.9630e-01 -9.1349e-01 +3.9726e-01 +2.6520e+00 +3.1231e-01 +1.4775e+00 -1.5778e-01 -1.9373e+00 +1.1582e+00 -7.2829e-01 -1.1972e+00 +2.3220e+00 +1.8557e+00 +1.0223e+00
2051 +3.768328309e+00 +3.768328309e+00 +7.505832831e+01 +7.505832831e+01 +1.0849e-01 -1.0512e+00 +2.4868e+00 +2.0020e+00 +8.0480e-02 +1.0179e-01 -2.4274e-01 -1.6485e+00 -5.1169e-01 +2.6964e+00 -9.8983e-04 +1.6318e+00 -4.0321e-02 -1.8199e+00 +9.8664e-01 -7.3953e-01 -1.1420e+00 +2.3382e+00 +1.2507e+00 +1.0107e+00
4076 +2.502026259e+00 +2.502026259e+00 +7.379202626e+01 +7.379202626e+01 +4.8606e-01 -7.6545e-01 +2.5170e+00 +2.1781e+00 +9.1628e-01 -7.3975e-02 -4.0336e-02 -2.6871e+00 +2.0875e-01 +2.7658e+00 -1.9669e+00 +1.9892e+00 -2.0106e-01 -8.8252e-01 +8.3738e-01 -8.8654e-01 -1.8070e+00 +2.1776e+00 +1.8190e+00 +1.0360e+00
% function evaluation | noise-free fitness - Fopt (-1.054000000000e+01) | best noise-free fitness - Fopt | measured fitness | best measured fitness | x1 | x2...
1 +3.592806346e+05 +3.592806346e+05 +3.592700946e+05 +3.592700946e+05 +4.5013e+00 -3.0657e+00 +8.2792e-01 -4.8575e-01 -6.0209e-01 -1.2411e+00 -1.3969e+00 +4.0899e+00 -2.1406e+00 -4.5095e+00 -4.8514e+00 +3.2803e+00 +3.9520e+00 +2.7209e+00 +1.0153e-01 +4.4251e+00 -3.0100e+00 -4.3172e+00 -4.7281e+00 -2.3679e+00
2 +7.406295283e+04 +7.406295283e+04 +7.405241283e+04 +7.405241283e+04 -2.6886e+00 +1.8222e+00 -7.6504e-01 -4.5610e+00 -1.5995e+00 -4.9012e+00 +4.8513e-01 +9.6247e-01 -1.0587e+00 +2.5534e+00 -2.1181e+00 +4.1756e+00 +4.4239e+00 -1.2018e+00 +2.1396e+00 +2.7015e+00 +1.7427e+00 -3.7477e+00 +2.9367e+00 +2.1379e+00
53 +5.998994775e+04 +5.998994775e+04 +5.997940775e+04 +5.997940775e+04 -2.5830e+00 +5.1149e-03 -2.3329e+00 +2.7185e-01 +3.1422e+00 +4.1180e+00 +2.6177e+00 +8.7729e-01 +2.6016e-01 +2.1511e+00 +1.8344e+00 +1.1308e+00 +2.3830e+00 -6.9093e-01 -1.0169e+00 +5.0000e+00 -7.2897e-01 +1.6615e+00 -7.6925e-03 +3.3308e+00
102 +3.678742031e+04 +3.678742031e+04 +3.677688031e+04 +3.677688031e+04 +9.9482e-01 +1.3618e+00 -1.9287e+00 +9.6630e-01 +1.5752e+00 +3.5872e-01 +4.8328e-01 -2.4326e+00 +4.6404e-01 +4.1625e+00 +5.0000e+00 -1.5594e-01 -2.6321e+00 -2.9779e+00 -3.4337e+00 +2.7015e+00 +1.1286e+00 -2.1240e+00 -5.8238e-01 +3.8716e+00
165 +1.040083797e+04 +1.040083797e+04 +1.039029797e+04 +1.039029797e+04 -6.6860e-02 +4.5798e-01 +2.4949e+00 -5.5320e-02 +2.6780e+00 +5.0000e+00 -2.0547e-01 -4.1310e+00 +1.5163e-01 +1.0973e+00 +1.2690e+00 +2.5284e+00 +8.5023e-01 -2.5267e+00 -3.5347e+00 +4.8675e-01 -9.3453e-01 -1.5187e+00 +7.4557e-01 +2.7418e+00
252 +6.711190537e+03 +6.711190537e+03 +6.700650537e+03 +6.700650537e+03 +7.2156e-02 +6.0861e-01 +1.9335e+00 +2.3653e-01 +2.2325e+00 +5.0000e+00 +1.0243e+00 -3.9890e+00 +5.4872e-02 +1.8466e+00 +1.0526e+00 +9.3422e-01 -7.6148e-01 -2.0120e+00 -3.2943e+00 +1.9686e+00 -3.8924e-01 -5.5924e-01 +1.2584e+00 +2.8014e+00
264 +5.167503666e+03 +5.167503666e+03 +5.156963666e+03 +5.156963666e+03 -1.2546e+00 +3.1354e-01 +2.4454e+00 +6.2045e-02 +1.8525e+00 +3.0920e+00 +2.1687e+00 -2.8705e+00 +5.5522e-01 +5.8938e-01 +5.3633e-01 +3.1078e+00 +1.7303e+00 -2.8916e+00 -2.0619e+00 +1.4416e+00 -2.5946e+00 -6.2945e-01 +1.3090e+00 +1.4918e+00
554 +2.034992633e+03 +2.034992633e+03 +2.024452633e+03 +2.024452633e+03 -6.4290e-01 -2.1503e+00 -5.7104e-01 -1.1986e+00 +1.8265e+00 +2.0103e-02 +1.4842e-01 -2.4609e+00 -3.2308e-01 +1.5778e+00 -8.3639e-01 +2.4036e+00 +5.5353e-01 -1.9946e+00 -2.9366e+00 +1.4377e+00 -1.8855e-01 -9.7667e-01 +1.5929e+00 +1.2063e+00
1015 +1.309902209e+03 +1.309902209e+03 +1.299362209e+03 +1.299362209e+03 -9.4379e-01 +1.5199e+00 +1.6838e+00 -1.0965e+00 +2.0589e+00 +1.4785e+00 -3.3878e+00 -1.5157e+00 -3.8367e-01 -1.3686e-01 +1.0030e-01 +2.3974e-01 -1.4513e+00 -2.5108e+00 -1.0203e+00 +2.1013e+00 -1.9556e+00 -1.0888e+00 +2.5925e+00 +5.6608e-01
1089 +5.758125132e+02 +5.758125132e+02 +5.652725132e+02 +5.652725132e+02 +1.8728e-01 -2.0693e+00 +7.2079e-02 -1.5521e+00 +2.1894e+00 +8.0858e-01 -2.9782e+00 -2.2018e+00 -8.9345e-01 +2.1522e+00 +3.5470e-01 +2.0848e+00 -1.2942e+00 -2.0661e+00 +8.7586e-03 +1.4990e+00 -2.2073e+00 -1.3018e+00 +1.8819e+00 +1.8989e+00
1189 +3.749186464e+02 +3.749186464e+02 +3.643786464e+02 +3.643786464e+02 -1.1564e-01 -2.4525e+00 -1.6727e+00 -2.5213e+00 +2.1875e+00 -5.8620e-02 -2.9626e+00 -2.3465e+00 -9.3801e-01 +2.2216e+00 +1.2386e+00 +1.5301e+00 -1.2283e+00 -2.4436e+00 +1.3093e-01 +1.5698e+00 -2.4838e+00 -8.6589e-01 +2.4327e+00 +1.9423e+00
1606 +1.944532492e+02 +1.944532492e+02 +1.839132492e+02 +1.839132492e+02 -8.4674e-01 -2.1421e+00 -9.3753e-01 -2.6605e+00 +2.1233e+00 +6.2433e-02 -2.2449e+00 -2.3680e+00 -3.2292e-01 +2.0835e+00 +1.9261e+00 +6.5484e-01 -1.3875e+00 -2.5760e+00 -1.1280e+00 +1.4197e+00 -2.0571e+00 -1.0748e+00 +2.5632e+00 +1.8407e+00
1770 +1.236512877e+02 +1.236512877e+02 +1.131112877e+02 +1.131112877e+02 -9.4934e-01 -2.0058e+00 -8.4565e-01 -2.3396e+00 +1.1796e+00 +3.2983e+00 -2.3398e+00 -2.5544e+00 -7.3302e-01 +2.3787e+00 +1.4078e+00 -6.9567e-02 -1.1480e+00 -2.5283e+00 -6.4893e-01 +1.3468e+00 -2.3142e+00 -9.1357e-01 +1.8370e+00 +2.0483e+00
1811 +5.212277699e+00 +5.212277699e+00 -5.327722301e+00 -5.327722301e+00 -9.2611e-01 -2.1236e+00 -1.6888e+00 -2.4983e+00 +1.6550e+00 +3.7555e-01 -2.4369e+00 -1.9799e+00 -2.3473e-01 +2.3877e+00 +1.9409e+00 +1.0062e-01 -1.3197e+00 -2.4903e+00 -4.3238e-01 +1.1457e+00 -1.5356e+00 -9.2653e-01 +1.7054e+00 +2.1190e+00
2447 +3.126390568e+00 +3.126390568e+00 -7.413609432e+00 -7.413609432e+00 -1.7942e+00 -1.9748e+00 -1.0770e+00 -2.5627e+00 +1.6402e+00 +2.0901e+00 +4.1008e-01 -1.8618e+00 +5.1374e-01 +2.5354e+00 +1.9136e+00 +3.0129e-01 -1.2185e+00 -2.2350e+00 -5.7151e-01 +1.4075e+00 -1.7056e+00 -1.0380e+00 +1.2718e+00 +1.7797e+00
4942 +2.426560297e+00 +2.426560297e+00 -8.113439703e+00 -8.113439703e+00 -1.5604e+00 -2.1979e+00 -1.0778e+00 -2.6345e+00 +1.6458e+00 +2.0735e+00 +4.4559e-01 -2.7779e+00 +5.3862e-01 +2.5342e+00 +1.9411e+00 +3.0698e-01 -1.2694e+00 -2.2351e+00 -5.5930e-01 +1.4706e+00 -1.8793e+00 -9.1821e-01 +1.5174e+00 +1.6702e+00
% function evaluation | noise-free fitness - Fopt (3.860100000000e+02) | best noise-free fitness - Fopt | measured fitness | best measured fitness | x1 | x2...
1 +2.116178121e+05 +2.116178121e+05 +2.120038221e+05 +2.120038221e+05 +4.5013e+00 -3.0657e+00 +8.2792e-01 -4.8575e-01 -6.0209e-01 -1.2411e+00 -1.3969e+00 +4.0899e+00 -2.1406e+00 -4.5095e+00 -4.8514e+00 +3.2803e+00 +3.9520e+00 +2.7209e+00 +1.0153e-01 +4.4251e+00 -3.0100e+00 -4.3172e+00 -4.7281e+00 -2.3679e+00
4 +1.574923229e+05 +1.574923229e+05 +1.578783329e+05 +1.578783329e+05 -1.4018e-01 +4.1674e-01 -1.6605e+00 -1.8731e+00 -1.3492e+00 +2.5367e+00 +9.7345e-01 -2.1806e-01 +2.2198e+00 -2.1385e+00 +4.8548e+00 +3.1213e+00 -6.2636e-01 -1.6940e-01 +1.0587e+00 +3.6626e+00 -1.5618e+00 +4.1142e+00 -3.8976e+00 +1.3712e+00
14 +9.548232657e+04 +9.548232657e+04 +9.586833657e+04 +9.586833657e+04 +2.3821e+00 +1.4491e+00 +1.8085e+00 -3.0993e+00 +3.7286e+00 +1.3179e+00 -4.1612e+00 -4.0780e+00 +2.0847e+00 +3.5112e+00 -2.8594e+00 -2.2784e+00 +1.2641e+00 -9.2243e-01 +6.1579e-01 -3.9452e+00 -2.0011e+00 +4.4343e+00 -1.0890e+00 +1.4157e+00
23 +5.354927931e+04 +5.354927931e+04 +5.393528931e+04 +5.393528931e+04 +3.1317e+00 +3.3850e+00 +3.7437e+00 -5.8172e-01 -6.9834e-01 -1.0282e+00 +4.6137e+00 +3.6993e+00 -1.0609e+00 +6.6710e-01 +1.8589e+00 -2.7142e+00 -2.3780e+00 +2.3400e+00 +1.5232e+00 +4.2118e-01 -2.4157e+00 +2.7619e+00 +2.1203e+00 -2.7842e+00
104 +3.961723760e+04 +3.961723760e+04 +4.000324760e+04 +4.000324760e+04 +9.0804e-01 +9.1328e-01 +4.3508e+00 +1.6371e+00 -1.3086e+00 +2.3393e+00 +1.8267e+00 +6.6593e-01 -1.3434e+00 -3.2394e-01 +2.6136e+00 +2.4570e+00 -1.9617e+00 -4.5182e-01 -6.3612e-01 +9.7801e-01 -1.7371e+00 +3.8289e-01 -9.9308e-01 -1.9428e+00
165 +2.258289778e+04 +2.258289778e+04 +2.296890778e+04 +2.296890778e+04 +4.8224e+00 -4.9190e-01 +3.7922e+00 -1.3228e+00 -6.6485e-01 +5.0000e+00 +2.6135e+00 +3.1914e+00 +0.0000e+00 +1.1133e-01 +4.2054e-01 -2.7960e-01 -1.1196e+00 -8.6591e-01 -2.3922e+00 +6.5626e-02 +0.0000e+00 +1.2260e+00 +6.9471e-01 -1.9318e+00
292 +1.501333911e+04 +1.501333911e+04 +1.539934911e+04 +1.539934911e+04 -1.1290e+00 -8.4835e-01 +2.6219e+00 -2.9654e-02 +3.7097e-01 +4.5772e+00 +1.8853e+00 -1.1701e+00 -5.8713e-01 -2.2714e-01 +1.3554e+00 -4.6903e+00 +7.9821e-01 -1.6823e-01 -2.8078e+00 -3.2389e-01 -3.2206e+00 -6.0175e-01 -6.3923e-01 -2.2359e+00
383 +6.809323075e+03 +6.809323075e+03 +7.195333075e+03 +7.195333075e+03 +1.0398e-01 -1.8977e+00 +1.6529e+00 -1.5270e+00 +1.7469e+00 +3.5121e+00 +2.6982e+00 +4.7799e-02 -1.8609e+00 -1.8599e+00 -7.6707e-01 -7.7896e-01 +0.0000e+00 +4.0106e-01 -6.0670e-01 -2.6534e+00 -2.1025e+00 +1.6695e+00 -7.5891e-01 -2.1219e-01
500 +6.144133087e+03 +6.144133087e+03 +6.530143087e+03 +6.530143087e+03 -2.9375e-01 -1.3116e+00 +1.7592e+00 -1.8278e+00 +2.4071e+00 +4.2538e+00 +2.6374e+00 +1.4843e+00 -1.6839e+00 -2.1285e+00 +0.0000e+00 -1.9027e+00 +3.7305e-01 +0.0000e+00 -6.0620e-01 -9.4731e-01 -1.3216e+00 +1.0758e+00 -7.6496e-01 -2.2523e+00
624 +3.324540398e+03 +3.324540398e+03 +3.710550398e+03 +3.710550398e+03 +7.5363e-02 -5.0478e-01 +1.5068e+00 +3.8945e-01 -1.6099e+00 +3.4723e+00 -3.3614e-01 +1.0941e+00 -1.6315e+00 -1.2599e+00 -8.9629e-01 -3.1257e-01 -7.5132e-01 -1.2737e-01 -2.6141e+00 -1.4681e+00 -6.2031e-01 +1.1440e+00 -1.8955e+00 -2.8480e+00
675 +1.797499408e+03 +1.797499408e+03 +2.183509408e+03 +2.183509408e+03 -9.1134e-01 -9.7291e-04 +1.2741e+00 +9.8775e-01 -5.3985e-01 +3.3808e+00 -7.7082e-01 +9.7649e-01 -1.4442e+00 -1.9927e+00 -6.4236e-01 +3.5411e-01 -1.0038e+00 +1.8334e-01 -2.6208e+00 -1.7324e+00 -1.7816e+00 +2.6118e+00 -2.8408e-01 -1.5360e+00
729 +1.559042743e+03 +1.559042743e+03 +1.945052743e+03 +1.945052743e+03 -5.8586e-01 -3.2324e-01 +1.2694e+00 -8.4341e-01 -1.9891e+00 +1.9286e+00 -8.3405e-01 +1.2612e+00 -1.0559e+00 -2.7264e+00 -1.9014e+00 +1.9454e-01 -7.5695e-01 +0.0000e+00 -2.2953e+00 -8.4710e-02 -1.1536e+00 +1.6098e+00 -9.9311e-01 -2.5830e+00
1114 +8.960852156e+02 +8.960852156e+02 +1.282095216e+03 +1.282095216e+03 -8.8326e-01 -7.3100e-01 +1.3211e+00 +1.0658e+00 +3.0957e-01 +1.4242e+00 -1.2588e+00 +1.3590e+00 +1.0470e+00 -4.6300e-01 -1.8406e+00 -5.5602e-01 -1.4541e+00 +3.8888e-01 -2.2565e+00 -7.7236e-02 -1.6463e+00 +2.4409e+00 -2.4142e+00 -2.5043e+00
1198 +4.343520671e+00 +4.343520671e+00 +3.903535207e+02 +3.903535207e+02 -8.2569e-01 -1.7432e+00 +3.6423e-01 +2.1685e+00 +1.8857e+00 +7.4156e-01 +1.2866e+00 +1.7598e+00 +1.2880e+00 -7.9110e-01 -1.8904e+00 -1.9606e+00 -9.9567e-01 +6.4100e-01 -1.6976e+00 -1.8540e+00 -5.8562e-01 +1.7615e+00 -1.7598e+00 -1.4992e+00
1330 +3.793982046e+00 +3.793982046e+00 +3.898039820e+02 +3.898039820e+02 -8.5711e-01 -1.2914e+00 +7.8835e-01 +1.9267e+00 +2.0863e+00 +1.2261e+00 -3.1001e-01 +1.6354e+00 +1.6684e+00 -2.4445e-01 -1.8292e+00 -1.2446e+00 -1.2790e+00 +4.3248e-01 -1.4474e+00 -1.1827e+00 -8.0909e-01 +2.0988e+00 -2.0394e+00 -1.6405e+00
4973 +2.476879702e+00 +2.476879702e+00 +3.884868797e+02 +3.884868797e+02 -1.5030e+00 -4.3303e-01 +8.9979e-01 +2.9841e+00 +1.6613e+00 +2.2327e+00 -5.2702e-01 +3.6163e-01 +6.3909e-01 +2.0476e-01 -7.3771e-01 -7.3944e-01 -1.1432e+00 +1.8094e+00 -1.7573e+00 -1.0318e+00 -9.8541e-01 +2.3367e+00 -2.0701e+00 -1.4081e+00
% function evaluation | noise-free fitness - Fopt (-1.257000000000e+01) | best noise-free fitness - Fopt | measured fitness | best measured fitness | x1 | x2...
1 +2.582900008e+05 +2.582900008e+05 +2.582774308e+05 +2.582774308e+05 +4.5013e+00 -3.0657e+00 +8.2792e-01 -4.8575e-01 -6.0209e-01 -1.2411e+00 -1.3969e+00 +4.0899e+00 -2.1406e+00 -4.5095e+00 -4.8514e+00 +3.2803e+00 +3.9520e+00 +2.7209e+00 +1.0153e-01 +4.4251e+00 -3.0100e+00 -4.3172e+00 -4.7281e+00 -2.3679e+00
4 +1.304741243e+05 +1.304741243e+05 +1.304615543e+05 +1.304615543e+05 -1.4018e-01 +4.1674e-01 -1.6605e+00 -1.8731e+00 -1.3492e+00 +2.5367e+00 +9.7345e-01 -2.1806e-01 +2.2198e+00 -2.1385e+00 +4.8548e+00 +3.1213e+00 -6.2636e-01 -1.6940e-01 +1.0587e+00 +3.6626e+00 -1.5618e+00 +4.1142e+00 -3.8976e+00 +1.3712e+00
10 +6.259699731e+04 +6.259699731e+04 +6.258442731e+04 +6.258442731e+04 -5.5297e-01 +9.3563e-01 +1.4053e+00 +1.1240e+00 +3.6987e+00 +2.3128e+00 +2.3999e+00 -4.7125e+00 +1.6405e+00 +3.4768e+00 +3.2201e+00 +1.5164e+00 -1.0130e+00 -2.8677e+00 -2.4565e+00 +2.4357e-01 +1.9276e+00 +4.8996e-01 -1.0345e+00 +3.2064e+00
104 +3.014854619e+04 +3.014854619e+04 +3.013597619e+04 +3.013597619e+04 -8.4564e-01 +3.0540e-01 +2.9532e+00 -4.1955e+00 +6.8196e-01 +1.7989e+00 -4.7539e+00 -1.7423e+00 -7.4284e-01 +8.1708e-01 +2.3411e+00 +2.8954e+00 +2.9928e+00 -2.0125e+00 -3.8122e-01 +0.0000e+00 -3.1742e+00 -7.2685e-01 -3.2100e+00 +4.7184e-01
152 +6.661304491e+03 +6.661304491e+03 +6.648734491e+03 +6.648734491e+03 -5.5578e-01 +4.0564e+00 +1.4239e+00 -1.9543e+00 +9.9376e-01 -5.0165e-01 -5.0000e+00 -3.0810e+00 +3.5976e+00 +9.0482e-01 -5.2758e-01 +1.7702e+00 +5.6489e-01 -1.7090e-01 -5.5993e-01 -1.8430e+00 -2.0713e+00 +2.6615e-01 -1.5822e+00 +1.8609e+00
227 +4.651747483e+03 +4.651747483e+03 +4.639177483e+03 +4.639177483e+03 -1.8549e-01 +2.6463e+00 +9.7357e-02 -2.6110e+00 -9.1320e-01 -1.8395e+00 -2.9771e+00 -2.2219e+00 +2.3382e+00 -1.8162e+00 -1.6868e-01 +2.9221e+00 -1.0760e+00 +3.3388e-02 -4.5023e-01 -1.9132e+00 -1.9701e+00 +2.2207e+00 -1.1376e+00 +2.6065e+00
488 +2.522825272e+03 +2.522825272e+03 +2.510255272e+03 +2.510255272e+03 +8.1138e-02 +2.2975e+00 -9.6583e-02 -2.9081e+00 -5.6436e-01 -1.2607e+00 -3.5021e+00 -2.2246e+00 +2.2490e+00 -7.7156e-01 -2.9962e-01 +3.2825e+00 -1.1503e+00 -1.5550e-01 -8.7278e-01 -2.8498e+00 -1.2634e+00 +2.5655e+00 -3.3962e-02 +2.6828e+00
544 +1.653229639e+03 +1.653229639e+03 +1.640659639e+03 +1.640659639e+03 -1.3600e-01 +1.9958e+00 +3.8902e-01 -3.4519e+00 -5.4523e-01 -3.6413e-01 -2.4659e+00 -1.3742e+00 +2.4373e+00 -8.9929e-01 -1.3759e-01 +3.2285e+00 -2.6924e+00 +2.6103e-01 -5.8280e-01 -2.7940e+00 -1.3556e+00 +2.1262e+00 -3.8296e-01 +1.3001e+00
788 +1.014770217e+03 +1.014770217e+03 +1.002200217e+03 +1.002200217e+03 +4.1467e-01 +2.2038e+00 +8.6767e-01 -3.3297e+00 -4.1576e-02 -4.1472e-01 -2.6342e+00 -4.3649e-01 +3.0556e+00 -1.2656e+00 -3.9992e-01 +3.2112e+00 -2.3297e+00 -8.4146e-01 -8.0205e-01 -2.8913e+00 -1.4484e+00 +2.1722e+00 -8.5343e-01 +1.4218e+00
809 +7.698072726e+02 +7.698072726e+02 +7.572372726e+02 +7.572372726e+02 -3.7216e-01 +2.1080e+00 +2.2293e+00 -3.5549e+00 +9.4727e-02 -6.6460e-01 -2.8542e+00 +1.0116e+00 +3.0672e+00 -1.0753e+00 -6.2793e-01 +3.2120e+00 -1.3899e+00 -8.3338e-01 -1.0854e+00 -1.8908e+00 -1.5096e+00 +1.9871e+00 -5.6648e-01 +1.8929e+00
891 +5.869254393e+02 +5.869254393e+02 +5.743554393e+02 +5.743554393e+02 -1.0403e+00 +1.8599e+00 +8.0507e-01 +2.9682e-01 +1.0411e-01 -1.4417e+00 -3.1599e+00 -1.4946e-01 +2.9197e+00 -9.9707e-01 -6.7961e-01 +3.0401e+00 -1.3055e+00 -1.5952e+00 -7.9420e-01 -2.3025e+00 -7.7687e-01 +1.4922e+00 -8.3397e-01 +1.7855e+00
1091 +3.654024414e+02 +3.654024414e+02 +3.528324414e+02 +3.528324414e+02 +1.2507e-01 +1.2007e+00 +8.2279e-01 -5.5516e-01 -7.2572e-02 -1.5357e-01 -3.0471e+00 +1.3441e+00 +2.8622e+00 -9.4693e-01 -7.1019e-01 +3.0172e+00 -1.6829e+00 -1.2331e+00 -8.3975e-01 -2.4378e+00 -5.2511e-01 +1.5439e+00 -1.1928e+00 +2.0935e+00
1120 +2.610893517e+01 +2.610893517e+01 +1.353893517e+01 +1.353893517e+01 -5.0236e-01 +1.9948e+00 -1.2707e-01 +3.6006e-01 +1.6828e+00 -7.2674e-01 -3.1773e+00 -9.1323e-01 +2.9571e+00 -6.9973e-01 -1.8864e-01 +2.2110e+00 -1.3445e+00 -6.8693e-01 -5.1377e-01 -1.8725e+00 -5.7320e-01 +1.7462e+00 -6.4138e-01 +1.9900e+00
1423 +2.138470498e+01 +2.138470498e+01 +8.814704980e+00 +8.814704980e+00 -2.0589e+00 +2.0943e+00 +7.3165e-03 -1.1019e+00 +1.9297e+00 -1.3940e+00 -3.2341e+00 -1.4531e-02 +1.3798e+00 +6.7614e-01 -7.4653e-01 +2.6854e+00 -1.2956e+00 -1.3147e+00 -1.4051e+00 -2.3444e+00 -1.2749e+00 +2.0245e+00 -2.2508e+00 +1.9276e+00
1641 +8.978126773e+00 +8.978126773e+00 -3.591873227e+00 -3.591873227e+00 -1.9101e+00 +2.0115e+00 -2.3345e-01 +3.1670e-01 +2.5132e+00 -1.0496e+00 -3.2446e+00 +1.7705e-02 +2.8148e+00 +2.9537e-02 -3.0249e-01 +2.4073e+00 -1.4746e+00 -1.2566e+00 -8.6462e-01 -2.2606e+00 -1.1181e+00 +1.7517e+00 -2.1442e+00 +2.1059e+00
1768 +4.182358408e+00 +4.182358408e+00 -8.387641592e+00 -8.387641592e+00 -1.3321e+00 +2.2419e+00 +9.8114e-02 +4.1396e-01 +2.7074e+00 -1.4739e+00 -3.0802e+00 +3.8787e-01 +2.6519e+00 +7.6763e-02 -3.0023e-01 +2.4386e+00 -1.6793e+00 -1.2589e+00 -1.0800e+00 -2.0135e+00 -1.4103e+00 +1.8036e+00 -1.9312e+00 +2.1121e+00
1968 +3.503101906e+00 +3.503101906e+00 -9.066898094e+00 -9.066898094e+00 -1.3773e+00 +1.6124e+00 +2.6181e-01 -2.0577e-02 +2.7213e+00 -1.4180e+00 -3.2245e+00 +4.9018e-01 +2.6093e+00 +7.6685e-02 -3.0472e-01 +2.4380e+00 -1.6777e+00 -1.2812e+00 -2.2120e+00 -1.9972e+00 -1.0921e+00 +1.8473e+00 -2.1658e+00 +2.0740e+00
% function evaluation | noise-free fitness - Fopt (-1.270400000000e+02) | best noise-free fitness - Fopt | measured fitness | best measured fitness | x1 | x2...
1 +2.954322393e+05 +2.954322393e+05 +2.953051993e+05 +2.953051993e+05 +4.5013e+00 -3.0657e+00 +8.2792e-01 -4.8575e-01 -6.0209e-01 -1.2411e+00 -1.3969e+00 +4.0899e+00 -2.1406e+00 -4.5095e+00 -4.8514e+00 +3.2803e+00 +3.9520e+00 +2.7209e+00 +1.0153e-01 +4.4251e+00 -3.0100e+00 -4.3172e+00 -4.7281e+00 -2.3679e+00
2 +1.687331333e+05 +1.687331333e+05 +1.686060933e+05 +1.686060933e+05 -2.6886e+00 +1.8222e+00 -7.6504e-01 -4.5610e+00 -1.5995e+00 -4.9012e+00 +4.8513e-01 +9.6247e-01 -1.0587e+00 +2.5534e+00 -2.1181e+00 +4.1756e+00 +4.4239e+00 -1.2018e+00 +2.1396e+00 +2.7015e+00 +1.7427e+00 -3.7477e+00 +2.9367e+00 +2.1379e+00
12 +1.053002946e+05 +1.053002946e+05 +1.051732546e+05 +1.051732546e+05 +2.9194e+00 +3.9977e+00 -1.2018e+00 -4.8424e+00 -2.3555e+00 +4.0481e+00 +1.3427e+00 +1.1011e+00 -2.1837e+00 -4.4908e-01 +2.5363e+00 +1.6316e+00 -2.1472e+00 -3.4266e+00 +1.6785e+00 -3.6933e+00 +2.0102e+00 -1.7014e+00 -2.5894e+00 -1.3075e-01
15 +8.464753455e+04 +8.464753455e+04 +8.452049455e+04 +8.452049455e+04 -3.2373e+00 +3.1797e+00 -3.8905e-01 +8.6918e-01 -2.6212e+00 -2.6559e+00 +4.4546e+00 -7.5111e-01 +2.8386e+00 +6.2049e-01 +1.0212e+00 -8.0567e-01 -2.5883e+00 -4.4731e+00 -4.5439e-01 -3.5857e+00 +3.5604e+00 +8.1594e-01 +1.1263e-01 -1.9365e+00
19 +5.556096458e+04 +5.556096458e+04 +5.543392458e+04 +5.543392458e+04 -8.9730e-01 -1.5881e+00 +1.0287e+00 +2.1763e+00 +3.7038e+00 +1.5553e+00 +3.7345e+00 +3.3864e+00 -4.8941e-01 -1.2782e+00 +1.3655e+00 +3.5057e+00 +1.8134e+00 -1.8894e+00 -2.3408e-01 -2.7521e+00 -1.0255e+00 +2.2556e+00 +3.4452e+00 -1.2333e-01
73 +2.876317555e+04 +2.876317555e+04 +2.863613555e+04 +2.863613555e+04 -1.8377e+00 -1.6150e+00 +2.4037e+00 +2.7465e+00 +1.2533e+00 -2.8989e-01 +3.6225e+00 -1.3007e+00 -1.6287e+00 -1.2396e+00 +1.2888e+00 -5.0000e+00 +2.3194e+00 -1.6532e+00 -3.4768e+00 -1.7915e+00 -3.3861e+00 -2.2381e+00 -7.1423e-01 -1.2086e+00
137 +1.136541974e+04 +1.136541974e+04 +1.123837974e+04 +1.123837974e+04 -2.5834e+00 -3.0450e+00 +3.1453e+00 +4.9651e+00 -2.0091e+00 +0.0000e+00 +2.4603e+00 -2.7239e+00 -5.9560e-01 +3.6413e-01 +1.0770e+00 -1.4173e+00 +4.1708e-01 -2.8240e+00 -6.0410e-01 -1.8013e-01 -3.1781e+00 -1.0328e+00 +3.0653e+00 -8.1859e-01
184 +8.616899795e+03 +8.616899795e+03 +8.489859795e+03 +8.489859795e+03 -3.1320e+00 +0.0000e+00 +1.3639e+00 +4.9500e+00 -1.9554e+00 -9.0179e-01 +2.3984e+00 -8.3169e-01 +6.2719e-02 +0.0000e+00 +2.8350e+00 -1.3850e+00 -3.3491e-01 -3.7343e+00 +0.0000e+00 +0.0000e+00 +0.0000e+00 -1.1702e+00 +1.8395e+00 -1.1179e+00
343 +5.931713493e+03 +5.931713493e+03 +5.804673493e+03 +5.804673493e+03 -2.7951e+00 +5.0000e+00 +1.1263e-01 +4.1435e+00 -1.1617e+00 -6.4356e-01 +2.3554e+00 -1.4618e+00 +7.0519e-01 -2.5376e-01 +1.0379e+00 -2.3644e+00 -2.2676e-01 -3.2331e+00 +4.3286e-01 -1.7794e-01 -1.7080e+00 -1.0375e+00 +2.6797e+00 -1.1359e+00
488 +3.605826290e+03 +3.605826290e+03 +3.478786290e+03 +3.478786290e+03 -2.3367e+00 +1.8779e+00 +1.6919e-01 +2.4136e+00 -2.0727e+00 -2.3566e+00 +3.3232e+00 +1.8426e+00 +1.1626e+00 +1.6435e+00 +6.5371e-01 -9.9298e-01 +3.7555e+00 -3.4881e-01 -2.4531e+00 -2.8779e-01 -1.8784e+00 -2.5664e-01 +1.8624e+00 -2.4891e+00
675 +1.625136276e+03 +1.625136276e+03 +1.498096276e+03 +1.498096276e+03 -2.6719e+00 -6.8604e-01 -8.3458e-01 +3.3137e+00 -3.4906e+00 -1.0086e+00 +2.6610e+00 -1.9265e-01 +1.0367e+00 +7.6251e-01 +2.6446e+00 -1.7895e+00 +1.7123e+00 -5.8577e-01 -1.0578e+00 -6.4907e-01 -1.0659e+00 -1.1202e+00 +1.1441e+00 -2.7716e+00
766 +1.294421876e+03 +1.294421876e+03 +1.167381876e+03 +1.167381876e+03 -2.2525e+00 -2.0308e-01 +2.3309e+00 +2.1063e-01 -2.1009e+00 -1.7774e+00 +1.8003e+00 -9.1024e-02 +1.4956e+00 -8.0589e-01 +0.0000e+00 -2.2023e+00 +8.7555e-01 -3.4904e-01 -2.9537e+00 -2.6362e+00 -1.2366e+00 -1.7010e+00 +2.1035e+00 -1.4225e+00
803 +1.791166302e+02 +1.791166302e+02 +5.207663015e+01 +5.207663015e+01 -2.6327e+00 +1.4352e+00 +1.2635e+00 +2.0041e+00 -2.9348e+00 -1.7197e+00 +1.8770e+00 +2.9393e-01 +4.9127e-01 -6.6335e-02 +1.3561e+00 -1.3178e+00 +1.5258e+00 -2.3353e-01 -6.0456e-01 -2.6023e+00 -2.1567e+00 -7.3712e-01 +2.6221e+00 -1.5379e+00
1276 +6.580350494e+01 +6.580350494e+01 -6.123649506e+01 -6.123649506e+01 -2.8909e+00 +1.7678e+00 +1.1140e+00 +1.9485e+00 -6.5398e-01 -2.1916e+00 +7.9891e-01 -3.9218e-01 +4.0714e-01 +1.2594e-01 +6.1242e-01 -1.1866e+00 +1.3893e+00 -2.2795e+00 -1.7441e-01 -1.9336e+00 -2.1262e+00 -5.9740e-01 +1.7287e+00 -1.4805e+00
1563 +4.519480323e+01 +4.519480323e+01 -8.184519677e+01 -8.184519677e+01 -2.8199e+00 +1.2685e+00 +1.1515e+00 +2.1644e+00 -3.3064e-01 -1.8182e+00 +6.1642e-01 -4.1853e-01 +4.3133e-01 +7.9884e-01 +4.5778e-02 -1.2129e+00 +1.5556e+00 -2.1798e+00 -9.1249e-01 -2.2905e+00 -1.3030e+00 -1.2250e+00 +1.3714e+00 -1.2885e+00
1753 +3.506202311e+01 +3.506202311e+01 -9.197797689e+01 -9.197797689e+01 -2.7755e+00 +1.7517e+00 +1.2502e+00 +2.1336e+00 -7.6710e-01 -8.5062e-01 +1.6582e+00 -3.1062e-01 +1.7250e-01 +1.1412e+00 +1.6559e-01 -1.3016e+00 +1.8140e+00 -1.8050e+00 -2.0109e-01 -1.9290e+00 -1.0966e+00 -9.2597e-01 +1.7265e+00 -1.7006e+00
1882 +4.604686591e+00 +4.604686591e+00 -1.224353134e+02 -1.224353134e+02 -2.4138e+00 +2.2139e+00 +1.2261e+00 +1.9911e+00 -5.9814e-01 -1.0809e+00 +1.8784e+00 -5.8895e-01 +6.8498e-02 +1.1314e+00 -2.0590e-04 -1.3368e+00 +6.8479e-01 -1.5299e+00 -1.1309e+00 -1.8848e+00 -8.8873e-01 -1.0234e+00 +2.4303e+00 -1.7307e+00
1960 +3.422986419e+00 +3.422986419e+00 -1.236170136e+02 -1.236170136e+02 -2.1842e+00 +8.6473e-01 +1.6825e+00 +2.1277e+00 +1.3842e-01 -1.1623e+00 +1.4457e+00 -1.5297e-01 +3.2937e-01 +6.5474e-01 +2.4716e+00 -1.4429e+00 +9.5118e-01 -1.6050e+00 -9.7994e-01 -2.1792e+00 -6.5546e-01 -1.2726e+00 +1.3193e+00 -1.6656e+00
% function evaluation | noise-free fitness - Fopt (-3.752000000000e+01) | best noise-free fitness - Fopt | measured fitness | best measured fitness | x1 | x2...
1 +6.072523530e+05 +6.072523530e+05 +6.072148330e+05 +6.072148330e+05 +4.5013e+00 -3.0657e+00 +8.2792e-01 -4.8575e-01 -6.0209e-01 -1.2411e+00 -1.3969e+00 +4.0899e+00 -2.1406e+00 -4.5095e+00 -4.8514e+00 +3.2803e+00 +3.9520e+00 +2.7209e+00 +1.0153e-01 +4.4251e+00 -3.0100e+00 -4.3172e+00 -4.7281e+00 -2.3679e+00
2 +2.461768416e+05 +2.461768416e+05 +2.461393216e+05 +2.461393216e+05 -2.6886e+00 +1.8222e+00 -7.6504e-01 -4.5610e+00 -1.5995e+00 -4.9012e+00 +4.8513e-01 +9.6247e-01 -1.0587e+00 +2.5534e+00 -2.1181e+00 +4.1756e+00 +4.4239e+00 -1.2018e+00 +2.1396e+00 +2.7015e+00 +1.7427e+00 -3.7477e+00 +2.9367e+00 +2.1379e+00
12 +1.341699829e+05 +1.341699829e+05 +1.341324629e+05 +1.341324629e+05 +2.9194e+00 +3.9977e+00 -1.2018e+00 -4.8424e+00 -2.3555e+00 +4.0481e+00 +1.3427e+00 +1.1011e+00 -2.1837e+00 -4.4908e-01 +2.5363e+00 +1.6316e+00 -2.1472e+00 -3.4266e+00 +1.6785e+00 -3.6933e+00 +2.0102e+00 -1.7014e+00 -2.5894e+00 -1.3075e-01
14 +8.348839516e+04 +8.348839516e+04 +8.345087516e+04 +8.345087516e+04 +2.3821e+00 +1.4491e+00 +1.8085e+00 -3.0993e+00 +3.7286e+00 +1.3179e+00 -4.1612e+00 -4.0780e+00 +2.0847e+00 +3.5112e+00 -2.8594e+00 -2.2784e+00 +1.2641e+00 -9.2243e-01 +6.1579e-01 -3.9452e+00 -2.0011e+00 +4.4343e+00 -1.0890e+00 +1.4157e+00
23 +5.066507229e+04 +5.066507229e+04 +5.062755229e+04 +5.062755229e+04 +3.1317e+00 +3.3850e+00 +3.7437e+00 -5.8172e-01 -6.9834e-01 -1.0282e+00 +4.6137e+00 +3.6993e+00 -1.0609e+00 +6.6710e-01 +1.8589e+00 -2.7142e+00 -2.3780e+00 +2.3400e+00 +1.5232e+00 +4.2118e-01 -2.4157e+00 +2.7619e+00 +2.1203e+00 -2.7842e+00
86 +3.464795672e+04 +3.464795672e+04 +3.461043672e+04 +3.461043672e+04 -9.0303e-01 +1.4767e+00 +3.9015e+00 -2.4459e+00 -3.8424e+00 +5.0000e+00 +1.1334e+00 -2.8944e+00 +2.8974e+00 +6.4593e-01 +4.1916e+00 -4.2670e-01 -2.4845e+00 -7.7632e-01 -9.2965e-01 -3.1479e+00 +2.0027e-01 +2.1537e+00 +3.6712e+00 -1.8311e+00
145 +2.274590326e+04 +2.274590326e+04 +2.270838326e+04 +2.270838326e+04 +4.7872e-01 +9.3414e-01 +2.5998e+00 -2.1365e+00 -4.2826e+00 -1.1446e+00 +3.4661e+00 +1.3488e+00 +2.8238e+00 -1.4307e+00 +3.1459e+00 -7.3765e-01 -4.6377e-01 -3.2943e-01 -3.7524e-01 -3.8248e+00 +1.6743e+00 +2.1912e+00 +3.0774e+00 -1.7234e+00
178 +7.413635894e+03 +7.413635894e+03 +7.376115894e+03 +7.376115894e+03 +1.2085e+00 +3.2267e-01 +2.2936e+00 -2.8162e-01 -1.4004e+00 +0.0000e+00 +2.1748e+00 +1.8121e+00 +3.1381e+00 -2.3651e+00 +3.3278e+00 -1.3585e+00 -5.6254e-01 -7.7228e-01 +3.4253e+00 -2.1001e+00 +2.1313e+00 +2.4483e+00 +1.4903e+00 -1.8820e+00
658 +3.518567226e+03 +3.518567226e+03 +3.481047226e+03 +3.481047226e+03 +1.4037e+00 -2.2058e+00 +2.6468e+00 +1.4288e-01 +8.1479e-01 -6.3316e-01 -4.8632e-01 +1.2574e+00 +3.8381e+00 -1.3914e+00 +1.2468e+00 +1.0880e+00 -1.0036e+00 +5.9623e-01 +2.8530e+00 -5.0571e-01 +2.6581e+00 +1.1760e+00 +2.1730e+00 -2.1578e+00
903 +2.464317246e+03 +2.464317246e+03 +2.426797246e+03 +2.426797246e+03 +3.6172e+00 -2.3086e+00 +2.0518e+00 +1.5027e+00 +2.6768e+00 +1.1387e+00 -1.3519e+00 +1.1135e+00 +3.7525e+00 -1.3009e+00 +1.1197e+00 -6.0062e-01 -5.0200e-01 +1.2770e-01 +2.1479e+00 -1.8011e+00 +9.6506e-01 +1.6077e+00 +1.4506e+00 -2.1832e+00
1072 +1.036895149e+03 +1.036895149e+03 +9.993751494e+02 +9.993751494e+02 +2.4088e+00 -1.6977e+00 +1.2148e+00 +1.3398e+00 +2.3266e+00 +1.8280e+00 +1.3649e-01 +7.4165e-02 +7.7352e-01 +2.0432e+00 -1.6185e-01 +3.8681e-01 -2.0445e+00 -1.8364e-02 +3.1289e+00 -2.1727e+00 +9.4420e-01 +2.1768e+00 +1.8859e+00 -2.3047e+00
1312 +9.498454505e+02 +9.498454505e+02 +9.123254505e+02 +9.123254505e+02 +1.9234e+00 -1.5812e+00 +5.4768e-01 +9.5996e-01 +2.6830e+00 +1.7841e+00 -2.0493e+00 -5.5037e-01 +7.1287e-01 +1.9819e+00 +1.0110e-01 -2.0447e+00 -1.9288e+00 +2.6939e-02 +2.9117e+00 -1.7548e+00 +1.2258e+00 +2.1131e+00 +2.1500e+00 -2.3050e+00
1440 +3.927949523e+02 +3.927949523e+02 +3.552749523e+02 +3.552749523e+02 +1.5096e+00 -1.8369e+00 -2.8219e-01 +1.1362e+00 +2.1934e+00 +1.6349e+00 -1.4165e+00 -1.4478e+00 +9.8963e-01 +2.7261e+00 +2.3314e+00 -4.3318e-01 -2.9436e+00 +7.4298e-03 +2.7602e+00 -9.1727e-02 +1.0231e+00 +2.0723e+00 +2.4013e+00 -2.0476e+00
1704 +3.470189839e+01 +3.470189839e+01 -2.818101613e+00 -2.818101613e+00 +1.2557e+00 -2.7141e+00 -5.9610e-01 +8.9300e-01 +2.8247e+00 +1.6154e+00 +3.4350e-01 -2.0800e+00 +8.7439e-01 +2.5976e+00 +1.1732e+00 -1.6593e-01 -2.5010e-01 +5.2591e-01 +2.6733e+00 -3.3044e-01 +8.4140e-01 +1.5074e+00 +2.3158e+00 -2.0483e+00
2106 +8.167615414e+00 +8.167615414e+00 -2.935238459e+01 -2.935238459e+01 +1.3388e+00 -2.7434e+00 -6.1100e-01 +8.8739e-01 +3.3634e-01 +1.6029e+00 +6.0262e-02 -1.4194e+00 +1.0484e-01 +2.6460e+00 +1.2683e+00 -1.4715e-01 -1.0921e+00 +5.2496e-01 +2.6891e+00 -3.6045e-01 +8.4642e-01 +1.6081e+00 +2.3485e+00 -2.0199e+00
2314 +4.145930386e+00 +4.145930386e+00 -3.337406961e+01 -3.337406961e+01 +1.2545e+00 -2.6133e+00 +1.0489e+00 +1.0540e+00 +1.5056e+00 +6.9219e-01 +8.8005e-01 -2.3896e-01 -1.4915e-01 +1.7249e+00 +9.8297e-01 -1.4182e-01 -6.7762e-01 +6.6141e-01 +2.3876e+00 -1.5745e+00 +9.0316e-01 +1.4990e+00 +2.3806e+00 -1.4595e+00
2400 +3.847305370e+00 +3.847305370e+00 -3.367269463e+01 -3.367269463e+01 +1.1614e+00 -2.6639e+00 +1.0119e+00 +9.7996e-01 +2.4331e+00 +4.6185e-01 +7.5821e-01 -6.5887e-01 +1.7419e-02 +2.3343e+00 +1.0001e+00 -1.1429e+00 -4.6687e-01 +7.2381e-01 +2.4533e+00 -1.6262e+00 +9.1752e-01 +1.4683e+00 +1.2346e+00 -1.4672e+00
4779 +2.507959567e+00 +2.507959567e+00 -3.501204043e+01 -3.501204043e+01 -8.8595e-02 -2.8744e+00 +1.1079e+00 +7.4673e-01 +2.2968e+00 +3.6856e-01 +1.0955e+00 +4.9246e-02 +1.5882e+00 +2.1816e+00 +8.9776e-01 -6.0670e-01 -6.4270e-01 +7.7624e-01 +2.4710e+00 -1.9984e+00 +6.8699e-01 +1.2475e+00 +1.3991e+00 -1.1173e+00
% function evaluation | noise-free fitness - Fopt (-3.311600000000e+02) | best noise-free fitness - Fopt | measured fitness | best measured fitness | x1 | x2...
1 +2.232721021e+05 +2.232721021e+05 +2.229409421e+05 +2.229409421e+05 +4.5013e+00 -3.0657e+00 +8.2792e-01 -4.8575e-01 -6.0209e-01 -1.2411e+00 -1.3969e+00 +4.0899e+00 -2.1406e+00 -4.5095e+00 -4.8514e+00 +3.2803e+00 +3.9520e+00 +2.7209e+00 +1.0153e-01 +4.4251e+00 -3.0100e+00 -4.3172e+00 -4.7281e+00 -2.3679e+00
4 +7.059644211e+04 +7.059644211e+04 +7.026528211e+04 +7.026528211e+04 -1.4018e-01 +4.1674e-01 -1.6605e+00 -1.8731e+00 -1.3492e+00 +2.5367e+00 +9.7345e-01 -2.1806e-01 +2.2198e+00 -2.1385e+00 +4.8548e+00 +3.1213e+00 -6.2636e-01 -1.6940e-01 +1.0587e+00 +3.6626e+00 -1.5618e+00 +4.1142e+00 -3.8976e+00 +1.3712e+00
29 +5.949987282e+04 +5.949987282e+04 +5.916871282e+04 +5.916871282e+04 -2.2781e+00 +1.9457e+00 -6.1341e-01 -2.1616e-01 -3.4439e+00 +9.4663e-01 +1.8020e+00 -2.5267e+00 -4.1226e+00 +3.2339e+00 -1.9270e+00 -1.2667e+00 +2.3393e+00 +1.4120e+00 -4.8662e-01 +1.7244e+00 +1.3757e+00 +4.5050e+00 -2.3753e+00 +1.3822e+00
80 +2.119061515e+04 +2.119061515e+04 +2.085945515e+04 +2.085945515e+04 -4.3779e+00 +1.8856e+00 -2.8492e+00 +1.9946e+00 -3.0174e+00 -1.9163e+00 -4.7295e+00 +1.5019e+00 +7.5596e-01 +5.9961e-02 +1.8850e+00 +2.3457e+00 +4.1470e+00 -1.6861e+00 +4.0048e-01 +1.9326e+00 +2.1888e+00 +5.8511e-01 -9.0758e-01 -2.8968e+00
209 +1.510189283e+04 +1.510189283e+04 +1.477073283e+04 +1.477073283e+04 -7.6596e-01 +9.6678e-01 +0.0000e+00 -1.7414e+00 -1.1087e+00 -3.5489e-01 -2.1350e+00 +1.1704e+00 +2.6190e-01 +1.1345e+00 +1.4476e+00 +2.4668e+00 -5.7672e-02 -3.0135e-02 +1.3253e+00 +1.8478e-01 +1.5587e+00 +3.0345e+00 -5.9168e-02 -1.9510e+00
389 +8.175490916e+03 +8.175490916e+03 +7.844330916e+03 +7.844330916e+03 -1.3514e+00 +3.3868e-01 -2.3348e+00 -3.8222e+00 -1.8487e+00 -1.7113e+00 +1.9203e-01 +8.9578e-02 -1.5877e+00 -5.9692e-01 +7.2609e-01 -2.1774e+00 -1.4815e+00 +2.2140e+00 +8.7962e-01 +3.0292e+00 +8.8848e-03 +1.3553e+00 -9.9020e-01 -1.1727e+00
508 +6.153517826e+03 +6.153517826e+03 +5.822357826e+03 +5.822357826e+03 -5.0415e-01 +1.9951e-01 -3.0736e-01 -3.6499e+00 +2.0119e-03 -1.5401e+00 -1.6885e+00 +9.6429e-01 -2.2286e+00 -1.9731e-02 +2.2996e+00 +0.0000e+00 +0.0000e+00 +2.6565e+00 +2.6567e+00 +2.6066e+00 +6.9267e-01 +1.3041e-01 -1.0515e+00 -2.3884e+00
661 +2.220537775e+03 +2.220537775e+03 +1.889377775e+03 +1.889377775e+03 -1.2663e-01 -4.0065e-01 -1.4747e+00 -2.2783e+00 -5.9238e-01 -1.3745e+00 -1.6803e+00 -1.5768e+00 -6.5404e-01 -1.7889e+00 +2.7998e+00 -9.8071e-01 -4.9335e-01 +1.0960e+00 +1.9564e+00 +2.4788e-01 +3.3072e+00 +4.5063e-01 -1.4002e+00 -1.5207e+00
911 +4.713124909e+02 +4.713124909e+02 +1.401524909e+02 +1.401524909e+02 -1.4846e+00 -4.0094e-01 -1.4845e+00 -1.7413e+00 -7.2998e-01 -3.7798e-01 -1.6321e+00 -1.6166e+00 -6.7002e-01 -1.7718e+00 +2.3899e+00 -9.3070e-01 -2.3028e-01 +2.6058e+00 +1.2692e+00 +1.3922e+00 +2.6672e+00 +1.6060e+00 -1.2127e+00 -1.6441e+00
1015 +3.763768659e+02 +3.763768659e+02 +4.521686589e+01 +4.521686589e+01 -8.6655e-01 -6.1602e-01 -8.5911e-01 -3.9670e-01 -6.3920e-01 -1.1498e+00 -2.1008e+00 -1.0357e+00 -5.1876e-02 -3.0201e+00 +2.1040e+00 -2.2807e+00 -5.0604e-01 +2.3894e+00 +8.1940e-01 +1.5365e+00 +2.6180e+00 +1.5584e+00 -1.1785e+00 -1.2702e+00
1148 +2.089851293e+02 +2.089851293e+02 -1.221748707e+02 -1.221748707e+02 +2.9493e-01 -8.7605e-02 -3.1672e+00 +9.2814e-02 +1.4881e-01 -5.2301e-01 -2.5241e+00 -6.0525e-01 +4.2360e-01 -1.2930e+00 +1.7687e+00 -1.0086e+00 +5.9789e-01 +1.4944e+00 +0.0000e+00 +1.5585e+00 +1.8504e+00 +1.1656e+00 -1.5920e+00 -1.5945e+00
1253 +1.501772707e+02 +1.501772707e+02 -1.809827293e+02 -1.809827293e+02 -1.3586e+00 -1.2209e+00 -3.2066e+00 +1.0799e+00 +2.9295e-01 +7.4733e-01 -2.5650e+00 -4.8489e-01 +3.7377e-01 -1.9473e+00 +1.8236e+00 -1.0734e+00 +4.9650e-01 +1.3489e+00 +1.7129e+00 +1.7223e+00 +1.4365e+00 +1.5087e+00 -1.9987e+00 -1.6105e+00
1501 +8.042721304e+01 +8.042721304e+01 -2.507327870e+02 -2.507327870e+02 -4.1362e-01 +1.0567e+00 -8.5908e-01 +1.6190e+00 +3.8630e-01 +3.4342e-01 -1.7963e+00 -4.8795e-01 +5.9498e-01 -2.2165e+00 +5.7348e-01 -2.7094e+00 +5.3180e-01 +1.5844e+00 +1.6576e+00 +1.5805e+00 +1.4123e+00 +2.0549e+00 -2.0683e+00 -1.7588e+00
1548 +2.243986402e+01 +2.243986402e+01 -3.087201360e+02 -3.087201360e+02 -1.3233e+00 -2.6856e-01 -2.5997e+00 +3.3218e-01 +5.6537e-02 -9.6842e-01 -1.1858e+00 -1.4222e+00 +5.4030e-01 -2.2424e+00 +2.0019e+00 -1.0180e+00 +5.3210e-01 +1.0462e+00 +2.6263e+00 +1.6137e+00 +1.0442e+00 +7.0326e-01 -1.1282e+00 -1.4326e+00
1650 +3.397819320e+00 +3.397819320e+00 -3.277621807e+02 -3.277621807e+02 -2.1271e+00 +1.8949e-01 -2.5675e+00 +1.3480e+00 -2.9031e-01 -1.1039e+00 -4.9622e-01 -5.9079e-01 +3.5549e-01 -2.1095e+00 +1.1774e+00 -1.7973e+00 +5.3577e-01 +2.0907e+00 +2.1113e+00 +1.6724e+00 +9.2816e-01 +1.5654e+00 -1.5432e+00 -1.3945e+00
4800 +2.499001766e+00 +2.499001766e+00 -3.286609982e+02 -3.286609982e+02 -1.2680e+00 -6.5273e-02 -2.6479e+00 +1.2450e+00 -5.1084e-01 -8.1937e-01 +6.5634e-02 -8.2132e-01 -1.8336e-01 -2.5594e+00 +1.3306e+00 -1.3275e+00 +5.6348e-01 +2.0124e+00 +2.0915e+00 +1.7048e+00 +7.8342e-01 +1.4751e+00 -1.5563e+00 -1.3948e+00
% function evaluation | noise-free fitness - Fopt (4.481000000000e+01) | best noise-free fitness - Fopt | measured fitness | best measured fitness | x1 | x2...
1 +5.612272931e+05 +5.612272931e+05 +5.612721031e+05 +5.612721031e+05 +4.5013e+00 -3.0657e+00 +8.2792e-01 -4.8575e-01 -6.0209e-01 -1.2411e+00 -1.3969e+00 +4.0899e+00 -2.1406e+00 -4.5095e+00 -4.8514e+00 +3.2803e+00 +3.9520e+00 +2.7209e+00 +1.0153e-01 +4.4251e+00 -3.0100e+00 -4.3172e+00 -4.7281e+00 -2.3679e+00
2 +3.106290506e+05 +3.106290506e+05 +3.106738606e+05 +3.106738606e+05 -2.6886e+00 +1.8222e+00 -7.6504e-01 -4.5610e+00 -1.5995e+00 -4.9012e+00 +4.8513e-01 +9.6247e-01 -1.0587e+00 +2.5534e+00 -2.1181e+00 +4.1756e+00 +4.4239e+00 -1.2018e+00 +2.1396e+00 +2.7015e+00 +1.7427e+00 -3.7477e+00 +2.9367e+00 +2.1379e+00
4 +1.455969889e+05 +1.455969889e+05 +1.456417989e+05 +1.456417989e+05 -1.4018e-01 +4.1674e-01 -1.6605e+00 -1.8731e+00 -1.3492e+00 +2.5367e+00 +9.7345e-01 -2.1806e-01 +2.2198e+00 -2.1385e+00 +4.8548e+00 +3.1213e+00 -6.2636e-01 -1.6940e-01 +1.0587e+00 +3.6626e+00 -1.5618e+00 +4.1142e+00 -3.8976e+00 +1.3712e+00
10 +5.975988443e+04 +5.975988443e+04 +5.980469443e+04 +5.980469443e+04 -5.5297e-01 +9.3563e-01 +1.4053e+00 +1.1240e+00 +3.6987e+00 +2.3128e+00 +2.3999e+00 -4.7125e+00 +1.6405e+00 +3.4768e+00 +3.2201e+00 +1.5164e+00 -1.0130e+00 -2.8677e+00 -2.4565e+00 +2.4357e-01 +1.9276e+00 +4.8996e-01 -1.0345e+00 +3.2064e+00
56 +2.839806326e+04 +2.839806326e+04 +2.844287326e+04 +2.844287326e+04 +2.0556e-02 -7.8759e-02 -4.2415e+00 +5.8884e-01 +1.5923e+00 +3.1317e+00 +1.1100e+00 +1.6145e+00 -3.4660e-02 +3.9229e-02 +5.0000e+00 +1.5638e+00 -1.3582e+00 -2.4591e+00 -1.7788e+00 -2.2918e+00 +4.0863e-01 -4.8306e-01 +1.3257e+00 +3.7746e+00
137 +2.018755679e+04 +2.018755679e+04 +2.023236679e+04 +2.023236679e+04 -2.8038e+00 -1.9091e+00 +2.2402e+00 +2.0643e-01 +1.6763e+00 +2.5218e+00 +2.6095e+00 -4.6699e-01 -5.7885e-01 -4.2067e-01 +2.2141e+00 +2.7807e+00 -4.3520e-01 -3.7265e+00 -8.5724e-01 +1.5866e-01 -1.7297e+00 +2.5530e+00 +0.0000e+00 +3.9432e+00
219 +5.478140554e+02 +5.478140554e+02 +5.926240554e+02 +5.926240554e+02 -2.5487e+00 -2.0676e+00 +7.7633e-01 +7.3122e-01 +1.9585e+00 +1.2300e+00 +2.3158e+00 +3.4030e-01 -3.2994e-01 -5.8993e-01 +9.3325e-01 -2.0502e-01 -1.3274e-01 -2.3289e+00 -4.9853e-01 -9.2500e-01 -7.1628e-01 +2.2389e+00 +1.9250e-01 +1.0521e+00
909 +3.937484997e+02 +3.937484997e+02 +4.385584997e+02 +4.385584997e+02 -2.5389e+00 -1.2532e+00 +4.4778e-01 +1.2551e+00 +1.9390e+00 +7.6829e-01 +2.2413e+00 +1.0614e+00 +8.4431e-01 -8.7224e-01 +5.4906e-01 -8.1135e-02 -2.5283e-02 -2.5851e+00 -7.4631e-01 -1.3196e+00 -4.2177e-01 +1.8141e+00 +4.8577e-01 +9.6926e-01
970 +2.470822440e+02 +2.470822440e+02 +2.918922440e+02 +2.918922440e+02 -1.8981e+00 -1.7298e-01 +1.0047e+00 +1.0558e+00 +1.6584e+00 +9.9749e-01 +2.3208e+00 +1.4544e+00 +2.5753e+00 -5.3506e-01 +9.0099e-01 -5.4640e-01 -1.7031e-01 -2.5796e+00 -6.5522e-01 -1.1796e+00 -5.8085e-01 +2.1990e+00 +8.2849e-01 +1.0998e+00
985 +8.342128345e+01 +8.342128345e+01 +1.282312834e+02 +1.282312834e+02 -1.7799e+00 +1.5208e+00 +1.2399e+00 +1.1749e+00 +1.6500e+00 +6.1331e-01 +2.5927e+00 -2.7657e-01 +1.9670e+00 -6.9199e-01 +9.3111e-01 -1.2246e+00 +3.9416e-02 -2.5840e+00 -6.8643e-01 -6.3183e-01 -1.0285e+00 +2.0839e+00 +9.0850e-01 +2.6370e+00
1009 +1.811180962e+01 +1.811180962e+01 +6.292180962e+01 +6.292180962e+01 -2.1418e+00 +2.5544e-01 +7.9816e-01 -1.9977e-01 +1.8566e+00 +7.1056e-01 +2.8402e+00 +1.1565e+00 +2.7600e+00 -7.3043e-01 +6.9654e-01 -1.7296e+00 +3.4961e-02 -1.8059e+00 -5.1004e-01 -1.0117e+00 -1.0134e+00 +1.7586e+00 +8.2745e-01 +1.2659e+00
1510 +1.242090545e+01 +1.242090545e+01 +5.723090545e+01 +5.723090545e+01 -8.1488e-01 -1.8858e+00 +1.0263e+00 -2.9990e-01 +1.6678e+00 +7.1786e-01 +2.4299e+00 +1.0863e+00 +3.0165e+00 -7.1137e-01 +1.2983e+00 -1.8320e+00 -1.1512e-02 -1.8495e+00 -5.1044e-01 -6.6324e-01 -1.0443e+00 +2.0113e+00 +7.8307e-01 +2.2594e+00
1547 +4.047772284e+00 +4.047772284e+00 +4.885777228e+01 +4.885777228e+01 -7.1040e-01 -5.0391e-01 +8.1129e-01 -2.2689e-01 +1.9614e+00 -4.0336e-01 +2.9457e+00 +1.1227e+00 +1.4663e+00 -7.3487e-01 +6.2595e-02 -2.5137e+00 +2.2393e-01 -2.2364e+00 -9.3257e-01 -7.1584e-01 -1.3529e+00 +2.0425e+00 +8.7356e-01 +1.2498e+00
1964 +3.763433678e+00 +3.763433678e+00 +4.857343368e+01 +4.857343368e+01 -1.7680e+00 -9.2269e-01 +8.6350e-01 +2.7943e-01 +2.0234e+00 -5.1146e-01 +2.7988e+00 +8.2793e-01 +2.2303e+00 +2.1802e-01 +1.4617e+00 -2.3687e+00 -8.8963e-01 -2.0086e+00 -1.9453e+00 -6.8818e-01 -1.8618e+00 +2.0703e+00 +8.4381e-01 +1.2709e+00
3701 +2.486702324e+00 +2.486702324e+00 +4.729670232e+01 +4.729670232e+01 -1.1335e+00 -1.0010e+00 +9.2679e-01 +7.1020e-01 +2.3286e+00 -5.6209e-01 +2.6100e+00 -2.3822e-01 +2.0179e+00 +8.3821e-02 +7.6185e-01 -2.5036e+00 -6.2346e-01 -1.8703e+00 -1.6686e+00 -7.8037e-01 -2.4152e+00 +1.9616e+00 +1.0215e+00 +1.2445e+00
% function evaluation | noise-free fitness - Fopt (-1.764600000000e+02) | best noise-free fitness - Fopt | measured fitness | best measured fitness | x1 | x2...
1 +4.114360246e+05 +4.114360246e+05 +4.112595646e+05 +4.112595646e+05 +4.5013e+00 -3.0657e+00 +8.2792e-01 -4.8575e-01 -6.0209e-01 -1.2411e+00 -1.3969e+00 +4.0899e+00 -2.1406e+00 -4.5095e+00 -4.8514e+00 +3.2803e+00 +3.9520e+00 +2.7209e+00 +1.0153e-01 +4.4251e+00 -3.0100e+00 -4.3172e+00 -4.7281e+00 -2.3679e+00
2 +1.444486420e+05 +1.444486420e+05 +1.442721820e+05 +1.442721820e+05 -2.6886e+00 +1.8222e+00 -7.6504e-01 -4.5610e+00 -1.5995e+00 -4.9012e+00 +4.8513e-01 +9.6247e-01 -1.0587e+00 +2.5534e+00 -2.1181e+00 +4.1756e+00 +4.4239e+00 -1.2018e+00 +2.1396e+00 +2.7015e+00 +1.7427e+00 -3.7477e+00 +2.9367e+00 +2.1379e+00
10 +8.273801839e+04 +8.273801839e+04 +8.256155839e+04 +8.256155839e+04 -5.5297e-01 +9.3563e-01 +1.4053e+00 +1.1240e+00 +3.6987e+00 +2.3128e+00 +2.3999e+00 -4.7125e+00 +1.6405e+00 +3.4768e+00 +3.2201e+00 +1.5164e+00 -1.0130e+00 -2.8677e+00 -2.4565e+00 +2.4357e-01 +1.9276e+00 +4.8996e-01 -1.0345e+00 +3.2064e+00
29 +6.006692986e+04 +6.006692986e+04 +5.989046986e+04 +5.989046986e+04 -2.2781e+00 +1.9457e+00 -6.1341e-01 -2.1616e-01 -3.4439e+00 +9.4663e-01 +1.8020e+00 -2.5267e+00 -4.1226e+00 +3.2339e+00 -1.9270e+00 -1.2667e+00 +2.3393e+00 +1.4120e+00 -4.8662e-01 +1.7244e+00 +1.3757e+00 +4.5050e+00 -2.3753e+00 +1.3822e+00
111 +2.944641220e+04 +2.944641220e+04 +2.926995220e+04 +2.926995220e+04 +4.2550e+00 -1.9338e-01 +2.3166e+00 +1.0854e+00 +4.2771e+00 -3.3089e+00 +2.5743e+00 +1.2987e+00 +3.2857e+00 -1.9619e+00 -1.3531e-01 +5.2052e-01 +1.2627e+00 -2.7508e+00 +2.3323e+00 -7.6502e-01 -3.1835e+00 +2.2524e+00 +2.6840e+00 -1.0219e+00
115 +2.161787663e+04 +2.161787663e+04 +2.144141663e+04 +2.144141663e+04 -1.6395e+00 +7.5559e-01 +8.6241e-01 -8.0532e-01 +3.2147e+00 -3.2014e+00 -8.9183e-01 -2.2214e-01 +8.6860e-01 +5.2570e-01 +7.1387e-01 -3.0562e+00 +1.6946e+00 -1.8612e-01 +3.5161e+00 +1.8853e-01 -5.0000e+00 +1.4126e+00 +1.8982e+00 -2.2885e-01
211 +1.312055408e+04 +1.312055408e+04 +1.294409408e+04 +1.294409408e+04 -3.1446e+00 -2.2659e+00 +4.6572e+00 +7.4998e-01 +1.3959e+00 -2.2558e+00 +5.4751e-01 -2.5032e+00 +3.6323e+00 -1.5194e+00 +2.5568e-01 -2.3138e+00 +1.5245e+00 -2.6730e+00 +2.2678e+00 +7.9558e-01 -3.2087e+00 +2.1149e+00 +1.5508e+00 +2.4052e+00
276 +9.131354955e+03 +9.131354955e+03 +8.954894955e+03 +8.954894955e+03 -9.0001e-01 -2.1594e+00 +3.7282e+00 +4.9054e-01 +5.8982e-02 -1.0268e+00 -6.5292e-01 +5.2906e-02 +3.6681e+00 +0.0000e+00 -4.3583e-01 -2.6685e+00 +1.0777e+00 -1.6673e+00 +3.7045e+00 +3.4734e-01 -2.7898e+00 +3.8850e-01 +1.0657e+00 +5.4426e-01
364 +3.403660732e+03 +3.403660732e+03 +3.227200732e+03 +3.227200732e+03 -2.3909e+00 -1.9635e+00 +2.7982e+00 -1.2692e+00 -1.1591e-01 +2.1221e+00 -1.1421e+00 +1.3495e+00 +3.0813e+00 +9.8252e-01 -1.6439e+00 -1.4266e+00 +2.4201e+00 -1.4503e+00 +2.5115e+00 +1.1700e+00 -2.7648e+00 +4.5078e-01 +5.3323e-01 +1.3434e+00
760 +1.836916315e+03 +1.836916315e+03 +1.660456315e+03 +1.660456315e+03 -3.0311e+00 -1.2971e+00 +2.5857e+00 -1.0562e+00 -5.1679e-01 +1.8746e+00 -1.2286e+00 +1.1859e+00 +3.3844e+00 +1.0795e+00 -2.0838e+00 -1.0861e+00 +2.6701e+00 -2.6216e-01 +2.5249e+00 +1.5822e+00 -1.4704e+00 +3.7555e-01 +1.2602e+00 +1.1687e+00
958 +1.286805964e+03 +1.286805964e+03 +1.110345964e+03 +1.110345964e+03 -2.4023e+00 -1.7462e+00 +2.1817e+00 -8.0077e-01 -3.7614e-02 -9.4284e-03 -9.1601e-01 +7.2677e-01 +2.8813e+00 +5.6820e-01 -1.8957e+00 -8.8602e-01 +2.8301e+00 +6.6491e-01 +1.6491e+00 +6.6443e-01 -1.7318e+00 +1.7262e+00 +1.6452e+00 +1.1465e+00
998 +6.643501331e+02 +6.643501331e+02 +4.878901331e+02 +4.878901331e+02 -1.7570e+00 -1.7390e+00 +1.8569e+00 +2.3944e-01 -1.2927e+00 +1.6401e+00 -1.0238e+00 +1.0743e+00 +2.9143e+00 +2.9031e-01 -2.2053e+00 -1.1024e+00 +2.6893e+00 -8.4769e-01 +2.0659e+00 +1.7908e+00 -2.2529e+00 +3.0541e-01 +1.3143e+00 +2.3886e+00
1393 +5.379387504e+02 +5.379387504e+02 +3.614787504e+02 +3.614787504e+02 -1.5022e+00 -1.8411e+00 +1.7884e+00 +1.8172e-01 +0.0000e+00 +9.2759e-01 -1.0320e+00 +8.4377e-01 +2.8921e+00 +3.1996e-01 -2.5314e+00 -1.0109e+00 +2.6786e+00 -8.3679e-01 +2.1031e+00 +1.6275e+00 -2.3602e+00 +1.8019e-01 +1.2383e+00 +2.2712e+00
1419 +1.154574384e+02 +1.154574384e+02 -6.100256160e+01 -6.100256160e+01 +7.3142e-01 -1.7985e+00 +6.9524e-02 -5.7756e-01 -9.3018e-01 +1.6621e+00 -1.1379e+00 +8.7463e-01 +2.4520e+00 +4.5271e-01 -2.6148e+00 -3.2243e-01 +2.6542e+00 -5.1724e-01 +2.1960e+00 +1.1382e-01 -1.1171e+00 +1.2474e+00 +1.3638e+00 +1.7122e+00
1543 +8.813245443e+01 +8.813245443e+01 -8.832754557e+01 -8.832754557e+01 -7.6175e-02 -1.3969e+00 +1.4789e+00 -2.2869e-01 +0.0000e+00 +9.1584e-01 -1.1116e+00 -4.8476e-01 +2.4736e+00 +5.2454e-01 -2.5202e+00 -7.7026e-01 +2.5714e+00 -5.7376e-01 +2.2571e+00 +2.4623e-01 -7.6013e-01 +1.3838e+00 +1.3451e+00 +1.4568e+00
1653 +5.132174562e+01 +5.132174562e+01 -1.251382544e+02 -1.251382544e+02 -5.8636e-02 -1.4075e+00 +1.0585e+00 +4.4228e-01 +2.6860e-01 +4.9655e-02 -1.1176e+00 -1.4513e+00 +2.5113e+00 +4.6253e-01 -2.1120e+00 -3.0146e-01 +2.6207e+00 -1.4036e+00 +2.5958e+00 +1.9698e-01 -8.2757e-01 +1.5195e+00 +1.4697e+00 +1.1533e+00
1689 +6.713976268e+00 +6.713976268e+00 -1.697460237e+02 -1.697460237e+02 -1.5570e+00 -1.2042e+00 +7.6975e-01 -1.2200e-01 +4.7798e-02 +9.5708e-01 -1.0768e+00 -3.2825e-01 +2.3568e+00 +3.6462e-01 -2.4934e+00 -1.0295e+00 +2.6012e+00 -5.1912e-01 +2.0864e+00 +9.3172e-01 -7.5283e-01 +1.0720e+00 +1.4066e+00 +1.6895e+00
1719 +3.816913435e+00 +3.816913435e+00 -1.726430866e+02 -1.726430866e+02 -9.1726e-01 -1.9167e+00 -6.9334e-02 -9.9255e-01 +6.7400e-01 +9.3546e-02 -8.3586e-01 +3.6848e-01 +2.4582e+00 +2.1662e-01 -2.4308e+00 -5.7812e-01 +2.6471e+00 -4.0204e-01 +2.0182e+00 +2.1214e+00 -7.7415e-01 +2.4543e+00 +1.4055e+00 +1.8444e+00
3139 +2.360685349e+00 +2.360685349e+00 -1.740993147e+02 -1.740993147e+02 -1.0442e+00 -1.2605e+00 +2.6299e-01 -2.9440e-01 -1.1906e-01 +7.5609e-01 -1.5975e+00 +1.6466e-01 +2.6878e+00 +5.9372e-01 -2.4827e+00 -1.5480e+00 +2.2489e+00 -1.5764e+00 +2.2307e+00 +1.0087e+00 -1.5186e+00 +8.4773e-01 +1.6500e+00 +1.1261e+00
