% function evaluation | noise-free fitness - Fopt (4.078000000000e+01) | best noise-free fitness - Fopt | measured fitness | best measured fitness | x1 | x2...
1 +8.494639459e+01 +8.494639459e+01 +1.257263946e+02 +1.257263946e+02 -1.7401e+00 +1.4082e-01 +1.4320e-01 +1.9724e+00 -2.9080e+00 -3.5411e+00 -2.3725e+00 +4.8138e+00 +7.7439e-02 +3.2951e+00 -1.6884e+00 +4.7840e+00 +2.9027e+00 +8.2177e-02 +1.2135e+00 +4.5957e+00 +4.4652e+00 -1.3350e-01 -2.8102e+00 -2.1113e+00
873 +6.189072343e+01 +6.189072343e+01 +1.026707234e+02 +1.026707234e+02 +6.5891e-01 -3.5672e+00 +6.1827e-01 +2.7649e+00 -2.5182e+00 +4.1756e+00 -1.3071e+00 +3.1329e+00 +1.2594e+00 -3.3739e-01 +5.0000e+00 -1.3141e+00 -3.0487e+00 -2.4940e+00 +1.8340e-01 -3.1902e+00 -1.8333e+00 +4.2517e+00 +6.4797e-01 +1.5278e+00
1284 +3.947255741e+01 +3.947255741e+01 +8.025255741e+01 +8.025255741e+01 +0.0000e+00 -3.3961e+00 +9.6589e-01 +1.2692e+00 -2.9080e-01 +4.6719e+00 -1.8606e+00 +2.4524e+00 +1.7754e+00 +1.7180e+00 +5.0000e+00 +4.6100e-01 -3.4822e+00 -2.6073e+00 +9.7994e-01 -3.0521e+00 -8.4583e-01 +2.8060e+00 +1.2488e-01 +1.5099e+00
2447 +2.209003776e+01 +2.209003776e+01 +6.287003776e+01 +6.287003776e+01 -9.2813e-01 -2.5817e+00 +1.5288e+00 +2.0957e+00 -1.4354e+00 +3.8281e+00 -9.8563e-01 +2.1664e+00 +1.9775e+00 +8.9066e-01 +2.8588e+00 +7.6264e-01 -3.3597e+00 -5.0000e+00 +1.1197e+00 -3.9407e+00 -1.2198e+00 +2.7260e+00 +2.5372e-01 +2.4783e+00
5279 +1.369607172e+01 +1.369607172e+01 +5.447607172e+01 +5.447607172e+01 -1.3251e+00 -9.2962e-01 +1.1193e+00 +2.3128e+00 -9.0976e-01 +3.7212e+00 -2.5775e+00 +2.8571e-01 +1.6417e+00 +2.2954e-01 +2.2586e+00 +9.8646e-01 -2.5244e+00 -4.7461e+00 +2.2241e+00 -4.7295e+00 -1.6775e+00 +2.5738e+00 +5.6721e-02 +1.7412e+00
8862 +9.998360115e+00 +9.998360115e+00 +5.077836011e+01 +5.077836011e+01 +3.3935e-01 -7.3417e-01 +2.3003e+00 +2.2290e+00 -7.0217e-01 +4.4730e+00 -2.3322e+00 +5.8564e-01 +2.9527e+00 +5.3287e-01 +3.0379e+00 +6.9484e-01 -3.3499e+00 -4.7168e+00 +2.1139e+00 -4.9194e+00 -1.9154e+00 +3.1469e+00 -1.1901e-01 +2.1983e+00
% function evaluation | noise-free fitness - Fopt (-1.600000000000e+00) | best noise-free fitness - Fopt | measured fitness | best measured fitness | x1 | x2...
1 +8.473403845e+01 +8.473403845e+01 +8.313403845e+01 +8.313403845e+01 -1.2132e+00 +1.2276e+00 -4.3646e+00 +3.1389e+00 +1.8547e+00 -3.0350e+00 -2.0883e+00 -2.2694e+00 -2.1727e-01 +1.8037e+00 +2.3495e+00 +3.5442e+00 -2.6789e+00 +2.1950e+00 +2.3349e+00 +1.5083e+00 -3.1679e+00 +1.5709e+00 -5.4929e-02 +2.9919e+00
1073 +6.299440632e+01 +6.299440632e+01 +6.139440632e+01 +6.139440632e+01 +1.2234e+00 -2.2568e+00 +2.6034e-01 -1.3132e+00 -4.2549e+00 -3.0631e-01 +4.3199e+00 -1.4662e+00 -1.6802e+00 +2.6441e-01 +4.8079e-01 +2.3208e+00 -1.1429e+00 +1.9179e-01 -1.1489e+00 +1.3671e+00 -4.9975e+00 +3.4098e+00 -3.5953e+00 -1.5008e+00
2552 +3.715080965e+01 +3.715080965e+01 +3.555080965e+01 +3.555080965e+01 +4.4457e-01 -2.4334e+00 +2.3331e-01 -3.0844e+00 -2.5139e+00 +6.9457e-01 +3.9899e+00 +1.8129e-01 -2.2517e+00 -5.4512e-02 -4.7716e-01 +2.3929e+00 -2.3681e+00 +2.9141e-01 +3.3847e-01 +2.4250e+00 -2.5590e+00 +4.6584e+00 -4.3264e+00 -6.8161e-01
6793 +2.509548744e+01 +2.509548744e+01 +2.349548744e+01 +2.349548744e+01 +6.5771e-01 -3.0296e+00 -8.5868e-02 -3.6379e+00 -3.3182e+00 -3.3374e-01 +4.6454e+00 -2.5771e+00 -2.3548e+00 -3.7785e-01 -8.7328e-01 +4.2766e+00 -2.4331e+00 -2.4168e-01 -1.2059e+00 +3.9463e+00 -1.7393e+00 +4.5736e+00 -3.8231e+00 -1.4227e+00
% function evaluation | noise-free fitness - Fopt (-3.708400000000e+02) | best noise-free fitness - Fopt | measured fitness | best measured fitness | x1 | x2...
1 +8.631738775e+01 +8.631738775e+01 -2.845226123e+02 -2.845226123e+02 -3.6641e+00 -4.4503e-01 -2.4766e+00 +4.9249e+00 +4.5411e+00 -3.8312e+00 -1.0001e+00 +4.3378e+00 +1.4922e+00 +4.9733e+00 +3.4708e+00 +4.5202e+00 -4.3648e+00 -1.9639e+00 +3.6885e+00 -2.1160e+00 -2.9298e+00 +3.8092e+00 +2.6481e+00 -3.6382e-01
1061 +6.263031878e+01 +6.263031878e+01 -3.082096812e+02 -3.082096812e+02 +1.3336e+00 -8.1449e-01 +2.0908e+00 -3.5133e+00 -3.6048e+00 +1.2629e-01 +3.2369e+00 -2.2475e+00 -1.3777e+00 -2.1779e+00 -1.7435e+00 -1.9052e+00 -2.3901e-01 -3.8279e-01 -7.4991e-01 -1.3683e+00 -3.7398e+00 +2.9809e+00 -1.0552e-01 -1.0812e+00
2159 +3.363077239e+01 +3.363077239e+01 -3.372092276e+02 -3.372092276e+02 -2.2380e-01 -2.3759e+00 +1.7784e+00 -2.8274e+00 -2.6053e+00 -2.0672e+00 +3.5948e+00 -1.7879e+00 -5.4404e-01 -3.5780e+00 -1.1909e+00 -6.6434e-01 +1.2873e+00 -1.2365e+00 +2.7857e+00 -3.6954e+00 -2.5681e+00 +3.4097e+00 +1.3752e+00 -8.5858e-01
2294 +2.353133154e+01 +2.353133154e+01 -3.473086685e+02 -3.473086685e+02 -3.2659e-01 -3.0651e+00 +1.6458e+00 -2.6334e+00 -2.7177e+00 -2.4777e+00 +3.2857e+00 -1.5191e+00 +1.0356e-01 -4.7295e+00 -7.6908e-01 -1.3979e+00 +1.0214e+00 -1.0043e+00 +2.7528e+00 -4.3267e+00 -2.7666e+00 +3.7995e+00 +1.8986e+00 -1.6209e+00
3631 +1.495357605e+01 +1.495357605e+01 -3.558864239e+02 -3.558864239e+02 +2.7887e-01 -3.5938e+00 +3.6686e+00 -3.4423e+00 -2.2366e+00 -2.3279e+00 +4.2234e+00 -2.1296e+00 -1.7249e+00 -4.0017e+00 -8.3605e-01 -2.0494e+00 +6.1642e-01 -1.4985e+00 +2.9883e+00 -4.4376e+00 -2.5263e+00 +4.2388e+00 +2.1426e+00 -1.8477e+00
4677 +9.797523382e+00 +9.797523382e+00 -3.610424766e+02 -3.610424766e+02 +5.6276e-01 -2.5874e+00 +5.0000e+00 -1.8302e+00 -2.1614e+00 -1.2282e+00 +3.9402e+00 -2.1998e+00 -2.1215e+00 -4.0217e+00 -7.5883e-01 -1.2597e+00 +1.0620e+00 -9.3713e-01 +2.3955e+00 -4.0006e+00 -2.6511e+00 +4.7467e+00 +1.6210e+00 -1.3049e+00
7439 +6.166772962e+00 +6.166772962e+00 -3.646732270e+02 -3.646732270e+02 +6.6082e-01 -3.4979e+00 +4.2507e+00 -1.9664e+00 -2.0170e+00 -7.8473e-01 +4.6668e+00 -2.6109e+00 -2.1753e+00 -4.4287e+00 +3.0337e-01 -2.5417e+00 +2.6941e+00 -1.9916e+00 +2.0810e+00 -3.6429e+00 -2.8394e+00 +3.4913e+00 +1.5184e+00 -2.0785e+00
9222 +3.966566535e+00 +3.966566535e+00 -3.668734335e+02 -3.668734335e+02 +1.4697e+00 -3.9049e+00 +4.4721e+00 -2.5213e+00 -1.4236e+00 -7.6178e-02 +4.3997e+00 -2.9647e+00 -2.3069e+00 -4.1444e+00 +5.7372e-01 -2.9125e+00 +3.0375e+00 -1.8567e+00 +2.3469e+00 -3.5016e+00 -1.6739e+00 +3.7123e+00 +1.9668e+00 -2.1149e+00
10064 +2.156293469e+00 +2.156293469e+00 -3.686837065e+02 -3.686837065e+02 +2.2609e+00 -3.6115e+00 +4.5145e+00 -2.5691e+00 -1.7724e+00 +4.9059e-03 +4.3485e+00 -2.7497e+00 -2.1611e+00 -4.2209e+00 -6.1444e-02 -2.3620e+00 +2.9079e+00 -1.8633e+00 +2.9249e+00 -3.3658e+00 -1.0598e+00 +3.3716e+00 +2.3827e+00 -2.0832e+00
13252 +1.470176661e+00 +1.470176661e+00 -3.693698233e+02 -3.693698233e+02 +2.7299e+00 -4.0809e+00 +3.8948e+00 -2.8064e+00 -1.1271e+00 -5.7564e-01 +4.5011e+00 -2.7905e+00 -2.3369e+00 -4.4035e+00 +2.6048e-01 -3.1117e+00 +3.1709e+00 -1.4885e+00 +3.5806e+00 -3.8685e+00 -9.5916e-01 +3.7746e+00 +3.6354e+00 -2.1137e+00
18000 +9.973644212e-01 +9.973644212e-01 -3.698426356e+02 -3.698426356e+02 +2.5006e+00 -4.1003e+00 +4.0349e+00 -3.2194e+00 -1.1257e+00 -4.1420e-01 +4.6391e+00 -2.7837e+00 -2.0611e+00 -4.7582e+00 +1.8262e-01 -2.6231e+00 +2.9127e+00 -1.7217e+00 +3.6904e+00 -4.0993e+00 -9.2553e-01 +3.6281e+00 +3.4904e+00 -2.0862e+00
% function evaluation | noise-free fitness - Fopt (-3.256000000000e+01) | best noise-free fitness - Fopt | measured fitness | best measured fitness | x1 | x2...
1 +8.615004236e+01 +8.615004236e+01 +5.359004236e+01 +5.359004236e+01 -3.0675e+00 +4.2846e+00 +2.4999e-01 -3.5567e+00 +2.4343e+00 -1.5510e+00 +4.3764e+00 -3.6262e+00 -4.6317e+00 +3.1787e+00 -4.4324e+00 +1.1357e+00 +2.4858e+00 -1.2110e+00 -2.6825e+00 -7.2914e-01 +4.1808e+00 -2.1763e+00 -1.6964e+00 -2.2243e-01
1695 +6.299160401e+01 +6.299160401e+01 +3.043160401e+01 +3.043160401e+01 +3.9199e+00 +1.1769e+00 +1.9424e+00 +3.5784e+00 -2.7479e+00 +2.3036e+00 -4.9335e+00 -2.2213e+00 +9.7306e-01 +9.1791e-01 -4.6558e-01 +3.8705e+00 +3.4056e+00 -1.0537e+00 +3.1011e+00 -4.3806e+00 +5.2812e-02 -3.4876e+00 +9.7629e-01 -1.1924e-01
% function evaluation | noise-free fitness - Fopt (5.154000000000e+02) | best noise-free fitness - Fopt | measured fitness | best measured fitness | x1 | x2...
1 +8.483775243e+01 +8.483775243e+01 +6.002377524e+02 +6.002377524e+02 +1.1883e+00 -3.1066e-01 +2.1738e+00 +4.9806e+00 -4.4252e+00 -1.1387e+00 -1.6783e+00 -3.4228e+00 -2.4921e+00 -1.7106e+00 -3.6142e-01 +1.1775e+00 +2.3173e+00 +4.9822e-01 +2.3724e+00 -3.0772e-01 -1.4893e+00 +2.8894e+00 -3.4648e+00 -3.9232e-01
622 +6.108048245e+01 +6.108048245e+01 +5.764804825e+02 +5.764804825e+02 -8.7870e-01 +5.0206e-01 -1.0816e+00 +1.2106e+00 -2.2152e+00 -7.8617e-01 -5.0000e+00 +1.7690e+00 -1.4442e+00 +1.8983e+00 +0.0000e+00 +0.0000e+00 -2.2659e+00 +4.9420e+00 +4.5179e-01 -2.1204e+00 +1.6330e+00 -2.4706e+00 -5.0000e+00 +4.5000e-01
1048 +2.896322946e+01 +2.896322946e+01 +5.443632295e+02 +5.443632295e+02 -1.8850e-01 +3.2612e+00 -1.3517e+00 -2.2138e+00 +5.1861e-01 +1.5703e-01 -5.0000e+00 +4.7262e-01 -2.8058e+00 -6.5873e-01 -1.8727e+00 +3.0549e+00 -2.3525e+00 +3.1702e+00 +5.7775e-01 -1.6645e+00 +5.8816e-01 -5.8391e-02 -4.5088e+00 +1.7244e+00
1658 +2.293600651e+01 +2.293600651e+01 +5.383360065e+02 +5.383360065e+02 -3.4437e-01 +2.9270e+00 -9.4917e-01 -1.6100e+00 +2.2720e+00 -9.0295e-01 -1.1084e+00 +9.4666e-01 -1.3193e+00 -1.8444e+00 +1.4831e+00 +2.2234e+00 -3.4403e+00 +3.0864e+00 +2.3139e+00 -8.3627e-01 +1.7732e+00 -8.3955e-01 -3.6923e+00 +1.4013e+00
2150 +1.330105904e+01 +1.330105904e+01 +5.287010590e+02 +5.287010590e+02 +7.1781e-01 +3.6783e+00 -2.5076e-01 +0.0000e+00 +4.2110e-01 +5.1326e-01 -4.9784e+00 +5.1336e-01 -2.7321e+00 +0.0000e+00 +1.1548e+00 +2.2719e+00 -3.3974e+00 +3.2873e+00 +1.2745e+00 -1.8404e+00 +1.4102e+00 +2.0078e-01 -4.1308e+00 +2.4111e+00
2717 +9.730306276e+00 +9.730306276e+00 +5.251303063e+02 +5.251303063e+02 -4.7356e-01 +5.0000e+00 -4.9715e-02 +8.3289e-01 +1.4459e+00 +9.3629e-02 -4.9932e+00 +1.6893e+00 -2.9623e+00 -6.8624e-01 +1.8737e+00 +1.1550e+00 -3.7583e+00 +3.8826e+00 +2.1482e+00 -5.5274e-01 +7.2641e-01 -4.9846e-01 -3.9033e+00 +2.0963e+00
3626 +5.113383455e+00 +5.113383455e+00 +5.205133835e+02 +5.205133835e+02 +1.5744e-01 +4.1373e+00 +1.2184e-01 -4.1201e-01 +1.0415e+00 -5.8400e-01 -4.3094e+00 +6.8842e-01 -3.1399e+00 -1.1257e+00 +1.2208e+00 +1.7250e+00 -3.3849e+00 +3.7090e+00 +2.2126e+00 +2.8934e-01 +8.1516e-01 -1.2574e+00 -5.0000e+00 +1.3951e+00
5675 +3.417031575e+00 +3.417031575e+00 +5.188170316e+02 +5.188170316e+02 -5.4888e-03 +4.0200e+00 +8.0977e-02 -1.2998e-01 +3.5369e-01 -1.0972e-01 -3.9476e+00 +7.0297e-01 -2.9284e+00 -9.4853e-01 +1.1343e+00 +1.5613e+00 -2.7065e+00 +3.6989e+00 +2.6437e+00 +1.1871e-01 +1.3149e+00 -1.4035e+00 -4.8682e+00 +2.0637e+00
6858 +2.437046636e+00 +2.437046636e+00 +5.178370466e+02 +5.178370466e+02 -3.8419e-01 +3.9304e+00 +3.3399e-01 -2.9540e-01 +8.3166e-01 +1.3979e-01 -3.8582e+00 +7.3270e-01 -3.1670e+00 -7.3216e-01 +1.3184e+00 +1.5084e+00 -3.1668e+00 +3.5094e+00 +2.2298e+00 -3.5105e-01 +1.2173e+00 -1.1805e+00 -4.8490e+00 +2.1747e+00
% function evaluation | noise-free fitness - Fopt (9.862300000000e+02) | best noise-free fitness - Fopt | measured fitness | best measured fitness | x1 | x2...
1 +8.477969590e+01 +8.477969590e+01 +1.071009696e+03 +1.071009696e+03 -3.3143e+00 +1.6353e+00 -3.5917e+00 -1.0551e+00 -1.8147e+00 +1.2474e+00 -1.7030e+00 +2.7878e+00 -1.0719e+00 -2.9406e+00 -3.4371e-01 -2.6413e+00 -3.0200e+00 -1.9612e+00 +2.4816e+00 +2.6729e-01 +7.7039e-01 -1.3308e+00 +3.4218e+00 +2.4857e+00
895 +5.766407690e+01 +5.766407690e+01 +1.043894077e+03 +1.043894077e+03 +2.9896e+00 +1.6577e+00 +2.0168e+00 +1.9851e+00 +0.0000e+00 -1.6299e+00 +8.2775e-01 -3.6868e+00 -1.1357e+00 +9.1758e-01 +2.7764e+00 +6.5057e-01 -2.6197e+00 +4.3000e-01 +7.2211e-02 -2.5198e+00 +5.0885e-01 +1.7342e+00 -4.4060e+00 +4.2838e+00
1295 +3.435017215e+01 +3.435017215e+01 +1.020580172e+03 +1.020580172e+03 +2.4175e+00 +1.5967e+00 +2.1369e+00 +9.1293e-01 -3.8113e-01 -1.3671e+00 -4.5893e-02 -3.7428e+00 -1.4255e+00 +8.8847e-01 +2.9172e+00 +1.5393e+00 -3.8932e+00 +4.6520e-01 -4.3197e-01 -2.7487e+00 +5.2707e-01 +2.5415e-02 -4.1453e+00 +4.2045e+00
2669 +2.360576617e+01 +2.360576617e+01 +1.009835766e+03 +1.009835766e+03 +2.7812e+00 +4.7589e-01 +1.3413e+00 +1.4632e+00 -7.3888e-01 -1.0473e+00 +3.3595e+00 -3.4288e+00 -3.9132e+00 +5.1773e-01 +3.7090e+00 +1.9473e+00 -4.9570e+00 +1.2699e+00 -1.8903e+00 -4.8971e+00 +9.5442e-01 -5.6020e-01 -4.0463e+00 +4.3049e+00
3936 +1.580128168e+01 +1.580128168e+01 +1.002031282e+03 +1.002031282e+03 +2.7310e+00 +1.2393e+00 +1.4233e+00 +1.7265e+00 +5.1850e-01 -1.2719e+00 +1.7542e+00 -3.0621e+00 -1.5905e+00 +1.1719e+00 +3.0984e+00 +6.4834e-01 -4.2989e+00 +2.0566e+00 -1.9971e+00 -4.9402e+00 +1.7316e-01 -5.5059e-01 -3.6939e+00 +4.0087e+00
4619 +9.320979829e+00 +9.320979829e+00 +9.955509798e+02 +9.955509798e+02 +1.8380e+00 +1.3303e+00 +7.9682e-01 +1.7078e+00 +4.5099e-01 -1.2351e+00 +2.0750e+00 -2.9202e+00 -1.5039e+00 +7.4954e-01 +3.5978e+00 +1.0394e+00 -4.3905e+00 +2.7661e+00 -3.3030e+00 -4.9543e+00 +8.9995e-01 -1.1067e+00 -3.6541e+00 +2.8949e+00
13637 +6.305861805e+00 +6.305861805e+00 +9.925358618e+02 +9.925358618e+02 +2.6149e+00 +1.9653e+00 +1.7024e+00 +1.5183e+00 +7.1068e-01 -9.5056e-01 +1.9647e+00 -3.5117e+00 -2.3804e+00 +1.0272e+00 +3.3449e+00 +1.1602e+00 -4.5410e+00 +3.5529e+00 -2.6997e+00 -4.7664e+00 +1.1301e+00 -1.0288e+00 -3.2246e+00 +1.5390e+00
% function evaluation | noise-free fitness - Fopt (1.240800000000e+02) | best noise-free fitness - Fopt | measured fitness | best measured fitness | x1 | x2...
1 +8.629649668e+01 +8.629649668e+01 +2.103764967e+02 +2.103764967e+02 +6.5537e-01 +8.2347e-02 -4.5260e+00 +3.2035e+00 +4.9512e+00 +4.8603e+00 -1.9634e+00 -3.3138e+00 -4.3630e+00 +4.9133e+00 +1.0958e+00 -4.3729e-01 -4.8104e+00 -1.0457e+00 -1.2508e-02 +2.7728e+00 -4.7022e+00 +3.9654e+00 -1.9967e+00 +1.3631e+00
685 +6.238913317e+01 +6.238913317e+01 +1.864691332e+02 +1.864691332e+02 +4.8750e-01 +1.6248e+00 +5.0288e-01 -2.9868e+00 -1.1960e+00 -1.2491e+00 -5.0000e+00 +5.0000e+00 +4.3364e+00 +5.1508e-01 -1.1336e+00 +5.0000e+00 +3.9358e+00 +6.4140e-01 -2.7537e+00 -6.6649e-01 +0.0000e+00 -1.7947e+00 -1.6588e+00 -3.0902e+00
1070 +3.581100035e+01 +3.581100035e+01 +1.598910004e+02 +1.598910004e+02 +1.6060e+00 +2.5034e+00 -7.9571e-01 -4.2989e+00 -2.1128e+00 +1.0887e+00 -3.5448e+00 +3.1630e+00 +5.0000e+00 -6.0104e-01 -1.2010e+00 +4.8751e+00 +3.5373e+00 -1.0582e+00 -1.1678e+00 -3.5401e+00 +2.7276e+00 -1.6395e+00 +0.0000e+00 +1.0883e-01
1482 +2.469146382e+01 +2.469146382e+01 +1.487714638e+02 +1.487714638e+02 +3.0144e+00 +4.0044e+00 -1.3107e+00 -2.1057e+00 -3.2121e+00 -1.9238e+00 -4.7745e+00 +4.9331e+00 +4.3231e+00 +2.3378e-01 -5.3394e-01 +5.0000e+00 +2.7030e+00 -2.3076e+00 -2.3251e+00 -2.5728e+00 +2.0011e+00 -2.4674e+00 -1.5506e+00 -1.1093e+00
2568 +1.356646693e+01 +1.356646693e+01 +1.376464669e+02 +1.376464669e+02 +2.1252e+00 +2.4261e+00 -5.9728e-01 -3.7814e+00 -2.7801e+00 -3.0976e+00 -4.7660e+00 +3.6816e+00 +4.2152e+00 -2.4428e+00 +1.5973e-01 +4.6831e+00 +3.0392e+00 -1.2945e+00 -3.8977e+00 -2.9262e+00 +2.9742e+00 -2.2022e+00 -4.9380e-01 -1.8997e+00
3227 +8.997021876e+00 +8.997021876e+00 +1.330770219e+02 +1.330770219e+02 +2.6246e+00 +2.2552e+00 -2.5159e+00 -2.9038e+00 -2.1027e+00 -2.4322e+00 -4.8568e+00 +1.9620e+00 +4.3440e+00 -1.5687e+00 -1.2340e+00 +4.8728e+00 +3.4789e+00 -2.1145e+00 -3.3787e+00 -2.3032e+00 +2.5175e+00 -2.4687e+00 -1.0987e+00 -1.3568e+00
6528 +5.712594865e+00 +5.712594865e+00 +1.297925949e+02 +1.297925949e+02 +2.2132e+00 +2.6983e+00 -2.0242e+00 -3.5727e+00 -2.5277e+00 -2.4534e+00 -4.5368e+00 +1.5811e+00 +4.3600e+00 -1.9609e+00 -8.2541e-01 +3.3314e+00 +2.4892e+00 -1.6344e+00 -3.1552e+00 -3.2126e+00 +3.2012e+00 -2.3815e+00 -5.6335e-01 -2.3888e+00
9558 +3.955915421e+00 +3.955915421e+00 +1.280359154e+02 +1.280359154e+02 +2.2665e+00 +3.2001e+00 -1.9365e+00 -3.4188e+00 -2.5639e+00 -2.2850e+00 -4.5894e+00 +2.3935e+00 +4.2091e+00 -1.6243e+00 -7.6567e-01 +3.2303e+00 +2.5351e+00 -2.0895e+00 -2.9522e+00 -2.6922e+00 +2.0701e+00 -2.6558e+00 -2.3260e-01 -2.3856e+00
21064 +2.510198226e+00 +2.510198226e+00 +1.265901982e+02 +1.265901982e+02 +2.1279e+00 +3.0252e+00 -1.8521e+00 -3.5280e+00 -2.3725e+00 -1.9688e+00 -4.7539e+00 +2.2775e+00 +3.6174e+00 -1.8239e+00 -1.1147e+00 +3.3178e+00 +2.8183e+00 -1.9281e+00 -3.0344e+00 -3.0488e+00 +2.3880e+00 -2.3526e+00 -2.6722e-01 -1.8807e+00
% function evaluation | noise-free fitness - Fopt (-4.683100000000e+02) | best noise-free fitness - Fopt | measured fitness | best measured fitness | x1 | x2...
1 +8.365282885e+01 +8.365282885e+01 -3.846571711e+02 -3.846571711e+02 -4.8419e+00 -4.0275e+00 +4.7482e+00 -2.5610e+00 -5.2006e-01 +1.8167e+00 +9.5935e-01 -2.7503e+00 +2.5816e+00 -2.7217e+00 +4.0274e+00 -1.8268e+00 +3.9931e+00 -4.8302e+00 -3.5903e+00 +6.6626e-01 +2.8674e+00 +1.8104e+00 +4.2465e+00 +1.5194e+00
428 +5.628113541e+01 +5.628113541e+01 -4.120288646e+02 -4.120288646e+02 -1.8213e+00 -3.7054e-01 +4.7075e+00 -3.0858e+00 +2.4884e+00 -2.0743e-01 +3.2839e+00 +3.8905e+00 -2.6985e+00 +2.2859e-01 +3.0464e+00 +4.3968e-01 -2.9324e+00 +3.6962e+00 -1.9088e+00 -3.0002e+00 +0.0000e+00 -2.9754e-01 +3.4400e+00 +4.2273e+00
834 +3.143089602e+01 +3.143089602e+01 -4.368791040e+02 -4.368791040e+02 -1.8268e+00 -4.4836e-01 +5.0000e+00 -2.5392e+00 +4.3291e+00 -1.4884e+00 -3.1775e-01 +3.6138e+00 -1.8361e+00 +1.7614e+00 +1.9904e-01 -5.6806e-01 -1.7642e+00 +2.3536e+00 -1.8264e+00 -1.4037e+00 +5.5396e-01 +2.7029e-01 +3.2957e+00 +3.7895e+00
1426 +2.161336409e+01 +2.161336409e+01 -4.466966359e+02 -4.466966359e+02 +0.0000e+00 -1.3707e+00 +4.9953e+00 -2.6844e+00 +2.3085e+00 +1.9492e-01 +1.1795e+00 +2.1477e+00 -2.2333e+00 +2.1061e+00 +2.9658e+00 -3.9733e-01 -1.1715e+00 +1.8617e+00 -7.4944e-01 -4.1697e+00 -5.0692e-01 +2.4808e+00 +3.0730e+00 +2.9127e+00
2187 +1.482177277e+01 +1.482177277e+01 -4.534882272e+02 -4.534882272e+02 -1.4723e+00 -1.7154e+00 +4.5798e+00 -1.2733e+00 -7.9243e-01 +2.2015e+00 +2.7635e-01 +2.3946e+00 -1.4387e+00 +9.0863e-01 +2.5097e+00 -1.0432e+00 -1.3067e-01 +2.6203e+00 -1.4004e+00 -1.7008e+00 +5.2078e-01 +2.0030e+00 +3.2240e+00 +1.0459e+00
3082 +9.212566513e+00 +9.212566513e+00 -4.590974335e+02 -4.590974335e+02 -1.1777e+00 -2.0016e+00 +4.5554e+00 -1.9504e+00 +1.3263e+00 +1.3021e+00 -1.3707e+00 +3.5548e+00 -2.5817e+00 -1.6407e-02 +1.3361e+00 -1.5373e+00 -2.3062e+00 +3.0824e+00 -1.4610e+00 -2.2029e+00 +1.7584e+00 +1.9654e+00 +3.0701e+00 +3.0430e+00
4563 +5.394170371e+00 +5.394170371e+00 -4.629158296e+02 -4.629158296e+02 -2.3024e+00 -2.3189e+00 +4.5276e+00 -1.9477e+00 +2.5185e+00 +9.4519e-01 -7.0272e-02 +3.1201e+00 -1.8994e+00 +2.1978e+00 +1.5243e+00 -1.6509e+00 -7.0004e-01 +2.3205e+00 -1.7524e+00 -2.5728e+00 +1.7175e+00 +1.0076e+00 +2.6223e+00 +3.8462e+00
6360 +2.766923840e+00 +2.766923840e+00 -4.655430762e+02 -4.655430762e+02 -2.0187e+00 -2.3504e+00 +4.5207e+00 -1.3977e+00 +2.2123e+00 +1.0113e+00 +8.8201e-02 +2.8361e+00 -1.7323e+00 +1.4134e+00 +1.5872e+00 -5.2461e-01 -1.2675e+00 +2.3978e+00 -1.8501e+00 -1.5716e+00 +1.2273e+00 +2.1308e+00 +3.1144e+00 +3.3132e+00
7470 +2.311617881e+00 +2.311617881e+00 -4.659983821e+02 -4.659983821e+02 -2.1097e+00 -2.4977e+00 +4.5229e+00 -1.4052e+00 +2.1461e+00 +9.9777e-01 -1.3242e-01 +2.6249e+00 -1.7640e+00 +1.1229e+00 +1.7269e+00 -1.8214e+00 -1.4533e+00 +2.2425e+00 -1.8192e+00 -1.6769e+00 +1.3403e+00 +1.9610e+00 +2.9108e+00 +2.9508e+00
% function evaluation | noise-free fitness - Fopt (-6.062000000000e+01) | best noise-free fitness - Fopt | measured fitness | best measured fitness | x1 | x2...
1 +8.025774265e+01 +8.025774265e+01 +1.963774265e+01 +1.963774265e+01 -2.7480e-01 +4.0853e+00 -7.9264e-01 +1.8926e+00 -1.9898e+00 -1.0748e+00 +8.1135e-01 -2.3532e+00 -3.5963e+00 +2.4848e+00 -4.8271e+00 +3.2200e+00 -4.9109e+00 +4.6348e+00 +3.0505e+00 -1.0044e+00 -3.0319e+00 -2.7738e+00 -3.0747e+00 +4.4464e+00
461 +5.167204781e+01 +5.167204781e+01 -8.947952190e+00 -8.947952190e+00 +3.0008e+00 +1.0509e+00 +2.2095e+00 -1.8334e+00 -1.3849e-01 -3.0108e+00 +1.8456e+00 -1.4893e+00 -1.9559e+00 -3.2267e-01 +0.0000e+00 +0.0000e+00 -1.1186e+00 -5.0000e+00 +1.9582e+00 +0.0000e+00 +1.8131e+00 +2.8725e+00 -1.0960e+00 -1.0003e+00
1086 +3.209412629e+01 +3.209412629e+01 -2.852587371e+01 -2.852587371e+01 +2.6567e+00 +2.3736e+00 +3.3010e+00 -1.1456e+00 -2.1422e-01 -2.1505e+00 +9.3130e-01 -2.0694e+00 -1.5526e+00 -2.4459e-01 -7.8020e-01 -3.9857e-02 +1.7023e+00 -2.9737e+00 +1.9597e+00 -3.4299e+00 +8.1627e-01 +3.5675e+00 +2.7359e+00 -2.6926e+00
1532 +1.841704597e+01 +1.841704597e+01 -4.220295403e+01 -4.220295403e+01 +3.5653e+00 +2.4390e+00 +2.5444e+00 -2.8467e+00 -7.2029e-01 -2.0842e+00 -5.3018e-02 +3.3700e-01 -5.4579e-01 -1.3267e+00 -4.1250e+00 -5.2158e-01 +6.3049e-01 -2.6221e+00 +2.3447e+00 -9.0371e-01 +1.4281e+00 +4.9797e+00 +3.4978e+00 -3.4605e+00
1926 +1.571209703e+01 +1.571209703e+01 -4.490790297e+01 -4.490790297e+01 +3.5904e+00 +2.8138e+00 +2.6923e+00 -3.0840e+00 +1.4668e+00 -4.0572e+00 +1.7144e+00 +1.2413e+00 -1.7270e+00 -8.9460e-02 -2.6065e+00 -1.7636e-01 -5.9707e-01 -2.3588e+00 +3.0513e+00 -3.1904e+00 +1.7052e+00 +4.3316e+00 +1.8433e+00 -3.8892e+00
2773 +8.664132441e+00 +8.664132441e+00 -5.195586756e+01 -5.195586756e+01 +4.3617e+00 +2.8865e+00 +3.0147e+00 -2.6697e+00 +1.1532e+00 -3.4844e+00 +1.3818e+00 +1.0198e+00 -8.0200e-01 +5.2378e-01 -2.3778e+00 -1.7311e+00 -6.3787e-01 -1.7496e+00 +2.8110e+00 +1.5173e-01 +4.7857e-01 +4.8411e+00 +3.7773e+00 -8.3943e-01
2852 +4.215821845e+00 +4.215821845e+00 -5.640417815e+01 -5.640417815e+01 +4.2108e+00 +2.8167e+00 +2.7806e+00 -2.0831e+00 +1.1757e+00 -3.8560e+00 +1.1413e+00 -6.2477e-01 -5.6186e-01 +4.6057e-01 -2.2889e+00 -1.2215e+00 -2.9184e-01 -1.7292e+00 +3.3157e+00 -1.3704e+00 +3.4968e-01 +4.5977e+00 +2.8529e+00 -5.8317e-01
4452 +2.537350074e+00 +2.537350074e+00 -5.808264993e+01 -5.808264993e+01 +4.1308e+00 +2.8675e+00 +2.8849e+00 -2.7421e+00 +1.1594e+00 -4.0815e+00 +1.0889e+00 +3.8152e-02 -6.1872e-01 +1.7181e-01 -2.7978e+00 -1.4499e+00 -1.8285e-01 -2.3988e+00 +3.3297e+00 -1.9078e+00 +4.4613e-01 +4.5968e+00 +2.8650e+00 -8.4991e-01
4543 +2.292671539e+00 +2.292671539e+00 -5.832732846e+01 -5.832732846e+01 +4.1416e+00 +2.8044e+00 +3.6579e+00 -2.1138e+00 +1.3303e+00 -3.7116e+00 +1.1960e+00 -9.6641e-02 -5.5476e-01 +4.6115e-01 -1.2762e+00 -1.0505e+00 -1.7072e-01 -1.9381e+00 +3.7956e+00 -1.3430e+00 +2.6285e-01 +4.6474e+00 +2.8957e+00 -5.8904e-01
6887 +1.540979863e+00 +1.540979863e+00 -5.907902014e+01 -5.907902014e+01 +3.8349e+00 +2.9575e+00 +3.3485e+00 -2.0963e+00 +1.2827e+00 -3.7924e+00 +8.7411e-01 -1.3132e-01 -5.4656e-01 +5.8664e-02 -2.4075e+00 -4.2218e-01 +1.1445e-01 -2.6028e+00 +3.3153e+00 -1.3028e+00 +1.2765e+00 +4.5638e+00 +2.3476e+00 -1.2796e+00
8642 +9.537101308e-01 +9.537101308e-01 -5.966628987e+01 -5.966628987e+01 +3.8138e+00 +3.0020e+00 +2.7858e+00 -2.3836e+00 +1.0696e+00 -3.9104e+00 +1.7014e+00 +6.5942e-01 -3.9742e-01 +8.9583e-01 -2.5192e+00 -4.7439e-01 -3.9544e-01 -2.9094e+00 +3.5323e+00 -1.8607e+00 +1.5669e+00 +4.7815e+00 +2.5598e+00 -9.9680e-02
9286 +5.496502978e-01 +5.496502978e-01 -6.007034970e+01 -6.007034970e+01 +4.0690e+00 +3.4539e+00 +2.9154e+00 -1.8014e+00 +1.4358e+00 -3.5217e+00 +1.8526e+00 +7.4301e-01 -1.6065e-01 +4.8959e-01 -2.4537e+00 -4.8057e-01 -5.4318e-01 -2.7573e+00 +3.9437e+00 -1.0247e+00 +9.7242e-01 +4.7653e+00 +2.4237e+00 -1.2125e+00
11679 +3.023135049e-01 +3.023135049e-01 -6.031768650e+01 -6.031768650e+01 +4.1594e+00 +3.4370e+00 +2.9840e+00 -2.1399e+00 +2.2267e+00 -3.5368e+00 +1.7925e+00 +1.0558e+00 -1.5261e-01 +1.0669e+00 -2.3419e+00 -5.1866e-01 -5.8157e-01 -2.5087e+00 +3.6967e+00 -1.5272e+00 +1.4724e+00 +4.0972e+00 +2.3531e+00 -7.4565e-01
12479 +2.386059497e-01 +2.386059497e-01 -6.038139405e+01 -6.038139405e+01 +4.1352e+00 +3.4637e+00 +3.0526e+00 -1.9324e+00 +2.1178e+00 -3.4537e+00 +2.2000e+00 +8.1542e-01 -3.1499e-01 +7.8188e-01 -2.2983e+00 -2.9549e-01 -5.6080e-01 -2.4968e+00 +3.6833e+00 -1.5843e+00 +1.2636e+00 +4.1969e+00 +2.3213e+00 -7.3945e-01
12879 +1.547690040e-01 +1.547690040e-01 -6.046523100e+01 -6.046523100e+01 +4.1192e+00 +3.4838e+00 +3.2552e+00 -2.0063e+00 +2.2031e+00 -3.3452e+00 +1.9727e+00 +8.6736e-01 -3.5220e-01 +8.4805e-01 -2.4027e+00 -4.2468e-01 -5.3225e-01 -2.8571e+00 +3.5073e+00 -1.6745e+00 +1.2942e+00 +4.1973e+00 +2.3694e+00 -5.5887e-01
15514 +7.096360630e-02 +7.096360630e-02 -6.054903639e+01 -6.054903639e+01 +4.2722e+00 +3.4242e+00 +3.5639e+00 -2.2779e+00 +2.3962e+00 -3.0444e+00 +2.1419e+00 +8.0485e-01 -1.4001e-01 +1.0073e+00 -2.3789e+00 -4.8928e-01 -4.9904e-01 -2.7531e+00 +3.2117e+00 -1.0734e+00 +1.4377e+00 +4.2912e+00 +2.4102e+00 -6.6885e-01
15719 +5.885934735e-02 +5.885934735e-02 -6.056114065e+01 -6.056114065e+01 +4.1972e+00 +3.4036e+00 +3.8439e+00 -2.3335e+00 +2.5679e+00 -3.0513e+00 +2.1704e+00 +1.0244e+00 -1.4805e-01 +1.2238e+00 -2.3973e+00 -6.1387e-01 -6.1358e-01 -2.7353e+00 +3.0834e+00 -1.3495e+00 +1.6670e+00 +4.3614e+00 +2.3279e+00 -1.0898e+00
18869 +3.654495514e-02 +3.654495514e-02 -6.058345504e+01 -6.058345504e+01 +4.0963e+00 +3.4093e+00 +3.5233e+00 -2.3862e+00 +2.3520e+00 -3.1430e+00 +1.9603e+00 +9.7591e-01 -2.2024e-01 +9.6585e-01 -2.2763e+00 -3.9922e-01 -4.4334e-01 -2.6374e+00 +3.2187e+00 -1.2700e+00 +1.7330e+00 +4.5279e+00 +2.3201e+00 -1.1384e+00
20154 +2.073321430e-02 +2.073321430e-02 -6.059926679e+01 -6.059926679e+01 +4.0529e+00 +3.4243e+00 +3.5371e+00 -2.4876e+00 +2.5150e+00 -2.9764e+00 +2.0674e+00 +1.0249e+00 -2.7719e-01 +1.0217e+00 -2.1836e+00 -6.0033e-01 -4.2794e-01 -2.6399e+00 +3.2237e+00 -1.3074e+00 +1.7675e+00 +4.3409e+00 +2.2970e+00 -1.1441e+00
20832 +1.506056028e-02 +1.506056028e-02 -6.060493944e+01 -6.060493944e+01 +3.9763e+00 +3.3951e+00 +3.6070e+00 -2.4467e+00 +2.5445e+00 -2.9308e+00 +1.9515e+00 +1.0812e+00 -2.7165e-01 +1.0316e+00 -2.2171e+00 -6.9355e-01 -3.7193e-01 -2.6738e+00 +3.1446e+00 -1.2008e+00 +1.4976e+00 +4.2352e+00 +2.2837e+00 -1.3824e+00
23796 +8.910050121e-03 +8.910050121e-03 -6.061108995e+01 -6.061108995e+01 +3.9076e+00 +3.3689e+00 +3.6765e+00 -2.4450e+00 +2.4268e+00 -2.6172e+00 +2.2019e+00 +1.0802e+00 -2.8066e-01 +1.0111e+00 -2.1899e+00 -6.9741e-01 -3.9212e-01 -2.6951e+00 +3.1702e+00 -1.1786e+00 +1.5899e+00 +4.3028e+00 +2.2977e+00 -1.3862e+00
23859 +5.723522977e-03 +5.723522977e-03 -6.061427648e+01 -6.061427648e+01 +3.7970e+00 +3.3589e+00 +3.6963e+00 -2.4154e+00 +2.4942e+00 -2.5837e+00 +2.1816e+00 +1.2478e+00 -1.4878e-01 +1.0649e+00 -2.2708e+00 -7.7069e-01 -4.4993e-01 -2.7142e+00 +3.1722e+00 -1.0753e+00 +1.5507e+00 +4.2568e+00 +2.2983e+00 -1.2813e+00
25191 +3.551730689e-03 +3.551730689e-03 -6.061644827e+01 -6.061644827e+01 +3.7687e+00 +3.3581e+00 +3.6571e+00 -2.6845e+00 +2.4449e+00 -2.6697e+00 +2.1809e+00 +1.1465e+00 -2.0759e-01 +1.0857e+00 -2.4542e+00 -8.7490e-01 -5.1552e-01 -2.6715e+00 +3.0194e+00 -1.1092e+00 +1.5588e+00 +4.2743e+00 +2.5622e+00 -1.3540e+00
27958 +2.219909770e-03 +2.219909770e-03 -6.061778009e+01 -6.061778009e+01 +3.7706e+00 +3.3441e+00 +3.6617e+00 -2.7765e+00 +2.5298e+00 -2.6636e+00 +2.1240e+00 +1.3648e+00 -2.6645e-01 +1.0626e+00 -2.5230e+00 -8.0698e-01 -5.1339e-01 -2.6299e+00 +3.1100e+00 -1.1588e+00 +1.7071e+00 +4.3350e+00 +2.7215e+00 -1.2798e+00
30316 +1.417033376e-03 +1.417033376e-03 -6.061858297e+01 -6.061858297e+01 +3.7883e+00 +3.3456e+00 +3.6709e+00 -2.7651e+00 +2.5181e+00 -2.6577e+00 +2.0470e+00 +1.3206e+00 -2.7031e-01 +1.0548e+00 -2.5313e+00 -7.9028e-01 -5.1460e-01 -2.6401e+00 +3.1508e+00 -1.1055e+00 +1.7201e+00 +4.3228e+00 +2.7345e+00 -1.2368e+00
32653 +8.200488891e-04 +8.200488891e-04 -6.061917995e+01 -6.061917995e+01 +3.7855e+00 +3.3518e+00 +3.7046e+00 -2.8289e+00 +2.5984e+00 -2.4015e+00 +2.2254e+00 +1.3133e+00 -3.2255e-01 +1.0492e+00 -2.4193e+00 -8.6714e-01 -5.3900e-01 -2.5490e+00 +3.1375e+00 -1.0142e+00 +1.6778e+00 +4.1475e+00 +2.7446e+00 -1.2709e+00
33667 +6.165931208e-04 +6.165931208e-04 -6.061938341e+01 -6.061938341e+01 +3.7816e+00 +3.4208e+00 +3.7000e+00 -2.8367e+00 +2.5764e+00 -2.3997e+00 +2.2725e+00 +1.3188e+00 -3.2614e-01 +1.0571e+00 -2.4527e+00 -8.1877e-01 -5.4994e-01 -2.5429e+00 +3.1358e+00 -1.0328e+00 +1.6888e+00 +4.0884e+00 +2.7469e+00 -1.2785e+00
34496 +3.874751103e-04 +3.874751103e-04 -6.061961252e+01 -6.061961252e+01 +3.8316e+00 +3.4415e+00 +3.6957e+00 -2.8458e+00 +2.6176e+00 -2.3930e+00 +2.2814e+00 +1.3347e+00 -3.2589e-01 +1.2193e+00 -2.4369e+00 -8.0025e-01 -5.3368e-01 -2.5558e+00 +3.1560e+00 -1.0259e+00 +1.6756e+00 +4.0881e+00 +2.6771e+00 -1.2681e+00
34724 +2.350684151e-04 +2.350684151e-04 -6.061976493e+01 -6.061976493e+01 +3.8254e+00 +3.4501e+00 +3.6954e+00 -2.5721e+00 +2.6477e+00 -2.4305e+00 +2.2841e+00 +1.3200e+00 -3.4464e-01 +1.2158e+00 -2.3901e+00 -7.9544e-01 -5.3503e-01 -2.5523e+00 +3.1768e+00 -9.8841e-01 +1.6664e+00 +4.0529e+00 +2.7053e+00 -1.2905e+00
37964 +1.543060487e-04 +1.543060487e-04 -6.061984569e+01 -6.061984569e+01 +3.7357e+00 +3.4556e+00 +3.7684e+00 -2.7393e+00 +2.6392e+00 -2.4061e+00 +2.2833e+00 +1.3866e+00 -3.6190e-01 +1.2039e+00 -2.4162e+00 -8.5031e-01 -5.3800e-01 -2.6018e+00 +3.1340e+00 -1.0102e+00 +1.6350e+00 +4.0325e+00 +2.7789e+00 -1.2957e+00
39688 +8.927917804e-05 +8.927917804e-05 -6.061991072e+01 -6.061991072e+01 +3.7655e+00 +3.4549e+00 +3.7717e+00 -2.7171e+00 +2.6341e+00 -2.2184e+00 +2.3155e+00 +1.3701e+00 -3.6678e-01 +1.1985e+00 -2.4362e+00 -9.2733e-01 -5.6855e-01 -2.5619e+00 +3.1155e+00 -9.4221e-01 +1.6193e+00 +4.0174e+00 +2.7874e+00 -1.2965e+00
41267 +6.305025708e-05 +6.305025708e-05 -6.061993695e+01 -6.061993695e+01 +3.8257e+00 +3.4552e+00 +3.7780e+00 -2.7195e+00 +2.6216e+00 -2.3053e+00 +2.3208e+00 +1.3404e+00 -3.6534e-01 +1.1884e+00 -2.3802e+00 -8.8605e-01 -5.5545e-01 -2.5482e+00 +3.1041e+00 -9.1974e-01 +1.6162e+00 +4.0270e+00 +2.7468e+00 -1.2865e+00
44212 +3.572594915e-05 +3.572594915e-05 -6.061996427e+01 -6.061996427e+01 +3.7956e+00 +3.4524e+00 +3.7934e+00 -2.7341e+00 +2.6580e+00 -2.3294e+00 +2.3368e+00 +1.3462e+00 -3.3832e-01 +1.1896e+00 -2.4407e+00 -8.7252e-01 -5.6250e-01 -2.5654e+00 +3.1060e+00 -9.4591e-01 +1.6248e+00 +4.0136e+00 +2.7742e+00 -1.2798e+00
47838 +2.438551000e-05 +2.438551000e-05 -6.061997561e+01 -6.061997561e+01 +3.7703e+00 +3.4684e+00 +3.8106e+00 -2.7246e+00 +2.6535e+00 -2.3355e+00 +2.3444e+00 +1.3539e+00 -3.2399e-01 +1.2243e+00 -2.4366e+00 -8.7379e-01 -5.5758e-01 -2.5608e+00 +3.1061e+00 -9.2227e-01 +1.6270e+00 +4.0299e+00 +2.7779e+00 -1.2838e+00
50076 +1.353543266e-05 +1.353543266e-05 -6.061998646e+01 -6.061998646e+01 +3.7842e+00 +3.5010e+00 +3.8102e+00 -2.7523e+00 +2.6628e+00 -2.3062e+00 +2.3639e+00 +1.4151e+00 -3.2031e-01 +1.2283e+00 -2.4263e+00 -9.0317e-01 -5.6225e-01 -2.5528e+00 +3.1298e+00 -9.1654e-01 +1.6241e+00 +4.0262e+00 +2.7934e+00 -1.3011e+00
50960 +8.096629550e-06 +8.096629550e-06 -6.061999190e+01 -6.061999190e+01 +3.7861e+00 +3.5073e+00 +3.8417e+00 -2.7581e+00 +2.6597e+00 -2.3130e+00 +2.3777e+00 +1.4073e+00 -3.1426e-01 +1.2448e+00 -2.4381e+00 -8.9362e-01 -5.5870e-01 -2.5506e+00 +3.1324e+00 -9.1589e-01 +1.6204e+00 +4.0310e+00 +2.7967e+00 -1.2924e+00
52114 +6.231661075e-06 +6.231661075e-06 -6.061999377e+01 -6.061999377e+01 +3.7734e+00 +3.4898e+00 +3.8764e+00 -2.7285e+00 +2.6556e+00 -2.3081e+00 +2.3976e+00 +1.3724e+00 -3.3016e-01 +1.2296e+00 -2.3949e+00 -9.1122e-01 -5.5431e-01 -2.5230e+00 +3.1559e+00 -9.2271e-01 +1.5801e+00 +3.9982e+00 +2.7915e+00 -1.3095e+00
52276 +3.882335150e-06 +3.882335150e-06 -6.061999612e+01 -6.061999612e+01 +3.7850e+00 +3.5044e+00 +3.8773e+00 -2.7304e+00 +2.6560e+00 -2.3053e+00 +2.3982e+00 +1.3960e+00 -3.2139e-01 +1.2318e+00 -2.4004e+00 -9.1196e-01 -5.5098e-01 -2.5093e+00 +3.1583e+00 -9.2635e-01 +1.5751e+00 +4.0045e+00 +2.7930e+00 -1.2943e+00
54322 +2.317485141e-06 +2.317485141e-06 -6.061999768e+01 -6.061999768e+01 +3.7917e+00 +3.5294e+00 +3.8709e+00 -2.7319e+00 +2.6513e+00 -2.3139e+00 +2.3986e+00 +1.3833e+00 -3.2530e-01 +1.2406e+00 -2.4162e+00 -9.0509e-01 -5.4991e-01 -2.5064e+00 +3.1373e+00 -9.2004e-01 +1.5919e+00 +4.0105e+00 +2.7923e+00 -1.3133e+00
57468 +1.525679927e-06 +1.525679927e-06 -6.061999847e+01 -6.061999847e+01 +3.8193e+00 +3.5365e+00 +3.8721e+00 -2.7309e+00 +2.6404e+00 -2.3090e+00 +2.4026e+00 +1.3798e+00 -3.2966e-01 +1.2292e+00 -2.4096e+00 -8.9752e-01 -5.3683e-01 -2.4913e+00 +3.1271e+00 -9.2790e-01 +1.5694e+00 +4.0071e+00 +2.7866e+00 -1.3158e+00
58853 +9.239718182e-07 +9.239718182e-07 -6.061999908e+01 -6.061999908e+01 +3.7888e+00 +3.5303e+00 +3.8858e+00 -2.7287e+00 +2.6177e+00 -2.2974e+00 +2.3973e+00 +1.3962e+00 -3.1236e-01 +1.2266e+00 -2.4065e+00 -9.1567e-01 -5.2474e-01 -2.4923e+00 +3.1407e+00 -9.4600e-01 +1.5652e+00 +4.0280e+00 +2.7889e+00 -1.3278e+00
60880 +6.208868513e-07 +6.208868513e-07 -6.061999938e+01 -6.061999938e+01 +3.7894e+00 +3.5358e+00 +3.8870e+00 -2.7267e+00 +2.6150e+00 -2.2759e+00 +2.4105e+00 +1.3933e+00 -3.1772e-01 +1.2259e+00 -2.4051e+00 -8.9969e-01 -5.1334e-01 -2.4870e+00 +3.1475e+00 -9.3182e-01 +1.5783e+00 +4.0126e+00 +2.8067e+00 -1.3337e+00
65722 +3.722421056e-07 +3.722421056e-07 -6.061999963e+01 -6.061999963e+01 +3.7871e+00 +3.5326e+00 +3.8780e+00 -2.7250e+00 +2.5979e+00 -2.2835e+00 +2.4036e+00 +1.3755e+00 -3.2311e-01 +1.2197e+00 -2.3978e+00 -8.9004e-01 -5.0969e-01 -2.4912e+00 +3.1406e+00 -9.2889e-01 +1.5679e+00 +4.0038e+00 +2.7918e+00 -1.3343e+00
66645 +1.939684111e-07 +1.939684111e-07 -6.061999981e+01 -6.061999981e+01 +3.7935e+00 +3.5303e+00 +3.8888e+00 -2.7225e+00 +2.6063e+00 -2.2769e+00 +2.4094e+00 +1.3731e+00 -3.1519e-01 +1.2407e+00 -2.3934e+00 -8.8939e-01 -5.1103e-01 -2.4844e+00 +3.1389e+00 -9.3792e-01 +1.5598e+00 +3.9975e+00 +2.7863e+00 -1.3208e+00
67386 +9.338566542e-08 +9.338566542e-08 -6.061999991e+01 -6.061999991e+01 +3.7815e+00 +3.5303e+00 +3.8916e+00 -2.7281e+00 +2.6235e+00 -2.2673e+00 +2.4176e+00 +1.3703e+00 -3.2198e-01 +1.2514e+00 -2.3769e+00 -8.8678e-01 -5.1169e-01 -2.4703e+00 +3.1249e+00 -9.4031e-01 +1.5519e+00 +3.9905e+00 +2.7709e+00 -1.3301e+00
70040 +5.256485025e-08 +5.256485025e-08 -6.061999995e+01 -6.061999995e+01 +3.7766e+00 +3.5206e+00 +3.8916e+00 -2.7258e+00 +2.6131e+00 -2.2733e+00 +2.4172e+00 +1.3671e+00 -3.2031e-01 +1.2436e+00 -2.3796e+00 -8.8943e-01 -5.0579e-01 -2.4845e+00 +3.1210e+00 -9.4049e-01 +1.5497e+00 +3.9934e+00 +2.7673e+00 -1.3349e+00
70841 +2.833968438e-08 +2.833968438e-08 -6.061999997e+01 -6.061999997e+01 +3.7863e+00 +3.5381e+00 +3.9008e+00 -2.7285e+00 +2.6159e+00 -2.2712e+00 +2.4192e+00 +1.3722e+00 -3.1995e-01 +1.2393e+00 -2.3794e+00 -8.9118e-01 -5.0727e-01 -2.4833e+00 +3.1274e+00 -9.4152e-01 +1.5483e+00 +3.9965e+00 +2.7687e+00 -1.3355e+00
71683 +1.815431006e-08 +1.815431006e-08 -6.061999998e+01 -6.061999998e+01 +3.7842e+00 +3.5338e+00 +3.9011e+00 -2.7282e+00 +2.6168e+00 -2.2727e+00 +2.4191e+00 +1.3718e+00 -3.1793e-01 +1.2376e+00 -2.3767e+00 -8.8821e-01 -5.0195e-01 -2.4765e+00 +3.1266e+00 -9.3938e-01 +1.5488e+00 +3.9937e+00 +2.7706e+00 -1.3357e+00
72167 +1.456759691e-08 +1.456759691e-08 -6.061999999e+01 -6.061999999e+01 +3.7819e+00 +3.5340e+00 +3.9105e+00 -2.7286e+00 +2.6243e+00 -2.2774e+00 +2.4194e+00 +1.3691e+00 -3.1774e-01 +1.2367e+00 -2.3625e+00 -8.8717e-01 -4.9872e-01 -2.4790e+00 +3.1342e+00 -9.4035e-01 +1.5507e+00 +3.9932e+00 +2.7690e+00 -1.3470e+00
74041 +3.811656768e-09 +3.811656768e-09 -6.062000000e+01 -6.062000000e+01 +3.7818e+00 +3.5305e+00 +3.9015e+00 -2.7282e+00 +2.6162e+00 -2.2747e+00 +2.4193e+00 +1.3662e+00 -3.1869e-01 +1.2446e+00 -2.3692e+00 -8.8823e-01 -5.0034e-01 -2.4766e+00 +3.1316e+00 -9.4550e-01 +1.5476e+00 +3.9928e+00 +2.7716e+00 -1.3384e+00
% function evaluation | noise-free fitness - Fopt (2.864600000000e+02) | best noise-free fitness - Fopt | measured fitness | best measured fitness | x1 | x2...
1 +8.383367246e+01 +8.383367246e+01 +3.702936725e+02 +3.702936725e+02 -1.3588e+00 -1.4878e+00 +1.3439e+00 -2.4198e+00 -3.2116e+00 -3.8893e+00 -1.3155e+00 -3.1408e-01 -2.1409e+00 -1.9763e+00 +1.7226e+00 -3.5356e+00 -2.1411e+00 +5.6882e-02 +4.0875e+00 -1.3400e+00 +1.4073e+00 +1.5451e+00 +7.2220e-01 +2.7575e+00
500 +6.042875915e+01 +6.042875915e+01 +3.468887592e+02 +3.468887592e+02 +4.5944e-01 +3.0949e+00 +3.1022e+00 +3.0195e+00 +0.0000e+00 -5.0000e+00 +1.0368e+00 -2.0521e-01 +3.2484e+00 +3.0400e+00 -1.4309e-01 -1.5029e+00 -1.2659e+00 -1.8107e+00 +2.3049e+00 -1.0851e+00 -3.7842e+00 -2.7465e+00 +2.5079e+00 +2.6290e+00
1064 +3.559744877e+01 +3.559744877e+01 +3.220574488e+02 +3.220574488e+02 +2.0146e+00 +2.4878e+00 +1.4977e+00 +2.2030e+00 -7.5969e-01 -9.3256e-01 -2.1473e+00 +5.0000e+00 +1.8869e+00 +2.3217e+00 -1.1029e+00 -2.4236e+00 -1.7161e+00 -1.4055e+00 +4.5006e+00 -1.4964e+00 -2.3922e+00 -3.5206e+00 +2.0397e+00 +2.3226e+00
1554 +2.494271089e+01 +2.494271089e+01 +3.114027109e+02 +3.114027109e+02 +1.7240e+00 +1.8526e+00 +2.0959e+00 +8.8055e-01 +1.5960e+00 -3.6497e+00 -3.3720e+00 +2.7505e+00 +2.8097e+00 +1.8799e+00 -1.1171e+00 -1.0440e+00 -1.7608e+00 -3.0263e+00 +1.4835e+00 -3.3704e+00 -1.5227e+00 -3.9792e+00 +1.5208e+00 +3.5219e+00
1837 +1.221426715e+01 +1.221426715e+01 +2.986742671e+02 +2.986742671e+02 +7.2020e-01 +1.5110e+00 +2.8085e+00 +1.0359e+00 +1.9930e+00 -2.4527e+00 -2.8859e+00 +1.2912e+00 +2.6759e+00 +2.4639e+00 -1.7381e+00 -8.2146e-01 -2.3271e+00 -2.9244e+00 +2.3126e+00 -3.1392e+00 -2.2978e+00 -3.6669e+00 +3.7015e+00 +3.4718e+00
2127 +9.187784507e+00 +9.187784507e+00 +2.956477845e+02 +2.956477845e+02 +4.3757e-01 +1.2958e+00 +1.7963e+00 +1.6708e+00 +1.8532e+00 -2.4217e+00 -3.0591e+00 +1.5921e+00 +3.0654e+00 +2.4292e+00 -3.2075e+00 -1.2370e+00 -1.7937e+00 -2.0829e+00 +2.7572e+00 -3.0449e+00 -2.1079e+00 -4.0510e+00 +2.8178e+00 +2.3958e+00
3621 +6.153654983e+00 +6.153654983e+00 +2.926136550e+02 +2.926136550e+02 -2.2750e-01 +1.2011e+00 +2.1456e+00 +1.4189e+00 +1.6302e+00 -2.7022e+00 -2.5965e+00 +2.7910e+00 +2.6821e+00 +2.0861e+00 -1.6565e+00 -1.9805e+00 -1.5208e+00 -2.0769e+00 +3.1465e+00 -3.7670e+00 -2.9349e+00 -3.0586e+00 +3.5493e+00 +2.4096e+00
5466 +3.485788118e+00 +3.485788118e+00 +2.899457881e+02 +2.899457881e+02 -2.1287e-01 +2.1120e+00 +1.9779e+00 +2.0028e+00 +1.6231e+00 -3.3470e+00 -3.0556e+00 +2.3121e+00 +3.6411e+00 +1.8256e+00 -2.3093e+00 -2.4864e+00 -2.8081e+00 -2.0090e+00 +3.5147e+00 -3.7678e+00 -2.2101e+00 -3.5205e+00 +3.6147e+00 +2.2013e+00
6426 +2.174171797e+00 +2.174171797e+00 +2.886341718e+02 +2.886341718e+02 -2.2956e-01 +1.7779e+00 +1.9553e+00 +1.5567e+00 +1.3775e+00 -2.6120e+00 -2.5842e+00 +2.0977e+00 +3.6322e+00 +2.1456e+00 -2.3703e+00 -2.0406e+00 -2.6093e+00 -1.8171e+00 +3.1920e+00 -3.7836e+00 -2.3088e+00 -3.1075e+00 +3.8327e+00 +2.4969e+00
% function evaluation | noise-free fitness - Fopt (1.134200000000e+02) | best noise-free fitness - Fopt | measured fitness | best measured fitness | x1 | x2...
1 +8.462554434e+01 +8.462554434e+01 +1.980455443e+02 +1.980455443e+02 +2.1125e-01 +4.7534e+00 +1.7104e+00 +1.9015e+00 +2.5516e+00 +2.7394e+00 -1.1159e+00 -3.5263e+00 -3.0902e+00 +9.5612e-01 +1.2722e+00 -4.8410e+00 -1.3960e+00 -3.4737e+00 +4.9220e+00 +1.6991e+00 -2.8362e+00 +4.6869e+00 -2.7907e+00 -4.2835e+00
440 +5.947120420e+01 +5.947120420e+01 +1.728912042e+02 +1.728912042e+02 +8.7068e-01 -1.0861e+00 +0.0000e+00 -2.7439e+00 +0.0000e+00 -4.1121e-01 -8.5463e-01 -1.2863e-01 +1.7918e-01 +2.7625e+00 +5.0000e+00 +3.6315e+00 -1.0358e+00 +1.9776e+00 -3.4599e+00 +4.3983e-01 +4.2151e+00 +1.6283e+00 +3.5829e+00 -2.5915e+00
803 +3.808960452e+01 +3.808960452e+01 +1.515096045e+02 +1.515096045e+02 -2.3132e-01 -3.7860e-01 +0.0000e+00 -1.7424e+00 +1.1244e+00 -1.2468e+00 -2.3450e+00 -1.9049e+00 -8.5784e-01 +3.6522e+00 +4.7123e+00 +1.8174e+00 +1.1570e+00 +2.9542e-01 +0.0000e+00 -1.7246e+00 -7.4450e-01 +1.8605e+00 +7.2208e-01 -2.1903e+00
1026 +2.389626827e+01 +2.389626827e+01 +1.373162683e+02 +1.373162683e+02 -4.4213e-01 +1.3852e-03 +9.2692e-02 -2.2531e+00 +1.3936e+00 +1.3086e+00 -2.7556e+00 +3.4225e-02 -4.6143e-01 +2.8004e+00 +2.7865e+00 +1.1098e+00 +5.7627e-01 +3.8462e-01 -1.9285e+00 +0.0000e+00 +1.5786e+00 +2.1894e+00 +2.1590e+00 -1.0242e+00
2326 +1.497477998e+01 +1.497477998e+01 +1.283947800e+02 +1.283947800e+02 -1.0579e+00 -5.6532e-01 -2.7915e+00 -2.3853e+00 +2.0363e+00 -1.1233e+00 -1.0732e+00 -5.9019e-02 +9.3147e-01 +3.6672e+00 +2.9638e+00 -4.8862e-01 -4.5090e+00 +1.2278e+00 +1.3560e-01 +1.3371e+00 +2.7973e+00 +1.3687e+00 +1.9519e+00 -1.6210e+00
2868 +8.619152206e+00 +8.619152206e+00 +1.220391522e+02 +1.220391522e+02 -1.3206e+00 -6.8222e-01 -2.5774e+00 -2.8167e+00 +1.6937e+00 -1.2438e+00 -2.1743e+00 -6.4118e-01 +1.0663e+00 +3.4402e+00 +1.8471e+00 +3.7315e-01 -4.5371e+00 +6.7294e-01 +6.7773e-01 +7.3559e-01 +2.3256e+00 +3.4013e+00 +1.5045e+00 -1.4548e+00
4477 +5.254575799e+00 +5.254575799e+00 +1.186745758e+02 +1.186745758e+02 -7.8173e-01 -2.7180e-01 -1.8918e+00 -3.4707e+00 +3.3661e+00 -1.0835e+00 -2.5342e+00 -1.9234e+00 +1.3451e+00 +3.9440e+00 +2.4167e+00 -6.9446e-01 -3.7832e+00 +1.9111e+00 +7.0669e-01 +1.2432e+00 +2.2455e+00 +2.6380e+00 -9.8041e-02 -1.5127e+00
5115 +3.229348422e+00 +3.229348422e+00 +1.166493484e+02 +1.166493484e+02 -9.0304e-01 -8.3048e-01 -2.1960e+00 -3.7000e+00 +4.3894e+00 -9.6277e-01 -2.9079e+00 -1.7934e+00 +1.2504e+00 +3.5465e+00 +2.6165e+00 +1.9030e-01 -3.7397e+00 +1.8643e+00 +1.1679e+00 +4.1597e-01 -3.6629e-01 +2.2026e+00 +1.0084e+00 -1.0546e+00
5594 +2.159833526e+00 +2.159833526e+00 +1.155798335e+02 +1.155798335e+02 -6.7391e-01 -6.9467e-01 -3.1567e+00 -3.8154e+00 +4.7200e+00 -8.9330e-01 -3.3678e+00 -1.8628e+00 +1.2608e+00 +3.4461e+00 +2.4747e+00 +4.5954e-01 -3.5894e+00 +1.9709e+00 +6.6267e-01 +1.2382e+00 +4.2928e-01 +1.7269e+00 +3.2385e-01 -6.6372e-01
10052 +1.383427750e+00 +1.383427750e+00 +1.148034278e+02 +1.148034278e+02 -1.8329e+00 -9.9317e-01 -4.4282e+00 -3.6183e+00 +3.8985e+00 -9.6383e-01 -2.3891e+00 -1.8368e+00 +1.5905e+00 +3.9377e+00 +2.7767e+00 +4.6484e-01 -4.9098e+00 +2.0334e+00 +1.6628e+00 +8.1589e-02 +3.3122e+00 +2.7490e+00 +1.6660e+00 -3.2946e-01
10315 +5.043239157e-01 +5.043239157e-01 +1.139243239e+02 +1.139243239e+02 -1.3657e+00 -9.0670e-01 -4.7696e+00 -3.8587e+00 +3.9133e+00 -8.9267e-01 -2.4525e+00 -1.8269e+00 +1.4587e+00 +3.7501e+00 +2.7023e+00 +7.5178e-01 -4.8479e+00 +2.0257e+00 +1.4778e+00 +1.5789e-01 +2.2311e+00 +2.3148e+00 +1.6398e+00 -3.9076e-01
12702 +2.429395780e-01 +2.429395780e-01 +1.136629396e+02 +1.136629396e+02 -1.7419e+00 -9.5120e-01 -4.6811e+00 -3.5848e+00 +3.6831e+00 -7.0203e-01 -2.3714e+00 -1.9707e+00 +1.3520e+00 +3.6637e+00 +2.7029e+00 +1.2996e+00 -4.6325e+00 +2.0257e+00 +8.7306e-01 +4.6484e-01 +2.1499e+00 +2.2342e+00 +2.4589e+00 -4.2225e-01
14762 +1.383757991e-01 +1.383757991e-01 +1.135583758e+02 +1.135583758e+02 -1.4857e+00 -9.5174e-01 -4.5412e+00 -3.5947e+00 +3.6734e+00 -4.1728e-01 -2.4114e+00 -1.6704e+00 +1.6610e+00 +3.5848e+00 +2.8365e+00 +1.3493e+00 -4.5849e+00 +1.9430e+00 +5.1445e-01 +3.9576e-01 +2.3160e+00 +2.2681e+00 +1.8627e+00 -4.2637e-01
16461 +9.618385392e-02 +9.618385392e-02 +1.135161839e+02 +1.135161839e+02 -1.5065e+00 -9.5892e-01 -4.1248e+00 -3.6745e+00 +3.6506e+00 -6.6248e-01 -2.3459e+00 -1.8582e+00 +1.6333e+00 +3.5443e+00 +2.9392e+00 +1.3259e+00 -4.5415e+00 +1.9453e+00 +7.6423e-01 +4.1001e-01 +2.3392e+00 +2.2673e+00 +1.9461e+00 -5.8530e-01
16582 +4.934753215e-02 +4.934753215e-02 +1.134693475e+02 +1.134693475e+02 -1.3468e+00 -9.8201e-01 -3.7704e+00 -3.6788e+00 +3.4474e+00 -5.5647e-01 -2.3892e+00 -1.5486e+00 +1.5937e+00 +3.5961e+00 +3.2519e+00 +1.3002e+00 -4.3546e+00 +1.8685e+00 +4.3106e-01 +4.2197e-01 +2.3549e+00 +2.5840e+00 +1.7987e+00 -9.1428e-01
17823 +3.057441742e-02 +3.057441742e-02 +1.134505744e+02 +1.134505744e+02 -1.3687e+00 -9.9120e-01 -3.5696e+00 -3.6931e+00 +3.3866e+00 -5.0827e-01 -2.3612e+00 -1.5761e+00 +1.5781e+00 +3.5788e+00 +3.0740e+00 +1.3325e+00 -3.9764e+00 +1.9126e+00 +3.7343e-01 +4.4612e-01 +2.3421e+00 +2.6638e+00 +1.6912e+00 -6.4146e-01
17923 +2.438138442e-02 +2.438138442e-02 +1.134443814e+02 +1.134443814e+02 -1.5476e+00 -9.8205e-01 -3.8131e+00 -3.6875e+00 +3.3730e+00 -5.2078e-01 -2.3344e+00 -1.4899e+00 +1.6893e+00 +3.6336e+00 +3.1260e+00 +1.3133e+00 -4.1523e+00 +1.8693e+00 +4.1706e-01 +4.2312e-01 +2.3181e+00 +2.8554e+00 +1.6564e+00 -8.9769e-01
18791 +1.462241459e-02 +1.462241459e-02 +1.134346224e+02 +1.134346224e+02 -1.4444e+00 -9.4267e-01 -3.6678e+00 -3.7213e+00 +3.3169e+00 -4.4152e-01 -2.3428e+00 -1.2053e+00 +1.5635e+00 +3.6265e+00 +3.0598e+00 +1.3096e+00 -3.6503e+00 +1.6982e+00 +3.6722e-01 +4.5831e-01 +2.3126e+00 +2.7150e+00 +1.6938e+00 -7.1636e-01
19644 +3.675663233e-03 +3.675663233e-03 +1.134236757e+02 +1.134236757e+02 -1.4260e+00 -9.4600e-01 -3.6126e+00 -3.7243e+00 +3.4027e+00 -4.4821e-01 -2.3267e+00 -1.2380e+00 +1.4272e+00 +3.7281e+00 +2.8611e+00 +1.2874e+00 -3.7086e+00 +1.7235e+00 +3.6771e-01 +4.5823e-01 +2.2777e+00 +2.7699e+00 +1.7284e+00 -6.8158e-01
21189 +2.033863011e-03 +2.033863011e-03 +1.134220339e+02 +1.134220339e+02 -1.4890e+00 -9.2267e-01 -3.3797e+00 -3.7920e+00 +3.3598e+00 -4.1578e-01 -2.3065e+00 -1.3548e+00 +1.4452e+00 +3.7058e+00 +2.8531e+00 +1.2226e+00 -3.5323e+00 +1.6249e+00 +2.1769e-01 +4.5695e-01 +2.2684e+00 +2.9722e+00 +1.7012e+00 -7.1432e-01
22114 +1.385264800e-03 +1.385264800e-03 +1.134213853e+02 +1.134213853e+02 -1.5128e+00 -8.7329e-01 -3.3664e+00 -3.7659e+00 +3.2878e+00 -4.1409e-01 -2.3109e+00 -1.3553e+00 +1.4460e+00 +3.6761e+00 +2.8518e+00 +1.1991e+00 -3.5142e+00 +1.6228e+00 +2.0393e-01 +4.6353e-01 +2.2687e+00 +2.9588e+00 +1.7175e+00 -7.2238e-01
23157 +9.561889131e-04 +9.561889131e-04 +1.134209562e+02 +1.134209562e+02 -1.5704e+00 -7.9170e-01 -3.3058e+00 -3.7128e+00 +3.3014e+00 -4.0347e-01 -2.2922e+00 -1.3507e+00 +1.4258e+00 +3.6936e+00 +2.8457e+00 +1.1640e+00 -3.5035e+00 +1.6149e+00 +4.0232e-01 +4.5999e-01 +2.2392e+00 +3.0295e+00 +1.7230e+00 -7.0176e-01
24930 +5.457318047e-04 +5.457318047e-04 +1.134205457e+02 +1.134205457e+02 -1.6024e+00 -7.9382e-01 -3.4694e+00 -3.7916e+00 +3.3188e+00 -3.1669e-01 -2.2569e+00 -1.3512e+00 +1.4094e+00 +3.7608e+00 +2.8131e+00 +1.1615e+00 -3.4939e+00 +1.7246e+00 +3.6362e-01 +3.4204e-01 +2.2983e+00 +2.9092e+00 +1.7996e+00 -6.7881e-01
25530 +3.821701358e-04 +3.821701358e-04 +1.134203822e+02 +1.134203822e+02 -1.5480e+00 -7.9947e-01 -3.4589e+00 -3.7726e+00 +3.3244e+00 -3.2142e-01 -2.2789e+00 -1.3720e+00 +1.3982e+00 +3.7754e+00 +2.7922e+00 +1.1652e+00 -3.4748e+00 +1.6399e+00 +3.9884e-01 +3.6545e-01 +2.2931e+00 +2.9494e+00 +1.8025e+00 -7.0203e-01
26505 +2.211874977e-04 +2.211874977e-04 +1.134202212e+02 +1.134202212e+02 -1.5927e+00 -7.4502e-01 -3.4115e+00 -3.7183e+00 +3.3562e+00 -2.8331e-01 -2.2441e+00 -1.3716e+00 +1.3423e+00 +3.7877e+00 +2.7882e+00 +1.1502e+00 -3.4821e+00 +1.6722e+00 +2.4204e-01 +3.9884e-01 +2.2940e+00 +3.0652e+00 +1.8367e+00 -7.0256e-01
29084 +1.083366015e-04 +1.083366015e-04 +1.134201083e+02 +1.134201083e+02 -1.6477e+00 -8.0086e-01 -3.4416e+00 -3.7349e+00 +3.3601e+00 -2.5786e-01 -2.2109e+00 -1.3541e+00 +1.3932e+00 +3.7715e+00 +2.7924e+00 +1.1470e+00 -3.5466e+00 +1.6718e+00 +2.5900e-01 +3.7838e-01 +2.3197e+00 +3.0866e+00 +1.8241e+00 -6.9624e-01
29766 +9.518583926e-05 +9.518583926e-05 +1.134200952e+02 +1.134200952e+02 -1.6470e+00 -7.8971e-01 -3.4471e+00 -3.7530e+00 +3.3617e+00 -2.6181e-01 -2.2182e+00 -1.3386e+00 +1.4045e+00 +3.7552e+00 +2.7918e+00 +1.1489e+00 -3.5380e+00 +1.6783e+00 +2.8432e-01 +4.1520e-01 +2.3207e+00 +3.0459e+00 +1.8050e+00 -7.0697e-01
31139 +2.864628271e-05 +2.864628271e-05 +1.134200286e+02 +1.134200286e+02 -1.6587e+00 -7.8466e-01 -3.4545e+00 -3.7170e+00 +3.3576e+00 -2.9008e-01 -2.1852e+00 -1.3456e+00 +1.4140e+00 +3.8213e+00 +2.7897e+00 +1.1494e+00 -3.5576e+00 +1.7266e+00 +2.4478e-01 +4.3774e-01 +2.3205e+00 +3.1065e+00 +1.7660e+00 -6.8038e-01
33566 +2.417277354e-05 +2.417277354e-05 +1.134200242e+02 +1.134200242e+02 -1.6650e+00 -7.9020e-01 -3.4350e+00 -3.6978e+00 +3.3571e+00 -2.9255e-01 -2.1688e+00 -1.3403e+00 +1.4394e+00 +3.7762e+00 +2.7868e+00 +1.1569e+00 -3.5358e+00 +1.7563e+00 +2.4236e-01 +4.2761e-01 +2.3403e+00 +3.1376e+00 +1.7713e+00 -6.7439e-01
35650 +1.574825679e-05 +1.574825679e-05 +1.134200157e+02 +1.134200157e+02 -1.6812e+00 -7.7695e-01 -3.4558e+00 -3.7144e+00 +3.3547e+00 -2.8693e-01 -2.2074e+00 -1.3152e+00 +1.4904e+00 +3.7371e+00 +2.7862e+00 +1.1050e+00 -3.5674e+00 +1.7791e+00 +2.6778e-01 +4.1935e-01 +2.3251e+00 +3.1269e+00 +1.7592e+00 -7.0811e-01
35930 +9.144468137e-06 +9.144468137e-06 +1.134200091e+02 +1.134200091e+02 -1.6758e+00 -7.7765e-01 -3.4669e+00 -3.7117e+00 +3.3577e+00 -2.8585e-01 -2.1918e+00 -1.2880e+00 +1.4952e+00 +3.7498e+00 +2.7863e+00 +1.0909e+00 -3.5854e+00 +1.7513e+00 +2.6175e-01 +4.2545e-01 +2.3290e+00 +3.1226e+00 +1.6891e+00 -6.7256e-01
37771 +5.206587261e-06 +5.206587261e-06 +1.134200052e+02 +1.134200052e+02 -1.7189e+00 -7.7967e-01 -3.4408e+00 -3.6984e+00 +3.3611e+00 -2.7869e-01 -2.1746e+00 -1.3324e+00 +1.4856e+00 +3.7435e+00 +2.7827e+00 +1.1103e+00 -3.5849e+00 +1.7574e+00 +2.2493e-01 +4.0623e-01 +2.3200e+00 +3.1519e+00 +1.7096e+00 -6.6161e-01
40983 +2.832716604e-06 +2.832716604e-06 +1.134200028e+02 +1.134200028e+02 -1.7056e+00 -7.5989e-01 -3.4370e+00 -3.6922e+00 +3.3671e+00 -2.9438e-01 -2.1889e+00 -1.3414e+00 +1.4767e+00 +3.7030e+00 +2.7811e+00 +1.1076e+00 -3.5884e+00 +1.7513e+00 +2.3958e-01 +4.2760e-01 +2.3314e+00 +3.1454e+00 +1.7191e+00 -6.4864e-01
41687 +1.781232243e-06 +1.781232243e-06 +1.134200018e+02 +1.134200018e+02 -1.6959e+00 -7.5773e-01 -3.4423e+00 -3.6904e+00 +3.3678e+00 -2.9238e-01 -2.1776e+00 -1.3260e+00 +1.4773e+00 +3.7137e+00 +2.7804e+00 +1.1153e+00 -3.5828e+00 +1.7523e+00 +2.3251e-01 +4.4148e-01 +2.3351e+00 +3.1443e+00 +1.7193e+00 -6.4740e-01
43713 +1.334954703e-06 +1.334954703e-06 +1.134200013e+02 +1.134200013e+02 -1.7086e+00 -7.4662e-01 -3.4439e+00 -3.6972e+00 +3.3829e+00 -2.8677e-01 -2.1836e+00 -1.3176e+00 +1.4834e+00 +3.7062e+00 +2.7766e+00 +1.1161e+00 -3.5795e+00 +1.7621e+00 +2.4071e-01 +4.2804e-01 +2.3397e+00 +3.1475e+00 +1.7101e+00 -6.4014e-01
49624 +9.339040474e-07 +9.339040474e-07 +1.134200009e+02 +1.134200009e+02 -1.7041e+00 -7.4610e-01 -3.4507e+00 -3.6893e+00 +3.3660e+00 -2.8806e-01 -2.1616e+00 -1.3115e+00 +1.4933e+00 +3.6967e+00 +2.7862e+00 +1.1093e+00 -3.5861e+00 +1.7659e+00 +2.3677e-01 +4.2824e-01 +2.3543e+00 +3.1470e+00 +1.6885e+00 -6.5525e-01
52047 +5.259097833e-07 +5.259097833e-07 +1.134200005e+02 +1.134200005e+02 -1.7014e+00 -7.4042e-01 -3.4488e+00 -3.6901e+00 +3.3806e+00 -2.8605e-01 -2.1668e+00 -1.3003e+00 +1.4951e+00 +3.6915e+00 +2.7887e+00 +1.1049e+00 -3.5879e+00 +1.7727e+00 +2.3839e-01 +4.2437e-01 +2.3639e+00 +3.1605e+00 +1.6916e+00 -6.4060e-01
53957 +3.914549040e-07 +3.914549040e-07 +1.134200004e+02 +1.134200004e+02 -1.7139e+00 -7.4162e-01 -3.4519e+00 -3.7047e+00 +3.3889e+00 -2.8062e-01 -2.1588e+00 -1.3055e+00 +1.5023e+00 +3.6985e+00 +2.7870e+00 +1.1056e+00 -3.5924e+00 +1.7720e+00 +2.2756e-01 +4.2853e-01 +2.3590e+00 +3.1672e+00 +1.7000e+00 -6.5038e-01
54646 +2.430328863e-07 +2.430328863e-07 +1.134200002e+02 +1.134200002e+02 -1.7213e+00 -7.4392e-01 -3.4318e+00 -3.6957e+00 +3.3900e+00 -2.8891e-01 -2.1696e+00 -1.3004e+00 +1.5017e+00 +3.6925e+00 +2.7914e+00 +1.1090e+00 -3.5955e+00 +1.7767e+00 +2.3338e-01 +4.2773e-01 +2.3607e+00 +3.1736e+00 +1.6861e+00 -6.5431e-01
56999 +1.578709146e-07 +1.578709146e-07 +1.134200002e+02 +1.134200002e+02 -1.7250e+00 -7.4478e-01 -3.4310e+00 -3.6922e+00 +3.3891e+00 -2.8777e-01 -2.1715e+00 -1.2970e+00 +1.5015e+00 +3.6992e+00 +2.7832e+00 +1.1064e+00 -3.5914e+00 +1.7743e+00 +2.2895e-01 +4.2868e-01 +2.3622e+00 +3.1761e+00 +1.6882e+00 -6.5552e-01
59034 +7.567602722e-08 +7.567602722e-08 +1.134200001e+02 +1.134200001e+02 -1.7263e+00 -7.4130e-01 -3.4393e+00 -3.6931e+00 +3.3900e+00 -2.9045e-01 -2.1685e+00 -1.2915e+00 +1.5029e+00 +3.6979e+00 +2.7814e+00 +1.1070e+00 -3.5972e+00 +1.7829e+00 +2.2662e-01 +4.2833e-01 +2.3693e+00 +3.1803e+00 +1.6837e+00 -6.5081e-01
59569 +5.959429927e-08 +5.959429927e-08 +1.134200001e+02 +1.134200001e+02 -1.7266e+00 -7.3448e-01 -3.4432e+00 -3.6942e+00 +3.3884e+00 -2.8460e-01 -2.1675e+00 -1.2952e+00 +1.5040e+00 +3.6995e+00 +2.7805e+00 +1.1085e+00 -3.5961e+00 +1.7873e+00 +2.2548e-01 +4.2613e-01 +2.3714e+00 +3.1851e+00 +1.6869e+00 -6.5315e-01
61381 +2.922817544e-08 +2.922817544e-08 +1.134200000e+02 +1.134200000e+02 -1.7280e+00 -7.3446e-01 -3.4423e+00 -3.6982e+00 +3.3881e+00 -2.8547e-01 -2.1645e+00 -1.2841e+00 +1.5118e+00 +3.6970e+00 +2.7787e+00 +1.1078e+00 -3.5957e+00 +1.7889e+00 +2.2178e-01 +4.2882e-01 +2.3791e+00 +3.1914e+00 +1.6851e+00 -6.5500e-01
61488 +1.964616558e-08 +1.964616558e-08 +1.134200000e+02 +1.134200000e+02 -1.7263e+00 -7.3538e-01 -3.4414e+00 -3.6971e+00 +3.3872e+00 -2.8902e-01 -2.1636e+00 -1.2831e+00 +1.5115e+00 +3.6924e+00 +2.7790e+00 +1.1075e+00 -3.5962e+00 +1.7899e+00 +2.2041e-01 +4.2879e-01 +2.3788e+00 +3.2011e+00 +1.6743e+00 -6.5563e-01
61888 +1.218275258e-08 +1.218275258e-08 +1.134200000e+02 +1.134200000e+02 -1.7266e+00 -7.3509e-01 -3.4416e+00 -3.6947e+00 +3.3873e+00 -2.8998e-01 -2.1634e+00 -1.2824e+00 +1.5164e+00 +3.6918e+00 +2.7770e+00 +1.1074e+00 -3.5963e+00 +1.7897e+00 +2.2052e-01 +4.2938e-01 +2.3802e+00 +3.2008e+00 +1.6778e+00 -6.5646e-01
65349 +8.279286590e-09 +8.279286590e-09 +1.134200000e+02 +1.134200000e+02 -1.7306e+00 -7.3638e-01 -3.4412e+00 -3.6968e+00 +3.3860e+00 -2.8457e-01 -2.1631e+00 -1.2778e+00 +1.5181e+00 +3.7022e+00 +2.7759e+00 +1.1076e+00 -3.5964e+00 +1.7894e+00 +2.2148e-01 +4.3084e-01 +2.3848e+00 +3.2033e+00 +1.6758e+00 -6.5213e-01
% function evaluation | noise-free fitness - Fopt (-1.958600000000e+02) | best noise-free fitness - Fopt | measured fitness | best measured fitness | x1 | x2...
1 +8.492807593e+01 +8.492807593e+01 -1.109319241e+02 -1.109319241e+02 -3.2199e+00 -2.3319e+00 -6.1361e-01 +4.4049e+00 +4.9610e+00 +2.2221e+00 +3.7786e+00 +2.9483e+00 -2.9010e+00 -2.5855e+00 +3.4958e+00 -3.9168e+00 -5.8309e-01 +3.5466e+00 +1.8714e-01 -2.3361e+00 -4.7382e+00 -2.2924e+00 +2.5373e+00 -4.2228e+00
797 +6.191082481e+01 +6.191082481e+01 -1.339491752e+02 -1.339491752e+02 -1.1655e+00 +1.9605e-01 +5.8891e-01 -2.4491e+00 -5.0000e+00 +3.3409e+00 +1.8409e+00 +1.6081e-01 -2.7364e+00 +1.3181e+00 -1.0678e+00 +1.5467e+00 -1.4448e-01 -1.1320e+00 -3.4423e+00 -2.8833e+00 +1.8183e+00 -3.0071e+00 -3.9360e-01 -9.7299e-01
1328 +3.295642377e+01 +3.295642377e+01 -1.629035762e+02 -1.629035762e+02 -7.6306e-01 -1.9269e+00 +7.3571e-01 +1.1415e+00 -3.1457e+00 +5.0000e+00 +1.4927e+00 +9.4634e-01 -3.8141e+00 +5.0000e+00 -3.5866e+00 +1.4277e+00 +1.6978e+00 -1.9982e+00 -1.2684e+00 -1.5632e+00 +1.6699e+00 -1.9184e+00 -5.0000e+00 -1.1711e+00
1356 +2.510795395e+01 +2.510795395e+01 -1.707520461e+02 -1.707520461e+02 -1.6713e+00 -5.0000e+00 +1.2347e+00 -7.8063e-01 -3.0742e+00 +5.0000e+00 +2.2015e+00 -5.9373e-01 -2.4104e+00 +4.6938e+00 -3.0240e+00 +1.2338e+00 -1.3422e+00 -1.1676e+00 -2.0943e+00 -2.5856e+00 +2.6876e+00 -1.1491e+00 -3.1263e-01 +5.3676e-01
1473 +1.408564169e+01 +1.408564169e+01 -1.817743583e+02 -1.817743583e+02 +2.5301e-01 -3.8339e+00 -4.9809e-01 +1.0309e+00 -3.2805e+00 +4.5159e+00 +2.1677e+00 +7.7981e-01 -1.9710e+00 +5.0000e+00 -4.2457e+00 +1.6031e+00 -9.8561e-01 -4.7427e-01 -1.8781e+00 -2.2236e+00 +2.5699e+00 -2.7315e+00 -3.2152e+00 -6.0741e-01
2072 +9.481556798e+00 +9.481556798e+00 -1.863784432e+02 -1.863784432e+02 -2.1356e-01 -1.8382e+00 -1.1516e-01 +1.1790e+00 -3.8913e+00 +4.4725e+00 +1.6655e+00 +2.6756e-01 -2.4548e+00 +4.4610e+00 -4.1499e+00 +1.4595e+00 -1.0416e+00 -6.2082e-01 -2.2115e+00 -3.0279e+00 +2.4142e+00 -2.1992e+00 -3.1334e+00 -2.2697e-01
3862 +4.695124777e+00 +4.695124777e+00 -1.911648752e+02 -1.911648752e+02 +1.1608e-02 -2.5997e+00 -5.2596e-01 +9.3152e-01 -3.1603e+00 +3.3949e+00 +1.5855e+00 -4.8795e-01 -2.9876e+00 +4.1732e+00 -3.4010e+00 +2.2428e+00 -2.5680e+00 -2.3273e+00 -3.2154e+00 -2.5202e+00 +3.0516e+00 -1.1598e+00 -2.0796e+00 +6.3198e-01
4709 +2.585793831e+00 +2.585793831e+00 -1.932742062e+02 -1.932742062e+02 -6.5506e-01 -2.5281e+00 +2.2057e-01 -4.2040e-02 -3.1435e+00 +4.1334e+00 +2.6001e+00 -3.9298e-01 -2.8605e+00 +3.9943e+00 -3.3627e+00 +2.2562e+00 -2.5892e+00 -2.2471e+00 -3.4401e+00 -2.3247e+00 +2.4570e+00 -1.6035e+00 -2.1914e+00 +6.2831e-01
6309 +2.432298338e+00 +2.432298338e+00 -1.934277017e+02 -1.934277017e+02 -6.3272e-01 -2.4811e+00 +1.3450e-01 +9.4529e-02 -3.1604e+00 +3.8697e+00 +2.2731e+00 -4.0174e-01 -2.6763e+00 +3.9190e+00 -3.4278e+00 +2.2624e+00 -2.4909e+00 -2.1608e+00 -3.4678e+00 -2.2795e+00 +2.5171e+00 -1.9837e+00 -2.2787e+00 +3.8168e-01
% function evaluation | noise-free fitness - Fopt (-5.760000000000e+00) | best noise-free fitness - Fopt | measured fitness | best measured fitness | x1 | x2...
1 +8.368670937e+01 +8.368670937e+01 +7.792670937e+01 +7.792670937e+01 -2.9640e+00 -1.1898e+00 +1.9852e+00 -2.8336e+00 +1.2939e+00 -4.4651e+00 -1.6300e-01 -2.4682e-02 -2.2778e+00 -2.4467e-02 +3.6084e+00 +2.7439e-01 +3.7010e+00 +3.1932e+00 +1.3638e+00 -3.0475e+00 -3.7659e+00 -1.7752e-01 -1.1883e+00 -2.6275e+00
534 +5.338431376e+01 +5.338431376e+01 +4.762431376e+01 +4.762431376e+01 -1.2394e+00 -1.8560e+00 -1.6658e+00 -4.6007e+00 +2.5038e+00 -4.6767e+00 -3.2251e+00 -4.6287e-01 +1.9211e+00 -5.0000e+00 +2.7644e+00 +3.2053e+00 -3.0320e+00 -5.0000e+00 +3.5404e+00 -1.8709e-01 +6.3298e-01 -9.3587e-01 -3.1427e+00 +0.0000e+00
958 +2.299874633e+01 +2.299874633e+01 +1.723874633e+01 +1.723874633e+01 -3.7611e+00 -4.0432e+00 -2.5566e+00 -5.0000e+00 +3.2081e+00 -2.2008e+00 -3.3931e+00 -3.0980e+00 +4.1827e+00 -4.9154e+00 +2.0127e+00 +1.0117e-02 -2.6182e+00 -4.7165e+00 +4.3239e+00 -7.2219e-01 +9.8993e-01 +5.0140e-01 -3.7678e+00 +1.6801e-01
1694 +1.522245041e+01 +1.522245041e+01 +9.462450411e+00 +9.462450411e+00 -3.9565e+00 -4.0563e+00 -1.7594e+00 -4.8270e+00 +2.3949e+00 -2.6897e+00 -3.8653e-01 -2.8259e+00 +4.1984e+00 -4.8942e+00 +3.5397e-02 +2.4133e+00 -3.7854e+00 -4.7904e+00 +4.7588e+00 -1.5215e+00 +6.6403e-01 -1.5621e+00 -5.0000e+00 -1.5535e+00
2092 +8.699021383e+00 +8.699021383e+00 +2.939021383e+00 +2.939021383e+00 -4.1679e+00 -4.5996e+00 -1.5959e+00 -4.6646e+00 +2.5242e+00 -3.9145e+00 +1.1810e-01 -2.1433e+00 +3.0068e+00 -4.8884e+00 +1.7215e-03 +2.4446e+00 -3.7395e+00 -4.7651e+00 +4.7282e+00 -3.7179e+00 +1.0524e+00 +5.4957e-01 -3.9546e+00 -7.5504e-01
3954 +5.610265864e+00 +5.610265864e+00 -1.497341361e-01 -1.497341361e-01 -3.8031e+00 -5.0000e+00 -2.4413e+00 -4.6901e+00 +2.7550e+00 -2.8418e+00 -6.0627e-01 -2.3657e+00 +3.3726e+00 -4.8080e+00 +4.7574e-01 +1.8093e+00 -3.1728e+00 -4.6803e+00 +4.4869e+00 -2.2700e+00 +1.8010e+00 +1.7677e-01 -5.0000e+00 -1.1989e+00
4210 +3.928659883e+00 +3.928659883e+00 -1.831340117e+00 -1.831340117e+00 -3.1405e+00 -4.5488e+00 -2.4546e+00 -4.6849e+00 +3.5454e+00 -2.9257e+00 -8.1629e-01 -2.6711e+00 +2.7205e+00 -4.8098e+00 +9.2437e-01 +2.3445e+00 -3.1955e+00 -4.6442e+00 +4.8338e+00 -2.1050e+00 +1.6693e+00 -3.3414e-01 -4.5858e+00 -5.7447e-01
4636 +2.483915764e+00 +2.483915764e+00 -3.276084236e+00 -3.276084236e+00 -3.3739e+00 -4.7469e+00 -2.1846e+00 -4.5951e+00 +3.0569e+00 -4.3191e+00 -5.7992e-01 -2.0173e+00 +3.8805e+00 -4.8345e+00 +5.9221e-01 +2.2622e+00 -3.3842e+00 -4.5470e+00 +4.4867e+00 -2.1972e+00 +1.8670e+00 -4.5682e-01 -4.4736e+00 -1.1707e+00
8470 +1.465136272e+00 +1.465136272e+00 -4.294863728e+00 -4.294863728e+00 -2.7667e+00 -4.3298e+00 -3.4212e+00 -4.4274e+00 +3.1422e+00 -3.7408e+00 -3.9975e-01 -2.4260e+00 +3.8124e+00 -4.5854e+00 +9.5639e-01 +3.1232e+00 -3.8057e+00 -3.8148e+00 +4.9022e+00 -2.4374e+00 +1.6209e+00 -1.1602e-01 -4.0716e+00 -4.6209e-01
10698 +9.131496875e-01 +9.131496875e-01 -4.846850312e+00 -4.846850312e+00 -2.7731e+00 -4.3531e+00 -3.2912e+00 -4.0193e+00 +3.1246e+00 -3.7506e+00 -4.7010e-01 -2.5589e+00 +3.9948e+00 -4.5362e+00 +1.1210e+00 +2.9748e+00 -3.4506e+00 -3.8391e+00 +4.6474e+00 -2.5465e+00 +1.5807e+00 -2.5374e-01 -4.0239e+00 -4.5851e-01
% function evaluation | noise-free fitness - Fopt (-4.986500000000e+02) | best noise-free fitness - Fopt | measured fitness | best measured fitness | x1 | x2...
1 +8.395791000e+01 +8.395791000e+01 -4.146920900e+02 -4.146920900e+02 -3.7018e+00 -1.5272e+00 -3.5105e+00 -1.2525e-01 +4.4491e+00 -4.3222e+00 +1.7610e+00 -2.6940e+00 -3.8041e+00 -1.2597e+00 +2.3486e-01 -2.0519e+00 -9.1622e-01 +1.6003e-01 -1.3637e+00 -2.9401e+00 -1.2963e-01 -2.3153e+00 -1.1168e+00 -3.3723e+00
559 +6.207065583e+01 +6.207065583e+01 -4.365793442e+02 -4.365793442e+02 -7.5673e-01 +1.2108e-01 +1.3619e+00 +2.7187e+00 +1.2146e+00 +2.8974e+00 -3.8745e+00 +2.5366e+00 -1.2926e+00 -2.3771e+00 -2.1022e+00 -8.1557e-01 -3.6565e-01 +8.7455e-01 +2.8037e-01 -3.1033e+00 +3.3093e+00 -2.3401e+00 -1.5514e-02 +0.0000e+00
2613 +3.588334468e+01 +3.588334468e+01 -4.627666553e+02 -4.627666553e+02 +7.7551e-01 -1.7032e+00 +4.5324e-01 +4.4129e+00 +1.5530e+00 +4.7748e+00 -3.4781e+00 +2.0261e+00 -7.9928e-01 -3.1967e+00 -1.3174e+00 -1.6768e+00 +1.5699e+00 +6.5492e-01 -2.6479e-01 +1.4247e+00 +2.8028e+00 -2.8847e+00 -7.8804e-01 -6.1175e-02
3312 +2.157390407e+01 +2.157390407e+01 -4.770760959e+02 -4.770760959e+02 +7.5359e-01 -2.0227e-01 -1.4019e-01 +3.9605e+00 +4.5215e-01 +2.7138e+00 -3.4482e+00 +1.4262e-01 -1.1023e+00 -3.7904e+00 -9.9868e-01 -1.3744e+00 +1.0808e+00 +8.0016e-01 -2.8831e-01 +5.0149e-01 +3.0727e+00 -3.0767e+00 +3.2435e-01 +8.3538e-01
4205 +1.482903511e+01 +1.482903511e+01 -4.838209649e+02 -4.838209649e+02 +5.6098e-01 +5.2501e-01 -7.4900e-01 +4.1277e+00 +5.4720e-01 +3.4662e+00 -3.3299e+00 +1.6404e+00 -1.3086e+00 -3.5594e+00 -9.2574e-01 -1.9367e+00 +1.4681e+00 +8.6590e-01 -6.1123e-01 -6.5743e-01 +3.0004e+00 -2.8336e+00 +5.4136e-01 +1.0640e+00
7602 +9.528753650e+00 +9.528753650e+00 -4.891212464e+02 -4.891212464e+02 +1.3400e+00 -1.1079e+00 -9.4743e-01 +3.4152e+00 +7.7959e-01 +3.9414e+00 -4.0390e+00 +2.5182e+00 -1.4573e+00 -4.1705e+00 -6.0754e-01 -3.3635e+00 +1.7680e+00 +2.0995e-01 -7.5108e-01 -6.3380e-01 +2.7859e+00 -2.2487e+00 +7.3396e-01 -5.3217e-01
16814 +6.274765282e+00 +6.274765282e+00 -4.923752347e+02 -4.923752347e+02 +1.5598e+00 -4.6631e-01 -1.7027e+00 +3.0400e+00 +4.1929e-01 +5.0000e+00 -4.1042e+00 +1.9857e+00 -2.5765e+00 -4.6742e+00 -1.5887e-01 -3.5710e+00 +3.0566e+00 -1.1613e-01 -1.9319e+00 -1.2270e+00 +1.8002e+00 -2.8398e+00 +1.3382e+00 +7.5897e-01
31068 +3.937006548e+00 +3.937006548e+00 -4.947129935e+02 -4.947129935e+02 +1.9689e+00 -2.1616e-01 -1.9835e+00 +2.9020e+00 +8.5234e-01 +4.9929e+00 -3.4489e+00 +1.6998e+00 -2.1051e+00 -4.2812e+00 -2.4752e-01 -3.3417e+00 +2.9944e+00 -8.7415e-01 -2.3692e+00 -1.2585e+00 +1.4096e+00 -3.0200e+00 +1.0445e+00 +6.3078e-01
% function evaluation | noise-free fitness - Fopt (-4.286000000000e+01) | best noise-free fitness - Fopt | measured fitness | best measured fitness | x1 | x2...
1 +8.605486444e+01 +8.605486444e+01 +4.319486444e+01 +4.319486444e+01 -1.5516e+00 -3.1288e+00 -1.1799e+00 +2.6279e+00 -4.1109e+00 +1.6911e+00 +1.0054e+00 +4.0427e+00 -4.1995e+00 -3.9082e+00 +4.2049e-01 -4.3823e+00 -4.4495e+00 +1.6731e+00 -2.9449e+00 -3.2772e+00 +4.1412e+00 +4.0457e+00 -2.9999e+00 -7.3392e-01
311 +6.059661519e+01 +6.059661519e+01 +1.773661519e+01 +1.773661519e+01 -2.6911e+00 -4.2608e-01 +3.1673e+00 +1.5255e+00 +2.0422e+00 -1.0023e+00 -1.3943e+00 +1.1712e+00 +2.8127e+00 +1.2625e+00 -3.8048e+00 -1.6485e+00 +3.9819e+00 +1.3581e+00 -3.7726e+00 +4.0873e+00 +3.2826e+00 -2.6217e+00 -1.0134e+00 +9.6839e-01
939 +3.908219208e+01 +3.908219208e+01 -3.777807918e+00 -3.777807918e+00 +4.9476e-01 -3.5948e+00 +1.2358e+00 +7.2701e-01 +2.3205e+00 +3.6766e-01 +5.9918e-01 +1.8378e+00 +3.2994e+00 +6.4437e-02 +1.6531e+00 +4.3178e-01 +4.3652e+00 +4.1535e+00 +1.5036e+00 +5.0000e+00 +1.9547e+00 +0.0000e+00 -3.9181e+00 +2.3686e+00
1573 +2.172653672e+01 +2.172653672e+01 -2.113346328e+01 -2.113346328e+01 -1.0376e-01 -2.7279e+00 +2.3422e+00 -7.4777e-01 +2.5206e+00 -1.3767e+00 -3.9478e-01 +2.0051e+00 +3.1526e+00 +1.9926e+00 -8.6386e-01 +5.4874e-01 +4.0577e+00 +3.9190e+00 +3.9251e-01 +4.9655e+00 +8.2356e-01 -7.8797e-01 -2.0306e+00 +1.6795e+00
2540 +1.483831993e+01 +1.483831993e+01 -2.802168007e+01 -2.802168007e+01 +1.6010e-01 -3.3512e+00 +2.5225e+00 +2.0085e+00 +1.9927e+00 -4.7101e-01 -5.1237e-01 +1.6851e+00 +3.7580e+00 +1.7486e+00 -1.7317e+00 +9.9184e-01 +4.0997e+00 +3.9943e+00 +1.0704e-01 +4.9610e+00 +1.1613e+00 +4.2474e-01 -2.2026e+00 -5.3799e-02
2807 +8.732992877e+00 +8.732992877e+00 -3.412700712e+01 -3.412700712e+01 -8.2379e-02 -4.1096e+00 +2.4979e+00 +1.8416e+00 +3.0025e+00 -1.1085e+00 -1.8780e-01 +2.3648e+00 +5.0000e+00 +2.1181e+00 -2.1559e+00 +1.0391e+00 +4.5146e+00 +3.6350e+00 +9.6898e-01 +4.9611e+00 +1.8076e+00 -8.6160e-01 -2.0715e+00 +9.9005e-01
4934 +6.295088982e+00 +6.295088982e+00 -3.656491102e+01 -3.656491102e+01 +8.3417e-01 -3.1982e+00 +2.1361e+00 +2.3166e+00 +3.0650e+00 -1.4519e+00 +1.3694e-02 +2.1282e+00 +4.2805e+00 +1.8537e+00 -1.9002e+00 +7.7776e-01 +4.2304e+00 +3.0420e+00 +3.2967e-01 +4.9266e+00 +2.2139e+00 -2.1633e+00 -2.4834e+00 +8.0551e-01
5715 +3.407412372e+00 +3.407412372e+00 -3.945258763e+01 -3.945258763e+01 -4.3039e-03 -2.6345e+00 +1.8136e+00 +2.2021e+00 +2.6195e+00 -2.0515e+00 +1.8121e-01 +1.7417e+00 +3.9473e+00 +2.1810e+00 -1.4651e+00 +5.6557e-03 +4.2716e+00 +3.1282e+00 +5.1999e-01 +4.9249e+00 +2.3101e+00 -1.1029e+00 -2.5714e+00 +1.5562e+00
7381 +2.193642873e+00 +2.193642873e+00 -4.066635713e+01 -4.066635713e+01 -9.0787e-03 -2.5121e+00 +1.5409e+00 +1.5729e+00 +3.0571e+00 -1.2792e+00 +1.9373e-01 +2.0445e+00 +3.5348e+00 +2.2237e+00 -1.9849e+00 -1.6883e-01 +4.1581e+00 +3.6286e+00 +4.2935e-01 +4.9357e+00 +2.7448e+00 -1.2020e+00 -2.5449e+00 +1.6916e+00
27246 +1.584462458e+00 +1.584462458e+00 -4.127553754e+01 -4.127553754e+01 -9.4281e-02 -2.5545e+00 +1.2060e+00 +1.7760e+00 +3.6275e+00 -1.3884e+00 +4.4935e-01 +2.0259e+00 +3.3037e+00 +2.1846e+00 -1.9228e+00 -2.2039e-01 +3.2933e+00 +2.8750e+00 +1.8803e-01 +4.3209e+00 +2.4709e+00 -1.5568e+00 -2.2367e+00 +1.5065e+00
