% function evaluation | noise-free fitness - Fopt (-2.098800000000e+02) | best noise-free fitness - Fopt | measured fitness | best measured fitness | x1 | x2...
1 +3.291434795e+06 +3.291434795e+06 +3.291224915e+06 +3.291224915e+06 -1.7283e+00 +2.1356e+00 +2.3328e+00 -2.7340e+00 +3.3806e-01
5 +6.964043678e+05 +6.964043678e+05 +6.961944878e+05 +6.961944878e+05 +2.6235e+00 +2.7331e+00 +9.5156e-01 -1.6839e+00 +1.3948e+00
8 +3.435451919e+05 +3.435451919e+05 +3.433353119e+05 +3.433353119e+05 +8.3175e-01 +2.7327e+00 +1.5624e+00 +1.1816e-02 +2.2227e+00
100 +1.121148296e+05 +1.121148296e+05 +1.119049496e+05 +1.119049496e+05 +2.0401e-01 +3.1277e+00 -5.0000e+00 +2.7347e+00 +1.9760e+00
224 +7.029123306e+04 +7.029123306e+04 +7.008135306e+04 +7.008135306e+04 +6.2571e-01 +1.1977e+00 -2.3122e+00 +3.2681e+00 +1.6557e+00
281 +4.990359791e+04 +4.990359791e+04 +4.969371791e+04 +4.969371791e+04 +5.0000e+00 +0.0000e+00 -2.1945e+00 +2.2456e+00 +1.9299e+00
303 +3.456735272e+04 +3.456735272e+04 +3.435747272e+04 +3.435747272e+04 +5.0000e+00 +4.8677e+00 -1.7099e+00 +1.8841e+00 +1.7768e+00
619 +2.465140128e+04 +2.465140128e+04 +2.444152128e+04 +2.444152128e+04 +5.0000e+00 -3.0774e+00 -5.8923e-01 +2.3311e+00 +1.8698e+00
706 +8.538680277e+03 +8.538680277e+03 +8.328800277e+03 +8.328800277e+03 +5.0000e+00 -5.0000e+00 +1.4932e+00 +2.5096e+00 +1.7315e+00
794 +3.021511327e+03 +3.021511327e+03 +2.811631327e+03 +2.811631327e+03 +5.0000e+00 -1.1421e+00 +4.0776e+00 +2.3104e+00 +1.8320e+00
806 +6.470455375e+02 +6.470455375e+02 +4.371655375e+02 +4.371655375e+02 +5.0000e+00 -5.5364e-01 +4.3762e+00 +2.4206e+00 +1.7890e+00
819 +1.803671956e+02 +1.803671956e+02 -2.951280445e+01 -2.951280445e+01 +5.0000e+00 +4.3316e-02 +3.2550e+00 +2.4128e+00 +1.7786e+00
1506 +9.793654014e+01 +9.793654014e+01 -1.119434599e+02 -1.119434599e+02 +5.0000e+00 +3.1712e-01 +3.6367e+00 +2.4130e+00 +1.7928e+00
1806 +4.391646410e+01 +4.391646410e+01 -1.659635359e+02 -1.659635359e+02 +5.0000e+00 +4.6996e-01 +3.6834e+00 +2.4045e+00 +1.7876e+00
2113 +3.972648771e+01 +3.972648771e+01 -1.701535123e+02 -1.701535123e+02 +5.0000e+00 +4.2777e-01 +3.6790e+00 +2.4029e+00 +1.7841e+00
2696 +1.831556890e+01 +1.831556890e+01 -1.915644311e+02 -1.915644311e+02 +5.0000e+00 +5.5476e-01 +3.5425e+00 +2.3972e+00 +1.7855e+00
3646 +1.527247043e+01 +1.527247043e+01 -1.946075296e+02 -1.946075296e+02 +5.0000e+00 +3.1097e-01 +3.5660e+00 +2.3899e+00 +1.7856e+00
% function evaluation | noise-free fitness - Fopt (-9.209000000000e+01) | best noise-free fitness - Fopt | measured fitness | best measured fitness | x1 | x2...
1 +4.559604866e+05 +4.559604866e+05 +4.558683966e+05 +4.558683966e+05 -9.0561e-01 +2.3670e+00 -4.3616e+00 -1.2993e+00 +4.8183e-01
3 +1.308268245e+05 +1.308268245e+05 +1.307347345e+05 +1.307347345e+05 +4.6644e+00 +4.5452e+00 -3.6748e+00 -2.3680e+00 +2.0114e-01
114 +5.838533882e+04 +5.838533882e+04 +5.829324882e+04 +5.829324882e+04 -5.6594e-01 +4.8818e+00 +5.0000e+00 -8.0993e-01 -8.6397e-02
271 +3.976195801e+04 +3.976195801e+04 +3.966986801e+04 +3.966986801e+04 -5.0000e+00 +4.6344e+00 +4.1840e+00 -2.2172e+00 +1.9675e-02
389 +2.377785214e+04 +2.377785214e+04 +2.368576214e+04 +2.368576214e+04 -4.1965e+00 +2.7555e+00 +4.1653e+00 -2.1197e+00 -4.6723e-02
687 +2.774811482e+03 +2.774811482e+03 +2.682721482e+03 +2.682721482e+03 -5.4583e-01 +2.3212e+00 +0.0000e+00 -1.6842e+00 -7.4504e-02
821 +2.311601258e+03 +2.311601258e+03 +2.219511258e+03 +2.219511258e+03 -4.2849e-02 +3.0334e+00 +7.7468e-01 -1.6972e+00 -1.5349e-01
1059 +1.182190457e+03 +1.182190457e+03 +1.090100457e+03 +1.090100457e+03 +2.9952e+00 +3.0380e+00 +5.3438e-01 -1.7692e+00 -9.0059e-02
1076 +7.644448428e+02 +7.644448428e+02 +6.723548428e+02 +6.723548428e+02 -2.8017e+00 +3.7143e+00 +1.9007e-01 -1.9210e+00 -1.4048e-01
1769 +3.607906668e+02 +3.607906668e+02 +2.687006668e+02 +2.687006668e+02 +1.6248e+00 +3.1192e+00 +4.1522e-01 -1.8054e+00 -1.0400e-01
1842 +2.098139875e+02 +2.098139875e+02 +1.177239875e+02 +1.177239875e+02 +3.0267e+00 +3.3649e+00 +5.3276e-01 -1.8093e+00 -1.2125e-01
2145 +1.530026332e+02 +1.530026332e+02 +6.091263324e+01 +6.091263324e+01 +1.4841e+00 +1.9184e+00 +3.0446e-01 -1.8312e+00 -1.0972e-01
2193 +5.378850631e+01 +5.378850631e+01 -3.830149369e+01 -3.830149369e+01 +1.5225e+00 +2.4751e+00 +2.8089e-01 -1.8480e+00 -1.2011e-01
2293 +2.692464061e+01 +2.692464061e+01 -6.516535939e+01 -6.516535939e+01 +1.6135e+00 +2.5058e+00 +1.9023e-01 -1.8434e+00 -1.2149e-01
2543 +1.017312795e+01 +1.017312795e+01 -8.191687205e+01 -8.191687205e+01 +2.4347e+00 +2.9456e+00 +1.4451e-01 -1.8264e+00 -1.2013e-01
2893 +8.019515929e+00 +8.019515929e+00 -8.407048407e+01 -8.407048407e+01 +7.6500e-03 +2.8695e+00 +1.3975e-01 -1.8353e+00 -1.1842e-01
2919 +5.671887823e+00 +5.671887823e+00 -8.641811218e+01 -8.641811218e+01 +3.9052e-01 +2.4045e+00 +1.1855e-01 -1.8366e+00 -1.1963e-01
3043 +3.113392663e+00 +3.113392663e+00 -8.897660734e+01 -8.897660734e+01 +1.1311e+00 +2.7408e+00 +1.0787e-01 -1.8310e+00 -1.1807e-01
3274 +1.150434632e+00 +1.150434632e+00 -9.093956537e+01 -9.093956537e+01 +1.1335e+00 +2.7859e+00 +9.7257e-02 -1.8253e+00 -1.1950e-01
3393 +6.790708811e-01 +6.790708811e-01 -9.141092912e+01 -9.141092912e+01 +1.0413e+00 +2.6275e+00 +9.5119e-02 -1.8244e+00 -1.1856e-01
4043 +3.917299214e-01 +3.917299214e-01 -9.169827008e+01 -9.169827008e+01 +1.1267e+00 +2.5868e+00 +9.6667e-02 -1.8246e+00 -1.1892e-01
4214 +2.423413310e-01 +2.423413310e-01 -9.184765867e+01 -9.184765867e+01 +1.0362e+00 +2.6007e+00 +9.2574e-02 -1.8246e+00 -1.1931e-01
4305 +6.426799392e-02 +6.426799392e-02 -9.202573201e+01 -9.202573201e+01 +9.2563e-01 +2.6441e+00 +8.8158e-02 -1.8263e+00 -1.1916e-01
5140 +1.379307928e-02 +1.379307928e-02 -9.207620692e+01 -9.207620692e+01 +7.7040e-01 +2.6362e+00 +8.9340e-02 -1.8267e+00 -1.1917e-01
5440 +5.409927449e-03 +5.409927449e-03 -9.208459007e+01 -9.208459007e+01 +7.8952e-01 +2.6235e+00 +8.9798e-02 -1.8263e+00 -1.1917e-01
5540 +3.957965316e-03 +3.957965316e-03 -9.208604203e+01 -9.208604203e+01 +7.9031e-01 +2.6204e+00 +9.0520e-02 -1.8264e+00 -1.1919e-01
6320 +2.228146540e-03 +2.228146540e-03 -9.208777185e+01 -9.208777185e+01 +7.6509e-01 +2.6203e+00 +9.1139e-02 -1.8264e+00 -1.1922e-01
6470 +3.737881455e-04 +3.737881455e-04 -9.208962621e+01 -9.208962621e+01 +7.1267e-01 +2.6204e+00 +9.0256e-02 -1.8265e+00 -1.1920e-01
7437 +1.800767405e-04 +1.800767405e-04 -9.208981992e+01 -9.208981992e+01 +7.1905e-01 +2.6204e+00 +9.0332e-02 -1.8264e+00 -1.1920e-01
7687 +1.043053470e-04 +1.043053470e-04 -9.208989569e+01 -9.208989569e+01 +7.2653e-01 +2.6204e+00 +9.0402e-02 -1.8264e+00 -1.1920e-01
7770 +6.116828361e-05 +6.116828361e-05 -9.208993883e+01 -9.208993883e+01 +7.2524e-01 +2.6204e+00 +9.0424e-02 -1.8264e+00 -1.1920e-01
8537 +3.595847990e-05 +3.595847990e-05 -9.208996404e+01 -9.208996404e+01 +7.2972e-01 +2.6221e+00 +9.0424e-02 -1.8264e+00 -1.1920e-01
8793 +2.320833133e-05 +2.320833133e-05 -9.208997679e+01 -9.208997679e+01 +7.2333e-01 +2.6221e+00 +9.0442e-02 -1.8264e+00 -1.1920e-01
8893 +1.078439969e-05 +1.078439969e-05 -9.208998922e+01 -9.208998922e+01 +7.2428e-01 +2.6217e+00 +9.0441e-02 -1.8264e+00 -1.1920e-01
9104 +9.459358864e-06 +9.459358864e-06 -9.208999054e+01 -9.208999054e+01 +7.2441e-01 +2.6219e+00 +9.0359e-02 -1.8264e+00 -1.1920e-01
9687 +5.048783123e-06 +5.048783123e-06 -9.208999495e+01 -9.208999495e+01 +7.2620e-01 +2.6214e+00 +9.0369e-02 -1.8264e+00 -1.1920e-01
9865 +1.356704317e-06 +1.356704317e-06 -9.208999864e+01 -9.208999864e+01 +7.2570e-01 +2.6214e+00 +9.0397e-02 -1.8264e+00 -1.1920e-01
10536 +8.117286967e-07 +8.117286967e-07 -9.208999919e+01 -9.208999919e+01 +7.2546e-01 +2.6215e+00 +9.0413e-02 -1.8264e+00 -1.1920e-01
10736 +5.345164027e-07 +5.345164027e-07 -9.208999947e+01 -9.208999947e+01 +7.2571e-01 +2.6215e+00 +9.0395e-02 -1.8264e+00 -1.1920e-01
11287 +3.916975118e-07 +3.916975118e-07 -9.208999961e+01 -9.208999961e+01 +7.2551e-01 +2.6215e+00 +9.0401e-02 -1.8264e+00 -1.1920e-01
11887 +2.359429061e-07 +2.359429061e-07 -9.208999976e+01 -9.208999976e+01 +7.2561e-01 +2.6215e+00 +9.0404e-02 -1.8264e+00 -1.1920e-01
11945 +1.253718125e-07 +1.253718125e-07 -9.208999987e+01 -9.208999987e+01 +7.2545e-01 +2.6216e+00 +9.0405e-02 -1.8264e+00 -1.1920e-01
11986 +9.917945931e-08 +9.917945931e-08 -9.208999990e+01 -9.208999990e+01 +7.2561e-01 +2.6216e+00 +9.0400e-02 -1.8264e+00 -1.1920e-01
12017 +4.912027407e-08 +4.912027407e-08 -9.208999995e+01 -9.208999995e+01 +7.2569e-01 +2.6216e+00 +9.0401e-02 -1.8264e+00 -1.1920e-01
12586 +3.553273586e-08 +3.553273586e-08 -9.208999996e+01 -9.208999996e+01 +7.2568e-01 +2.6216e+00 +9.0401e-02 -1.8264e+00 -1.1920e-01
13620 +2.284683376e-08 +2.284683376e-08 -9.208999998e+01 -9.208999998e+01 +7.2558e-01 +2.6216e+00 +9.0400e-02 -1.8264e+00 -1.1920e-01
13796 +1.555423523e-08 +1.555423523e-08 -9.208999998e+01 -9.208999998e+01 +7.2554e-01 +2.6216e+00 +9.0400e-02 -1.8264e+00 -1.1920e-01
13986 +7.153190040e-09 +7.153190040e-09 -9.208999999e+01 -9.208999999e+01 +7.2559e-01 +2.6216e+00 +9.0399e-02 -1.8264e+00 -1.1920e-01
% function evaluation | noise-free fitness - Fopt (-8.789000000000e+01) | best noise-free fitness - Fopt | measured fitness | best measured fitness | x1 | x2...
1 +2.211238898e+07 +2.211238898e+07 +2.211230109e+07 +2.211230109e+07 -2.4561e+00 -1.0873e+00 -1.7216e+00 -6.6959e-01 +1.6385e+00
2 +6.707198084e+06 +6.707198084e+06 +6.707110194e+06 +6.707110194e+06 -4.6849e+00 +4.7649e+00 +7.4030e-01 -6.0279e-03 -6.6769e-01
4 +2.230338739e+06 +2.230338739e+06 +2.230250849e+06 +2.230250849e+06 +4.4323e+00 +4.0460e+00 -3.1698e+00 -1.0317e+00 -1.5008e+00
11 +6.124032556e+05 +6.124032556e+05 +6.123153656e+05 +6.123153656e+05 +3.5615e+00 +4.7732e+00 -3.0434e+00 -1.1913e+00 -3.8956e+00
27 +8.609367517e+04 +8.609367517e+04 +8.600578517e+04 +8.600578517e+04 -2.8650e+00 +4.4125e+00 +4.8860e+00 -2.2932e+00 -2.8168e+00
135 +3.870510828e+04 +3.870510828e+04 +3.861721828e+04 +3.861721828e+04 -5.0000e+00 +4.4699e+00 -6.3223e-01 -1.6761e+00 -3.2451e+00
219 +1.700225720e+04 +1.700225720e+04 +1.691436720e+04 +1.691436720e+04 -2.7407e+00 +1.6186e+00 -8.4774e-01 -2.5744e+00 -3.0035e+00
306 +6.485007803e+03 +6.485007803e+03 +6.397117803e+03 +6.397117803e+03 +1.6004e+00 -5.6992e-01 -8.0462e-01 -2.1173e+00 -3.0408e+00
422 +5.998779404e+03 +5.998779404e+03 +5.910889404e+03 +5.910889404e+03 +1.5495e+00 -7.3965e-01 -9.4629e-01 -2.1904e+00 -3.0601e+00
613 +3.086973313e+03 +3.086973313e+03 +2.999083313e+03 +2.999083313e+03 +1.4486e+00 +3.3886e+00 +7.7505e-01 -2.1468e+00 -3.1348e+00
866 +4.118849846e+02 +4.118849846e+02 +3.239949846e+02 +3.239949846e+02 +5.5420e-01 +1.5423e+00 +1.4890e+00 -2.1111e+00 -3.0968e+00
1416 +3.006722953e+02 +3.006722953e+02 +2.127822953e+02 +2.127822953e+02 +6.3895e-01 +2.6213e+00 +8.5166e-01 -2.1151e+00 -3.0726e+00
1538 +2.094606566e+02 +2.094606566e+02 +1.215706566e+02 +1.215706566e+02 +1.4156e+00 +3.0513e+00 +1.1409e+00 -2.1892e+00 -3.0866e+00
1666 +1.140912746e+02 +1.140912746e+02 +2.620127458e+01 +2.620127458e+01 +1.1722e+00 +2.6573e+00 +1.0497e+00 -2.1065e+00 -3.0758e+00
1956 +7.627540288e+00 +7.627540288e+00 -8.026245971e+01 -8.026245971e+01 +4.2109e-01 +3.6967e+00 +1.2792e+00 -2.1038e+00 -3.0849e+00
2443 +6.162580975e+00 +6.162580975e+00 -8.172741902e+01 -8.172741902e+01 +4.4512e-01 +3.5643e+00 +1.2539e+00 -2.0974e+00 -3.0814e+00
3358 +2.769729113e+00 +2.769729113e+00 -8.512027089e+01 -8.512027089e+01 +2.5061e-01 +3.6627e+00 +1.2884e+00 -2.1166e+00 -3.0822e+00
3632 +2.199569399e+00 +2.199569399e+00 -8.569043060e+01 -8.569043060e+01 +5.6200e-01 +3.7341e+00 +1.2839e+00 -2.1109e+00 -3.0815e+00
3666 +1.489657613e+00 +1.489657613e+00 -8.640034239e+01 -8.640034239e+01 -4.7588e-02 +3.5804e+00 +1.2191e+00 -2.1064e+00 -3.0825e+00
4125 +7.356167201e-01 +7.356167201e-01 -8.715438328e+01 -8.715438328e+01 -2.6976e-01 +3.5739e+00 +1.2441e+00 -2.1075e+00 -3.0828e+00
4425 +5.617451733e-01 +5.617451733e-01 -8.732825483e+01 -8.732825483e+01 -3.2162e-01 +3.5719e+00 +1.2524e+00 -2.1087e+00 -3.0827e+00
4543 +2.742341896e-01 +2.742341896e-01 -8.761576581e+01 -8.761576581e+01 +6.7300e-02 +3.7244e+00 +1.2478e+00 -2.1110e+00 -3.0824e+00
4893 +1.776363056e-01 +1.776363056e-01 -8.771236369e+01 -8.771236369e+01 +1.8326e-01 +3.6106e+00 +1.2403e+00 -2.1109e+00 -3.0824e+00
5294 +1.293690423e-01 +1.293690423e-01 -8.776063096e+01 -8.776063096e+01 +8.8498e-02 +3.6128e+00 +1.2417e+00 -2.1102e+00 -3.0824e+00
5366 +8.931321272e-02 +8.931321272e-02 -8.780068679e+01 -8.780068679e+01 +2.1361e-01 +3.6743e+00 +1.2433e+00 -2.1105e+00 -3.0824e+00
5744 +5.770682474e-02 +5.770682474e-02 -8.783229318e+01 -8.783229318e+01 +1.8604e-01 +3.6259e+00 +1.2477e+00 -2.1102e+00 -3.0826e+00
6171 +2.476156949e-02 +2.476156949e-02 -8.786523843e+01 -8.786523843e+01 +1.5296e-01 +3.6453e+00 +1.2480e+00 -2.1089e+00 -3.0824e+00
6544 +1.450318685e-02 +1.450318685e-02 -8.787549681e+01 -8.787549681e+01 +2.0725e-01 +3.6615e+00 +1.2494e+00 -2.1094e+00 -3.0825e+00
6603 +7.621360802e-03 +7.621360802e-03 -8.788237864e+01 -8.788237864e+01 +2.1409e-01 +3.6529e+00 +1.2488e+00 -2.1096e+00 -3.0825e+00
6703 +4.024429101e-03 +4.024429101e-03 -8.788597557e+01 -8.788597557e+01 +2.2578e-01 +3.6544e+00 +1.2490e+00 -2.1096e+00 -3.0824e+00
6894 +3.680525055e-03 +3.680525055e-03 -8.788631947e+01 -8.788631947e+01 +2.1886e-01 +3.6557e+00 +1.2498e+00 -2.1096e+00 -3.0824e+00
6987 +1.986218649e-03 +1.986218649e-03 -8.788801378e+01 -8.788801378e+01 +2.1039e-01 +3.6497e+00 +1.2502e+00 -2.1097e+00 -3.0824e+00
7272 +7.984053758e-04 +7.984053758e-04 -8.788920159e+01 -8.788920159e+01 +2.2519e-01 +3.6459e+00 +1.2489e+00 -2.1096e+00 -3.0824e+00
7894 +4.044573618e-04 +4.044573618e-04 -8.788959554e+01 -8.788959554e+01 +2.2476e-01 +3.6449e+00 +1.2493e+00 -2.1096e+00 -3.0824e+00
8246 +2.266673840e-04 +2.266673840e-04 -8.788977333e+01 -8.788977333e+01 +2.2707e-01 +3.6449e+00 +1.2494e+00 -2.1096e+00 -3.0824e+00
8596 +1.105339888e-04 +1.105339888e-04 -8.788988947e+01 -8.788988947e+01 +2.3066e-01 +3.6454e+00 +1.2495e+00 -2.1096e+00 -3.0824e+00
8933 +4.841743707e-05 +4.841743707e-05 -8.788995158e+01 -8.788995158e+01 +2.3928e-01 +3.6449e+00 +1.2495e+00 -2.1096e+00 -3.0824e+00
9596 +3.914620800e-05 +3.914620800e-05 -8.788996085e+01 -8.788996085e+01 +2.3725e-01 +3.6449e+00 +1.2495e+00 -2.1096e+00 -3.0824e+00
10533 +2.032885850e-05 +2.032885850e-05 -8.788997967e+01 -8.788997967e+01 +2.3684e-01 +3.6455e+00 +1.2496e+00 -2.1096e+00 -3.0824e+00
11003 +1.471605630e-05 +1.471605630e-05 -8.788998528e+01 -8.788998528e+01 +2.4000e-01 +3.6455e+00 +1.2496e+00 -2.1096e+00 -3.0824e+00
11322 +5.602785507e-06 +5.602785507e-06 -8.788999440e+01 -8.788999440e+01 +2.3887e-01 +3.6456e+00 +1.2497e+00 -2.1096e+00 -3.0824e+00
11585 +3.768740669e-06 +3.768740669e-06 -8.788999623e+01 -8.788999623e+01 +2.3883e-01 +3.6456e+00 +1.2496e+00 -2.1096e+00 -3.0824e+00
11646 +1.823667574e-06 +1.823667574e-06 -8.788999818e+01 -8.788999818e+01 +2.3906e-01 +3.6455e+00 +1.2496e+00 -2.1096e+00 -3.0824e+00
11744 +7.119460577e-07 +7.119460577e-07 -8.788999929e+01 -8.788999929e+01 +2.3962e-01 +3.6455e+00 +1.2496e+00 -2.1096e+00 -3.0824e+00
12122 +4.605252570e-07 +4.605252570e-07 -8.788999954e+01 -8.788999954e+01 +2.3945e-01 +3.6456e+00 +1.2496e+00 -2.1096e+00 -3.0824e+00
12660 +1.744601832e-07 +1.744601832e-07 -8.788999983e+01 -8.788999983e+01 +2.3935e-01 +3.6456e+00 +1.2496e+00 -2.1096e+00 -3.0824e+00
13053 +1.153770057e-07 +1.153770057e-07 -8.788999988e+01 -8.788999988e+01 +2.3934e-01 +3.6456e+00 +1.2496e+00 -2.1096e+00 -3.0824e+00
13085 +9.115956345e-08 +9.115956345e-08 -8.788999991e+01 -8.788999991e+01 +2.3921e-01 +3.6456e+00 +1.2496e+00 -2.1096e+00 -3.0824e+00
13311 +4.485775662e-08 +4.485775662e-08 -8.788999996e+01 -8.788999996e+01 +2.3918e-01 +3.6456e+00 +1.2496e+00 -2.1096e+00 -3.0824e+00
13878 +2.090962425e-08 +2.090962425e-08 -8.788999998e+01 -8.788999998e+01 +2.3920e-01 +3.6456e+00 +1.2496e+00 -2.1096e+00 -3.0824e+00
13978 +8.582929922e-09 +8.582929922e-09 -8.788999999e+01 -8.788999999e+01 +2.3920e-01 +3.6456e+00 +1.2496e+00 -2.1096e+00 -3.0824e+00
% function evaluation | noise-free fitness - Fopt (3.201900000000e+02) | best noise-free fitness - Fopt | measured fitness | best measured fitness | x1 | x2...
1 +2.843069012e+06 +2.843069012e+06 +2.843389202e+06 +2.843389202e+06 +3.3582e+00 -3.5662e+00 -2.1469e-01 +9.1578e-01 -1.6863e+00
2 +2.052186201e+06 +2.052186201e+06 +2.052506391e+06 +2.052506391e+06 -9.5376e-01 -7.3843e-01 +2.9852e+00 -3.0087e-01 -2.0117e+00
13 +8.591917496e+05 +8.591917496e+05 +8.595119396e+05 +8.595119396e+05 -4.3364e+00 +1.5271e+00 +3.4072e+00 -1.6066e+00 -2.5157e+00
19 +4.292237741e+05 +4.292237741e+05 +4.295439641e+05 +4.295439641e+05 +7.5630e-01 +1.0334e+00 +4.3254e+00 +3.9794e-01 -4.1224e+00
22 +1.619274330e+05 +1.619274330e+05 +1.622476230e+05 +1.622476230e+05 +5.7324e-01 +3.5119e+00 +7.7863e-01 +8.4292e-01 -3.1877e+00
53 +7.163792871e+04 +7.163792871e+04 +7.195811871e+04 +7.195811871e+04 +2.6279e+00 +2.2271e+00 +1.2555e+00 -1.4669e-02 -3.2404e+00
86 +2.287299186e+04 +2.287299186e+04 +2.319318186e+04 +2.319318186e+04 +1.3987e+00 +1.6812e+00 -2.7539e+00 -4.5300e-01 -3.4886e+00
209 +6.805421028e+03 +6.805421028e+03 +7.125611028e+03 +7.125611028e+03 -5.7648e-01 +5.0000e+00 +1.2237e-02 -7.9016e-01 -3.5178e+00
378 +3.002939145e+03 +3.002939145e+03 +3.323129145e+03 +3.323129145e+03 -4.3790e-01 +2.5548e+00 +5.5845e-01 -7.0631e-01 -3.4365e+00
814 +2.275071246e+03 +2.275071246e+03 +2.595261246e+03 +2.595261246e+03 -1.6524e-01 +3.3995e+00 +1.0527e+00 -9.6926e-01 -3.4960e+00
1215 +1.466526605e+03 +1.466526605e+03 +1.786716605e+03 +1.786716605e+03 +6.9586e-01 +3.6414e+00 +1.0619e+00 -9.3514e-01 -3.4741e+00
1337 +9.841329171e+02 +9.841329171e+02 +1.304322917e+03 +1.304322917e+03 +1.1093e+00 +3.1289e+00 +1.6134e+00 -8.6171e-01 -3.4684e+00
1683 +5.249704875e+02 +5.249704875e+02 +8.451604875e+02 +8.451604875e+02 +3.5322e-01 +1.4131e+00 +1.5980e+00 -8.9287e-01 -3.4701e+00
1793 +2.756524930e+02 +2.756524930e+02 +5.958424930e+02 +5.958424930e+02 -6.0987e-01 -2.2809e-01 +1.5509e+00 -8.4133e-01 -3.4798e+00
1831 +2.461240661e+02 +2.461240661e+02 +5.663140661e+02 +5.663140661e+02 -6.2338e-01 -1.3578e+00 +1.4854e+00 -9.4503e-01 -3.4714e+00
1883 +3.528623098e+01 +3.528623098e+01 +3.554762310e+02 +3.554762310e+02 -1.3041e+00 -2.0658e+00 +1.3816e+00 -8.2635e-01 -3.4711e+00
2057 +4.924574765e+00 +4.924574765e+00 +3.251145748e+02 +3.251145748e+02 -1.3832e+00 -2.4090e+00 +1.3692e+00 -8.4950e-01 -3.4703e+00
3033 +3.123520672e+00 +3.123520672e+00 +3.233135207e+02 +3.233135207e+02 -1.3282e+00 -2.1954e+00 +1.4290e+00 -8.5332e-01 -3.4699e+00
3427 +2.153747737e+00 +2.153747737e+00 +3.223437477e+02 +3.223437477e+02 -1.3670e+00 -2.4893e+00 +1.3863e+00 -8.5916e-01 -3.4702e+00
3527 +1.375297363e+00 +1.375297363e+00 +3.215652974e+02 +3.215652974e+02 -1.3729e+00 -2.4271e+00 +1.4077e+00 -8.5839e-01 -3.4702e+00
4524 +8.207613649e-01 +8.207613649e-01 +3.210107614e+02 +3.210107614e+02 -1.1402e+00 -2.3527e+00 +1.4121e+00 -8.5720e-01 -3.4701e+00
5243 +6.067840538e-01 +6.067840538e-01 +3.207967841e+02 +3.207967841e+02 -1.2025e+00 -2.3903e+00 +1.4061e+00 -8.5865e-01 -3.4698e+00
5443 +3.873594015e-01 +3.873594015e-01 +3.205773594e+02 +3.205773594e+02 -1.0692e+00 -2.3420e+00 +1.4007e+00 -8.5838e-01 -3.4695e+00
6028 +1.192701818e-01 +1.192701818e-01 +3.203092702e+02 +3.203092702e+02 -7.3594e-01 -2.3737e+00 +1.4012e+00 -8.5788e-01 -3.4695e+00
6165 +6.102579724e-02 +6.102579724e-02 +3.202510258e+02 +3.202510258e+02 -5.5327e-01 -2.3863e+00 +1.4035e+00 -8.5788e-01 -3.4694e+00
6201 +2.972402171e-02 +2.972402171e-02 +3.202197240e+02 +3.202197240e+02 -5.0972e-01 -2.3700e+00 +1.4045e+00 -8.5809e-01 -3.4695e+00
6515 +2.229934612e-02 +2.229934612e-02 +3.202122993e+02 +3.202122993e+02 -4.7588e-01 -2.3551e+00 +1.4048e+00 -8.5797e-01 -3.4695e+00
6853 +6.454264351e-03 +6.454264351e-03 +3.201964543e+02 +3.201964543e+02 -4.6729e-01 -2.3639e+00 +1.4049e+00 -8.5736e-01 -3.4696e+00
6922 +2.224543605e-03 +2.224543605e-03 +3.201922245e+02 +3.201922245e+02 -4.5947e-01 -2.3650e+00 +1.4033e+00 -8.5771e-01 -3.4696e+00
7496 +5.676351858e-04 +5.676351858e-04 +3.201905676e+02 +3.201905676e+02 -4.3968e-01 -2.3642e+00 +1.4032e+00 -8.5763e-01 -3.4696e+00
7762 +3.893592391e-04 +3.893592391e-04 +3.201903894e+02 +3.201903894e+02 -4.4784e-01 -2.3607e+00 +1.4030e+00 -8.5764e-01 -3.4696e+00
8315 +1.913547288e-05 +1.913547288e-05 +3.201900191e+02 +3.201900191e+02 -4.3415e-01 -2.3608e+00 +1.4033e+00 -8.5760e-01 -3.4696e+00
8562 +7.140511570e-06 +7.140511570e-06 +3.201900071e+02 +3.201900071e+02 -4.3218e-01 -2.3611e+00 +1.4032e+00 -8.5760e-01 -3.4696e+00
9412 +5.801785449e-06 +5.801785449e-06 +3.201900058e+02 +3.201900058e+02 -4.3238e-01 -2.3611e+00 +1.4032e+00 -8.5760e-01 -3.4696e+00
9878 +3.419509653e-06 +3.419509653e-06 +3.201900034e+02 +3.201900034e+02 -4.3243e-01 -2.3606e+00 +1.4032e+00 -8.5759e-01 -3.4696e+00
9975 +1.273360397e-06 +1.273360397e-06 +3.201900013e+02 +3.201900013e+02 -4.3215e-01 -2.3609e+00 +1.4032e+00 -8.5760e-01 -3.4696e+00
10564 +9.880151310e-07 +9.880151310e-07 +3.201900010e+02 +3.201900010e+02 -4.3284e-01 -2.3610e+00 +1.4032e+00 -8.5760e-01 -3.4696e+00
10912 +4.703649665e-07 +4.703649665e-07 +3.201900005e+02 +3.201900005e+02 -4.3223e-01 -2.3609e+00 +1.4032e+00 -8.5760e-01 -3.4696e+00
10964 +6.972550182e-08 +6.972550182e-08 +3.201900001e+02 +3.201900001e+02 -4.3264e-01 -2.3608e+00 +1.4032e+00 -8.5760e-01 -3.4696e+00
11664 +4.904148909e-08 +4.904148909e-08 +3.201900000e+02 +3.201900000e+02 -4.3266e-01 -2.3608e+00 +1.4032e+00 -8.5760e-01 -3.4696e+00
11914 +2.150750333e-08 +2.150750333e-08 +3.201900000e+02 +3.201900000e+02 -4.3272e-01 -2.3608e+00 +1.4032e+00 -8.5760e-01 -3.4696e+00
12538 +1.204091404e-08 +1.204091404e-08 +3.201900000e+02 +3.201900000e+02 -4.3276e-01 -2.3608e+00 +1.4032e+00 -8.5760e-01 -3.4696e+00
12614 +8.002416507e-09 +8.002416507e-09 +3.201900000e+02 +3.201900000e+02 -4.3277e-01 -2.3608e+00 +1.4032e+00 -8.5760e-01 -3.4696e+00
% function evaluation | noise-free fitness - Fopt (-1.042400000000e+02) | best noise-free fitness - Fopt | measured fitness | best measured fitness | x1 | x2...
1 +6.855923877e+06 +6.855923877e+06 +6.855819637e+06 +6.855819637e+06 +2.4807e+00 -1.2415e+00 +3.8224e+00 -3.5551e+00 -2.7071e+00
7 +4.063904024e+06 +4.063904024e+06 +4.063799784e+06 +4.063799784e+06 +4.2187e+00 +4.2023e+00 -2.5880e+00 -3.4574e+00 +1.9152e+00
9 +3.371844959e+06 +3.371844959e+06 +3.371740719e+06 +3.371740719e+06 +3.4314e+00 +2.4949e-01 -3.6057e+00 +1.4956e-01 -1.7860e+00
10 +1.962630923e+06 +1.962630923e+06 +1.962526683e+06 +1.962526683e+06 -2.7588e+00 -4.4586e+00 +3.4370e+00 -4.0361e+00 -1.2342e+00
16 +6.976685530e+05 +6.976685530e+05 +6.975643130e+05 +6.975643130e+05 -1.1652e+00 +1.6135e+00 -4.2735e+00 -4.9760e+00 +1.3236e-01
18 +3.740564108e+05 +3.740564108e+05 +3.739521708e+05 +3.739521708e+05 -1.7241e-01 -2.0473e+00 +3.8095e+00 +2.0679e+00 -4.2051e-01
19 +1.058105788e+05 +1.058105788e+05 +1.057063388e+05 +1.057063388e+05 +1.9265e+00 +3.4457e+00 -4.5877e+00 -7.8409e-01 -3.2290e-01
58 +3.908065937e+04 +3.908065937e+04 +3.897641937e+04 +3.897641937e+04 +4.1790e+00 +2.3649e+00 +1.2001e+00 -3.2847e-01 -2.4389e-01
109 +2.192353733e+04 +2.192353733e+04 +2.181929733e+04 +2.181929733e+04 +4.0298e+00 +2.4176e-01 -4.4964e-01 -8.7810e-01 -1.7159e-01
453 +9.075155838e+03 +9.075155838e+03 +8.970915838e+03 +8.970915838e+03 +2.1597e+00 -2.2880e+00 -9.6235e-01 -3.8297e-01 +0.0000e+00
983 +5.025026176e+03 +5.025026176e+03 +4.920786176e+03 +4.920786176e+03 +3.9717e+00 -1.5944e+00 +2.1164e+00 -2.4717e-01 -1.0453e-01
990 +3.899264113e+03 +3.899264113e+03 +3.795024113e+03 +3.795024113e+03 +4.0341e+00 -2.4887e+00 +4.4054e-01 -2.8367e-01 -1.6438e-02
1290 +1.337172144e+03 +1.337172144e+03 +1.232932144e+03 +1.232932144e+03 +2.5174e+00 -2.4374e+00 +3.2594e-01 -4.5490e-01 -4.1670e-02
1325 +9.033176296e+02 +9.033176296e+02 +7.990776296e+02 +7.990776296e+02 -1.1655e+00 -2.7451e+00 +4.8960e-01 -5.2535e-01 -4.3407e-02
1477 +4.086032015e+02 +4.086032015e+02 +3.043632015e+02 +3.043632015e+02 -4.4626e+00 -3.1371e+00 +1.1125e+00 -5.5521e-01 -4.3604e-02
1652 +2.634839305e+02 +2.634839305e+02 +1.592439305e+02 +1.592439305e+02 -3.8626e+00 -3.1941e+00 +1.4295e+00 -5.3244e-01 -4.5874e-02
1727 +2.008783071e+02 +2.008783071e+02 +9.663830711e+01 +9.663830711e+01 -2.8788e+00 -3.1562e+00 +1.0793e+00 -5.4877e-01 -5.3660e-02
1892 +9.365724095e+01 +9.365724095e+01 -1.058275905e+01 -1.058275905e+01 -2.8532e+00 -3.8283e+00 +1.2271e+00 -5.4060e-01 -5.8760e-02
2545 +6.264070739e+01 +6.264070739e+01 -4.159929261e+01 -4.159929261e+01 -2.6749e+00 -4.3875e+00 +1.2176e+00 -4.6521e-01 -6.1604e-02
2625 +2.054631884e+01 +2.054631884e+01 -8.369368116e+01 -8.369368116e+01 -3.4369e+00 -4.1368e+00 +1.3754e+00 -4.9116e-01 -5.7738e-02
2945 +9.635817357e+00 +9.635817357e+00 -9.460418264e+01 -9.460418264e+01 -1.2020e+00 -4.1928e+00 +1.3312e+00 -4.9900e-01 -6.0178e-02
2962 +6.111152170e+00 +6.111152170e+00 -9.812884783e+01 -9.812884783e+01 -9.5197e-01 -3.8399e+00 +1.2672e+00 -4.9875e-01 -5.7732e-02
3575 +3.203288680e+00 +3.203288680e+00 -1.010367113e+02 -1.010367113e+02 -9.3977e-01 -3.9250e+00 +1.3274e+00 -4.9850e-01 -5.8477e-02
3895 +2.152697606e+00 +2.152697606e+00 -1.020873024e+02 -1.020873024e+02 -4.2684e-01 -3.9151e+00 +1.3254e+00 -4.9882e-01 -5.7710e-02
3945 +1.312540297e+00 +1.312540297e+00 -1.029274597e+02 -1.029274597e+02 +9.7036e-02 -3.9283e+00 +1.3280e+00 -4.9886e-01 -5.8222e-02
4766 +4.658163130e-01 +4.658163130e-01 -1.037741837e+02 -1.037741837e+02 +6.9094e-01 -3.9526e+00 +1.3303e+00 -4.9460e-01 -5.8187e-02
5106 +2.326283794e-01 +2.326283794e-01 -1.040073716e+02 -1.040073716e+02 +6.2464e-01 -3.9248e+00 +1.3154e+00 -4.9417e-01 -5.8780e-02
5206 +1.359782620e-01 +1.359782620e-01 -1.041040217e+02 -1.041040217e+02 +5.8795e-01 -3.9121e+00 +1.3059e+00 -4.9436e-01 -5.8570e-02
5268 +6.856470353e-02 +6.856470353e-02 -1.041714353e+02 -1.041714353e+02 +3.8641e-01 -3.9110e+00 +1.3087e+00 -4.9330e-01 -5.8598e-02
5295 +3.616266239e-02 +3.616266239e-02 -1.042038373e+02 -1.042038373e+02 +4.4773e-01 -3.9311e+00 +1.3137e+00 -4.9300e-01 -5.8530e-02
5895 +2.246337468e-02 +2.246337468e-02 -1.042175366e+02 -1.042175366e+02 +4.4847e-01 -3.9286e+00 +1.3161e+00 -4.9339e-01 -5.8496e-02
6145 +1.051570578e-02 +1.051570578e-02 -1.042294843e+02 -1.042294843e+02 +4.1730e-01 -3.9192e+00 +1.3125e+00 -4.9324e-01 -5.8464e-02
6249 +7.493955901e-03 +7.493955901e-03 -1.042325060e+02 -1.042325060e+02 +3.8490e-01 -3.9140e+00 +1.3132e+00 -4.9375e-01 -5.8474e-02
6416 +3.091108057e-03 +3.091108057e-03 -1.042369089e+02 -1.042369089e+02 +3.9511e-01 -3.9119e+00 +1.3133e+00 -4.9376e-01 -5.8407e-02
7031 +2.254487163e-03 +2.254487163e-03 -1.042377455e+02 -1.042377455e+02 +4.1810e-01 -3.9196e+00 +1.3137e+00 -4.9347e-01 -5.8435e-02
7066 +1.292377312e-03 +1.292377312e-03 -1.042387076e+02 -1.042387076e+02 +3.8846e-01 -3.9204e+00 +1.3132e+00 -4.9380e-01 -5.8402e-02
7809 +8.443124524e-04 +8.443124524e-04 -1.042391557e+02 -1.042391557e+02 +3.8746e-01 -3.9176e+00 +1.3133e+00 -4.9371e-01 -5.8392e-02
7893 +5.669337892e-04 +5.669337892e-04 -1.042394331e+02 -1.042394331e+02 +3.8687e-01 -3.9204e+00 +1.3136e+00 -4.9346e-01 -5.8401e-02
8159 +2.810293885e-04 +2.810293885e-04 -1.042397190e+02 -1.042397190e+02 +4.0446e-01 -3.9188e+00 +1.3135e+00 -4.9357e-01 -5.8390e-02
8506 +1.933280701e-04 +1.933280701e-04 -1.042398067e+02 -1.042398067e+02 +4.0487e-01 -3.9198e+00 +1.3137e+00 -4.9358e-01 -5.8408e-02
8762 +3.831503855e-05 +3.831503855e-05 -1.042399617e+02 -1.042399617e+02 +3.9986e-01 -3.9196e+00 +1.3136e+00 -4.9359e-01 -5.8402e-02
9212 +2.400853235e-05 +2.400853235e-05 -1.042399760e+02 -1.042399760e+02 +3.9860e-01 -3.9198e+00 +1.3136e+00 -4.9360e-01 -5.8401e-02
9712 +1.513407635e-05 +1.513407635e-05 -1.042399849e+02 -1.042399849e+02 +3.9752e-01 -3.9197e+00 +1.3136e+00 -4.9359e-01 -5.8401e-02
10062 +9.906353839e-06 +9.906353839e-06 -1.042399901e+02 -1.042399901e+02 +3.9732e-01 -3.9198e+00 +1.3136e+00 -4.9360e-01 -5.8401e-02
10485 +3.851668325e-06 +3.851668325e-06 -1.042399961e+02 -1.042399961e+02 +3.9588e-01 -3.9198e+00 +1.3136e+00 -4.9360e-01 -5.8401e-02
10662 +2.490522306e-06 +2.490522306e-06 -1.042399975e+02 -1.042399975e+02 +3.9423e-01 -3.9199e+00 +1.3136e+00 -4.9360e-01 -5.8401e-02
11006 +1.545222318e-06 +1.545222318e-06 -1.042399985e+02 -1.042399985e+02 +3.9450e-01 -3.9200e+00 +1.3136e+00 -4.9360e-01 -5.8401e-02
11362 +7.706263716e-07 +7.706263716e-07 -1.042399992e+02 -1.042399992e+02 +3.9444e-01 -3.9199e+00 +1.3136e+00 -4.9360e-01 -5.8401e-02
11412 +5.952912829e-07 +5.952912829e-07 -1.042399994e+02 -1.042399994e+02 +3.9447e-01 -3.9199e+00 +1.3136e+00 -4.9360e-01 -5.8400e-02
11562 +3.496716801e-07 +3.496716801e-07 -1.042399997e+02 -1.042399997e+02 +3.9446e-01 -3.9199e+00 +1.3136e+00 -4.9360e-01 -5.8400e-02
11912 +2.449160945e-07 +2.449160945e-07 -1.042399998e+02 -1.042399998e+02 +3.9446e-01 -3.9199e+00 +1.3136e+00 -4.9360e-01 -5.8400e-02
12175 +9.713008353e-08 +9.713008353e-08 -1.042399999e+02 -1.042399999e+02 +3.9422e-01 -3.9200e+00 +1.3136e+00 -4.9360e-01 -5.8400e-02
12975 +4.778105733e-08 +4.778105733e-08 -1.042400000e+02 -1.042400000e+02 +3.9425e-01 -3.9200e+00 +1.3136e+00 -4.9360e-01 -5.8400e-02
13258 +2.733540327e-08 +2.733540327e-08 -1.042400000e+02 -1.042400000e+02 +3.9434e-01 -3.9200e+00 +1.3136e+00 -4.9360e-01 -5.8400e-02
13308 +7.090463328e-09 +7.090463328e-09 -1.042400000e+02 -1.042400000e+02 +3.9444e-01 -3.9200e+00 +1.3136e+00 -4.9360e-01 -5.8400e-02
% function evaluation | noise-free fitness - Fopt (-3.570000000000e+01) | best noise-free fitness - Fopt | measured fitness | best measured fitness | x1 | x2...
1 +4.840698836e+06 +4.840698836e+06 +4.840663136e+06 +4.840663136e+06 -2.9055e+00 +3.4722e+00 -4.5061e+00 -2.0262e+00 -1.8261e+00
4 +9.826837839e+05 +9.826837839e+05 +9.826480839e+05 +9.826480839e+05 +1.8102e+00 -4.0453e+00 +4.0145e+00 +2.2947e+00 -4.8176e+00
10 +5.439734824e+04 +5.439734824e+04 +5.436164824e+04 +5.436164824e+04 -4.7786e+00 +1.4285e+00 -2.5458e+00 +2.4042e+00 -3.9336e+00
111 +3.515422806e+04 +3.515422806e+04 +3.511852806e+04 +3.511852806e+04 -2.6957e+00 +1.3981e+00 +3.8733e-01 +2.6676e+00 -3.6824e+00
145 +1.597923621e+04 +1.597923621e+04 +1.594353621e+04 +1.594353621e+04 -4.1091e+00 -8.1548e-01 +4.9471e-01 +2.7460e+00 -3.7726e+00
344 +1.227164641e+04 +1.227164641e+04 +1.223594641e+04 +1.223594641e+04 -4.2431e+00 -1.8067e-01 +1.9525e+00 +2.6916e+00 -3.7665e+00
405 +3.933566382e+03 +3.933566382e+03 +3.897866382e+03 +3.897866382e+03 -5.0000e+00 -5.9776e-01 +3.6705e+00 +3.1467e+00 -3.7724e+00
505 +1.434121930e+03 +1.434121930e+03 +1.398421930e+03 +1.398421930e+03 -5.0000e+00 -6.0529e-01 +3.6118e+00 +3.0496e+00 -3.7977e+00
714 +2.614086924e+02 +2.614086924e+02 +2.257086924e+02 +2.257086924e+02 -5.0000e+00 +2.1418e-01 +3.5026e+00 +3.1916e+00 -3.8306e+00
755 +2.387678592e+02 +2.387678592e+02 +2.030678592e+02 +2.030678592e+02 -5.0000e+00 -2.1420e-01 +3.3298e+00 +3.1148e+00 -3.8213e+00
1309 +1.480985491e+02 +1.480985491e+02 +1.123985491e+02 +1.123985491e+02 -5.0000e+00 +1.9187e-01 +3.3850e+00 +3.0973e+00 -3.8305e+00
1739 +9.489950418e+01 +9.489950418e+01 +5.919950418e+01 +5.919950418e+01 -5.0000e+00 +2.2046e-01 +3.3471e+00 +3.1378e+00 -3.8303e+00
2083 +5.684231994e+01 +5.684231994e+01 +2.114231994e+01 +2.114231994e+01 -5.0000e+00 +1.1964e+00 +3.2453e+00 +3.1566e+00 -3.8268e+00
2542 +2.032676287e+01 +2.032676287e+01 -1.537323713e+01 -1.537323713e+01 -5.0000e+00 +1.7123e+00 +3.2798e+00 +3.1524e+00 -3.8319e+00
2802 +1.506265511e+01 +1.506265511e+01 -2.063734489e+01 -2.063734489e+01 -5.0000e+00 +1.9204e+00 +3.2930e+00 +3.1262e+00 -3.8327e+00
3339 +9.937013115e+00 +9.937013115e+00 -2.576298689e+01 -2.576298689e+01 -5.0000e+00 +1.5391e+00 +3.2776e+00 +3.1253e+00 -3.8313e+00
% function evaluation | noise-free fitness - Fopt (2.070000000000e+01) | best noise-free fitness - Fopt | measured fitness | best measured fitness | x1 | x2...
1 +5.495315063e+07 +5.495315063e+07 +5.495317133e+07 +5.495317133e+07 -2.1808e+00 +1.6442e+00 -3.0072e+00 +2.8058e+00 -4.8456e+00
2 +1.835229771e+06 +1.835229771e+06 +1.835250471e+06 +1.835250471e+06 -1.7866e+00 +4.3129e+00 +5.9179e-01 -4.9007e-01 +4.0852e+00
3 +3.678826641e+05 +3.678826641e+05 +3.679033641e+05 +3.679033641e+05 +7.5275e-01 +5.8891e-01 -7.9668e-01 +3.2785e+00 +2.3740e+00
9 +1.329164370e+05 +1.329164370e+05 +1.329371370e+05 +1.329371370e+05 -4.3785e+00 +1.9597e+00 -3.4984e+00 +3.0162e+00 +2.6556e+00
12 +4.029945825e+04 +4.029945825e+04 +4.032015825e+04 +4.032015825e+04 +4.7281e+00 +4.0360e+00 -3.8255e+00 +7.0896e-01 +2.7537e+00
59 +3.200903880e+04 +3.200903880e+04 +3.202973880e+04 +3.202973880e+04 -5.0000e+00 +2.3990e+00 -4.5661e+00 +1.4793e+00 +3.0608e+00
100 +1.815417158e+03 +1.815417158e+03 +1.836117158e+03 +1.836117158e+03 +2.3673e+00 +1.5439e+00 -1.4903e+00 +1.2679e+00 +2.8766e+00
698 +1.153320285e+03 +1.153320285e+03 +1.174020285e+03 +1.174020285e+03 +2.7781e+00 -1.8712e+00 -2.2903e+00 +1.4709e+00 +2.9266e+00
704 +7.725465589e+02 +7.725465589e+02 +7.932465589e+02 +7.932465589e+02 +2.7851e+00 -1.8207e+00 -2.4536e+00 +1.4310e+00 +2.9210e+00
1115 +2.526388589e+02 +2.526388589e+02 +2.733388589e+02 +2.733388589e+02 +3.3855e+00 -2.0149e+00 -2.4560e+00 +1.4279e+00 +2.9046e+00
1298 +1.664244701e+02 +1.664244701e+02 +1.871244701e+02 +1.871244701e+02 +3.3640e+00 -1.2110e+00 -2.2796e+00 +1.3843e+00 +2.9066e+00
1459 +1.430622300e+02 +1.430622300e+02 +1.637622300e+02 +1.637622300e+02 +2.5953e+00 -1.0991e+00 -2.1347e+00 +1.3996e+00 +2.8890e+00
1681 +8.211100168e+01 +8.211100168e+01 +1.028110017e+02 +1.028110017e+02 +1.7440e+00 -1.5959e+00 -2.0504e+00 +1.3796e+00 +2.8913e+00
1811 +3.793714585e+01 +3.793714585e+01 +5.863714585e+01 +5.863714585e+01 +3.7928e-01 -2.1012e+00 -2.1504e+00 +1.3949e+00 +2.8943e+00
2078 +2.276329395e+01 +2.276329395e+01 +4.346329395e+01 +4.346329395e+01 +3.1210e-01 -1.8787e+00 -2.1897e+00 +1.3865e+00 +2.9004e+00
2703 +9.736224494e+00 +9.736224494e+00 +3.043622449e+01 +3.043622449e+01 -7.9029e-01 -1.8160e+00 -2.1190e+00 +1.3903e+00 +2.8989e+00
3017 +6.017780406e+00 +6.017780406e+00 +2.671778041e+01 +2.671778041e+01 -2.1062e+00 -1.8031e+00 -2.0986e+00 +1.3935e+00 +2.8988e+00
3167 +3.829644187e+00 +3.829644187e+00 +2.452964419e+01 +2.452964419e+01 -3.8378e+00 -1.9347e+00 -2.1298e+00 +1.3943e+00 +2.8972e+00
3327 +6.888764933e-01 +6.888764933e-01 +2.138887649e+01 +2.138887649e+01 -3.4131e+00 -2.0317e+00 -2.1138e+00 +1.3845e+00 +2.8977e+00
3417 +2.262213772e-01 +2.262213772e-01 +2.092622138e+01 +2.092622138e+01 -3.3474e+00 -1.9918e+00 -2.1271e+00 +1.3860e+00 +2.8988e+00
4117 +1.120231102e-01 +1.120231102e-01 +2.081202311e+01 +2.081202311e+01 -3.3804e+00 -1.9957e+00 -2.1169e+00 +1.3861e+00 +2.8983e+00
4217 +8.172394020e-02 +8.172394020e-02 +2.078172394e+01 +2.078172394e+01 -3.3878e+00 -1.9964e+00 -2.1249e+00 +1.3860e+00 +2.8986e+00
4417 +5.617184095e-02 +5.617184095e-02 +2.075617184e+01 +2.075617184e+01 -3.3582e+00 -1.9982e+00 -2.1258e+00 +1.3860e+00 +2.8985e+00
4970 +3.869927715e-02 +3.869927715e-02 +2.073869928e+01 +2.073869928e+01 -3.3769e+00 -2.0034e+00 -2.1279e+00 +1.3860e+00 +2.8984e+00
5217 +1.760088721e-02 +1.760088721e-02 +2.071760089e+01 +2.071760089e+01 -3.3710e+00 -2.0115e+00 -2.1269e+00 +1.3863e+00 +2.8984e+00
5267 +1.381285388e-02 +1.381285388e-02 +2.071381285e+01 +2.071381285e+01 -3.3848e+00 -2.0161e+00 -2.1273e+00 +1.3866e+00 +2.8984e+00
5620 +8.799977023e-03 +8.799977023e-03 +2.070879998e+01 +2.070879998e+01 -3.3882e+00 -2.0232e+00 -2.1270e+00 +1.3865e+00 +2.8984e+00
5867 +6.265393517e-03 +6.265393517e-03 +2.070626539e+01 +2.070626539e+01 -3.3975e+00 -2.0300e+00 -2.1256e+00 +1.3865e+00 +2.8984e+00
6009 +3.406894785e-03 +3.406894785e-03 +2.070340689e+01 +2.070340689e+01 -3.4124e+00 -2.0279e+00 -2.1241e+00 +1.3862e+00 +2.8984e+00
6109 +1.878031544e-03 +1.878031544e-03 +2.070187803e+01 +2.070187803e+01 -3.4285e+00 -2.0278e+00 -2.1251e+00 +1.3863e+00 +2.8984e+00
6159 +8.271022124e-04 +8.271022124e-04 +2.070082710e+01 +2.070082710e+01 -3.4311e+00 -2.0269e+00 -2.1248e+00 +1.3865e+00 +2.8984e+00
6477 +3.567429971e-04 +3.567429971e-04 +2.070035674e+01 +2.070035674e+01 -3.4398e+00 -2.0263e+00 -2.1247e+00 +1.3863e+00 +2.8984e+00
6717 +2.240454341e-04 +2.240454341e-04 +2.070022405e+01 +2.070022405e+01 -3.4638e+00 -2.0262e+00 -2.1248e+00 +1.3864e+00 +2.8984e+00
7359 +1.399076677e-04 +1.399076677e-04 +2.070013991e+01 +2.070013991e+01 -3.4531e+00 -2.0261e+00 -2.1247e+00 +1.3864e+00 +2.8984e+00
7659 +8.587712781e-05 +8.587712781e-05 +2.070008588e+01 +2.070008588e+01 -3.4551e+00 -2.0259e+00 -2.1248e+00 +1.3864e+00 +2.8984e+00
7691 +5.139570822e-05 +5.139570822e-05 +2.070005140e+01 +2.070005140e+01 -3.4547e+00 -2.0264e+00 -2.1248e+00 +1.3864e+00 +2.8984e+00
7818 +2.357904716e-05 +2.357904716e-05 +2.070002358e+01 +2.070002358e+01 -3.4548e+00 -2.0263e+00 -2.1247e+00 +1.3864e+00 +2.8984e+00
8596 +9.749217210e-06 +9.749217210e-06 +2.070000975e+01 +2.070000975e+01 -3.4538e+00 -2.0254e+00 -2.1248e+00 +1.3864e+00 +2.8984e+00
8617 +2.141096246e-06 +2.141096246e-06 +2.070000214e+01 +2.070000214e+01 -3.4549e+00 -2.0257e+00 -2.1248e+00 +1.3864e+00 +2.8984e+00
9259 +1.473473954e-06 +1.473473954e-06 +2.070000147e+01 +2.070000147e+01 -3.4540e+00 -2.0257e+00 -2.1248e+00 +1.3864e+00 +2.8984e+00
9746 +8.965118283e-07 +8.965118283e-07 +2.070000090e+01 +2.070000090e+01 -3.4547e+00 -2.0257e+00 -2.1248e+00 +1.3864e+00 +2.8984e+00
9959 +5.787524593e-07 +5.787524593e-07 +2.070000058e+01 +2.070000058e+01 -3.4544e+00 -2.0257e+00 -2.1248e+00 +1.3864e+00 +2.8984e+00
10246 +2.623887774e-07 +2.623887774e-07 +2.070000026e+01 +2.070000026e+01 -3.4545e+00 -2.0256e+00 -2.1248e+00 +1.3864e+00 +2.8984e+00
10257 +1.202464261e-07 +1.202464261e-07 +2.070000012e+01 +2.070000012e+01 -3.4541e+00 -2.0256e+00 -2.1248e+00 +1.3864e+00 +2.8984e+00
10918 +9.974657900e-08 +9.974657900e-08 +2.070000010e+01 +2.070000010e+01 -3.4543e+00 -2.0256e+00 -2.1248e+00 +1.3864e+00 +2.8984e+00
11607 +4.622643601e-08 +4.622643601e-08 +2.070000005e+01 +2.070000005e+01 -3.4544e+00 -2.0256e+00 -2.1248e+00 +1.3864e+00 +2.8984e+00
11807 +1.021846430e-08 +1.021846430e-08 +2.070000001e+01 +2.070000001e+01 -3.4544e+00 -2.0256e+00 -2.1248e+00 +1.3864e+00 +2.8984e+00
11857 +5.041595585e-09 +5.041595585e-09 +2.070000001e+01 +2.070000001e+01 -3.4544e+00 -2.0256e+00 -2.1248e+00 +1.3864e+00 +2.8984e+00
% function evaluation | noise-free fitness - Fopt (3.807000000000e+01) | best noise-free fitness - Fopt | measured fitness | best measured fitness | x1 | x2...
1 +1.584434596e+07 +1.584434596e+07 +1.584438403e+07 +1.584438403e+07 -2.4908e+00 +2.0896e+00 +4.3996e+00 +4.1796e+00 -8.4439e-01
2 +2.349165977e+06 +2.349165977e+06 +2.349204047e+06 +2.349204047e+06 -6.2561e-01 -3.5875e+00 -1.0596e+00 +3.2849e+00 +4.7785e+00
6 +8.125121666e+05 +8.125121666e+05 +8.125502366e+05 +8.125502366e+05 -1.7998e+00 +3.1578e+00 -1.8464e+00 -2.1365e+00 +3.2515e+00
16 +2.394308453e+05 +2.394308453e+05 +2.394689153e+05 +2.394689153e+05 -3.0838e+00 -8.3644e-01 -8.1823e-01 +4.9840e+00 +3.4299e+00
27 +1.496373788e+05 +1.496373788e+05 +1.496754488e+05 +1.496754488e+05 -2.2978e+00 -9.6261e-01 -1.4859e+00 +4.9868e+00 +3.0161e+00
88 +1.273956987e+04 +1.273956987e+04 +1.277763987e+04 +1.277763987e+04 -5.0000e+00 -2.5804e+00 -1.2616e+00 +3.0745e+00 +3.0535e+00
243 +8.282078366e+03 +8.282078366e+03 +8.320148366e+03 +8.320148366e+03 -4.6368e+00 -2.4841e+00 +1.6472e+00 +2.8659e+00 +3.0235e+00
612 +2.298184262e+03 +2.298184262e+03 +2.336254262e+03 +2.336254262e+03 -4.1258e+00 -3.3367e+00 +1.9570e+00 +2.7356e+00 +3.1132e+00
884 +1.113585356e+03 +1.113585356e+03 +1.151655356e+03 +1.151655356e+03 -4.2442e+00 -3.0277e+00 +1.1251e+00 +2.8726e+00 +3.1257e+00
1184 +9.638544533e+02 +9.638544533e+02 +1.001924453e+03 +1.001924453e+03 -3.9206e+00 -2.9938e+00 +1.2487e+00 +2.8686e+00 +3.1192e+00
1412 +5.298547273e+02 +5.298547273e+02 +5.679247273e+02 +5.679247273e+02 -4.2145e+00 -1.9259e+00 +1.4717e+00 +3.0287e+00 +3.1258e+00
1612 +3.814799656e+02 +3.814799656e+02 +4.195499656e+02 +4.195499656e+02 -4.5748e+00 -1.2465e+00 +1.9209e+00 +3.0160e+00 +3.1103e+00
2026 +1.283657375e+02 +1.283657375e+02 +1.664357375e+02 +1.664357375e+02 -4.3846e+00 +1.2429e+00 +1.6119e+00 +2.9993e+00 +3.1229e+00
2084 +6.094209216e+01 +6.094209216e+01 +9.901209216e+01 +9.901209216e+01 -4.5441e+00 +4.5791e-01 +1.6343e+00 +2.9653e+00 +3.1146e+00
4264 +3.673633848e+01 +3.673633848e+01 +7.480633848e+01 +7.480633848e+01 -3.4194e+00 +7.2205e-01 +1.6802e+00 +2.9697e+00 +3.1165e+00
4424 +2.380574387e+01 +2.380574387e+01 +6.187574387e+01 +6.187574387e+01 -2.1201e+00 +7.3403e-01 +1.7012e+00 +2.9668e+00 +3.1168e+00
4510 +1.033154290e+01 +1.033154290e+01 +4.840154290e+01 +4.840154290e+01 -4.4503e-01 +8.1771e-01 +1.6891e+00 +2.9649e+00 +3.1163e+00
4560 +5.891131433e+00 +5.891131433e+00 +4.396113143e+01 +4.396113143e+01 +5.9037e-01 +8.8239e-01 +1.6868e+00 +2.9645e+00 +3.1158e+00
4635 +2.774373857e+00 +2.774373857e+00 +4.084437386e+01 +4.084437386e+01 +2.2795e+00 +9.1222e-01 +1.7160e+00 +2.9666e+00 +3.1156e+00
4677 +1.537508047e+00 +1.537508047e+00 +3.960750805e+01 +3.960750805e+01 +2.6560e+00 +6.9983e-01 +1.6908e+00 +2.9657e+00 +3.1165e+00
4826 +8.632656375e-01 +8.632656375e-01 +3.893326564e+01 +3.893326564e+01 +3.1266e+00 +8.8176e-01 +1.6847e+00 +2.9631e+00 +3.1173e+00
4998 +5.370400195e-01 +5.370400195e-01 +3.860704002e+01 +3.860704002e+01 +2.5000e+00 +8.5922e-01 +1.6956e+00 +2.9590e+00 +3.1173e+00
5105 +3.270322850e-01 +3.270322850e-01 +3.839703228e+01 +3.839703228e+01 +3.1032e+00 +7.6858e-01 +1.7046e+00 +2.9608e+00 +3.1166e+00
5248 +2.187592682e-01 +2.187592682e-01 +3.828875927e+01 +3.828875927e+01 +2.5962e+00 +8.0808e-01 +1.7044e+00 +2.9617e+00 +3.1164e+00
5284 +5.088448090e-02 +5.088448090e-02 +3.812088448e+01 +3.812088448e+01 +2.7690e+00 +8.4944e-01 +1.6969e+00 +2.9615e+00 +3.1169e+00
5598 +3.387479379e-02 +3.387479379e-02 +3.810387479e+01 +3.810387479e+01 +2.8747e+00 +8.3744e-01 +1.7039e+00 +2.9616e+00 +3.1167e+00
6428 +1.645499336e-02 +1.645499336e-02 +3.808645499e+01 +3.808645499e+01 +2.7937e+00 +8.4922e-01 +1.7045e+00 +2.9616e+00 +3.1169e+00
6564 +1.575810189e-02 +1.575810189e-02 +3.808575810e+01 +3.808575810e+01 +2.6970e+00 +8.1816e-01 +1.7047e+00 +2.9616e+00 +3.1168e+00
6614 +3.779024832e-03 +3.779024832e-03 +3.807377902e+01 +3.807377902e+01 +2.6980e+00 +8.3320e-01 +1.7049e+00 +2.9616e+00 +3.1168e+00
7449 +2.803748500e-04 +2.803748500e-04 +3.807028037e+01 +3.807028037e+01 +2.6929e+00 +8.3998e-01 +1.7032e+00 +2.9616e+00 +3.1168e+00
7914 +1.790669670e-04 +1.790669670e-04 +3.807017907e+01 +3.807017907e+01 +2.6971e+00 +8.4018e-01 +1.7029e+00 +2.9616e+00 +3.1168e+00
8414 +5.893497117e-05 +5.893497117e-05 +3.807005893e+01 +3.807005893e+01 +2.6980e+00 +8.3984e-01 +1.7031e+00 +2.9616e+00 +3.1168e+00
8514 +3.301480690e-05 +3.301480690e-05 +3.807003301e+01 +3.807003301e+01 +2.6977e+00 +8.3926e-01 +1.7032e+00 +2.9616e+00 +3.1168e+00
9262 +8.498994596e-06 +8.498994596e-06 +3.807000850e+01 +3.807000850e+01 +2.7020e+00 +8.3962e-01 +1.7032e+00 +2.9616e+00 +3.1168e+00
9464 +5.738400588e-06 +5.738400588e-06 +3.807000574e+01 +3.807000574e+01 +2.7014e+00 +8.3948e-01 +1.7032e+00 +2.9616e+00 +3.1168e+00
9824 +3.913288900e-06 +3.913288900e-06 +3.807000391e+01 +3.807000391e+01 +2.7025e+00 +8.3949e-01 +1.7032e+00 +2.9616e+00 +3.1168e+00
9864 +2.342037810e-06 +2.342037810e-06 +3.807000234e+01 +3.807000234e+01 +2.7044e+00 +8.3926e-01 +1.7032e+00 +2.9616e+00 +3.1168e+00
10245 +1.215518147e-06 +1.215518147e-06 +3.807000122e+01 +3.807000122e+01 +2.7031e+00 +8.3931e-01 +1.7032e+00 +2.9616e+00 +3.1168e+00
10476 +9.631170315e-07 +9.631170315e-07 +3.807000096e+01 +3.807000096e+01 +2.7028e+00 +8.3929e-01 +1.7032e+00 +2.9616e+00 +3.1168e+00
10814 +3.041831533e-07 +3.041831533e-07 +3.807000030e+01 +3.807000030e+01 +2.7030e+00 +8.3922e-01 +1.7032e+00 +2.9616e+00 +3.1168e+00
11145 +2.290346046e-07 +2.290346046e-07 +3.807000023e+01 +3.807000023e+01 +2.7030e+00 +8.3921e-01 +1.7032e+00 +2.9616e+00 +3.1168e+00
11564 +1.345819740e-07 +1.345819740e-07 +3.807000013e+01 +3.807000013e+01 +2.7033e+00 +8.3921e-01 +1.7032e+00 +2.9616e+00 +3.1168e+00
11776 +9.642523935e-08 +9.642523935e-08 +3.807000010e+01 +3.807000010e+01 +2.7031e+00 +8.3916e-01 +1.7032e+00 +2.9616e+00 +3.1168e+00
11924 +4.857448488e-08 +4.857448488e-08 +3.807000005e+01 +3.807000005e+01 +2.7032e+00 +8.3921e-01 +1.7032e+00 +2.9616e+00 +3.1168e+00
11926 +3.909158153e-08 +3.909158153e-08 +3.807000004e+01 +3.807000004e+01 +2.7032e+00 +8.3918e-01 +1.7032e+00 +2.9616e+00 +3.1168e+00
12164 +2.202504845e-08 +2.202504845e-08 +3.807000002e+01 +3.807000002e+01 +2.7032e+00 +8.3920e-01 +1.7032e+00 +2.9616e+00 +3.1168e+00
12635 +1.406925065e-08 +1.406925065e-08 +3.807000001e+01 +3.807000001e+01 +2.7032e+00 +8.3922e-01 +1.7032e+00 +2.9616e+00 +3.1168e+00
12927 +9.760455555e-09 +9.760455555e-09 +3.807000001e+01 +3.807000001e+01 +2.7032e+00 +8.3920e-01 +1.7032e+00 +2.9616e+00 +3.1168e+00
% function evaluation | noise-free fitness - Fopt (-4.542000000000e+01) | best noise-free fitness - Fopt | measured fitness | best measured fitness | x1 | x2...
1 +1.660949146e+07 +1.660949146e+07 +1.660944604e+07 +1.660944604e+07 -3.6437e+00 +1.6287e+00 +1.1321e+00 +5.6069e-01 -1.7596e+00
3 +1.105380842e+07 +1.105380842e+07 +1.105376300e+07 +1.105376300e+07 -4.5627e+00 -4.3187e+00 -6.5360e-01 -3.4953e+00 -9.4535e-01
5 +5.601282006e+06 +5.601282006e+06 +5.601236586e+06 +5.601236586e+06 -4.8866e+00 -3.2085e+00 -4.9618e+00 -2.3258e+00 +1.1982e-03
7 +3.247234332e+06 +3.247234332e+06 +3.247188912e+06 +3.247188912e+06 -2.6681e-01 +2.7498e+00 -3.5507e+00 -1.3280e+00 +7.0920e-01
8 +1.552338497e+06 +1.552338497e+06 +1.552293077e+06 +1.552293077e+06 -4.8451e+00 +8.0182e-01 +1.3531e+00 -3.6970e+00 +1.4512e+00
15 +6.783332442e+05 +6.783332442e+05 +6.782878242e+05 +6.782878242e+05 -4.5207e+00 +2.5122e+00 -9.4620e-01 +4.0175e+00 +3.0743e+00
29 +1.306215646e+05 +1.306215646e+05 +1.305761446e+05 +1.305761446e+05 -3.9546e+00 -2.8092e+00 -3.9764e+00 +1.2084e-01 +2.4402e+00
112 +8.148363652e+03 +8.148363652e+03 +8.102943652e+03 +8.102943652e+03 -2.2207e+00 -2.2889e+00 -4.1014e+00 +1.4887e+00 +2.2710e+00
612 +5.711144079e+03 +5.711144079e+03 +5.665724079e+03 +5.665724079e+03 -2.0529e+00 -1.7769e+00 -5.0000e+00 +1.8559e+00 +2.3267e+00
964 +3.654630813e+03 +3.654630813e+03 +3.609210813e+03 +3.609210813e+03 -1.5203e+00 -3.3701e+00 -4.2469e+00 +1.9217e+00 +2.3224e+00
1395 +2.302888713e+03 +2.302888713e+03 +2.257468713e+03 +2.257468713e+03 -5.0000e+00 -2.6031e+00 -4.1427e+00 +1.8850e+00 +2.2927e+00
1485 +1.504726376e+03 +1.504726376e+03 +1.459306376e+03 +1.459306376e+03 -4.6043e+00 +4.1749e+00 -3.6334e+00 +1.9414e+00 +2.2773e+00
1530 +4.923487923e+02 +4.923487923e+02 +4.469287923e+02 +4.469287923e+02 -4.4897e+00 -6.7336e-01 -3.5325e+00 +1.8835e+00 +2.2908e+00
1853 +3.941407379e+02 +3.941407379e+02 +3.487207379e+02 +3.487207379e+02 -4.2821e+00 -7.4745e-01 -3.3526e+00 +1.9201e+00 +2.2874e+00
1957 +2.336305196e+02 +2.336305196e+02 +1.882105196e+02 +1.882105196e+02 -4.6148e+00 +2.6625e-02 -3.1180e+00 +1.9448e+00 +2.2937e+00
2114 +1.179108765e+02 +1.179108765e+02 +7.249087654e+01 +7.249087654e+01 -4.9680e+00 -1.2137e-01 -2.8066e+00 +1.8564e+00 +2.2948e+00
2430 +9.362277217e+01 +9.362277217e+01 +4.820277217e+01 +4.820277217e+01 -4.9994e+00 +7.0625e-01 -2.9566e+00 +1.8898e+00 +2.2953e+00
5779 +6.225891685e+01 +6.225891685e+01 +1.683891685e+01 +1.683891685e+01 -4.7272e+00 -1.4364e-01 -2.8526e+00 +1.9013e+00 +2.2937e+00
6013 +3.949898274e+01 +3.949898274e+01 -5.921017264e+00 -5.921017264e+00 -3.2942e+00 -8.3906e-03 -2.8191e+00 +1.9011e+00 +2.2943e+00
6138 +2.446176822e+01 +2.446176822e+01 -2.095823178e+01 -2.095823178e+01 -1.5147e+00 +2.3699e-01 -2.8385e+00 +1.8987e+00 +2.2932e+00
6202 +1.336087824e+01 +1.336087824e+01 -3.205912176e+01 -3.205912176e+01 +9.7998e-01 +4.6364e-01 -2.7871e+00 +1.8918e+00 +2.2933e+00
6203 +8.800653264e+00 +8.800653264e+00 -3.661934674e+01 -3.661934674e+01 +6.5923e-01 +1.2866e-01 -2.8381e+00 +1.8991e+00 +2.2930e+00
6253 +4.485297513e+00 +4.485297513e+00 -4.093470249e+01 -4.093470249e+01 +1.9873e+00 -1.1363e-01 -2.8185e+00 +1.8964e+00 +2.2934e+00
6269 +3.704175534e+00 +3.704175534e+00 -4.171582447e+01 -4.171582447e+01 +2.5994e+00 -1.3995e-02 -2.8371e+00 +1.8974e+00 +2.2927e+00
6379 +1.661500000e+00 +1.661500000e+00 -4.375850000e+01 -4.375850000e+01 +2.4682e+00 +2.2085e-01 -2.8402e+00 +1.8951e+00 +2.2935e+00
6400 +1.121140809e+00 +1.121140809e+00 -4.429885919e+01 -4.429885919e+01 +2.3080e+00 +1.5781e-01 -2.8229e+00 +1.8939e+00 +2.2946e+00
6413 +9.735418906e-01 +9.735418906e-01 -4.444645811e+01 -4.444645811e+01 +3.0926e+00 +1.2400e-01 -2.8223e+00 +1.8939e+00 +2.2935e+00
6588 +3.681479996e-01 +3.681479996e-01 -4.505185200e+01 -4.505185200e+01 +3.2683e+00 +1.4959e-01 -2.8439e+00 +1.8919e+00 +2.2946e+00
6718 +1.694747848e-01 +1.694747848e-01 -4.525052522e+01 -4.525052522e+01 +3.2306e+00 +1.0963e-01 -2.8360e+00 +1.8957e+00 +2.2941e+00
6891 +1.019919529e-01 +1.019919529e-01 -4.531800805e+01 -4.531800805e+01 +3.2495e+00 +8.4752e-02 -2.8285e+00 +1.8940e+00 +2.2943e+00
7050 +7.177602063e-02 +7.177602063e-02 -4.534822398e+01 -4.534822398e+01 +3.1226e+00 +7.9459e-02 -2.8339e+00 +1.8940e+00 +2.2942e+00
7217 +3.178773117e-02 +3.178773117e-02 -4.538821227e+01 -4.538821227e+01 +3.1874e+00 +9.8415e-02 -2.8418e+00 +1.8939e+00 +2.2944e+00
7607 +1.982474351e-02 +1.982474351e-02 -4.540017526e+01 -4.540017526e+01 +3.3085e+00 +1.0721e-01 -2.8378e+00 +1.8941e+00 +2.2945e+00
7694 +1.438357297e-02 +1.438357297e-02 -4.540561643e+01 -4.540561643e+01 +3.1106e+00 +9.6813e-02 -2.8357e+00 +1.8946e+00 +2.2944e+00
7697 +7.099268241e-03 +7.099268241e-03 -4.541290073e+01 -4.541290073e+01 +3.2478e+00 +1.0817e-01 -2.8385e+00 +1.8946e+00 +2.2944e+00
7847 +4.617255199e-03 +4.617255199e-03 -4.541538274e+01 -4.541538274e+01 +3.2059e+00 +1.0313e-01 -2.8395e+00 +1.8943e+00 +2.2944e+00
7950 +2.589086814e-03 +2.589086814e-03 -4.541741091e+01 -4.541741091e+01 +3.1965e+00 +9.4080e-02 -2.8376e+00 +1.8946e+00 +2.2944e+00
8407 +2.332653942e-03 +2.332653942e-03 -4.541766735e+01 -4.541766735e+01 +3.2003e+00 +9.7688e-02 -2.8368e+00 +1.8946e+00 +2.2944e+00
8457 +1.124783500e-03 +1.124783500e-03 -4.541887522e+01 -4.541887522e+01 +3.2029e+00 +9.7819e-02 -2.8377e+00 +1.8943e+00 +2.2944e+00
8607 +8.192417114e-04 +8.192417114e-04 -4.541918076e+01 -4.541918076e+01 +3.2008e+00 +9.7642e-02 -2.8378e+00 +1.8945e+00 +2.2944e+00
8707 +3.576444898e-04 +3.576444898e-04 -4.541964236e+01 -4.541964236e+01 +3.2003e+00 +9.7663e-02 -2.8378e+00 +1.8944e+00 +2.2944e+00
8957 +1.685251773e-04 +1.685251773e-04 -4.541983147e+01 -4.541983147e+01 +3.1999e+00 +9.7703e-02 -2.8378e+00 +1.8944e+00 +2.2944e+00
8972 +1.531253408e-04 +1.531253408e-04 -4.541984687e+01 -4.541984687e+01 +3.2054e+00 +9.8395e-02 -2.8377e+00 +1.8944e+00 +2.2944e+00
9822 +9.332655017e-05 +9.332655017e-05 -4.541990667e+01 -4.541990667e+01 +3.2048e+00 +9.8379e-02 -2.8376e+00 +1.8944e+00 +2.2944e+00
10038 +4.245251422e-05 +4.245251422e-05 -4.541995755e+01 -4.541995755e+01 +3.2072e+00 +9.8388e-02 -2.8376e+00 +1.8944e+00 +2.2944e+00
10157 +3.501748641e-05 +3.501748641e-05 -4.541996498e+01 -4.541996498e+01 +3.2073e+00 +9.8329e-02 -2.8376e+00 +1.8944e+00 +2.2944e+00
10196 +2.502447388e-05 +2.502447388e-05 -4.541997498e+01 -4.541997498e+01 +3.2080e+00 +9.8765e-02 -2.8375e+00 +1.8944e+00 +2.2944e+00
10708 +9.221368110e-06 +9.221368110e-06 -4.541999078e+01 -4.541999078e+01 +3.2083e+00 +9.8102e-02 -2.8376e+00 +1.8944e+00 +2.2944e+00
10808 +5.097935386e-06 +5.097935386e-06 -4.541999490e+01 -4.541999490e+01 +3.2076e+00 +9.8428e-02 -2.8376e+00 +1.8944e+00 +2.2944e+00
10874 +2.758518484e-06 +2.758518484e-06 -4.541999724e+01 -4.541999724e+01 +3.2075e+00 +9.8409e-02 -2.8376e+00 +1.8944e+00 +2.2944e+00
11035 +1.153957456e-06 +1.153957456e-06 -4.541999885e+01 -4.541999885e+01 +3.2088e+00 +9.8317e-02 -2.8376e+00 +1.8944e+00 +2.2944e+00
11507 +8.793574509e-07 +8.793574509e-07 -4.541999912e+01 -4.541999912e+01 +3.2091e+00 +9.8398e-02 -2.8376e+00 +1.8944e+00 +2.2944e+00
11773 +3.882169466e-07 +3.882169466e-07 -4.541999961e+01 -4.541999961e+01 +3.2090e+00 +9.8364e-02 -2.8376e+00 +1.8944e+00 +2.2944e+00
12107 +2.267390684e-07 +2.267390684e-07 -4.541999977e+01 -4.541999977e+01 +3.2086e+00 +9.8450e-02 -2.8376e+00 +1.8944e+00 +2.2944e+00
12508 +1.354155614e-07 +1.354155614e-07 -4.541999986e+01 -4.541999986e+01 +3.2085e+00 +9.8416e-02 -2.8376e+00 +1.8944e+00 +2.2944e+00
12557 +8.361023873e-08 +8.361023873e-08 -4.541999992e+01 -4.541999992e+01 +3.2086e+00 +9.8400e-02 -2.8376e+00 +1.8944e+00 +2.2944e+00
13047 +5.477906484e-08 +5.477906484e-08 -4.541999995e+01 -4.541999995e+01 +3.2086e+00 +9.8402e-02 -2.8376e+00 +1.8944e+00 +2.2944e+00
13217 +2.680314282e-08 +2.680314282e-08 -4.541999997e+01 -4.541999997e+01 +3.2089e+00 +9.8401e-02 -2.8376e+00 +1.8944e+00 +2.2944e+00
13408 +1.521748061e-08 +1.521748061e-08 -4.541999998e+01 -4.541999998e+01 +3.2089e+00 +9.8405e-02 -2.8376e+00 +1.8944e+00 +2.2944e+00
13528 +9.624699260e-09 +9.624699260e-09 -4.541999999e+01 -4.541999999e+01 +3.2088e+00 +9.8389e-02 -2.8376e+00 +1.8944e+00 +2.2944e+00
% function evaluation | noise-free fitness - Fopt (6.695000000000e+01) | best noise-free fitness - Fopt | measured fitness | best measured fitness | x1 | x2...
1 +4.504227132e+07 +4.504227132e+07 +4.504233827e+07 +4.504233827e+07 +3.7226e+00 -2.2680e+00 -4.6415e+00 -4.4297e+00 -3.6178e+00
2 +1.503240396e+05 +1.503240396e+05 +1.503909896e+05 +1.503909896e+05 +3.7354e+00 -1.0257e+00 +4.0647e+00 +1.4216e+00 +3.6538e+00
145 +8.918751753e+04 +8.918751753e+04 +8.925446753e+04 +8.925446753e+04 -7.9673e-01 -1.6867e+00 +2.7993e+00 +8.6788e-01 +3.3215e+00
213 +1.572306188e+04 +1.572306188e+04 +1.579001188e+04 +1.579001188e+04 +4.7022e-01 -4.7002e+00 +1.8991e+00 +7.0573e-02 +3.4752e+00
652 +6.920047369e+03 +6.920047369e+03 +6.986997369e+03 +6.986997369e+03 -1.0820e-01 -4.0622e+00 +2.4396e-01 -1.7543e-01 +3.5058e+00
758 +1.486008719e+03 +1.486008719e+03 +1.552958719e+03 +1.552958719e+03 -1.0362e+00 -3.8701e+00 -8.9310e-01 -3.8500e-01 +3.4353e+00
1232 +9.891615829e+02 +9.891615829e+02 +1.056111583e+03 +1.056111583e+03 -1.6257e+00 -3.9190e+00 -1.0723e+00 -2.6192e-01 +3.4493e+00
2295 +5.703839733e+02 +5.703839733e+02 +6.373339733e+02 +6.373339733e+02 -2.6820e+00 -2.5383e+00 -1.2129e+00 -2.9941e-01 +3.4444e+00
2432 +2.938342542e+02 +2.938342542e+02 +3.607842542e+02 +3.607842542e+02 -2.6829e+00 -1.3365e+00 -1.4716e+00 -2.6433e-01 +3.4539e+00
2563 +2.231886516e+02 +2.231886516e+02 +2.901386516e+02 +2.901386516e+02 -2.8634e+00 -9.2315e-01 -1.4556e+00 -2.7604e-01 +3.4490e+00
2622 +1.336356210e+02 +1.336356210e+02 +2.005856210e+02 +2.005856210e+02 -2.8392e+00 -2.0583e-02 -1.5552e+00 -2.9148e-01 +3.4544e+00
2682 +7.352805152e+01 +7.352805152e+01 +1.404780515e+02 +1.404780515e+02 -2.8152e+00 +1.4062e+00 -1.5968e+00 -2.9786e-01 +3.4546e+00
2779 +9.445925451e+00 +9.445925451e+00 +7.639592545e+01 +7.639592545e+01 -2.6704e+00 +1.3684e+00 -1.3860e+00 -3.1122e-01 +3.4543e+00
3895 +5.767915949e+00 +5.767915949e+00 +7.271791595e+01 +7.271791595e+01 -2.5815e+00 +1.4418e+00 -1.3677e+00 -3.0826e-01 +3.4519e+00
5107 +2.822822533e+00 +2.822822533e+00 +6.977282253e+01 +6.977282253e+01 -1.9046e+00 +1.3681e+00 -1.3312e+00 -3.0814e-01 +3.4533e+00
5233 +2.236584286e+00 +2.236584286e+00 +6.918658429e+01 +6.918658429e+01 -1.4680e+00 +1.2111e+00 -1.3345e+00 -3.0259e-01 +3.4530e+00
5424 +1.107474316e+00 +1.107474316e+00 +6.805747432e+01 +6.805747432e+01 +3.6032e-01 +1.4647e+00 -1.3371e+00 -3.0597e-01 +3.4524e+00
5498 +9.932362476e-01 +9.932362476e-01 +6.794323625e+01 +6.794323625e+01 +1.7213e-01 +1.4100e+00 -1.3247e+00 -3.0710e-01 +3.4529e+00
5545 +4.943034649e-01 +4.943034649e-01 +6.744430346e+01 +6.744430346e+01 -9.4465e-01 +1.3691e+00 -1.3282e+00 -3.0652e-01 +3.4526e+00
5763 +7.311567663e-02 +7.311567663e-02 +6.702311568e+01 +6.702311568e+01 -4.3410e-01 +1.3688e+00 -1.3441e+00 -3.0536e-01 +3.4526e+00
6172 +5.714730712e-02 +5.714730712e-02 +6.700714731e+01 +6.700714731e+01 -3.5686e-01 +1.3740e+00 -1.3415e+00 -3.0512e-01 +3.4529e+00
6322 +1.989161148e-02 +1.989161148e-02 +6.696989161e+01 +6.696989161e+01 -4.7693e-01 +1.3745e+00 -1.3464e+00 -3.0604e-01 +3.4527e+00
6724 +1.026862262e-02 +1.026862262e-02 +6.696026862e+01 +6.696026862e+01 -5.9834e-01 +1.3741e+00 -1.3464e+00 -3.0534e-01 +3.4528e+00
7132 +3.137846993e-03 +3.137846993e-03 +6.695313785e+01 +6.695313785e+01 -5.7517e-01 +1.3759e+00 -1.3448e+00 -3.0563e-01 +3.4528e+00
7475 +2.255752998e-03 +2.255752998e-03 +6.695225575e+01 +6.695225575e+01 -5.5069e-01 +1.3907e+00 -1.3439e+00 -3.0558e-01 +3.4528e+00
7529 +1.247893881e-03 +1.247893881e-03 +6.695124789e+01 +6.695124789e+01 -5.4275e-01 +1.3797e+00 -1.3444e+00 -3.0549e-01 +3.4528e+00
8125 +5.205232669e-04 +5.205232669e-04 +6.695052052e+01 +6.695052052e+01 -5.6175e-01 +1.3837e+00 -1.3446e+00 -3.0562e-01 +3.4528e+00
8323 +2.085891099e-04 +2.085891099e-04 +6.695020859e+01 +6.695020859e+01 -5.5316e-01 +1.3831e+00 -1.3449e+00 -3.0558e-01 +3.4528e+00
8523 +1.174243311e-04 +1.174243311e-04 +6.695011742e+01 +6.695011742e+01 -5.4549e-01 +1.3843e+00 -1.3449e+00 -3.0556e-01 +3.4528e+00
8623 +7.706113581e-05 +7.706113581e-05 +6.695007706e+01 +6.695007706e+01 -5.4000e-01 +1.3842e+00 -1.3449e+00 -3.0556e-01 +3.4528e+00
8873 +4.383928787e-05 +4.383928787e-05 +6.695004384e+01 +6.695004384e+01 -5.3693e-01 +1.3841e+00 -1.3449e+00 -3.0559e-01 +3.4528e+00
9217 +2.092050532e-05 +2.092050532e-05 +6.695002092e+01 +6.695002092e+01 -5.3974e-01 +1.3840e+00 -1.3449e+00 -3.0560e-01 +3.4528e+00
9332 +1.564922701e-05 +1.564922701e-05 +6.695001565e+01 +6.695001565e+01 -5.4230e-01 +1.3845e+00 -1.3448e+00 -3.0561e-01 +3.4528e+00
10179 +9.520855173e-06 +9.520855173e-06 +6.695000952e+01 +6.695000952e+01 -5.4006e-01 +1.3841e+00 -1.3448e+00 -3.0559e-01 +3.4528e+00
10457 +5.844979043e-06 +5.844979043e-06 +6.695000584e+01 +6.695000584e+01 -5.4160e-01 +1.3842e+00 -1.3448e+00 -3.0559e-01 +3.4528e+00
10473 +2.782307803e-06 +2.782307803e-06 +6.695000278e+01 +6.695000278e+01 -5.3969e-01 +1.3841e+00 -1.3448e+00 -3.0560e-01 +3.4528e+00
11171 +1.591188990e-06 +1.591188990e-06 +6.695000159e+01 +6.695000159e+01 -5.3997e-01 +1.3840e+00 -1.3448e+00 -3.0560e-01 +3.4528e+00
11223 +1.280052160e-06 +1.280052160e-06 +6.695000128e+01 +6.695000128e+01 -5.4008e-01 +1.3840e+00 -1.3448e+00 -3.0560e-01 +3.4528e+00
11457 +4.621010703e-07 +4.621010703e-07 +6.695000046e+01 +6.695000046e+01 -5.4100e-01 +1.3840e+00 -1.3448e+00 -3.0560e-01 +3.4528e+00
11707 +3.586151962e-07 +3.586151962e-07 +6.695000036e+01 +6.695000036e+01 -5.4087e-01 +1.3840e+00 -1.3448e+00 -3.0560e-01 +3.4528e+00
11973 +1.739934277e-07 +1.739934277e-07 +6.695000017e+01 +6.695000017e+01 -5.4060e-01 +1.3840e+00 -1.3448e+00 -3.0560e-01 +3.4528e+00
12373 +1.191299788e-07 +1.191299788e-07 +6.695000012e+01 +6.695000012e+01 -5.4071e-01 +1.3840e+00 -1.3448e+00 -3.0560e-01 +3.4528e+00
12871 +5.845801354e-08 +5.845801354e-08 +6.695000006e+01 +6.695000006e+01 -5.4080e-01 +1.3840e+00 -1.3448e+00 -3.0560e-01 +3.4528e+00
13123 +2.660449638e-08 +2.660449638e-08 +6.695000003e+01 +6.695000003e+01 -5.4081e-01 +1.3840e+00 -1.3448e+00 -3.0560e-01 +3.4528e+00
13223 +1.765798174e-08 +1.765798174e-08 +6.695000002e+01 +6.695000002e+01 -5.4082e-01 +1.3840e+00 -1.3448e+00 -3.0560e-01 +3.4528e+00
13420 +1.037506081e-08 +1.037506081e-08 +6.695000001e+01 +6.695000001e+01 -5.4074e-01 +1.3840e+00 -1.3448e+00 -3.0560e-01 +3.4528e+00
13721 +9.740418250e-09 +9.740418250e-09 +6.695000001e+01 +6.695000001e+01 -5.4078e-01 +1.3840e+00 -1.3448e+00 -3.0560e-01 +3.4528e+00
% function evaluation | noise-free fitness - Fopt (5.832000000000e+01) | best noise-free fitness - Fopt | measured fitness | best measured fitness | x1 | x2...
1 +2.101940095e+06 +2.101940095e+06 +2.101998415e+06 +2.101998415e+06 +2.2019e+00 +4.2953e+00 -2.3347e+00 -4.9207e+00 -2.5061e+00
4 +2.037613613e+05 +2.037613613e+05 +2.038196813e+05 +2.038196813e+05 -9.9573e-01 +2.6619e+00 -6.3181e-01 -1.6280e+00 -3.9241e+00
13 +1.417202889e+05 +1.417202889e+05 +1.417786089e+05 +1.417786089e+05 -1.3060e+00 +4.0802e+00 +8.6511e-01 -5.7628e-01 -3.2236e+00
48 +9.199156262e+04 +9.199156262e+04 +9.204988262e+04 +9.204988262e+04 -3.3393e+00 +4.6851e+00 +3.1094e+00 +1.3492e+00 -3.4424e+00
114 +4.144174915e+04 +4.144174915e+04 +4.150006915e+04 +4.150006915e+04 -5.0000e+00 -1.3443e-01 +4.0343e+00 -1.0372e+00 -3.6859e+00
139 +2.703716597e+04 +2.703716597e+04 +2.709548597e+04 +2.709548597e+04 -4.8476e+00 +3.6683e+00 +2.0383e+00 +7.1778e-01 -3.6910e+00
188 +1.147064750e+03 +1.147064750e+03 +1.205384750e+03 +1.205384750e+03 -3.6614e+00 +1.4291e+00 +1.7214e+00 -7.2863e-02 -3.5822e+00
1024 +9.069192854e+02 +9.069192854e+02 +9.652392854e+02 +9.652392854e+02 -2.9460e+00 +1.8302e+00 +1.2871e+00 -6.9499e-02 -3.6044e+00
1816 +3.909322223e+02 +3.909322223e+02 +4.492522223e+02 +4.492522223e+02 -2.9054e+00 -1.0074e-01 +1.2231e+00 -6.2874e-02 -3.5954e+00
1997 +2.179235956e+02 +2.179235956e+02 +2.762435956e+02 +2.762435956e+02 -2.8368e+00 -2.1312e+00 +1.1515e+00 -5.8849e-02 -3.5906e+00
2236 +1.326623849e+02 +1.326623849e+02 +1.909823849e+02 +1.909823849e+02 -2.8384e+00 -2.3570e+00 +1.2100e+00 -5.1295e-02 -3.5968e+00
2316 +9.749973828e+01 +9.749973828e+01 +1.558197383e+02 +1.558197383e+02 -2.7451e+00 -2.5475e+00 +1.2620e+00 -6.5926e-02 -3.5947e+00
2321 +6.203096313e+01 +6.203096313e+01 +1.203509631e+02 +1.203509631e+02 -2.8385e+00 -2.6271e+00 +1.2836e+00 -9.1470e-02 -3.5960e+00
3511 +3.865086451e+01 +3.865086451e+01 +9.697086451e+01 +9.697086451e+01 -2.7335e+00 -3.0738e+00 +1.3467e+00 -9.3280e-02 -3.5984e+00
4275 +2.455598388e+01 +2.455598388e+01 +8.287598388e+01 +8.287598388e+01 -1.1626e+00 -3.3616e+00 +1.3132e+00 -9.7291e-02 -3.5990e+00
4386 +1.261121003e+01 +1.261121003e+01 +7.093121003e+01 +7.093121003e+01 +1.2603e+00 -3.5500e+00 +1.3011e+00 -8.1745e-02 -3.5989e+00
4429 +7.198200648e+00 +7.198200648e+00 +6.551820065e+01 +6.551820065e+01 +2.8193e+00 -3.3902e+00 +1.2844e+00 -8.3559e-02 -3.5974e+00
4486 +5.414706046e+00 +5.414706046e+00 +6.373470605e+01 +6.373470605e+01 +3.0575e+00 -3.5466e+00 +1.2963e+00 -8.5210e-02 -3.5985e+00
4761 +3.175935119e+00 +3.175935119e+00 +6.149593512e+01 +6.149593512e+01 +3.3905e+00 -3.3728e+00 +1.2788e+00 -9.5383e-02 -3.5982e+00
4766 +2.279545119e+00 +2.279545119e+00 +6.059954512e+01 +6.059954512e+01 +3.5332e+00 -3.5215e+00 +1.3154e+00 -9.0645e-02 -3.5989e+00
4845 +1.512870965e+00 +1.512870965e+00 +5.983287096e+01 +5.983287096e+01 +3.8662e+00 -3.3258e+00 +1.3197e+00 -8.6874e-02 -3.5990e+00
4897 +9.982195325e-01 +9.982195325e-01 +5.931821953e+01 +5.931821953e+01 +4.0412e+00 -3.2317e+00 +1.3273e+00 -9.6072e-02 -3.5990e+00
5261 +5.607044729e-01 +5.607044729e-01 +5.888070447e+01 +5.888070447e+01 +3.9659e+00 -3.3875e+00 +1.3236e+00 -9.3158e-02 -3.5979e+00
5382 +3.901920998e-01 +3.901920998e-01 +5.871019210e+01 +5.871019210e+01 +3.7804e+00 -3.2948e+00 +1.3398e+00 -9.4726e-02 -3.5980e+00
5511 +2.106165443e-01 +2.106165443e-01 +5.853061654e+01 +5.853061654e+01 +3.7351e+00 -3.2652e+00 +1.3379e+00 -9.4177e-02 -3.5982e+00
5661 +1.039257754e-01 +1.039257754e-01 +5.842392578e+01 +5.842392578e+01 +3.8467e+00 -3.2692e+00 +1.3304e+00 -9.4122e-02 -3.5985e+00
5747 +8.358015593e-02 +8.358015593e-02 +5.840358016e+01 +5.840358016e+01 +3.6700e+00 -3.2709e+00 +1.3299e+00 -9.4036e-02 -3.5985e+00
6150 +2.254825594e-02 +2.254825594e-02 +5.834254826e+01 +5.834254826e+01 +3.6826e+00 -3.2877e+00 +1.3310e+00 -9.3539e-02 -3.5984e+00
6350 +9.939281768e-03 +9.939281768e-03 +5.832993928e+01 +5.832993928e+01 +3.6374e+00 -3.2903e+00 +1.3312e+00 -9.2775e-02 -3.5984e+00
6925 +5.029367647e-03 +5.029367647e-03 +5.832502937e+01 +5.832502937e+01 +3.7156e+00 -3.3013e+00 +1.3294e+00 -9.3010e-02 -3.5983e+00
7144 +3.129230048e-03 +3.129230048e-03 +5.832312923e+01 +5.832312923e+01 +3.6694e+00 -3.2928e+00 +1.3293e+00 -9.2985e-02 -3.5984e+00
7344 +2.257171828e-03 +2.257171828e-03 +5.832225717e+01 +5.832225717e+01 +3.6860e+00 -3.2975e+00 +1.3299e+00 -9.2970e-02 -3.5984e+00
7429 +1.158159487e-03 +1.158159487e-03 +5.832115816e+01 +5.832115816e+01 +3.7058e+00 -3.2938e+00 +1.3298e+00 -9.2939e-02 -3.5984e+00
7544 +7.596587159e-04 +7.596587159e-04 +5.832075966e+01 +5.832075966e+01 +3.6935e+00 -3.2966e+00 +1.3294e+00 -9.2884e-02 -3.5984e+00
7700 +6.194458163e-04 +6.194458163e-04 +5.832061945e+01 +5.832061945e+01 +3.7066e+00 -3.2982e+00 +1.3289e+00 -9.2762e-02 -3.5984e+00
7894 +3.487078189e-04 +3.487078189e-04 +5.832034871e+01 +5.832034871e+01 +3.6936e+00 -3.2985e+00 +1.3296e+00 -9.2854e-02 -3.5984e+00
8050 +1.189830259e-04 +1.189830259e-04 +5.832011898e+01 +5.832011898e+01 +3.6987e+00 -3.2981e+00 +1.3296e+00 -9.2789e-02 -3.5984e+00
8872 +6.648120836e-05 +6.648120836e-05 +5.832006648e+01 +5.832006648e+01 +3.7054e+00 -3.2979e+00 +1.3296e+00 -9.2806e-02 -3.5984e+00
8900 +5.842857396e-05 +5.842857396e-05 +5.832005843e+01 +5.832005843e+01 +3.7077e+00 -3.2976e+00 +1.3295e+00 -9.2781e-02 -3.5984e+00
9294 +3.607316793e-05 +3.607316793e-05 +5.832003607e+01 +5.832003607e+01 +3.7060e+00 -3.2973e+00 +1.3295e+00 -9.2775e-02 -3.5984e+00
9344 +2.385322107e-05 +2.385322107e-05 +5.832002385e+01 +5.832002385e+01 +3.7067e+00 -3.2970e+00 +1.3295e+00 -9.2777e-02 -3.5984e+00
9800 +1.271466727e-05 +1.271466727e-05 +5.832001271e+01 +5.832001271e+01 +3.7076e+00 -3.2968e+00 +1.3295e+00 -9.2788e-02 -3.5984e+00
9900 +9.805475223e-06 +9.805475223e-06 +5.832000981e+01 +5.832000981e+01 +3.7076e+00 -3.2967e+00 +1.3296e+00 -9.2792e-02 -3.5984e+00
10044 +6.070650301e-06 +6.070650301e-06 +5.832000607e+01 +5.832000607e+01 +3.7067e+00 -3.2966e+00 +1.3296e+00 -9.2794e-02 -3.5984e+00
10194 +3.386553438e-06 +3.386553438e-06 +5.832000339e+01 +5.832000339e+01 +3.7062e+00 -3.2967e+00 +1.3296e+00 -9.2800e-02 -3.5984e+00
10250 +2.306167104e-06 +2.306167104e-06 +5.832000231e+01 +5.832000231e+01 +3.7065e+00 -3.2967e+00 +1.3296e+00 -9.2800e-02 -3.5984e+00
10750 +1.398814760e-06 +1.398814760e-06 +5.832000140e+01 +5.832000140e+01 +3.7065e+00 -3.2967e+00 +1.3296e+00 -9.2801e-02 -3.5984e+00
11094 +9.636412912e-07 +9.636412912e-07 +5.832000096e+01 +5.832000096e+01 +3.7065e+00 -3.2968e+00 +1.3296e+00 -9.2798e-02 -3.5984e+00
11172 +5.211514846e-07 +5.211514846e-07 +5.832000052e+01 +5.832000052e+01 +3.7059e+00 -3.2968e+00 +1.3296e+00 -9.2801e-02 -3.5984e+00
11272 +3.345330626e-07 +3.345330626e-07 +5.832000033e+01 +5.832000033e+01 +3.7054e+00 -3.2968e+00 +1.3296e+00 -9.2801e-02 -3.5984e+00
11350 +2.021436742e-07 +2.021436742e-07 +5.832000020e+01 +5.832000020e+01 +3.7058e+00 -3.2968e+00 +1.3296e+00 -9.2801e-02 -3.5984e+00
11544 +6.621000637e-08 +6.621000637e-08 +5.832000007e+01 +5.832000007e+01 +3.7057e+00 -3.2968e+00 +1.3296e+00 -9.2800e-02 -3.5984e+00
11844 +6.220349746e-08 +6.220349746e-08 +5.832000006e+01 +5.832000006e+01 +3.7057e+00 -3.2968e+00 +1.3296e+00 -9.2801e-02 -3.5984e+00
12284 +3.543200933e-08 +3.543200933e-08 +5.832000004e+01 +5.832000004e+01 +3.7056e+00 -3.2968e+00 +1.3296e+00 -9.2801e-02 -3.5984e+00
12496 +8.250914618e-09 +8.250914618e-09 +5.832000001e+01 +5.832000001e+01 +3.7056e+00 -3.2968e+00 +1.3296e+00 -9.2800e-02 -3.5984e+00
% function evaluation | noise-free fitness - Fopt (1.932700000000e+02) | best noise-free fitness - Fopt | measured fitness | best measured fitness | x1 | x2...
1 +1.593678163e+06 +1.593678163e+06 +1.593871433e+06 +1.593871433e+06 -1.6750e+00 +4.5021e+00 -1.5460e+00 -2.1068e+00 +4.1974e+00
19 +2.821705777e+05 +2.821705777e+05 +2.823638477e+05 +2.823638477e+05 -1.2084e+00 -3.7218e+00 +9.6363e-02 +1.3989e+00 +3.1384e+00
34 +1.085268426e+05 +1.085268426e+05 +1.087201126e+05 +1.087201126e+05 -3.4176e+00 -4.1640e+00 -3.7144e+00 +3.9745e+00 +3.6908e+00
65 +6.673652544e+04 +6.673652544e+04 +6.692979544e+04 +6.692979544e+04 -5.0000e+00 -4.4590e+00 -2.9635e+00 +5.0000e+00 +3.5100e+00
81 +2.256265060e+04 +2.256265060e+04 +2.275592060e+04 +2.275592060e+04 -4.0451e+00 -3.6407e+00 -9.3045e-01 +3.5233e+00 +3.3318e+00
255 +3.389183510e+03 +3.389183510e+03 +3.582453510e+03 +3.582453510e+03 -3.7466e+00 -3.3894e+00 +7.7900e-01 +4.0543e+00 +3.3878e+00
645 +5.857788182e+02 +5.857788182e+02 +7.790488182e+02 +7.790488182e+02 -4.9218e+00 -3.1333e+00 +1.9260e+00 +3.8858e+00 +3.4281e+00
1080 +2.515193154e+02 +2.515193154e+02 +4.447893154e+02 +4.447893154e+02 -4.6784e+00 -3.1108e+00 +1.9579e+00 +4.0189e+00 +3.4055e+00
1230 +4.147462586e+01 +4.147462586e+01 +2.347446259e+02 +2.347446259e+02 -4.5760e+00 -3.1693e+00 +2.1860e+00 +4.0023e+00 +3.4176e+00
2989 +3.816427992e+01 +3.816427992e+01 +2.314342799e+02 +2.314342799e+02 -4.3967e+00 -3.2182e+00 +2.1669e+00 +3.9912e+00 +3.4170e+00
3430 +2.358474495e+01 +2.358474495e+01 +2.168547449e+02 +2.168547449e+02 -2.5958e+00 -3.2852e+00 +2.2007e+00 +3.9966e+00 +3.4164e+00
3677 +1.178425957e+01 +1.178425957e+01 +2.050542596e+02 +2.050542596e+02 -1.3175e+00 -3.3748e+00 +2.1532e+00 +3.9928e+00 +3.4181e+00
3701 +5.910301268e+00 +5.910301268e+00 +1.991803013e+02 +1.991803013e+02 +2.6090e-01 -3.1662e+00 +2.2016e+00 +3.9919e+00 +3.4180e+00
3805 +3.958737133e+00 +3.958737133e+00 +1.972287371e+02 +1.972287371e+02 +2.1309e+00 -3.0797e+00 +2.2089e+00 +3.9921e+00 +3.4175e+00
3895 +1.403957699e+00 +1.403957699e+00 +1.946739577e+02 +1.946739577e+02 +2.1777e+00 -3.3273e+00 +2.1619e+00 +3.9884e+00 +3.4177e+00
4180 +8.478903167e-01 +8.478903167e-01 +1.941178903e+02 +1.941178903e+02 +2.2001e+00 -3.3343e+00 +2.1618e+00 +3.9913e+00 +3.4181e+00
4315 +4.218786805e-01 +4.218786805e-01 +1.936918787e+02 +1.936918787e+02 +1.9240e+00 -3.3166e+00 +2.1814e+00 +3.9926e+00 +3.4174e+00
4378 +3.680920412e-01 +3.680920412e-01 +1.936380920e+02 +1.936380920e+02 +2.0703e+00 -3.3959e+00 +2.1818e+00 +3.9943e+00 +3.4173e+00
4578 +2.299566662e-01 +2.299566662e-01 +1.934999567e+02 +1.934999567e+02 +2.0667e+00 -3.3457e+00 +2.1696e+00 +3.9981e+00 +3.4176e+00
4616 +5.035741223e-02 +5.035741223e-02 +1.933203574e+02 +1.933203574e+02 +2.0012e+00 -3.3377e+00 +2.1676e+00 +3.9943e+00 +3.4175e+00
4678 +2.254579421e-02 +2.254579421e-02 +1.932925458e+02 +1.932925458e+02 +1.9860e+00 -3.3457e+00 +2.1659e+00 +3.9952e+00 +3.4175e+00
4778 +3.978031108e-03 +3.978031108e-03 +1.932739780e+02 +1.932739780e+02 +1.9825e+00 -3.3415e+00 +2.1694e+00 +3.9953e+00 +3.4176e+00
5278 +2.070806645e-03 +2.070806645e-03 +1.932720708e+02 +1.932720708e+02 +2.0196e+00 -3.3403e+00 +2.1692e+00 +3.9954e+00 +3.4176e+00
5928 +9.593329899e-04 +9.593329899e-04 +1.932709593e+02 +1.932709593e+02 +2.0216e+00 -3.3404e+00 +2.1693e+00 +3.9951e+00 +3.4176e+00
6178 +4.137481601e-04 +4.137481601e-04 +1.932704137e+02 +1.932704137e+02 +2.0343e+00 -3.3405e+00 +2.1693e+00 +3.9951e+00 +3.4176e+00
6278 +3.034564419e-04 +3.034564419e-04 +1.932703035e+02 +1.932703035e+02 +2.0344e+00 -3.3406e+00 +2.1693e+00 +3.9952e+00 +3.4176e+00
6386 +2.415167205e-04 +2.415167205e-04 +1.932702415e+02 +1.932702415e+02 +2.0417e+00 -3.3396e+00 +2.1691e+00 +3.9953e+00 +3.4176e+00
7210 +1.199795105e-04 +1.199795105e-04 +1.932701200e+02 +1.932701200e+02 +2.0329e+00 -3.3384e+00 +2.1690e+00 +3.9952e+00 +3.4176e+00
7278 +5.600210264e-05 +5.600210264e-05 +1.932700560e+02 +1.932700560e+02 +2.0380e+00 -3.3390e+00 +2.1690e+00 +3.9952e+00 +3.4176e+00
7528 +3.483470522e-05 +3.483470522e-05 +1.932700348e+02 +1.932700348e+02 +2.0383e+00 -3.3386e+00 +2.1689e+00 +3.9952e+00 +3.4176e+00
7910 +2.415416373e-05 +2.415416373e-05 +1.932700242e+02 +1.932700242e+02 +2.0364e+00 -3.3392e+00 +2.1689e+00 +3.9952e+00 +3.4176e+00
8760 +1.510609982e-05 +1.510609982e-05 +1.932700151e+02 +1.932700151e+02 +2.0381e+00 -3.3390e+00 +2.1688e+00 +3.9952e+00 +3.4176e+00
8930 +9.317467629e-06 +9.317467629e-06 +1.932700093e+02 +1.932700093e+02 +2.0386e+00 -3.3389e+00 +2.1689e+00 +3.9952e+00 +3.4176e+00
9378 +5.880018932e-06 +5.880018932e-06 +1.932700059e+02 +1.932700059e+02 +2.0390e+00 -3.3390e+00 +2.1688e+00 +3.9952e+00 +3.4176e+00
9778 +2.484372828e-06 +2.484372828e-06 +1.932700025e+02 +1.932700025e+02 +2.0398e+00 -3.3391e+00 +2.1688e+00 +3.9952e+00 +3.4176e+00
10200 +1.204560732e-06 +1.204560732e-06 +1.932700012e+02 +1.932700012e+02 +2.0380e+00 -3.3391e+00 +2.1688e+00 +3.9952e+00 +3.4176e+00
10366 +8.109991541e-07 +8.109991541e-07 +1.932700008e+02 +1.932700008e+02 +2.0386e+00 -3.3391e+00 +2.1688e+00 +3.9952e+00 +3.4176e+00
10583 +2.980817726e-07 +2.980817726e-07 +1.932700003e+02 +1.932700003e+02 +2.0386e+00 -3.3392e+00 +2.1688e+00 +3.9952e+00 +3.4176e+00
11128 +5.121711411e-08 +5.121711411e-08 +1.932700001e+02 +1.932700001e+02 +2.0383e+00 -3.3392e+00 +2.1688e+00 +3.9952e+00 +3.4176e+00
11633 +2.607279725e-08 +2.607279725e-08 +1.932700000e+02 +1.932700000e+02 +2.0383e+00 -3.3392e+00 +2.1688e+00 +3.9952e+00 +3.4176e+00
12157 +1.310780817e-08 +1.310780817e-08 +1.932700000e+02 +1.932700000e+02 +2.0384e+00 -3.3392e+00 +2.1688e+00 +3.9952e+00 +3.4176e+00
12305 +9.531987644e-09 +9.531987644e-09 +1.932700000e+02 +1.932700000e+02 +2.0384e+00 -3.3392e+00 +2.1688e+00 +3.9952e+00 +3.4176e+00
% function evaluation | noise-free fitness - Fopt (-4.190100000000e+02) | best noise-free fitness - Fopt | measured fitness | best measured fitness | x1 | x2...
1 +4.550351314e+07 +4.550351314e+07 +4.550309413e+07 +4.550309413e+07 -2.4451e+00 +7.2352e-01 -9.1081e-01 -1.2510e+00 +4.7509e+00
2 +4.978815414e+06 +4.978815414e+06 +4.978396404e+06 +4.978396404e+06 +2.5845e+00 +1.3493e+00 -2.8779e+00 -4.2104e-01 -3.9782e+00
4 +2.482232235e+06 +2.482232235e+06 +2.481813225e+06 +2.481813225e+06 +3.5449e+00 -1.9257e+00 +4.8090e+00 +3.3812e-01 -2.6110e-01
6 +9.791845944e+05 +9.791845944e+05 +9.787655844e+05 +9.787655844e+05 +5.3579e-01 +7.4758e-01 -1.4433e-02 +1.0774e+00 -1.1651e+00
29 +7.093075456e+04 +7.093075456e+04 +7.051174456e+04 +7.051174456e+04 -2.0186e+00 +2.6164e+00 +9.6977e-01 -1.8403e+00 -1.7295e+00
35 +3.359745506e+04 +3.359745506e+04 +3.317844506e+04 +3.317844506e+04 -1.9217e+00 +3.0116e+00 +1.7579e+00 -2.8982e+00 -1.6589e+00
163 +9.526513752e+03 +9.526513752e+03 +9.107503752e+03 +9.107503752e+03 -1.5708e+00 +1.6665e+00 +0.0000e+00 -2.8846e+00 -1.7374e+00
555 +1.871179243e+03 +1.871179243e+03 +1.452169243e+03 +1.452169243e+03 -2.9163e+00 +9.2329e-01 -1.9750e+00 -2.8727e+00 -1.7760e+00
647 +1.018825611e+03 +1.018825611e+03 +5.998156111e+02 +5.998156111e+02 -3.2922e+00 +8.5605e-01 -2.3144e+00 -2.9050e+00 -1.7662e+00
1433 +6.854571307e+02 +6.854571307e+02 +2.664471307e+02 +2.664471307e+02 -3.0526e+00 +7.0171e-01 -1.9652e+00 -3.0815e+00 -1.7713e+00
1452 +5.481589284e+02 +5.481589284e+02 +1.291489284e+02 +1.291489284e+02 -3.1368e+00 +1.0956e+00 -2.0718e+00 -3.0421e+00 -1.7665e+00
1783 +2.209632430e+02 +2.209632430e+02 -1.980467570e+02 -1.980467570e+02 -2.9437e+00 +6.5019e-01 -2.4808e+00 -3.0493e+00 -1.7707e+00
1847 +1.272332695e+02 +1.272332695e+02 -2.917767305e+02 -2.917767305e+02 -3.2172e+00 +1.5712e+00 -2.4806e+00 -3.0799e+00 -1.7648e+00
1983 +6.465425137e+01 +6.465425137e+01 -3.543557486e+02 -3.543557486e+02 -3.0850e+00 +2.6967e+00 -2.4440e+00 -3.0835e+00 -1.7680e+00
2047 +3.697938090e+01 +3.697938090e+01 -3.820306191e+02 -3.820306191e+02 -3.0788e+00 +2.8288e+00 -2.7448e+00 -3.0916e+00 -1.7693e+00
2197 +2.454158957e+01 +2.454158957e+01 -3.944684104e+02 -3.944684104e+02 -3.0459e+00 +3.9273e+00 -2.6875e+00 -3.0637e+00 -1.7678e+00
2247 +1.465064221e+01 +1.465064221e+01 -4.043593578e+02 -4.043593578e+02 -3.0698e+00 +3.1152e+00 -2.7542e+00 -3.0767e+00 -1.7682e+00
2552 +3.600300889e+00 +3.600300889e+00 -4.154096991e+02 -4.154096991e+02 -2.8856e+00 +2.9525e+00 -2.6393e+00 -3.0571e+00 -1.7658e+00
2783 +1.209035208e+00 +1.209035208e+00 -4.178009648e+02 -4.178009648e+02 -3.2553e+00 +2.8948e+00 -2.6571e+00 -3.0676e+00 -1.7674e+00
3252 +6.911299189e-01 +6.911299189e-01 -4.183188701e+02 -4.183188701e+02 -2.8447e+00 +2.9978e+00 -2.6562e+00 -3.0621e+00 -1.7666e+00
3582 +5.428412587e-01 +5.428412587e-01 -4.184671587e+02 -4.184671587e+02 -2.7897e+00 +2.9636e+00 -2.6522e+00 -3.0623e+00 -1.7670e+00
4497 +3.805284807e-01 +3.805284807e-01 -4.186294715e+02 -4.186294715e+02 -2.7917e+00 +2.9998e+00 -2.6650e+00 -3.0643e+00 -1.7674e+00
4933 +2.288195013e-01 +2.288195013e-01 -4.187811805e+02 -4.187811805e+02 -3.1439e+00 +3.0149e+00 -2.6656e+00 -3.0636e+00 -1.7668e+00
5043 +1.069807172e-01 +1.069807172e-01 -4.189030193e+02 -4.189030193e+02 -3.2175e+00 +3.0067e+00 -2.6708e+00 -3.0642e+00 -1.7671e+00
5152 +6.176921033e-02 +6.176921033e-02 -4.189482308e+02 -4.189482308e+02 -3.1996e+00 +3.0049e+00 -2.6635e+00 -3.0637e+00 -1.7674e+00
5339 +3.366085443e-02 +3.366085443e-02 -4.189763391e+02 -4.189763391e+02 -3.3937e+00 +3.0053e+00 -2.6568e+00 -3.0632e+00 -1.7672e+00
5552 +2.174766549e-02 +2.174766549e-02 -4.189882523e+02 -4.189882523e+02 -3.2749e+00 +3.0047e+00 -2.6624e+00 -3.0627e+00 -1.7673e+00
5652 +9.034940626e-03 +9.034940626e-03 -4.190009651e+02 -4.190009651e+02 -3.3079e+00 +3.0069e+00 -2.6614e+00 -3.0630e+00 -1.7673e+00
5702 +4.403446508e-03 +4.403446508e-03 -4.190055966e+02 -4.190055966e+02 -3.3136e+00 +3.0085e+00 -2.6613e+00 -3.0629e+00 -1.7672e+00
6102 +3.751629212e-03 +3.751629212e-03 -4.190062484e+02 -4.190062484e+02 -3.3092e+00 +3.0061e+00 -2.6613e+00 -3.0629e+00 -1.7672e+00
6702 +2.437144810e-03 +2.437144810e-03 -4.190075629e+02 -4.190075629e+02 -3.3039e+00 +3.0061e+00 -2.6630e+00 -3.0630e+00 -1.7672e+00
6789 +1.300917078e-03 +1.300917078e-03 -4.190086991e+02 -4.190086991e+02 -3.3358e+00 +3.0050e+00 -2.6630e+00 -3.0632e+00 -1.7672e+00
6802 +9.344704436e-04 +9.344704436e-04 -4.190090655e+02 -4.190090655e+02 -3.3402e+00 +3.0059e+00 -2.6627e+00 -3.0631e+00 -1.7672e+00
7052 +6.193932422e-04 +6.193932422e-04 -4.190093806e+02 -4.190093806e+02 -3.3274e+00 +3.0059e+00 -2.6626e+00 -3.0631e+00 -1.7672e+00
7401 +1.682462256e-04 +1.682462256e-04 -4.190098318e+02 -4.190098318e+02 -3.3170e+00 +3.0066e+00 -2.6621e+00 -3.0632e+00 -1.7672e+00
7586 +1.538504984e-04 +1.538504984e-04 -4.190098461e+02 -4.190098461e+02 -3.3292e+00 +3.0065e+00 -2.6622e+00 -3.0632e+00 -1.7672e+00
8202 +8.913009503e-05 +8.913009503e-05 -4.190099109e+02 -4.190099109e+02 -3.3283e+00 +3.0064e+00 -2.6626e+00 -3.0632e+00 -1.7672e+00
8286 +3.572015947e-05 +3.572015947e-05 -4.190099643e+02 -4.190099643e+02 -3.3250e+00 +3.0063e+00 -2.6625e+00 -3.0632e+00 -1.7672e+00
8532 +1.552747221e-05 +1.552747221e-05 -4.190099845e+02 -4.190099845e+02 -3.3258e+00 +3.0073e+00 -2.6623e+00 -3.0632e+00 -1.7672e+00
8586 +9.208016422e-06 +9.208016422e-06 -4.190099908e+02 -4.190099908e+02 -3.3259e+00 +3.0074e+00 -2.6624e+00 -3.0632e+00 -1.7672e+00
9202 +2.111042591e-06 +2.111042591e-06 -4.190099979e+02 -4.190099979e+02 -3.3231e+00 +3.0071e+00 -2.6624e+00 -3.0632e+00 -1.7672e+00
10185 +8.316567346e-07 +8.316567346e-07 -4.190099992e+02 -4.190099992e+02 -3.3243e+00 +3.0071e+00 -2.6624e+00 -3.0632e+00 -1.7672e+00
11144 +1.782830168e-07 +1.782830168e-07 -4.190099998e+02 -4.190099998e+02 -3.3237e+00 +3.0073e+00 -2.6624e+00 -3.0632e+00 -1.7672e+00
11586 +1.126934421e-07 +1.126934421e-07 -4.190099999e+02 -4.190099999e+02 -3.3242e+00 +3.0072e+00 -2.6624e+00 -3.0632e+00 -1.7672e+00
11661 +7.737975238e-08 +7.737975238e-08 -4.190099999e+02 -4.190099999e+02 -3.3238e+00 +3.0072e+00 -2.6624e+00 -3.0632e+00 -1.7672e+00
12339 +6.092250260e-08 +6.092250260e-08 -4.190099999e+02 -4.190099999e+02 -3.3242e+00 +3.0072e+00 -2.6624e+00 -3.0632e+00 -1.7672e+00
12865 +2.550427780e-08 +2.550427780e-08 -4.190100000e+02 -4.190100000e+02 -3.3240e+00 +3.0072e+00 -2.6624e+00 -3.0632e+00 -1.7672e+00
13001 +1.896836466e-08 +1.896836466e-08 -4.190100000e+02 -4.190100000e+02 -3.3241e+00 +3.0072e+00 -2.6624e+00 -3.0632e+00 -1.7672e+00
13161 +3.528953130e-09 +3.528953130e-09 -4.190100000e+02 -4.190100000e+02 -3.3240e+00 +3.0072e+00 -2.6624e+00 -3.0632e+00 -1.7672e+00
% function evaluation | noise-free fitness - Fopt (4.076100000000e+02) | best noise-free fitness - Fopt | measured fitness | best measured fitness | x1 | x2...
1 +1.712247597e+07 +1.712247597e+07 +1.712288358e+07 +1.712288358e+07 -2.1494e+00 -8.7926e-01 -3.9161e+00 +3.2935e+00 -1.6381e+00
2 +2.773850553e+06 +2.773850553e+06 +2.774258163e+06 +2.774258163e+06 +4.7021e+00 +3.5122e+00 -3.9670e-02 +2.7982e+00 +9.5400e-01
10 +1.518132944e+06 +1.518132944e+06 +1.518540554e+06 +1.518540554e+06 -4.8024e+00 +1.6526e+00 -9.6555e-01 +9.3233e-01 +1.3625e+00
14 +2.381645749e+05 +2.381645749e+05 +2.385721849e+05 +2.385721849e+05 +3.5337e-01 +3.3511e+00 -2.2398e+00 +1.7357e+00 +2.0938e+00
69 +5.900896771e+04 +5.900896771e+04 +5.941657771e+04 +5.941657771e+04 +1.6457e+00 +1.6939e+00 +7.2409e-01 +2.8614e+00 +2.7031e+00
106 +1.957457734e+04 +1.957457734e+04 +1.998218734e+04 +1.998218734e+04 -1.9276e+00 +4.4416e+00 +1.8558e+00 +2.1807e+00 +2.4431e+00
266 +6.718553310e+03 +6.718553310e+03 +7.126163310e+03 +7.126163310e+03 -2.7308e+00 +2.9467e+00 +2.8990e+00 +2.7280e+00 +2.4123e+00
615 +2.563974718e+03 +2.563974718e+03 +2.971584718e+03 +2.971584718e+03 -3.9964e+00 +2.3616e+00 +3.6514e+00 +2.9833e+00 +2.4528e+00
701 +2.194467380e+03 +2.194467380e+03 +2.602077380e+03 +2.602077380e+03 -4.7885e+00 -1.2329e+00 +4.5783e+00 +2.6516e+00 +2.4655e+00
940 +5.667192524e+02 +5.667192524e+02 +9.743292524e+02 +9.743292524e+02 -5.0000e+00 -1.4227e+00 +4.2393e+00 +2.9103e+00 +2.4693e+00
1343 +3.173980683e+02 +3.173980683e+02 +7.250080683e+02 +7.250080683e+02 -5.0000e+00 -7.3492e-01 +3.9514e+00 +2.8584e+00 +2.4753e+00
1557 +2.383413192e+02 +2.383413192e+02 +6.459513192e+02 +6.459513192e+02 -5.0000e+00 -1.0740e+00 +3.8263e+00 +2.8513e+00 +2.4767e+00
1995 +1.484110063e+02 +1.484110063e+02 +5.560210063e+02 +5.560210063e+02 -5.0000e+00 -2.6662e+00 +4.0800e+00 +2.8037e+00 +2.4813e+00
2113 +8.554655585e+01 +8.554655585e+01 +4.931565558e+02 +4.931565558e+02 -4.6438e+00 -2.9346e+00 +4.0903e+00 +2.8338e+00 +2.4834e+00
2313 +3.344600604e+01 +3.344600604e+01 +4.410560060e+02 +4.410560060e+02 -4.2090e+00 -2.7866e+00 +3.8874e+00 +2.8294e+00 +2.4828e+00
2513 +1.996679755e+01 +1.996679755e+01 +4.275767975e+02 +4.275767975e+02 -4.2156e+00 -3.5926e+00 +3.8479e+00 +2.8361e+00 +2.4810e+00
3366 +1.226434256e+01 +1.226434256e+01 +4.198743426e+02 +4.198743426e+02 -2.9989e+00 -3.4425e+00 +3.8835e+00 +2.8535e+00 +2.4813e+00
3655 +8.574966845e+00 +8.574966845e+00 +4.161849668e+02 +4.161849668e+02 -1.0569e+00 -3.5810e+00 +3.7849e+00 +2.8346e+00 +2.4834e+00
3745 +3.959123708e+00 +3.959123708e+00 +4.115691237e+02 +4.115691237e+02 -4.6581e-01 -3.5574e+00 +3.8307e+00 +2.8375e+00 +2.4834e+00
4129 +2.407081432e+00 +2.407081432e+00 +4.100170814e+02 +4.100170814e+02 -9.2866e-01 -3.4615e+00 +3.8699e+00 +2.8377e+00 +2.4825e+00
4326 +1.263549117e+00 +1.263549117e+00 +4.088735491e+02 +4.088735491e+02 -1.8829e-01 -3.4851e+00 +3.8429e+00 +2.8451e+00 +2.4830e+00
4466 +6.377354245e-01 +6.377354245e-01 +4.082477354e+02 +4.082477354e+02 -1.0057e+00 -3.3505e+00 +3.8508e+00 +2.8438e+00 +2.4819e+00
4535 +2.101031031e-01 +2.101031031e-01 +4.078201031e+02 +4.078201031e+02 -1.5392e-02 -3.3564e+00 +3.8495e+00 +2.8420e+00 +2.4824e+00
4979 +1.527297738e-01 +1.527297738e-01 +4.077627298e+02 +4.077627298e+02 -7.2256e-01 -3.3310e+00 +3.8473e+00 +2.8434e+00 +2.4826e+00
5529 +9.743035546e-02 +9.743035546e-02 +4.077074304e+02 +4.077074304e+02 -3.3557e-01 -3.3219e+00 +3.8418e+00 +2.8427e+00 +2.4822e+00
5974 +2.178645149e-02 +2.178645149e-02 +4.076317865e+02 +4.076317865e+02 -3.8260e-01 -3.3351e+00 +3.8429e+00 +2.8435e+00 +2.4823e+00
6216 +1.401037582e-02 +1.401037582e-02 +4.076240104e+02 +4.076240104e+02 -3.7872e-01 -3.3366e+00 +3.8443e+00 +2.8428e+00 +2.4824e+00
6429 +9.856752183e-03 +9.856752183e-03 +4.076198568e+02 +4.076198568e+02 -4.2085e-01 -3.3368e+00 +3.8433e+00 +2.8432e+00 +2.4824e+00
6716 +5.649272036e-03 +5.649272036e-03 +4.076156493e+02 +4.076156493e+02 -3.8934e-01 -3.3369e+00 +3.8457e+00 +2.8434e+00 +2.4825e+00
7129 +1.856692005e-03 +1.856692005e-03 +4.076118567e+02 +4.076118567e+02 -3.9224e-01 -3.3385e+00 +3.8465e+00 +2.8434e+00 +2.4824e+00
7331 +5.028830744e-04 +5.028830744e-04 +4.076105029e+02 +4.076105029e+02 -3.9715e-01 -3.3389e+00 +3.8465e+00 +2.8433e+00 +2.4824e+00
8031 +2.955101821e-04 +2.955101821e-04 +4.076102955e+02 +4.076102955e+02 -4.0407e-01 -3.3406e+00 +3.8464e+00 +2.8432e+00 +2.4824e+00
8208 +6.307693371e-05 +6.307693371e-05 +4.076100631e+02 +4.076100631e+02 -4.1878e-01 -3.3377e+00 +3.8465e+00 +2.8432e+00 +2.4824e+00
8881 +2.551219382e-05 +2.551219382e-05 +4.076100255e+02 +4.076100255e+02 -4.1608e-01 -3.3377e+00 +3.8464e+00 +2.8432e+00 +2.4824e+00
9124 +2.046065907e-05 +2.046065907e-05 +4.076100205e+02 +4.076100205e+02 -4.1672e-01 -3.3378e+00 +3.8464e+00 +2.8432e+00 +2.4824e+00
9174 +1.213945086e-05 +1.213945086e-05 +4.076100121e+02 +4.076100121e+02 -4.1773e-01 -3.3380e+00 +3.8464e+00 +2.8432e+00 +2.4824e+00
9424 +8.998719807e-06 +8.998719807e-06 +4.076100090e+02 +4.076100090e+02 -4.1611e-01 -3.3381e+00 +3.8464e+00 +2.8432e+00 +2.4824e+00
9874 +4.449734092e-06 +4.449734092e-06 +4.076100044e+02 +4.076100044e+02 -4.1558e-01 -3.3383e+00 +3.8464e+00 +2.8432e+00 +2.4824e+00
10073 +3.742677279e-06 +3.742677279e-06 +4.076100037e+02 +4.076100037e+02 -4.1469e-01 -3.3383e+00 +3.8464e+00 +2.8432e+00 +2.4824e+00
10110 +9.427382111e-07 +9.427382111e-07 +4.076100009e+02 +4.076100009e+02 -4.1483e-01 -3.3383e+00 +3.8464e+00 +2.8432e+00 +2.4824e+00
10673 +6.008856985e-07 +6.008856985e-07 +4.076100006e+02 +4.076100006e+02 -4.1507e-01 -3.3383e+00 +3.8464e+00 +2.8432e+00 +2.4824e+00
10924 +3.190035045e-07 +3.190035045e-07 +4.076100003e+02 +4.076100003e+02 -4.1518e-01 -3.3383e+00 +3.8464e+00 +2.8432e+00 +2.4824e+00
11423 +1.794328455e-07 +1.794328455e-07 +4.076100002e+02 +4.076100002e+02 -4.1526e-01 -3.3383e+00 +3.8464e+00 +2.8432e+00 +2.4824e+00
11724 +1.031216357e-07 +1.031216357e-07 +4.076100001e+02 +4.076100001e+02 -4.1527e-01 -3.3384e+00 +3.8464e+00 +2.8432e+00 +2.4824e+00
11781 +3.655378578e-08 +3.655378578e-08 +4.076100000e+02 +4.076100000e+02 -4.1528e-01 -3.3384e+00 +3.8464e+00 +2.8432e+00 +2.4824e+00
11845 +1.928606252e-08 +1.928606252e-08 +4.076100000e+02 +4.076100000e+02 -4.1527e-01 -3.3384e+00 +3.8464e+00 +2.8432e+00 +2.4824e+00
11923 +8.175959465e-09 +8.175959465e-09 +4.076100000e+02 +4.076100000e+02 -4.1527e-01 -3.3384e+00 +3.8464e+00 +2.8432e+00 +2.4824e+00
% function evaluation | noise-free fitness - Fopt (2.872000000000e+01) | best noise-free fitness - Fopt | measured fitness | best measured fitness | x1 | x2...
1 +5.262567351e+06 +5.262567351e+06 +5.262596071e+06 +5.262596071e+06 -1.3394e+00 +2.8793e+00 +1.2240e+00 +2.3805e+00 -4.0866e+00
8 +3.452136835e+06 +3.452136835e+06 +3.452165555e+06 +3.452165555e+06 -3.6112e+00 -4.9882e+00 +9.8056e-01 -2.8768e+00 -3.3756e+00
13 +2.211757157e+06 +2.211757157e+06 +2.211785877e+06 +2.211785877e+06 +7.7909e-01 +2.0525e+00 -9.6933e-01 -9.4140e-01 -2.2324e-01
14 +1.385560042e+06 +1.385560042e+06 +1.385588762e+06 +1.385588762e+06 -1.2058e+00 +2.2315e+00 -1.8334e+00 +2.5116e+00 -2.8533e+00
17 +4.103887324e+05 +4.103887324e+05 +4.104174524e+05 +4.104174524e+05 +4.5422e+00 -3.3375e+00 -3.9844e+00 -2.8900e+00 -1.7597e+00
34 +2.829833122e+05 +2.829833122e+05 +2.830120322e+05 +2.830120322e+05 -9.1760e-01 -4.2621e+00 +2.3284e+00 +1.3421e+00 -1.2699e+00
51 +1.713677119e+05 +1.713677119e+05 +1.713964319e+05 +1.713964319e+05 -1.0420e+00 -2.1207e+00 -1.3258e+00 +2.7162e+00 -1.9561e+00
109 +1.359712774e+05 +1.359712774e+05 +1.359999974e+05 +1.359999974e+05 -1.1233e+00 -2.0883e+00 -5.1008e-01 +3.9885e-01 -1.4046e+00
129 +8.420451585e+04 +8.420451585e+04 +8.423323585e+04 +8.423323585e+04 -2.0589e+00 -5.0000e+00 -1.5263e+00 +2.4409e+00 -1.7545e+00
138 +4.186971823e+04 +4.186971823e+04 +4.189843823e+04 +4.189843823e+04 +3.7813e+00 -5.0000e+00 -2.0590e+00 -3.6743e-02 -1.9047e+00
187 +3.244035737e+04 +3.244035737e+04 +3.246907737e+04 +3.246907737e+04 +3.5063e+00 +1.4735e+00 -1.5269e+00 +1.4522e+00 -1.8659e+00
360 +2.306399525e+04 +2.306399525e+04 +2.309271525e+04 +2.309271525e+04 +4.5830e+00 +9.9990e-01 -1.2869e+00 +1.4502e+00 -1.7829e+00
531 +1.099613759e+04 +1.099613759e+04 +1.102485759e+04 +1.102485759e+04 +5.0000e+00 -2.6668e-01 -2.1319e+00 +1.1383e+00 -1.6926e+00
637 +7.896252298e+03 +7.896252298e+03 +7.924972298e+03 +7.924972298e+03 +5.0000e+00 -3.9888e-01 -2.6004e+00 +1.0660e+00 -1.8105e+00
649 +5.788459722e+03 +5.788459722e+03 +5.817179722e+03 +5.817179722e+03 +5.0000e+00 -3.4781e+00 -2.1998e+00 +1.0217e+00 -1.7840e+00
728 +1.248882826e+03 +1.248882826e+03 +1.277602826e+03 +1.277602826e+03 +3.7643e+00 -3.3598e+00 -3.2448e+00 +8.8943e-01 -1.7433e+00
931 +5.046129968e+02 +5.046129968e+02 +5.333329968e+02 +5.333329968e+02 +2.3251e+00 -4.0024e+00 -3.4168e+00 +8.3045e-01 -1.7538e+00
1631 +7.940617076e+01 +7.940617076e+01 +1.081261708e+02 +1.081261708e+02 +2.9288e+00 -3.9865e+00 -3.5793e+00 +7.6075e-01 -1.7585e+00
1783 +5.770605052e+01 +5.770605052e+01 +8.642605052e+01 +8.642605052e+01 +3.1405e+00 -3.4887e+00 -3.6792e+00 +7.5447e-01 -1.7608e+00
2333 +3.348232687e+01 +3.348232687e+01 +6.220232687e+01 +6.220232687e+01 +1.5057e+00 -3.4004e+00 -3.7090e+00 +7.4105e-01 -1.7561e+00
2728 +7.915042012e+00 +7.915042012e+00 +3.663504201e+01 +3.663504201e+01 +1.3167e+00 -3.1822e+00 -3.6181e+00 +7.3438e-01 -1.7576e+00
3028 +6.124797545e+00 +6.124797545e+00 +3.484479755e+01 +3.484479755e+01 +1.3689e+00 -3.0982e+00 -3.6214e+00 +7.3185e-01 -1.7570e+00
3084 +3.127743603e+00 +3.127743603e+00 +3.184774360e+01 +3.184774360e+01 +1.2872e+00 -3.0571e+00 -3.6227e+00 +7.1484e-01 -1.7562e+00
3128 +1.805922868e+00 +1.805922868e+00 +3.052592287e+01 +3.052592287e+01 +1.2628e+00 -3.0414e+00 -3.5935e+00 +7.2653e-01 -1.7575e+00
3171 +1.315024136e+00 +1.315024136e+00 +3.003502414e+01 +3.003502414e+01 +1.4061e+00 -3.1527e+00 -3.5897e+00 +7.1538e-01 -1.7584e+00
3184 +3.152287925e-01 +3.152287925e-01 +2.903522879e+01 +2.903522879e+01 +1.2645e+00 -3.0503e+00 -3.5815e+00 +7.1998e-01 -1.7575e+00
3599 +1.327897773e-01 +1.327897773e-01 +2.885278978e+01 +2.885278978e+01 +1.3285e+00 -3.0706e+00 -3.5882e+00 +7.2012e-01 -1.7575e+00
3699 +8.969525960e-02 +8.969525960e-02 +2.880969526e+01 +2.880969526e+01 +1.3266e+00 -3.0588e+00 -3.5965e+00 +7.2036e-01 -1.7575e+00
4347 +4.818289262e-02 +4.818289262e-02 +2.876818289e+01 +2.876818289e+01 +1.4625e+00 -3.0470e+00 -3.5979e+00 +7.1883e-01 -1.7576e+00
4449 +2.406039164e-02 +2.406039164e-02 +2.874406039e+01 +2.874406039e+01 +1.4919e+00 -3.0692e+00 -3.5963e+00 +7.1948e-01 -1.7577e+00
5049 +1.332453829e-02 +1.332453829e-02 +2.873332454e+01 +2.873332454e+01 +1.4870e+00 -3.0846e+00 -3.5979e+00 +7.1945e-01 -1.7576e+00
5501 +5.791634486e-03 +5.791634486e-03 +2.872579163e+01 +2.872579163e+01 +1.4494e+00 -3.0833e+00 -3.5983e+00 +7.1923e-01 -1.7576e+00
5875 +3.852379473e-03 +3.852379473e-03 +2.872385238e+01 +2.872385238e+01 +1.4349e+00 -3.0821e+00 -3.5959e+00 +7.1938e-01 -1.7576e+00
5975 +1.555440339e-03 +1.555440339e-03 +2.872155544e+01 +2.872155544e+01 +1.3920e+00 -3.0801e+00 -3.5972e+00 +7.1908e-01 -1.7576e+00
6399 +6.956229759e-04 +6.956229759e-04 +2.872069562e+01 +2.872069562e+01 +1.4020e+00 -3.0823e+00 -3.5970e+00 +7.1924e-01 -1.7576e+00
6881 +5.619244516e-04 +5.619244516e-04 +2.872056192e+01 +2.872056192e+01 +1.4010e+00 -3.0836e+00 -3.5966e+00 +7.1926e-01 -1.7576e+00
7338 +2.595126552e-04 +2.595126552e-04 +2.872025951e+01 +2.872025951e+01 +1.4010e+00 -3.0839e+00 -3.5967e+00 +7.1914e-01 -1.7576e+00
7401 +1.500263747e-04 +1.500263747e-04 +2.872015003e+01 +2.872015003e+01 +1.3885e+00 -3.0839e+00 -3.5966e+00 +7.1917e-01 -1.7576e+00
7725 +6.640744682e-05 +6.640744682e-05 +2.872006641e+01 +2.872006641e+01 +1.3986e+00 -3.0849e+00 -3.5968e+00 +7.1918e-01 -1.7576e+00
7825 +2.956699837e-05 +2.956699837e-05 +2.872002957e+01 +2.872002957e+01 +1.3972e+00 -3.0849e+00 -3.5968e+00 +7.1920e-01 -1.7576e+00
8025 +1.304176357e-05 +1.304176357e-05 +2.872001304e+01 +2.872001304e+01 +1.3938e+00 -3.0850e+00 -3.5967e+00 +7.1920e-01 -1.7576e+00
8531 +9.239407266e-06 +9.239407266e-06 +2.872000924e+01 +2.872000924e+01 +1.3933e+00 -3.0849e+00 -3.5968e+00 +7.1921e-01 -1.7576e+00
8775 +5.493366853e-06 +5.493366853e-06 +2.872000549e+01 +2.872000549e+01 +1.3930e+00 -3.0849e+00 -3.5968e+00 +7.1920e-01 -1.7576e+00
9425 +3.979576388e-06 +3.979576388e-06 +2.872000398e+01 +2.872000398e+01 +1.3935e+00 -3.0849e+00 -3.5968e+00 +7.1920e-01 -1.7576e+00
9799 +1.800688718e-06 +1.800688718e-06 +2.872000180e+01 +2.872000180e+01 +1.3943e+00 -3.0849e+00 -3.5968e+00 +7.1920e-01 -1.7576e+00
10228 +1.151793327e-06 +1.151793327e-06 +2.872000115e+01 +2.872000115e+01 +1.3949e+00 -3.0849e+00 -3.5968e+00 +7.1920e-01 -1.7576e+00
10575 +9.888650787e-07 +9.888650787e-07 +2.872000099e+01 +2.872000099e+01 +1.3942e+00 -3.0848e+00 -3.5968e+00 +7.1920e-01 -1.7576e+00
11081 +5.303519970e-07 +5.303519970e-07 +2.872000053e+01 +2.872000053e+01 +1.3945e+00 -3.0848e+00 -3.5968e+00 +7.1920e-01 -1.7576e+00
11248 +3.825782855e-07 +3.825782855e-07 +2.872000038e+01 +2.872000038e+01 +1.3945e+00 -3.0848e+00 -3.5968e+00 +7.1920e-01 -1.7576e+00
11475 +2.191162594e-07 +2.191162594e-07 +2.872000022e+01 +2.872000022e+01 +1.3943e+00 -3.0848e+00 -3.5968e+00 +7.1920e-01 -1.7576e+00
11675 +1.571883637e-07 +1.571883637e-07 +2.872000016e+01 +2.872000016e+01 +1.3943e+00 -3.0848e+00 -3.5968e+00 +7.1920e-01 -1.7576e+00
11849 +6.878641656e-08 +6.878641656e-08 +2.872000007e+01 +2.872000007e+01 +1.3942e+00 -3.0848e+00 -3.5968e+00 +7.1920e-01 -1.7576e+00
12075 +5.401681946e-08 +5.401681946e-08 +2.872000005e+01 +2.872000005e+01 +1.3944e+00 -3.0848e+00 -3.5968e+00 +7.1920e-01 -1.7576e+00
12217 +2.657304776e-08 +2.657304776e-08 +2.872000003e+01 +2.872000003e+01 +1.3945e+00 -3.0848e+00 -3.5968e+00 +7.1920e-01 -1.7576e+00
12325 +1.898401081e-08 +1.898401081e-08 +2.872000002e+01 +2.872000002e+01 +1.3944e+00 -3.0848e+00 -3.5968e+00 +7.1920e-01 -1.7576e+00
12425 +1.043335374e-08 +1.043335374e-08 +2.872000001e+01 +2.872000001e+01 +1.3944e+00 -3.0848e+00 -3.5968e+00 +7.1920e-01 -1.7576e+00
12475 +9.888221797e-09 +9.888221797e-09 +2.872000001e+01 +2.872000001e+01 +1.3944e+00 -3.0848e+00 -3.5968e+00 +7.1920e-01 -1.7576e+00
