% function evaluation | noise-free fitness - Fopt (-5.465000000000e+02) | best noise-free fitness - Fopt | measured fitness | best measured fitness | x1 | x2...
1 +2.289149659e+05 +2.289149659e+05 +2.283684659e+05 +2.283684659e+05 -2.4307e+00 +2.9891e+00 +4.7355e+00 -4.8663e+00 -1.3746e+00 -1.9732e+00 -4.0274e+00 -1.3206e+00 +4.4173e+00 -3.7741e+00 -8.7959e-01 -3.3498e+00 -3.3503e+00 +1.2502e-02 -2.5726e+00 +1.0684e+00 -2.7281e+00 -6.5312e-01 -4.8437e+00 +5.4514e-01
2 +1.583248068e+05 +1.583248068e+05 +1.577783068e+05 +1.577783068e+05 +4.8317e+00 +2.3679e+00 +5.0030e-02 +1.8315e-01 -2.6731e+00 -3.4222e+00 +2.2479e+00 -1.4609e+00 +4.6693e+00 -6.9185e-01 -1.8434e+00 +7.2557e-01 +2.8686e+00 +1.1928e-01 -1.7494e+00 +1.0834e+00 +1.2926e+00 -4.1498e+00 +4.7076e+00 +1.8016e+00
7 +9.979075581e+04 +9.979075581e+04 +9.924425581e+04 +9.924425581e+04 +3.7648e+00 +4.4345e+00 -3.5368e+00 -1.8887e+00 +8.2420e-01 -5.3899e-01 +4.5451e+00 +3.6794e+00 -1.7999e-01 +4.2686e+00 -2.1330e+00 -3.8917e+00 +1.1485e+00 -1.3516e+00 +2.9753e+00 +1.7952e+00 +1.1569e+00 +1.3304e+00 -2.3036e+00 +4.7620e+00
44 +6.212092717e+04 +6.212092717e+04 +6.157442717e+04 +6.157442717e+04 -4.0793e+00 +3.2864e+00 +2.6127e+00 +4.4763e+00 +3.4375e+00 -1.4598e+00 -1.7699e+00 -7.9506e-02 -4.1148e+00 -3.6975e+00 +3.8928e+00 +7.5039e-01 +4.3999e+00 -4.1913e+00 +1.4376e+00 +1.7111e+00 +2.1946e+00 -2.2074e+00 -4.3557e+00 +2.3410e+00
71 +3.206236226e+04 +3.206236226e+04 +3.151586226e+04 +3.151586226e+04 +4.9133e+00 -3.8488e+00 +2.9644e+00 +1.4355e+00 +3.8755e+00 -1.5454e+00 -1.0349e+00 -1.0798e+00 +4.1680e-01 +1.8203e-01 +1.2261e+00 +1.2051e+00 -2.4122e+00 -2.2336e+00 +3.7915e-01 -1.5959e-01 +2.1856e+00 -2.1872e+00 -3.3044e+00 -1.0868e+00
281 +2.319154195e+04 +2.319154195e+04 +2.264504195e+04 +2.264504195e+04 +2.3499e+00 -8.5585e-01 +2.9828e+00 -2.0216e-01 +2.5161e+00 -2.4633e-01 -1.9868e+00 +3.6784e-01 +1.4021e-02 +1.6280e+00 +2.4543e+00 +3.2815e+00 -2.9713e+00 -1.7738e+00 +4.1516e-01 -4.0785e+00 -1.0461e+00 -4.0439e+00 -1.7458e+00 +1.3946e+00
415 +1.080075870e+04 +1.080075870e+04 +1.025425870e+04 +1.025425870e+04 +3.9829e+00 -1.2568e+00 +2.8266e+00 +2.7694e+00 +4.3579e+00 -4.1773e-01 -2.2763e+00 -9.8738e-01 +1.5366e+00 +2.6864e+00 +2.7834e+00 +1.5107e+00 +3.2579e-01 -1.2139e+00 -3.4154e-01 -4.1055e+00 -1.9751e-01 -2.9230e+00 -6.1939e-01 +5.0404e-01
468 +2.101644523e+03 +2.101644523e+03 +1.555144523e+03 +1.555144523e+03 +0.0000e+00 -1.2465e+00 +7.2370e-01 -2.9265e-01 +2.6433e+00 +0.0000e+00 -1.1204e+00 -6.2797e-01 -3.2735e-01 +2.1670e+00 -5.3617e-01 +3.8030e+00 -3.7925e-01 -6.5459e-01 +7.2695e-01 -1.5907e-01 +1.2139e+00 -2.6288e-01 -1.2975e+00 +1.8034e+00
1445 +1.323917539e+03 +1.323917539e+03 +7.774175388e+02 +7.774175388e+02 -5.8404e-01 -1.8748e+00 +1.1200e+00 +1.0199e+00 +4.0813e+00 +1.1394e-02 -1.5970e+00 -2.1019e-01 +5.1297e-01 +1.9873e+00 -6.2799e-01 +3.4314e+00 -4.6309e-01 -8.5903e-01 +2.5531e-01 -5.4536e-01 +7.5562e-01 -6.5581e-01 -2.7555e+00 +1.7296e+00
1506 +8.992136323e+02 +8.992136323e+02 +3.527136323e+02 +3.527136323e+02 -7.5260e-03 -9.8824e-01 +7.2160e-01 +1.2068e-01 +2.1641e+00 +8.3886e-01 -7.7918e-01 +4.9999e-01 +1.0430e-01 +1.1815e+00 -6.2759e-01 +2.5558e+00 +1.9846e+00 -7.5535e-01 +1.5948e+00 +1.2509e-01 +2.5899e+00 -8.5051e-01 -2.5556e+00 +1.6268e+00
2062 +4.464452553e+02 +4.464452553e+02 -1.000547447e+02 -1.000547447e+02 +6.9140e-01 -1.4969e+00 +5.0912e-02 +1.1832e-01 +2.9258e+00 -8.5535e-01 -7.9272e-01 +1.2438e+00 -2.6282e-01 +2.0423e+00 +3.5759e-01 +2.8634e+00 +8.4462e-01 -2.4668e+00 +1.3666e-01 -1.0617e+00 +2.9047e+00 -8.5466e-01 -1.2311e+00 +1.2383e+00
2182 +3.406167483e+02 +3.406167483e+02 -2.058832517e+02 -2.058832517e+02 +3.6470e-01 -1.7519e+00 -8.9371e-01 +2.7900e-01 +2.8235e+00 -3.8538e-01 -2.1233e+00 -1.6513e-02 +7.5247e-01 +4.0815e-01 +1.1432e+00 +2.1923e+00 +1.0059e+00 -5.5915e-01 +2.7132e+00 -1.1037e+00 +2.0928e+00 -1.1453e+00 -1.9432e+00 +2.1067e+00
2217 +8.508975993e+01 +8.508975993e+01 -4.614102401e+02 -4.614102401e+02 -2.2482e+00 -1.6849e+00 -1.2980e-01 -1.6838e-01 +2.4017e+00 -2.1172e+00 -1.6711e+00 -3.8731e-01 -4.7462e-01 +2.8967e+00 +8.5047e-01 +2.0668e+00 +1.5924e+00 -3.8094e-01 +1.6604e+00 -7.1879e-01 +2.3068e+00 -3.0517e-01 -2.3728e+00 +2.2282e+00
2992 +5.114488148e+01 +5.114488148e+01 -4.953551185e+02 -4.953551185e+02 -4.7111e-01 -1.3282e+00 +2.9663e-01 +6.9376e-01 +2.2993e+00 -9.2916e-01 -9.1789e-01 +1.1949e+00 -1.1227e+00 +2.2908e+00 +1.8642e+00 +2.2618e+00 +0.0000e+00 -4.2330e-01 +1.3010e+00 -5.8171e-01 +1.1381e+00 -8.2659e-01 -2.1705e+00 +5.5800e-01
3835 +4.757001874e+00 +4.757001874e+00 -5.417429981e+02 -5.417429981e+02 +2.3392e-01 -1.2957e+00 -9.5298e-02 +2.0452e-01 +2.1254e+00 -1.8542e+00 -1.2179e+00 +1.1894e+00 -7.6162e-02 +2.3253e+00 +1.8363e+00 +2.2463e+00 +9.3124e-02 -1.7820e+00 +1.2793e+00 -5.6563e-01 +1.1824e+00 -7.6382e-01 -1.3392e+00 +1.2914e+00
5173 +3.714765896e+00 +3.714765896e+00 -5.427852341e+02 -5.427852341e+02 +6.1241e-01 -1.5717e+00 -1.0387e+00 +2.5911e-01 +2.0057e+00 -1.9441e+00 -1.1193e+00 +1.7110e+00 +2.4942e-01 +2.1441e+00 +1.6963e+00 +2.1625e+00 +1.6586e+00 -1.9368e+00 +1.3569e+00 -8.0205e-01 +1.0584e+00 -9.5063e-01 -1.2167e+00 +1.7299e+00
18602 +2.375821613e+00 +2.375821613e+00 -5.441241784e+02 -5.441241784e+02 -9.9966e-01 +1.3701e+00 -9.2636e-01 -1.1396e-02 +2.7347e+00 -2.0892e+00 -7.9621e-01 +7.2024e-01 -2.4079e-01 +6.2960e-01 +1.8011e+00 +2.1728e+00 -1.2447e-01 -2.5991e+00 +9.1704e-01 -1.6775e+00 +1.6047e+00 -1.8405e+00 -2.2194e+00 +2.0538e+00
42040 +1.570179816e+00 +1.570179816e+00 -5.449298202e+02 -5.449298202e+02 -1.0340e+00 +1.3735e+00 -9.1894e-01 +1.6288e-01 +2.6324e+00 -1.9961e+00 -8.8790e-01 +1.7027e+00 +1.0794e-02 +5.4823e-01 +1.8812e+00 +2.1514e+00 +1.5670e+00 -2.2469e+00 +9.0846e-01 -1.3282e+00 +1.6281e+00 -1.8395e+00 -2.1804e+00 +2.0841e+00
83228 +9.172834374e-01 +9.172834374e-01 -5.455827166e+02 -5.455827166e+02 -1.0259e+00 +1.3766e+00 -9.0402e-01 +1.3137e-01 +2.7085e+00 -1.9589e+00 -2.1446e+00 +2.0777e+00 +1.4379e-01 +2.6571e+00 +1.9675e+00 +2.1358e+00 +1.5716e+00 -2.2335e+00 +9.1205e-01 -2.4343e+00 +1.5950e+00 -1.8333e+00 -2.1734e+00 +2.1010e+00
% function evaluation | noise-free fitness - Fopt (1.000000000000e+03) | best noise-free fitness - Fopt | measured fitness | best measured fitness | x1 | x2...
1 +1.220908974e+05 +1.220908974e+05 +1.230908974e+05 +1.230908974e+05 -3.1463e+00 +3.5309e+00 -3.9974e+00 -1.0016e+00 -2.5282e+00 -4.0208e+00 +2.9952e+00 +3.0401e+00 -4.6745e+00 -3.9914e+00 +3.3119e+00 -1.5005e+00 +3.3431e+00 -4.5144e+00 +4.0613e+00 +1.7345e+00 -2.4214e+00 +2.5247e-02 -3.7097e+00 +1.2186e+00
5 +5.268522613e+04 +5.268522613e+04 +5.368522613e+04 +5.368522613e+04 -1.6180e+00 +4.8935e+00 +4.5220e+00 -1.7725e+00 -3.7253e-01 -4.2988e+00 +3.8808e+00 -1.9593e+00 -3.6997e+00 -2.7885e+00 +1.2740e+00 +1.4169e-01 -8.4486e-01 -1.7219e+00 -4.3211e+00 -1.5052e+00 -1.7025e+00 +6.2259e-01 -3.4736e+00 -3.4303e-01
231 +3.249392230e+04 +3.249392230e+04 +3.349392230e+04 +3.349392230e+04 +3.1875e+00 +7.3187e-01 -9.9582e-01 -1.2405e+00 +4.4431e-01 +2.5000e+00 -5.0000e+00 -2.4547e+00 -7.6154e-01 -1.9381e+00 -1.8652e+00 +1.9281e+00 +4.6810e-01 +1.7349e+00 -6.7591e-01 -5.2078e-01 -3.0655e+00 -8.6892e-02 -1.5145e+00 -4.1900e-01
281 +2.280405029e+04 +2.280405029e+04 +2.380405029e+04 +2.380405029e+04 -4.3788e-01 +5.0000e+00 +6.5638e-01 +8.6534e-01 +6.5985e-02 +3.5936e-01 +2.6641e+00 +1.2861e-01 -1.8077e+00 -8.2120e-01 -3.7114e+00 -3.3843e-01 -2.4157e-02 -5.1803e-01 -2.9687e+00 +1.3509e+00 -1.5442e+00 -9.8218e-01 -2.4725e+00 -1.0898e+00
319 +1.510758759e+04 +1.510758759e+04 +1.610758759e+04 +1.610758759e+04 +4.3707e+00 +2.1396e+00 +1.2832e+00 +3.2214e+00 +5.6340e-01 -2.1885e+00 -3.5592e+00 +1.1875e-01 -2.1359e+00 -4.4421e-01 -1.8897e+00 -3.9242e+00 -2.3130e+00 -3.6464e+00 -5.3840e-01 -2.8871e+00 -1.4059e-01 -2.5242e+00 -1.8279e+00 +3.3113e-01
651 +9.643756843e+03 +9.643756843e+03 +1.064375684e+04 +1.064375684e+04 +4.4619e+00 +1.7464e+00 +1.9441e+00 +1.3687e+00 +1.3052e+00 -1.5960e+00 -2.7616e+00 -9.4651e-01 -3.5520e+00 +7.8945e-01 -5.4285e-01 -2.9164e+00 -2.1390e+00 -1.8689e+00 -8.4748e-01 -1.5176e+00 -1.8853e+00 +0.0000e+00 -4.4436e-01 +5.9918e-02
698 +6.263713975e+03 +6.263713975e+03 +7.263713975e+03 +7.263713975e+03 +0.0000e+00 +0.0000e+00 +2.0650e+00 +2.2165e+00 -2.1316e+00 -2.0077e+00 +5.0147e-01 +8.3818e-01 -2.4210e-01 -1.6561e+00 +0.0000e+00 -1.3589e+00 -7.5849e-01 -2.9453e+00 +8.2327e-01 -2.5340e+00 -1.2012e+00 -3.0208e+00 -2.2444e+00 -2.8031e-02
861 +3.474702768e+03 +3.474702768e+03 +4.474702768e+03 +4.474702768e+03 +1.3681e-01 +3.0177e-01 +1.7294e+00 +1.4684e+00 +0.0000e+00 +4.0164e-01 +8.2399e-01 -4.8126e-01 -1.6373e+00 -1.6966e+00 -2.0484e+00 -1.4997e+00 -3.1871e-01 -2.5896e+00 -1.7691e+00 +6.8291e-01 -9.1635e-01 -1.4424e+00 -2.4396e+00 +2.2401e-01
1409 +1.379299004e+03 +1.379299004e+03 +2.379299004e+03 +2.379299004e+03 +1.3300e+00 +7.0005e-01 +1.6720e+00 +1.0543e+00 +5.9035e-01 +2.9837e+00 -8.4214e-01 -2.9667e-01 -2.9154e+00 -7.5334e-01 -1.7103e+00 -1.9914e+00 -5.9035e-01 -1.2339e+00 -1.7734e+00 -3.7038e-01 -9.5562e-01 -8.2060e-01 -3.1720e+00 +4.0180e-01
1857 +7.401687199e+02 +7.401687199e+02 +1.740168720e+03 +1.740168720e+03 +2.9794e+00 +1.2943e+00 -1.1842e-01 -1.5455e-01 -2.4804e-01 +3.5182e+00 -3.4260e-01 +3.1726e-01 -2.1504e+00 -7.9172e-01 -7.6260e-01 -1.4310e+00 -1.4605e-01 -3.6015e-01 -1.9440e+00 -1.2990e+00 -1.5798e+00 -8.8697e-01 -2.7109e+00 +2.2956e+00
2440 +6.116525327e+02 +6.116525327e+02 +1.611652533e+03 +1.611652533e+03 -2.5261e-01 -2.3443e+00 +9.2737e-01 -2.2463e+00 +7.4702e-01 +3.4245e+00 -3.2546e-01 -1.1319e-01 -2.9313e+00 -4.9920e-01 -2.2885e+00 -1.8851e+00 -2.2418e+00 -1.5058e+00 -2.7796e+00 -1.5003e+00 -6.3200e-01 -6.4671e-01 -2.3728e+00 +1.8632e+00
2654 +4.031919570e+01 +4.031919570e+01 +1.040319196e+03 +1.040319196e+03 +2.7618e-02 +7.7553e-01 +2.0224e-01 -2.2934e+00 +1.4946e-01 +2.0108e+00 -1.4295e+00 -8.7417e-01 -2.6472e+00 +5.7819e-01 -7.9104e-01 -2.4904e+00 -2.3056e+00 -3.2887e-01 -8.4716e-01 -1.2540e+00 -2.3520e+00 -1.8467e+00 -2.2081e+00 +7.4268e-01
2923 +6.295749520e+00 +6.295749520e+00 +1.006295750e+03 +1.006295750e+03 -2.0200e-01 +5.5547e-01 +1.4661e+00 +3.6656e-01 +8.5756e-01 +2.0905e+00 -1.6256e+00 +5.4940e-01 -1.7494e+00 +5.1910e-01 -6.6752e-01 -1.2576e+00 -1.8194e+00 -7.2713e-01 -8.6314e-01 -2.3454e+00 -1.7296e+00 -1.5978e+00 -2.0974e+00 +1.1123e+00
4185 +3.832657792e+00 +3.832657792e+00 +1.003832658e+03 +1.003832658e+03 -1.4060e+00 +1.9138e+00 +1.1326e+00 -1.0732e+00 +8.0788e-01 +2.6638e+00 -1.7192e+00 +5.4760e-02 -1.1430e+00 -2.7387e-01 -1.0426e+00 -2.3005e+00 -7.3412e-01 -7.1491e-01 -1.6561e+00 -1.5430e+00 -1.5758e+00 -1.4873e+00 -1.7098e+00 +1.6730e+00
21030 +2.498852185e+00 +2.498852185e+00 +1.002498852e+03 +1.002498852e+03 -2.1422e+00 +2.7203e-01 +1.4924e+00 +1.2206e-01 -5.0829e-01 +2.4517e+00 -1.9805e+00 +1.4039e+00 -1.1238e+00 -6.7243e-01 -5.7058e-01 -1.2917e+00 -8.4670e-02 -1.9975e+00 -2.1448e+00 -1.3732e+00 -2.2442e+00 -7.7379e-01 -1.9027e+00 +1.7743e+00
42678 +1.580775815e+00 +1.580775815e+00 +1.001580776e+03 +1.001580776e+03 -1.9722e+00 +1.4747e-01 +1.4765e+00 +6.6355e-02 -5.6650e-01 +2.4484e+00 -1.9347e+00 +2.1218e+00 -1.4484e+00 -6.9376e-01 -4.9885e-01 -6.3497e-01 -2.3882e+00 -1.9817e+00 -2.1231e+00 -1.6354e+00 -2.2397e+00 -7.9153e-01 -1.5560e+00 +1.0801e+00
93047 +9.806753291e-01 +9.806753291e-01 +1.000980675e+03 +1.000980675e+03 -2.1149e+00 +9.4359e-02 +1.4762e+00 +1.7575e-02 -4.7963e-01 +2.5006e+00 -2.0171e+00 +2.1416e+00 +1.1945e-01 -5.8314e-01 -5.2180e-01 -6.3946e-01 -2.4394e+00 -2.0119e+00 -2.1029e+00 -1.6584e+00 -2.2048e+00 -7.9236e-01 -2.4380e+00 +2.0179e+00
% function evaluation | noise-free fitness - Fopt (2.083800000000e+02) | best noise-free fitness - Fopt | measured fitness | best measured fitness | x1 | x2...
1 +2.005585822e+05 +2.005585822e+05 +2.007669622e+05 +2.007669622e+05 -2.6659e+00 -4.6907e+00 +3.4832e+00 +1.6485e+00 +3.7969e+00 -2.3888e+00 -4.3548e+00 -9.8599e-02 -1.8531e+00 +1.3800e+00 +2.1956e+00 +2.9530e+00 +4.5170e+00 -1.5066e+00 +4.7972e+00 +1.2401e+00 +4.5229e+00 -3.0313e+00 -3.0291e+00 -2.8391e-01
2 +1.575881925e+05 +1.575881925e+05 +1.577965725e+05 +1.577965725e+05 +1.7095e-01 -3.9364e+00 +1.2749e+00 -9.9007e-01 +2.5352e+00 -1.2075e+00 -2.4516e+00 +3.6115e+00 -3.1087e+00 -3.6939e+00 -1.5242e+00 -1.8608e-01 +3.4018e+00 +2.0464e+00 +3.5495e+00 -3.8831e+00 +1.2135e-01 -1.2636e+00 -2.2097e+00 +4.9287e+00
6 +9.399447997e+04 +9.399447997e+04 +9.420285997e+04 +9.420285997e+04 -3.8432e+00 -2.7012e+00 -1.7452e+00 +1.5158e+00 -6.0551e-01 -6.0885e-01 +4.9829e+00 +1.9965e-01 -3.7568e-01 +1.8098e+00 +4.7793e+00 -1.5615e+00 +2.0017e+00 -4.7388e+00 +4.5861e+00 -4.8843e+00 -1.5815e+00 +4.5842e-02 -5.2838e-01 +2.2061e+00
45 +5.507538638e+04 +5.507538638e+04 +5.528376638e+04 +5.528376638e+04 -7.8317e-01 +5.5145e-01 +2.6446e+00 -3.5170e-01 +1.9121e+00 +3.1160e+00 +6.4684e-01 +1.1162e+00 +1.4855e+00 +2.0670e-01 -2.3005e+00 +2.2238e+00 -6.5383e-01 -4.0333e+00 -2.3969e+00 -1.6290e+00 +4.1917e+00 +3.1214e+00 +4.1499e+00 +2.2916e+00
208 +3.105837978e+04 +3.105837978e+04 +3.126675978e+04 +3.126675978e+04 +1.3885e+00 -3.2501e+00 +1.1679e+00 -3.5425e+00 +1.6621e+00 +5.3036e-01 -1.2165e+00 +8.5884e-01 -4.6885e+00 +4.3767e+00 +5.7393e-01 +3.7143e+00 -1.3671e-01 +1.2502e+00 +9.6536e-01 -2.0226e+00 -1.1313e+00 +2.3233e+00 +7.3359e-01 +1.3965e+00
232 +2.247483436e+04 +2.247483436e+04 +2.268321436e+04 +2.268321436e+04 +1.2359e+00 -2.2415e+00 +2.3582e+00 -1.9115e+00 +1.1075e+00 -6.5065e-01 +3.0726e+00 -5.7957e-01 -4.7198e+00 +7.5209e-02 +3.2976e+00 -5.9486e-01 +5.7480e-01 -2.0571e+00 +2.8307e+00 +1.0727e-01 +4.7729e+00 +2.5539e+00 +4.4438e-01 +3.3803e+00
456 +1.542568922e+04 +1.542568922e+04 +1.563406922e+04 +1.563406922e+04 -6.0282e-01 +2.0788e+00 +2.9982e+00 -3.3806e+00 -1.7891e-01 +3.5935e+00 +2.9431e+00 -3.3438e+00 -3.5740e+00 +7.6897e-01 +3.5647e+00 +0.0000e+00 +1.1450e+00 -2.7343e+00 +2.7095e+00 +4.9854e-01 +3.5829e+00 +2.1942e+00 +8.4168e-01 +1.4542e+00
768 +7.140902900e+03 +7.140902900e+03 +7.349282900e+03 +7.349282900e+03 +5.0000e+00 -7.2699e-01 +1.5614e+00 -2.2153e+00 +9.2197e-01 +1.7814e-01 +3.2571e+00 -1.6697e+00 -4.2933e+00 +1.7259e+00 +6.9228e-02 +5.1929e-01 +0.0000e+00 -2.5097e+00 +1.2790e+00 -4.2006e-01 +1.4306e+00 +3.2330e+00 -1.8441e-01 +1.8750e+00
1053 +4.505870088e+03 +4.505870088e+03 +4.714250088e+03 +4.714250088e+03 +2.3086e+00 -7.3378e-01 +4.5406e-01 -2.1437e+00 +0.0000e+00 -7.7097e-02 +2.7535e+00 -1.1733e+00 -3.6497e+00 +1.8239e+00 +0.0000e+00 +6.0388e-01 +1.1342e+00 -1.9486e+00 +1.6000e+00 -6.4296e-01 +1.7544e+00 +2.7293e+00 +8.1464e-01 +2.6776e+00
1125 +3.643358888e+03 +3.643358888e+03 +3.851738888e+03 +3.851738888e+03 +3.0446e+00 -6.6779e-01 +1.5597e+00 -2.1790e+00 +2.4580e-01 +7.9157e-01 +4.2906e+00 -1.3450e-01 -2.1704e+00 +1.6591e+00 -1.0878e+00 +1.6210e+00 -1.3881e+00 -2.7659e+00 +1.7951e+00 -2.3999e+00 +2.1664e+00 +1.7623e+00 +1.8794e+00 +2.5234e+00
1224 +2.086177934e+03 +2.086177934e+03 +2.294557934e+03 +2.294557934e+03 +3.5561e+00 +2.1462e+00 +1.2621e+00 -2.0275e+00 +1.7004e-01 +2.2721e+00 +2.1504e+00 -4.5961e-01 -2.0325e+00 +2.2919e+00 -5.4517e-01 +1.2228e+00 -1.0422e+00 -1.4112e+00 +1.8586e+00 -3.1004e+00 +1.1563e+00 +2.3447e+00 +2.1477e+00 +1.8308e+00
1273 +1.315317904e+03 +1.315317904e+03 +1.523697904e+03 +1.523697904e+03 +2.7048e+00 +2.1871e+00 +1.7170e+00 +8.3652e-01 -1.4819e-01 +6.6177e-01 +2.0373e+00 -6.3650e-01 -2.7689e+00 +1.5996e+00 -2.7216e-01 +1.3014e+00 -1.9923e-01 -3.0910e-01 +1.5168e+00 -2.1551e+00 +1.0605e+00 +3.1338e+00 +1.6870e+00 +1.6064e+00
1404 +8.761020672e+02 +8.761020672e+02 +1.084482067e+03 +1.084482067e+03 +3.9160e+00 +2.6060e+00 +1.0151e+00 -8.6412e-02 +1.9888e+00 +3.7590e-01 +1.6456e+00 -2.3192e-01 -2.4225e+00 +1.5927e+00 +2.3675e+00 +2.1943e+00 -1.5517e-01 -2.8392e+00 +1.1588e-02 -1.7849e+00 +2.9040e-01 +1.1131e+00 +1.2641e+00 +1.9089e+00
2367 +4.545133286e+00 +4.545133286e+00 +2.129251333e+02 +2.129251333e+02 +2.4284e+00 +1.5143e+00 +1.8556e+00 -1.3352e+00 +1.4597e+00 +1.8113e+00 +1.5595e+00 +5.2250e-01 -2.2434e+00 +4.9353e-01 +1.4937e+00 +7.2854e-01 -2.5575e-01 -1.8237e+00 +1.3456e+00 -2.2554e+00 +5.3546e-01 +1.8000e+00 +6.5451e-01 +1.4047e+00
2464 +3.933300962e+00 +3.933300962e+00 +2.123133010e+02 +2.123133010e+02 +1.6124e+00 +1.3536e+00 +2.0915e+00 -2.9000e-01 +1.8054e+00 +1.0822e+00 +1.8071e+00 +2.3445e-01 -1.4915e+00 +1.0444e+00 +1.1382e+00 +0.0000e+00 -4.2010e-01 -2.2273e+00 +2.1521e+00 -1.4368e+00 +2.1086e+00 +1.7007e+00 +1.9266e+00 +1.3805e+00
15472 +2.489788548e+00 +2.489788548e+00 +2.108697885e+02 +2.108697885e+02 +1.5524e+00 +1.9950e+00 +2.1959e+00 +1.3057e+00 +2.5504e+00 +5.5536e-01 +2.5474e+00 +5.6263e-01 -2.9334e-01 +8.3982e-01 +3.8414e-01 +2.5992e+00 -1.0001e+00 -2.3044e+00 +2.1528e+00 -1.4067e+00 +2.3255e+00 +2.0684e+00 +1.0790e+00 +1.2582e+00
32266 +1.566255825e+00 +1.566255825e+00 +2.099462558e+02 +2.099462558e+02 +1.4663e+00 +2.0167e+00 +2.1805e+00 +1.2322e+00 +2.3461e+00 +3.5728e-01 +1.7492e+00 +7.1795e-01 -2.4833e-01 +4.4628e-01 +5.7883e-01 +2.5191e+00 -1.1478e+00 -2.3516e+00 +2.0886e+00 -1.6861e+00 +2.1960e+00 +2.0762e+00 +1.1934e+00 +1.2009e+00
99738 +9.985881215e-01 +9.985881215e-01 +2.093785881e+02 +2.093785881e+02 +1.5124e+00 +1.9839e+00 +2.1438e+00 +1.2064e+00 +2.3224e+00 +2.0560e+00 +2.1194e+00 +3.1987e-01 -2.9110e-01 +4.7610e-01 +5.3623e-01 +2.5043e+00 -1.1510e+00 -2.3418e+00 +2.0485e+00 -2.1152e+00 +2.1022e+00 +2.1054e+00 +1.1859e+00 +1.1895e+00
% function evaluation | noise-free fitness - Fopt (-1.449600000000e+02) | best noise-free fitness - Fopt | measured fitness | best measured fitness | x1 | x2...
1 +2.518270721e+05 +2.518270721e+05 +2.516821121e+05 +2.516821121e+05 +2.5290e+00 +4.7516e+00 +3.8807e+00 -2.3560e-01 -4.4597e+00 -4.3321e+00 +2.4430e+00 +3.4886e+00 +2.2981e+00 -1.7094e+00 -2.4275e+00 -1.8803e+00 +3.7170e+00 +3.1175e+00 -4.1269e+00 -2.4131e+00 -3.6415e+00 +4.6991e+00 +4.8319e+00 +3.1166e+00
2 +8.757474561e+04 +8.757474561e+04 +8.742978561e+04 +8.742978561e+04 -6.1654e-01 -3.1343e+00 -1.5246e+00 +4.2939e+00 -1.3233e+00 +1.9657e+00 -4.1781e+00 +2.7969e+00 -1.3548e+00 +4.6106e+00 +1.4098e+00 +1.7006e+00 +2.5644e+00 +4.1717e+00 -3.8242e+00 +1.4657e+00 -8.8842e-01 +2.4951e+00 +4.8458e+00 -1.0030e+00
10 +5.209675867e+04 +5.209675867e+04 +5.195179867e+04 +5.195179867e+04 -3.5241e-01 +6.7943e-01 -3.6342e+00 +1.0063e+00 -1.6522e+00 +7.9657e-01 +4.8151e+00 +3.9619e+00 +2.1633e+00 +4.6948e+00 +4.7183e-01 +8.6852e-01 +4.6709e+00 +6.8718e-01 +1.6324e+00 +2.6328e+00 -1.3336e-01 +1.0309e+00 +3.6993e+00 +1.6182e+00
132 +2.993191386e+04 +2.993191386e+04 +2.978695386e+04 +2.978695386e+04 +1.8056e+00 +1.9085e-01 -3.5518e+00 -3.0063e+00 -2.1302e-01 -1.0915e+00 +2.0124e+00 -2.3059e+00 -4.4328e+00 -4.2062e+00 +4.2033e+00 -3.8236e-01 +4.0648e-01 -5.0677e-02 +3.3363e+00 -8.1905e-01 -2.9811e+00 -2.8432e+00 +3.1702e+00 -7.5383e-01
335 +1.239956697e+04 +1.239956697e+04 +1.225460697e+04 +1.225460697e+04 +1.3123e+00 +9.9091e-01 -7.9632e-01 -3.8967e+00 +2.1489e+00 +5.0000e+00 -1.3402e+00 -5.1120e-01 -2.1514e-01 +9.1592e-01 +1.8271e+00 +3.2392e+00 +3.6165e+00 +1.6954e-01 +4.2794e-01 +1.0772e+00 -5.6143e-01 -1.0964e+00 +3.5389e+00 -2.1757e+00
603 +3.498901758e+03 +3.498901758e+03 +3.353941758e+03 +3.353941758e+03 +3.0491e+00 +1.2185e+00 -2.0027e+00 -1.9951e+00 +4.0609e-01 +9.6937e-01 -2.1952e+00 -2.7694e-01 +0.0000e+00 -4.5601e-01 +4.3102e-01 +2.8416e+00 +2.4946e+00 +1.0344e+00 +0.0000e+00 -6.9373e-02 -3.9098e-01 -1.9500e+00 +2.3599e+00 -1.4661e+00
1110 +2.244965217e+03 +2.244965217e+03 +2.100005217e+03 +2.100005217e+03 +3.7060e+00 +2.1107e-01 -2.8719e+00 -1.6111e+00 -1.5148e+00 +1.0936e+00 -9.6760e-01 -4.4066e-01 -9.6921e-02 +1.9188e-01 +1.5128e+00 +3.3089e+00 +2.4783e+00 +1.0001e+00 +1.0400e+00 +3.8046e-01 -9.0261e-01 -1.3715e+00 +2.5962e+00 -1.9624e+00
1978 +9.861886745e+02 +9.861886745e+02 +8.412286745e+02 +8.412286745e+02 +2.8688e+00 +8.0394e-01 -3.5108e+00 -1.7664e+00 -1.3377e+00 +5.9084e-01 +3.6453e-01 +2.1578e+00 -2.7589e+00 +1.1526e+00 +1.2494e+00 +1.4628e+00 +1.0174e-02 +2.1334e+00 +2.6210e+00 -2.8369e-01 -9.0838e-01 -1.8934e+00 +1.6234e+00 -1.6003e+00
2095 +2.904336202e+02 +2.904336202e+02 +1.454736202e+02 +1.454736202e+02 +2.6271e+00 -3.7453e-01 -2.9808e+00 -1.9197e+00 -1.4374e+00 +6.9618e-02 +0.0000e+00 +3.1392e+00 -3.6090e-01 +9.6932e-01 +1.4943e+00 +2.2659e+00 +2.1339e+00 +1.9065e+00 +1.4467e+00 +1.7403e+00 -1.7402e-01 -2.4572e+00 +1.9022e+00 -6.5913e-01
2283 +2.018589248e+02 +2.018589248e+02 +5.689892480e+01 +5.689892480e+01 +2.8251e+00 -7.6003e-01 -2.7772e+00 -1.0266e+00 -3.0230e+00 +1.5823e+00 -8.1028e-03 +2.9691e+00 -2.3393e-01 +3.1906e-01 +2.0476e+00 +1.7364e+00 +2.4502e+00 +2.3845e+00 +1.9083e+00 +4.7779e-01 -1.5866e+00 -1.8505e+00 +1.9418e+00 -7.6838e-01
3263 +3.064189415e+01 +3.064189415e+01 -1.143181058e+02 -1.143181058e+02 +2.5350e+00 -1.4250e+00 -2.8493e+00 -1.6795e+00 +1.3275e+00 +7.9292e-01 -1.0010e+00 +2.0537e+00 -1.3277e+00 +2.2946e+00 +1.6782e+00 +7.3062e-01 +7.0994e-01 +1.5633e+00 +8.9555e-01 +2.1229e+00 -5.6417e-01 -1.8527e+00 +1.5741e+00 -1.3964e+00
3488 +1.768201337e+01 +1.768201337e+01 -1.272779866e+02 -1.272779866e+02 +2.2220e+00 -1.8989e+00 -1.5066e+00 -1.6396e+00 -6.5935e-01 -1.0687e+00 -8.3545e-01 +1.6050e-01 -2.8285e+00 +1.9807e+00 +1.6692e+00 +1.1067e+00 +1.5359e+00 +1.9703e+00 +1.4329e+00 +2.1020e+00 -5.9614e-01 -1.6788e+00 +1.4779e+00 -1.3203e+00
3780 +7.475735111e+00 +7.475735111e+00 -1.374842649e+02 -1.374842649e+02 +2.5939e+00 -3.1509e+00 -1.1739e+00 +1.0293e+00 -2.9603e+00 +1.5990e+00 -1.4529e+00 -7.4325e-02 -1.2806e+00 +1.9576e+00 -1.0563e-01 +1.7777e+00 +6.9873e-01 +1.2223e+00 +3.9242e-01 +1.7938e+00 -1.9001e+00 -1.7643e+00 +1.2671e+00 -1.5037e+00
5289 +4.339998129e+00 +4.339998129e+00 -1.406200019e+02 -1.406200019e+02 +2.5305e+00 -3.2556e+00 -1.1568e+00 +7.4024e-01 -2.5333e+00 +1.2038e+00 -1.6249e+00 -7.0789e-01 -9.4422e-01 +1.2913e+00 +2.1031e-01 +1.8793e+00 +8.9264e-01 +1.2926e+00 +6.0688e-01 +1.6625e+00 -1.9292e+00 -1.5842e+00 +7.0858e-01 -1.5381e+00
5945 +3.730524541e+00 +3.730524541e+00 -1.412294755e+02 -1.412294755e+02 +2.3808e+00 -3.1760e+00 -7.8164e-02 +1.2259e-01 -3.1610e-01 +1.0332e+00 -8.6033e-01 -1.7155e-01 -9.5723e-01 +8.2990e-01 +3.5434e-01 +1.0302e+00 +1.1346e+00 +3.9749e-01 +1.1089e+00 +1.6032e+00 -1.9527e+00 -2.1521e+00 +2.1190e+00 -2.1102e+00
15449 +2.242164083e+00 +2.242164083e+00 -1.427178359e+02 -1.427178359e+02 +2.4662e+00 -3.2461e+00 -2.3618e-02 -1.1744e+00 -2.3524e+00 +1.8600e+00 +3.8209e-01 +5.5338e-01 -1.7068e+00 +8.6723e-01 +1.7346e+00 +2.9063e-01 +7.2382e-01 +1.2693e+00 +7.5511e-01 +1.7318e+00 -2.1801e+00 -2.1141e+00 +2.0575e+00 -2.1209e+00
36421 +1.578156460e+00 +1.578156460e+00 -1.433818435e+02 -1.433818435e+02 +2.5018e+00 -3.2784e+00 +4.6165e-01 -1.2196e+00 -2.2926e+00 +2.0376e+00 +3.5809e-01 +3.7606e-01 -1.3708e+00 +7.1885e-01 +1.8284e+00 +3.2811e-01 +8.0847e-01 +7.8051e-01 +8.5856e-01 +1.7049e+00 -2.1935e+00 -2.0783e+00 +2.0730e+00 -2.1260e+00
80013 +9.884892621e-01 +9.884892621e-01 -1.439715107e+02 -1.439715107e+02 +2.5000e+00 -3.2441e+00 -1.8068e+00 -1.2731e+00 -2.3269e+00 +2.0688e+00 +3.9269e-01 +3.6186e-01 -2.5419e+00 +1.8960e+00 +2.0133e+00 +2.9298e-01 +8.1243e-01 +7.7331e-01 +8.9228e-01 +1.6943e+00 -2.2065e+00 -2.0776e+00 +2.1115e+00 -2.1070e+00
% function evaluation | noise-free fitness - Fopt (-6.300000000000e+00) | best noise-free fitness - Fopt | measured fitness | best measured fitness | x1 | x2...
1 +2.036501188e+05 +2.036501188e+05 +2.036438188e+05 +2.036438188e+05 -1.4089e-01 +1.1258e+00 +8.2974e-01 -2.2073e+00 +3.0747e+00 -3.4270e+00 -4.9717e+00 -4.3460e+00 +1.8631e+00 -2.1283e+00 +1.7656e+00 -1.0333e+00 +2.7176e+00 -1.2529e+00 +4.5951e+00 -2.4933e+00 -1.3530e+00 -4.6286e+00 -3.2827e+00 -1.8815e+00
2 +5.451493915e+04 +5.451493915e+04 +5.450863915e+04 +5.450863915e+04 +3.7596e+00 +2.7968e+00 +1.9383e+00 +3.7594e+00 +2.8634e+00 -4.3303e+00 +2.0422e+00 -2.7024e+00 -3.6042e+00 +1.9684e+00 -3.8500e+00 +2.4247e+00 +2.9672e+00 +2.5272e+00 -1.6773e+00 +4.4217e+00 -2.0624e+00 -4.0547e+00 +1.3047e+00 -2.4532e+00
202 +3.968061389e+04 +3.968061389e+04 +3.967431389e+04 +3.967431389e+04 -3.3618e-01 +5.0000e+00 -3.0617e+00 -1.2406e+00 -2.1366e+00 -5.0000e+00 +2.1263e+00 -2.1915e+00 -2.0692e-01 +2.4481e+00 +2.5257e-01 -7.0170e-01 -5.9892e-01 -7.4615e-01 +1.8650e+00 -5.7829e-01 -2.7783e+00 -2.0366e+00 -2.6455e+00 -1.6028e-01
208 +1.670087252e+04 +1.670087252e+04 +1.669457252e+04 +1.669457252e+04 -3.8252e+00 -3.5251e+00 +2.0540e+00 -2.2988e+00 -3.8676e+00 +3.4423e+00 +2.2762e+00 +8.4784e-01 +2.5960e+00 +2.5806e+00 +2.0551e+00 -2.0076e-01 +6.6418e-02 +2.9730e-01 -5.3138e-01 -9.9038e-01 -2.1194e+00 -9.7568e-01 -5.1737e-01 -2.3430e+00
459 +6.141714969e+03 +6.141714969e+03 +6.135414969e+03 +6.135414969e+03 -1.5454e+00 -2.4281e+00 +1.9431e+00 +6.4337e-01 -4.2673e+00 +2.8541e+00 +3.6000e+00 +2.2047e+00 +4.2506e-01 +0.0000e+00 +2.4724e-02 -3.3850e-01 -2.4689e+00 -6.5508e-01 -1.0996e+00 -3.8096e-01 -2.1150e+00 -8.6682e-01 -1.8057e+00 -9.2919e-01
1473 +3.246455521e+03 +3.246455521e+03 +3.240155521e+03 +3.240155521e+03 -3.4212e+00 +1.6026e+00 +1.8222e-01 -1.1855e+00 -3.7579e+00 +1.5277e+00 -1.0195e+00 -9.7409e-01 -1.3707e+00 -1.1381e-01 -2.3279e-02 +8.6557e-01 -1.2810e-01 +5.9988e-01 -7.1799e-01 +1.0843e+00 -1.8855e+00 -5.8916e-01 -4.7225e-01 -2.0937e+00
1604 +2.330335873e+03 +2.330335873e+03 +2.324035873e+03 +2.324035873e+03 -2.0772e+00 +1.2326e+00 -7.3630e-01 -1.4990e+00 -3.7646e+00 +3.0449e-01 +5.0248e-01 +0.0000e+00 +2.7021e+00 +1.1874e+00 -1.5492e+00 +1.6601e+00 -2.5577e-01 +4.3340e-01 -1.4922e+00 -7.0260e-02 -2.3510e+00 -4.4810e-01 -2.3178e+00 -2.8156e+00
1946 +1.159514867e+03 +1.159514867e+03 +1.153214867e+03 +1.153214867e+03 -2.8640e+00 +2.2855e+00 -1.6778e+00 -2.3670e+00 -2.5689e+00 +6.6102e-01 +6.1364e-01 +2.9463e-01 +2.6290e+00 +2.3031e+00 +0.0000e+00 +5.8788e-01 -1.2404e+00 +8.8949e-01 -1.6608e+00 +2.8393e-01 -1.3417e+00 -1.7266e+00 -6.6786e-01 -2.0140e+00
2077 +9.210660291e+02 +9.210660291e+02 +9.147660291e+02 +9.147660291e+02 -2.8176e+00 +1.4912e+00 -1.2123e+00 -2.4973e+00 -2.6236e+00 -3.1054e-01 +7.3543e-01 -5.5684e-01 +1.6139e+00 +1.6936e+00 +6.6475e-01 +5.4147e-01 -2.0704e+00 +6.9982e-01 -2.1121e+00 +4.2860e-01 -2.3598e+00 -2.9467e-01 -1.5646e+00 -1.7344e+00
2412 +3.421367581e+02 +3.421367581e+02 +3.358367581e+02 +3.358367581e+02 -2.5217e+00 +5.0679e-01 -3.4026e-01 -1.9079e+00 -2.1643e+00 -9.8404e-01 +2.2403e+00 -4.4928e-01 +1.7938e+00 +1.1743e+00 +4.7276e-01 +1.2746e+00 -1.1967e-01 +1.1091e+00 -2.3210e+00 +2.0984e-01 -2.3673e+00 -1.3923e+00 -2.4346e+00 -1.8234e+00
3640 +1.342980143e+02 +1.342980143e+02 +1.279980143e+02 +1.279980143e+02 -2.4225e+00 +1.1874e+00 -1.0985e-01 -1.4859e+00 -2.7499e+00 -1.1262e+00 -1.8673e-01 -4.5681e-01 +1.5476e+00 +9.9448e-01 +6.4807e-02 +1.7290e+00 -6.5847e-01 +1.2218e+00 -2.4943e+00 +2.4271e-01 -2.8294e+00 -1.4440e-01 -2.3334e+00 -1.6439e+00
4012 +8.102882181e+01 +8.102882181e+01 +7.472882181e+01 +7.472882181e+01 -2.6539e+00 +1.0574e+00 -3.7227e-01 -1.6413e+00 -3.2827e+00 -1.0561e+00 +1.1644e+00 -6.7158e-01 +1.9450e+00 +9.5241e-01 +1.5335e-01 +1.1887e+00 -7.5957e-01 +8.1515e-01 -2.3867e+00 +2.4695e-01 -1.9681e+00 -9.8127e-01 -2.2212e+00 -1.6495e+00
4190 +5.355085327e+00 +5.355085327e+00 -9.449146734e-01 -9.449146734e-01 -2.4963e+00 -1.0620e+00 -5.8964e-01 -1.1482e+00 -3.1202e+00 -1.4209e+00 +1.8332e+00 -7.4603e-01 +1.3897e+00 +1.0100e+00 +1.2159e-01 +1.7069e+00 -1.5700e+00 +7.7334e-01 -2.6239e+00 +2.8277e-01 -2.7083e+00 -3.8866e-01 -2.5367e+00 -1.6469e+00
6856 +3.805082844e+00 +3.805082844e+00 -2.494917156e+00 -2.494917156e+00 -2.1853e+00 +4.5822e-01 -7.7766e-01 -1.1120e+00 -3.0450e+00 -5.8331e-01 +2.6873e+00 -1.8929e+00 +1.2860e+00 +2.1951e+00 +9.3860e-02 +1.9221e+00 -6.3383e-01 +8.3117e-01 -2.2796e+00 +2.2561e-01 -2.5301e+00 -3.5122e-01 -2.4111e+00 -2.0415e+00
14659 +2.378123710e+00 +2.378123710e+00 -3.921876290e+00 -3.921876290e+00 -2.3118e+00 -3.1798e+00 -1.0807e+00 -1.4494e+00 -3.0033e+00 -1.7713e+00 +1.4510e+00 -2.1245e+00 +2.0116e+00 +2.1962e+00 +3.2418e-02 +1.7141e+00 -2.1688e+00 +8.3173e-01 -2.4595e+00 +5.4384e-01 -2.5351e+00 -1.4177e+00 -1.3486e+00 -2.1613e+00
34253 +1.566613089e+00 +1.566613089e+00 -4.733386911e+00 -4.733386911e+00 -2.4833e+00 +1.0682e+00 -1.2219e+00 -1.4490e+00 -2.9851e+00 -1.8451e+00 +1.4776e+00 -2.2193e+00 +2.1117e+00 +2.0695e+00 -1.7616e-01 +1.5039e+00 -2.2841e+00 +1.0551e+00 -2.3806e+00 +5.3434e-01 -2.4991e+00 -7.3936e-01 -1.2133e+00 -2.3416e+00
78662 +9.576168748e-01 +9.576168748e-01 -5.342383125e+00 -5.342383125e+00 -2.4965e+00 +1.4180e-01 -1.1478e+00 -1.5007e+00 -3.0058e+00 -1.9046e+00 +2.1695e+00 -2.1092e+00 +2.1177e+00 +2.0807e+00 -1.2799e-01 +8.1638e-01 -2.4377e+00 +3.8162e-01 -2.5170e+00 +5.8210e-01 -2.4905e+00 -7.1503e-01 -1.2470e+00 -2.2985e+00
% function evaluation | noise-free fitness - Fopt (-2.206000000000e+01) | best noise-free fitness - Fopt | measured fitness | best measured fitness | x1 | x2...
1 +1.689941091e+05 +1.689941091e+05 +1.689720491e+05 +1.689720491e+05 +1.3593e+00 -2.0920e+00 +1.1450e+00 -3.6292e+00 +2.5688e+00 -4.3195e+00 +4.4693e+00 -4.8378e+00 -3.0338e+00 +2.3694e+00 -3.4438e+00 -3.1494e+00 -3.2231e+00 -4.3369e+00 -4.7038e-01 -7.7100e-01 -2.4982e+00 -3.4224e+00 +2.9002e-01 +2.4070e+00
4 +7.976190579e+04 +7.976190579e+04 +7.973984579e+04 +7.973984579e+04 +2.1260e+00 +4.1293e+00 +9.8519e-01 -3.5278e+00 +4.8833e+00 -2.1116e+00 +3.7165e+00 +2.3910e+00 -1.2489e+00 +4.2095e+00 +2.6489e+00 +3.5245e+00 +4.6265e+00 -1.8984e+00 +3.5522e+00 +3.3339e+00 -2.1293e-01 -2.5544e+00 +2.8437e-01 +1.0597e+00
9 +4.293728203e+04 +4.293728203e+04 +4.291522203e+04 +4.291522203e+04 +3.3977e+00 -4.1466e+00 -2.0044e+00 +2.2644e+00 -2.9481e-01 -1.3537e+00 -3.8256e+00 -2.8632e+00 -3.4883e+00 -2.8709e+00 +3.7047e+00 -2.6719e+00 -9.2950e-01 +2.3397e+00 -2.0327e+00 +4.6316e+00 +9.2089e-01 -2.8740e+00 +4.3896e-01 +1.9758e+00
70 +3.290211325e+04 +3.290211325e+04 +3.288005325e+04 +3.288005325e+04 -1.0201e-01 -2.5606e+00 -2.6685e+00 -3.2208e+00 +2.3640e+00 -4.1191e+00 +2.0901e+00 +1.4390e-01 -3.6791e+00 -4.3641e+00 +7.6369e-01 +3.9348e-01 +2.8666e+00 +1.5006e+00 -3.2667e+00 +2.1109e+00 -2.3285e-01 -4.3110e+00 -1.0883e+00 +3.5309e+00
386 +2.060006405e+04 +2.060006405e+04 +2.057800405e+04 +2.057800405e+04 +3.6079e+00 +2.7335e-01 -5.0883e-01 -5.0000e+00 -5.8606e-01 -3.7782e+00 +4.9794e+00 -2.9650e+00 -1.7960e+00 -1.5046e+00 -7.8075e-01 -4.5180e-01 +4.2984e+00 +7.7702e-01 -1.1013e+00 +7.4347e-01 -1.0759e+00 -1.0426e+00 +1.4376e+00 +1.6003e+00
616 +5.655498131e+03 +5.655498131e+03 +5.633438131e+03 +5.633438131e+03 +0.0000e+00 +1.5315e+00 +2.5902e+00 -4.0129e+00 -1.1046e+00 -3.5987e+00 +3.8653e+00 -6.1833e-01 +0.0000e+00 +0.0000e+00 -7.6693e-01 +1.4245e-02 +1.6801e+00 +7.7593e-01 -1.4286e+00 +6.3345e-01 -1.4081e+00 -2.3193e+00 -8.5907e-03 +2.4542e+00
1211 +3.569757019e+03 +3.569757019e+03 +3.547697019e+03 +3.547697019e+03 +3.3007e-01 +3.6854e+00 +4.0527e+00 -5.0000e+00 +3.1095e-01 -2.0837e+00 +2.4381e+00 -2.8119e-01 +1.3638e+00 +1.7451e+00 +1.0251e+00 +1.7296e+00 +2.3965e+00 +1.2487e+00 -1.0460e+00 +2.2888e+00 -7.8554e-01 -1.4752e+00 +1.3830e+00 +1.0229e+00
1437 +2.262996831e+03 +2.262996831e+03 +2.240936831e+03 +2.240936831e+03 -2.0279e+00 +1.4297e+00 +2.5469e+00 -1.4630e+00 +1.3889e+00 -2.4685e-01 +1.4427e+00 -2.4225e+00 -3.0232e+00 +8.1949e-01 -3.8089e-01 +2.1091e+00 +2.6155e-01 +8.2208e-01 -1.0263e-01 +1.9850e+00 -1.1349e+00 -1.9970e-01 +7.9933e-01 +1.0916e+00
1615 +1.038231785e+03 +1.038231785e+03 +1.016171785e+03 +1.016171785e+03 -1.7414e+00 +1.3896e+00 +2.1159e+00 -2.0912e+00 -3.9544e-01 -1.5420e+00 +8.2075e-01 -1.9817e+00 -2.3338e+00 +7.4437e-01 -1.7524e-01 +1.9352e+00 +4.6387e-01 +9.5981e-01 -2.6973e-01 +2.7620e+00 -1.1853e+00 -1.5142e-01 +1.1582e+00 +1.2762e+00
1764 +5.275855120e+02 +5.275855120e+02 +5.055255120e+02 +5.055255120e+02 -1.7060e+00 +1.8439e+00 +1.8455e+00 -1.0161e-01 +1.2172e+00 -5.3199e-02 +1.5527e+00 -1.7510e+00 -3.3503e-01 +1.2879e+00 -1.4522e-01 +2.8027e+00 +1.2150e+00 +8.9243e-01 -6.8330e-01 +2.2003e-01 -1.7054e+00 -3.5128e-01 +9.1995e-01 +1.0638e+00
2844 +1.017823030e+02 +1.017823030e+02 +7.972230300e+01 +7.972230300e+01 -1.8493e+00 +2.2231e+00 +1.8883e+00 +1.0073e+00 +1.3043e+00 -5.1403e-01 +8.6954e-01 -1.2964e+00 -1.8382e+00 +6.8148e-01 -8.6988e-02 +9.5748e-01 +1.8272e+00 -8.6920e-02 -7.7307e-01 +7.2963e-01 -2.3765e+00 -4.5517e-01 +1.0394e+00 +1.0845e+00
3444 +2.711867345e+01 +2.711867345e+01 +5.058673449e+00 +5.058673449e+00 -2.0152e+00 +2.2881e+00 +1.5663e+00 +2.9062e-01 +1.3253e+00 +1.6907e-01 +1.5933e+00 -1.5261e+00 -1.2206e+00 -3.2567e-01 +1.3627e-01 +1.4027e+00 +1.6438e+00 +3.1646e-01 -1.2768e+00 +1.8668e+00 -1.7210e+00 -4.8336e-01 +9.5201e-01 +1.0955e+00
3647 +2.177815536e+01 +2.177815536e+01 -2.818446415e-01 -2.818446415e-01 -1.9674e+00 +1.7601e+00 +7.0505e-01 +1.1217e+00 +2.5120e+00 +1.0948e+00 +1.3242e+00 -5.2806e-01 -1.8593e+00 -6.0533e-01 +4.2204e-01 +1.3995e+00 +1.9284e+00 +3.5604e-01 -2.0777e+00 +1.7049e+00 -1.3758e+00 -6.5878e-01 +1.0603e+00 +1.0728e+00
4494 +4.160195968e+00 +4.160195968e+00 -1.789980403e+01 -1.789980403e+01 -9.7974e-01 +2.4059e+00 +1.1548e+00 +5.7053e-01 +2.1326e+00 +1.1246e+00 +1.5632e+00 -2.4212e+00 -1.3918e+00 +1.9820e+00 -2.8047e-01 +2.0430e+00 +3.4776e-01 +2.2404e+00 -2.1029e+00 +6.3990e-01 -1.1778e+00 -1.3758e+00 +1.7348e+00 +1.0333e+00
5806 +3.919881944e+00 +3.919881944e+00 -1.814011806e+01 -1.814011806e+01 -1.0782e+00 +2.5362e+00 +1.1973e+00 +7.8362e-01 +2.0240e+00 +1.2061e+00 +1.2336e+00 -2.5241e+00 -1.0524e+00 +1.9703e+00 -3.0113e-01 +2.1980e+00 +1.4435e+00 +2.2527e+00 -1.9762e+00 +7.0413e-01 -1.3952e+00 -7.2051e-01 +1.2666e+00 +1.8169e+00
16376 +2.438920438e+00 +2.438920438e+00 -1.962107956e+01 -1.962107956e+01 -1.3931e+00 +3.1825e+00 -9.4553e-02 +4.7428e-01 +2.6969e+00 +7.4519e-01 +8.7064e-01 -9.0003e-01 -2.1747e-01 +1.9384e+00 +1.5890e+00 +2.3264e+00 +1.4585e+00 +1.9392e+00 -2.1113e+00 +2.1207e+00 -7.0860e-01 -1.7214e+00 +1.5075e+00 +2.1744e+00
36368 +1.557470058e+00 +1.557470058e+00 -2.050252994e+01 -2.050252994e+01 -1.4773e+00 -4.0618e-01 -3.7829e-01 +4.6918e-01 +2.6246e+00 +6.7235e-01 +9.6360e-01 -9.5534e-01 -2.0915e-01 +1.9399e+00 +1.5378e+00 +2.2944e+00 +1.5108e+00 +1.7549e+00 -2.2005e+00 +2.1001e+00 -2.1214e+00 -2.1088e+00 +1.5077e+00 +2.2556e+00
156831 +9.999742337e-01 +9.999742337e-01 -2.106002577e+01 -2.106002577e+01 -1.5171e+00 +2.9361e+00 -2.9880e-01 +4.6201e-01 +2.7495e+00 +7.2772e-01 +2.9418e-01 -1.8926e-01 -2.5840e+00 +1.9846e+00 +1.5428e+00 +2.2455e+00 +1.5447e+00 +1.7673e+00 -2.1933e+00 +2.0831e+00 -2.1074e+00 -2.1049e+00 +1.4994e+00 +2.2548e+00
% function evaluation | noise-free fitness - Fopt (7.129000000000e+01) | best noise-free fitness - Fopt | measured fitness | best measured fitness | x1 | x2...
1 +2.952613022e+05 +2.952613022e+05 +2.953325922e+05 +2.953325922e+05 -7.1794e-01 +2.2208e+00 -8.1145e-01 +1.5625e+00 +4.0042e+00 -3.2642e+00 -4.3749e+00 +1.4530e+00 -3.6251e+00 -4.1431e+00 -3.4719e+00 +3.0136e+00 +4.8874e+00 +3.2927e+00 -4.1906e-01 +2.4072e-02 -3.1965e-02 -1.4827e+00 +1.2979e-01 -4.9940e+00
4 +4.369295387e+04 +4.369295387e+04 +4.376424387e+04 +4.376424387e+04 +2.0406e+00 +4.1106e+00 +1.9728e+00 -4.0649e+00 -4.6676e+00 +1.2333e+00 -1.0838e+00 -1.8887e+00 -2.4142e+00 +2.6173e+00 +3.9723e+00 +1.4189e+00 +3.7791e-01 -3.7582e+00 +1.2497e+00 -4.2484e+00 +2.4441e+00 +2.2402e+00 +1.4275e+00 +5.8004e-01
220 +3.207056042e+04 +3.207056042e+04 +3.214185042e+04 +3.214185042e+04 +5.0441e-01 -1.0926e+00 +3.6241e+00 +4.1938e+00 +1.9686e+00 -3.3960e+00 -3.5487e+00 +2.9657e+00 +2.2441e+00 +5.0000e+00 -3.8771e+00 -1.3860e+00 -5.0000e+00 -1.0448e+00 +2.6432e+00 -1.3859e+00 -4.5546e-01 +2.6596e+00 +1.0193e+00 +6.8397e-01
343 +2.032509882e+04 +2.032509882e+04 +2.039638882e+04 +2.039638882e+04 -7.9126e-01 +1.6210e+00 +1.6864e+00 +1.1507e+00 -1.8289e+00 +1.7108e-02 -4.8358e+00 -3.8247e+00 +2.9862e+00 -9.8425e-01 -5.0000e+00 -7.0044e-01 -1.0327e+00 -9.9834e-01 +1.8337e+00 -2.6912e-01 -1.4020e+00 +4.8325e-01 +3.1293e+00 +2.2111e+00
638 +1.390059756e+04 +1.390059756e+04 +1.397188756e+04 +1.397188756e+04 +0.0000e+00 +1.5502e-01 +1.7015e+00 +1.2069e+00 -2.2523e+00 +2.6771e+00 -1.4067e+00 -2.7260e+00 +2.6414e+00 +4.7022e+00 -2.3438e+00 +1.5747e+00 -3.2398e+00 +4.5060e-01 +3.2975e-01 -1.0718e+00 -3.7964e+00 +6.3780e-01 +4.4229e-01 +1.2802e+00
721 +8.144108806e+03 +8.144108806e+03 +8.215398806e+03 +8.215398806e+03 -4.2285e+00 +1.5840e+00 +0.0000e+00 -1.0233e+00 -1.2365e+00 +1.3277e+00 -4.6946e-02 -3.7754e+00 -2.0406e+00 +4.3172e-01 -2.3505e+00 +6.4564e-01 -1.3359e+00 -1.1435e+00 -9.5933e-01 -1.9571e+00 -1.9186e+00 +1.8683e-01 +3.2060e-01 +9.2652e-01
961 +4.777705677e+03 +4.777705677e+03 +4.848995677e+03 +4.848995677e+03 -2.3681e+00 +1.3927e+00 +4.3632e+00 -1.0362e+00 +6.7023e-01 -9.7089e-02 -1.4567e+00 -3.6099e+00 -2.5648e+00 +0.0000e+00 -2.3466e+00 +2.0044e-02 -2.8746e+00 -2.5770e+00 +2.4437e+00 -2.1950e+00 -1.9985e+00 +1.0481e+00 +4.4740e-01 +6.6347e-01
1052 +3.933279335e+03 +3.933279335e+03 +4.004569335e+03 +4.004569335e+03 -3.6062e+00 +6.3055e-01 +2.8464e+00 -8.0976e-01 +5.2733e-01 -5.7525e-02 -2.9146e+00 -2.5582e+00 -9.7734e-01 +8.9894e-01 -7.9775e-01 -1.1509e+00 -2.7751e+00 -2.5431e+00 -5.2846e-01 -1.6517e+00 -1.8143e+00 +4.4480e-01 +1.4329e+00 +1.8744e+00
1613 +9.087967418e+02 +9.087967418e+02 +9.800867418e+02 +9.800867418e+02 -3.6809e+00 +6.3205e-01 +2.5260e+00 -1.2990e-01 +6.6116e-02 -1.6819e+00 -2.4667e+00 -1.2438e+00 +2.6274e-01 +1.6245e+00 -1.2378e+00 -1.0752e-01 -2.6554e+00 -2.3811e+00 -1.5340e-01 -2.2092e+00 -1.6943e+00 +3.8168e-01 +1.8255e+00 +6.3375e-01
2153 +3.880803831e+02 +3.880803831e+02 +4.593703831e+02 +4.593703831e+02 -3.3494e+00 +1.0215e+00 +2.0139e+00 -3.8022e-01 +1.5921e-01 -2.6242e+00 -1.6734e+00 +0.0000e+00 -1.2923e-01 -1.1583e-01 -3.1387e+00 +1.1160e+00 -1.6171e+00 -1.6504e+00 +9.1817e-01 -1.0331e+00 -1.5358e+00 +1.6812e+00 +2.2101e+00 +1.0172e+00
2247 +1.856613748e+02 +1.856613748e+02 +2.569513748e+02 +2.569513748e+02 -3.1355e+00 +1.8800e+00 +2.4424e+00 -4.0559e-02 -3.0928e-04 -4.5383e-01 -1.2662e-02 -6.9795e-02 -3.5085e-01 +1.5959e+00 -1.4033e+00 +1.0265e+00 -4.7103e-01 -1.3905e+00 +2.1635e-01 -1.3191e+00 -6.7472e-01 +2.2149e+00 +6.4489e-01 +1.3367e+00
2922 +1.135390719e+02 +1.135390719e+02 +1.848290719e+02 +1.848290719e+02 -2.5352e+00 +2.3906e+00 +3.8585e-01 -2.9068e-01 -2.2242e-01 -2.1088e+00 +9.8441e-01 -1.0401e+00 -2.3264e-01 +2.9639e+00 -1.3996e+00 +1.0262e+00 -2.2070e+00 -1.4207e+00 +1.2643e-01 -2.7060e+00 -1.5456e-01 +1.8364e+00 +7.9574e-01 +1.3434e+00
3592 +3.531926171e+01 +3.531926171e+01 +1.066092617e+02 +1.066092617e+02 -2.7142e+00 +2.4684e+00 -9.2766e-01 +3.5807e-01 +2.1544e-01 -2.2539e+00 +1.0404e+00 -1.2946e+00 -1.2572e+00 +2.0281e+00 -1.1316e+00 +1.2464e+00 -1.2336e+00 -8.9486e-01 +1.5475e+00 -2.4317e+00 -3.6337e-01 +1.4687e+00 +8.9463e-01 +1.4748e+00
4154 +4.662065688e+00 +4.662065688e+00 +7.595206569e+01 +7.595206569e+01 -2.4737e+00 +0.0000e+00 -5.8799e-01 +1.0731e+00 +2.2434e-01 -2.4719e+00 +9.1319e-01 -1.4463e+00 -1.6052e+00 +1.8770e+00 -9.8029e-01 +1.0242e+00 -1.0501e+00 -9.4433e-01 +5.7469e-01 -1.9928e+00 -8.7759e-01 +1.5743e+00 +8.3725e-01 +1.2233e+00
5880 +3.557236495e+00 +3.557236495e+00 +7.484723650e+01 +7.484723650e+01 -1.6928e+00 -1.0616e+00 +2.8229e+00 +2.0289e-01 +9.9279e-01 -7.6838e-01 +1.9074e-01 -4.7621e-01 -2.4796e+00 -2.5133e-02 -6.9125e-01 +1.3413e+00 -1.1889e+00 -8.6975e-01 +6.7087e-01 -2.1571e+00 -5.6396e-01 +2.0954e+00 +9.2361e-01 +1.3433e+00
13780 +2.469873423e+00 +2.469873423e+00 +7.375987342e+01 +7.375987342e+01 -1.9298e+00 -4.5152e-02 +2.8529e+00 +1.8184e+00 +6.5742e-01 -2.8038e+00 +4.3284e-01 -4.7043e-01 -2.5127e+00 +9.1637e-01 -7.5290e-01 +2.4178e+00 -1.3430e+00 -5.2350e-01 +2.0430e+00 -2.1141e+00 -7.8036e-01 +1.9775e+00 +9.6275e-01 +1.7825e+00
31445 +1.560919878e+00 +1.560919878e+00 +7.285091988e+01 +7.285091988e+01 -2.0744e+00 -1.3006e-02 +2.5902e+00 +1.9914e+00 +7.9254e-01 -2.8076e+00 +5.7130e-01 -4.5920e-01 -2.4083e+00 +9.1354e-01 -4.3083e-01 +2.5005e+00 -1.4651e+00 -6.3996e-01 +2.0398e+00 -2.1191e+00 -7.2537e-01 +2.0531e+00 +9.1843e-01 +1.6334e+00
71550 +9.998564328e-01 +9.998564328e-01 +7.228985643e+01 +7.228985643e+01 -2.1262e+00 +3.9889e-01 +2.5390e+00 +1.9791e+00 +7.1869e-01 -2.8156e+00 +5.8268e-01 -4.0866e-01 -2.5316e+00 +9.8137e-01 -4.1109e-01 +2.5267e+00 -1.4643e+00 -2.2723e+00 +2.0525e+00 -2.1199e+00 -7.2155e-01 +2.0641e+00 +9.0159e-01 +1.2675e+00
% function evaluation | noise-free fitness - Fopt (-1.054000000000e+01) | best noise-free fitness - Fopt | measured fitness | best measured fitness | x1 | x2...
1 +2.893656521e+05 +2.893656521e+05 +2.893551121e+05 +2.893551121e+05 +1.4228e+00 +4.9721e+00 -4.7639e-01 -1.4677e+00 -3.8703e+00 +3.1149e+00 -3.1600e+00 -5.0619e-01 -2.2699e+00 -2.5401e+00 +1.8178e+00 -2.5067e+00 -8.7002e-01 +1.4073e+00 +1.4212e+00 -4.1220e+00 +4.6779e+00 +5.1313e-01 +2.4766e+00 +4.8429e+00
2 +1.115688815e+05 +1.115688815e+05 +1.115583415e+05 +1.115583415e+05 -2.1953e+00 +2.5562e+00 -2.9181e+00 +1.8511e+00 -3.2463e-01 +2.3991e+00 -4.5495e+00 +4.3999e+00 +3.1828e+00 +1.6000e+00 +2.0399e+00 +4.6796e+00 -4.2957e+00 +1.8897e+00 -3.7029e+00 +2.5709e+00 -2.0244e+00 +4.2931e+00 +3.2139e+00 -2.7234e-01
4 +6.448739324e+04 +6.448739324e+04 +6.447685324e+04 +6.447685324e+04 -3.3164e+00 -2.0894e+00 +4.7182e+00 +3.8104e+00 +2.5521e+00 +4.3673e+00 -1.1715e+00 -1.0937e+00 +4.0181e+00 +2.9452e-01 +1.4681e+00 +4.7672e-01 +9.5584e-01 +1.0945e+00 -1.2912e+00 -3.5541e-01 +9.4222e-01 -2.5662e+00 +9.1490e-01 -1.5134e+00
111 +4.490709751e+04 +4.490709751e+04 +4.489655751e+04 +4.489655751e+04 -4.1877e+00 +2.1237e+00 +1.8283e-02 -4.0839e+00 -1.1032e+00 -3.8032e+00 +4.1703e+00 +4.4520e-01 -3.2351e+00 -1.6934e-02 +2.2181e+00 -3.4387e-01 -2.1180e+00 -3.8934e+00 -6.9358e-01 -9.2931e-02 -2.8726e+00 -9.6819e-01 +1.7381e+00 +2.8347e-01
208 +2.203245699e+04 +2.203245699e+04 +2.202191699e+04 +2.202191699e+04 -5.0000e+00 -1.9928e+00 -3.1859e+00 -2.1215e-01 -3.4718e-01 +2.7658e+00 +2.6805e+00 -2.1411e+00 +3.0680e+00 +2.1263e+00 -2.5956e+00 +2.5127e+00 -3.3138e+00 +2.3886e+00 -3.2938e+00 +1.4811e+00 -7.2863e-01 -1.2496e+00 +1.7964e+00 +8.3424e-01
588 +1.381556404e+04 +1.381556404e+04 +1.380502404e+04 +1.380502404e+04 -2.5683e+00 -1.2546e+00 -2.6260e-01 -3.9416e+00 +8.9841e-01 -1.5172e+00 +2.9312e-01 +1.7516e-01 +3.1691e+00 +5.2551e-01 +5.0716e-01 +4.5487e-01 -4.8506e+00 -2.8977e+00 -1.7605e+00 +1.5192e+00 +0.0000e+00 -2.7238e+00 -1.2207e-03 +2.2989e+00
616 +6.794581576e+03 +6.794581576e+03 +6.784041576e+03 +6.784041576e+03 -8.3147e-01 -3.1325e-01 -1.0617e+00 -3.0059e+00 +1.6945e+00 -2.0227e+00 +7.2619e-01 +4.7305e-01 +1.4216e+00 +1.5159e+00 +2.1337e-01 +1.2015e+00 -5.6047e-01 -3.8898e+00 +6.3055e-01 +2.1098e+00 -1.5080e-01 -2.1768e+00 +0.0000e+00 +1.3195e+00
825 +5.840729412e+03 +5.840729412e+03 +5.830189412e+03 +5.830189412e+03 -3.9534e+00 +5.5482e-01 -5.6226e-01 -3.8157e+00 +1.6832e-01 -2.4973e-01 -1.6602e+00 +6.0408e-01 +1.6153e+00 +2.7357e+00 -1.9565e+00 +1.5136e+00 +1.0770e-01 -2.5034e+00 +2.5763e-01 +2.0856e+00 +2.1155e-01 -3.2099e+00 +9.2718e-02 +2.5200e+00
1032 +3.060797765e+03 +3.060797765e+03 +3.050257765e+03 +3.050257765e+03 +3.2504e+00 +8.7748e-01 -7.0330e-01 -2.5461e+00 +2.7842e+00 +2.1070e+00 -1.2122e+00 -7.9707e-01 +4.2893e-01 +2.6155e+00 -8.8199e-01 +1.2756e+00 +8.2468e-01 -1.8165e+00 -1.4545e+00 +2.1531e+00 +1.2634e-02 -2.8241e+00 +2.0495e+00 +8.8550e-01
1558 +6.972799096e+02 +6.972799096e+02 +6.867399096e+02 +6.867399096e+02 +5.5950e-02 +1.3215e+00 -1.8553e+00 -1.7491e+00 +1.2435e+00 +8.2070e-01 -1.8524e+00 -1.5781e+00 +2.0457e+00 +2.9171e+00 +1.2697e+00 +1.2362e+00 +8.7740e-02 -9.4099e-01 -1.5315e+00 +2.6617e+00 -4.6301e-01 -2.8248e+00 +2.0808e+00 +9.1393e-01
1926 +1.044106702e+02 +1.044106702e+02 +9.387067016e+01 +9.387067016e+01 -2.9111e-02 +1.2971e+00 -2.9851e+00 -2.1906e+00 +1.4520e+00 +1.2657e+00 -1.6537e+00 -2.0386e+00 +1.1664e+00 +2.6951e+00 +1.3374e+00 +9.8064e-01 -4.7026e-01 -2.2575e+00 -7.1076e-02 +2.9520e+00 -8.3500e-01 -1.9883e+00 +2.0140e+00 +7.3978e-01
3874 +6.962536667e+01 +6.962536667e+01 +5.908536667e+01 +5.908536667e+01 -3.5746e-02 +1.2986e+00 -3.0276e+00 -2.2508e+00 +1.8184e+00 +1.2384e+00 -1.8810e+00 -2.0416e+00 +1.1430e+00 +2.6439e+00 +1.3261e+00 +6.0850e-01 -3.5912e-01 -2.4017e+00 -6.2978e-02 +2.8382e+00 -8.6341e-01 -2.0755e+00 +2.0604e+00 +9.7381e-01
4440 +3.283846562e+01 +3.283846562e+01 +2.229846562e+01 +2.229846562e+01 -3.6848e-02 +1.6356e+00 -2.9869e+00 -2.2151e+00 +1.2909e+00 +1.2394e+00 -1.8458e+00 -1.5506e+00 +1.4487e+00 +2.6263e+00 +7.8737e-01 +7.7059e-01 -8.2192e-01 -2.1903e+00 -2.9906e-01 +2.7726e+00 -4.9778e-01 -2.3760e+00 +2.1587e+00 +1.2692e+00
4474 +2.069035964e+01 +2.069035964e+01 +1.015035964e+01 +1.015035964e+01 -1.1371e-01 +1.3160e+00 -3.1242e+00 -2.2147e+00 -7.1350e-01 +1.2553e+00 -2.2300e+00 -2.0453e+00 +1.0911e+00 +2.6647e+00 +1.3981e+00 +5.8204e-01 -2.5981e-01 -2.2768e+00 -6.4300e-02 +2.8277e+00 -8.7087e-01 -1.9157e+00 +1.8758e+00 +9.2112e-01
4649 +4.869933805e+00 +4.869933805e+00 -5.670066195e+00 -5.670066195e+00 -3.8777e-01 +1.1639e+00 -2.4656e+00 -2.2392e+00 -1.7741e+00 +1.2888e+00 -1.7039e+00 -1.0551e+00 +6.9721e-01 +2.6222e+00 +1.7806e+00 +9.2813e-01 -2.1993e-01 -2.2930e+00 -3.0427e-01 +1.3844e+00 -8.4900e-01 -1.6444e+00 +1.9872e+00 +1.1074e+00
5392 +3.876163790e+00 +3.876163790e+00 -6.663836210e+00 -6.663836210e+00 -1.1320e+00 +3.9711e-01 -1.9926e+00 -2.2638e+00 -1.5681e+00 +1.9986e+00 -1.8993e+00 -1.2247e+00 +1.0064e+00 +2.4795e+00 +2.0130e+00 +2.1435e+00 -1.0973e-01 -2.4555e+00 -6.6233e-01 +2.1695e+00 -1.2485e+00 -1.0493e+00 +1.4930e+00 +1.6302e+00
11769 +2.508772103e+00 +2.508772103e+00 -8.031227897e+00 -8.031227897e+00 -1.4467e+00 -8.4973e-01 -5.4693e-01 -2.5202e+00 -1.2089e+00 +2.3341e+00 -2.6354e-01 -1.2562e+00 +1.8856e-01 +2.4776e+00 +7.6016e-01 +2.4262e+00 -2.8625e-01 -2.5005e+00 -1.5069e+00 +1.8865e+00 -1.1450e+00 -1.8878e+00 +1.7413e+00 +1.3081e+00
36723 +1.567226774e+00 +1.567226774e+00 -8.972773226e+00 -8.972773226e+00 -1.5626e+00 -2.9068e+00 -7.8580e-01 -2.4437e+00 -1.2547e+00 +2.4182e+00 -1.7505e-01 -7.9219e-01 +2.0308e-01 +2.6250e+00 +1.0201e+00 +2.3717e+00 -2.7827e-01 -2.6070e+00 -1.9708e+00 +1.6984e+00 -2.1808e+00 -1.6703e+00 +2.1727e+00 +1.5266e+00
75229 +9.960999490e-01 +9.960999490e-01 -9.543900051e+00 -9.543900051e+00 -1.5217e+00 -3.0158e+00 -9.1018e-01 -2.4073e+00 -1.1809e+00 +2.3271e+00 -2.0689e+00 -6.6502e-01 +2.1874e-01 +2.5745e+00 +1.0107e+00 +2.3900e+00 -2.8613e-01 -2.5583e+00 -1.9902e+00 +1.6958e+00 -2.2040e+00 -1.6949e+00 +2.2100e+00 +2.0835e+00
127559 +6.303035789e-01 +6.303035789e-01 -9.909696421e+00 -9.909696421e+00 -1.5138e+00 -3.0098e+00 -8.9475e-01 -2.4111e+00 -1.1991e+00 +2.3237e+00 -2.0407e+00 -2.1398e+00 -1.2429e-01 +2.6755e+00 +1.3676e+00 +2.3021e+00 -2.9031e-01 -2.5682e+00 -1.9910e+00 +2.1312e+00 -2.0900e+00 -1.7181e+00 +2.2031e+00 +2.0701e+00
% function evaluation | noise-free fitness - Fopt (3.860100000000e+02) | best noise-free fitness - Fopt | measured fitness | best measured fitness | x1 | x2...
1 +5.761367881e+04 +5.761367881e+04 +5.799968881e+04 +5.799968881e+04 -1.7730e+00 -8.5625e-02 -4.1677e+00 +1.3878e+00 +3.6397e-01 -2.7208e+00 -1.3592e+00 +5.5210e-01 +4.8229e+00 +6.5768e-01 +3.6362e+00 +3.8463e-01 -3.4465e+00 -2.4247e+00 -3.0055e+00 -4.1799e+00 -9.6053e-01 +2.1243e+00 -2.8796e+00 +2.2338e-01
254 +3.830398029e+04 +3.830398029e+04 +3.868999029e+04 +3.868999029e+04 -1.3018e+00 +1.5961e+00 -6.3689e-01 +2.6745e+00 -7.9576e-01 -1.1850e+00 +3.0002e+00 +5.0000e+00 -1.1913e+00 +1.7662e+00 -2.1881e+00 +1.1497e+00 -4.6658e+00 -4.4934e-01 -1.5109e+00 -2.8800e+00 -7.7866e-01 +5.0000e+00 -2.0996e+00 -1.3290e+00
397 +1.873559034e+04 +1.873559034e+04 +1.912160034e+04 +1.912160034e+04 +2.9011e-01 +3.3425e+00 -3.3367e-01 +4.4507e+00 -1.4498e-01 +1.0907e+00 -4.7549e-01 +2.9564e+00 -1.3116e-01 +2.0780e+00 +6.4278e-02 -2.0483e-01 -4.6935e+00 +3.0591e+00 -1.6363e+00 -3.0195e-01 -2.2098e+00 +2.0761e-01 -2.1998e+00 -7.6485e-01
410 +1.372289377e+04 +1.372289377e+04 +1.410890377e+04 +1.410890377e+04 +1.5253e+00 +2.9826e+00 +1.8192e+00 +4.5902e+00 +2.4324e-02 -1.5907e+00 +5.0000e+00 +2.5926e+00 -2.0182e+00 +5.5777e-01 -3.4358e-01 +8.7042e-01 -3.8383e+00 -5.7964e-01 -8.7956e-01 -9.9626e-01 -1.6253e+00 +7.6522e-01 -1.7962e-02 -1.1911e+00
709 +9.508830291e+03 +9.508830291e+03 +9.894840291e+03 +9.894840291e+03 -4.3672e+00 +2.7979e-01 -1.0727e+00 +2.2414e+00 +8.3150e-01 +0.0000e+00 +0.0000e+00 +1.4628e+00 +1.4061e+00 +2.8309e-01 -4.5190e+00 -2.0541e-01 -3.0502e+00 -1.1052e+00 -1.8196e+00 +4.2974e-01 -1.1417e+00 +3.7403e-01 -2.6870e+00 +6.9460e-02
953 +6.235499757e+03 +6.235499757e+03 +6.621509757e+03 +6.621509757e+03 -1.4697e+00 +2.5015e+00 -5.0000e+00 -4.5385e-01 -8.5278e-01 +1.4308e+00 -8.6191e-01 +1.2921e+00 +2.9051e+00 +3.1536e-01 +1.1310e-01 -1.8295e+00 -1.3851e+00 +1.9801e+00 -2.9795e+00 -2.2746e+00 -2.6948e+00 +1.0727e+00 -3.2617e+00 +0.0000e+00
1075 +3.061949228e+03 +3.061949228e+03 +3.447959228e+03 +3.447959228e+03 -9.0313e-01 +1.8534e+00 -3.6320e+00 +1.2396e+00 +1.3655e+00 +3.4172e+00 -1.2394e+00 +2.0814e-01 +3.8404e+00 +8.6999e-01 -1.1357e+00 -2.6679e+00 -1.8049e+00 -4.8775e-01 -2.4445e+00 +0.0000e+00 -1.7334e+00 +8.9910e-01 -2.9666e+00 -1.7167e+00
1266 +1.319404036e+03 +1.319404036e+03 +1.705414036e+03 +1.705414036e+03 -9.1315e-01 +1.0175e+00 -3.3327e+00 +1.5295e+00 +9.7535e-01 +1.7015e+00 +2.3565e-01 -8.2640e-01 +0.0000e+00 +8.1304e-01 -2.2115e+00 -2.4961e+00 -2.0968e+00 +1.9890e-01 -3.1139e+00 -1.8229e+00 -2.5395e-01 +9.7251e-01 -8.6807e-01 -9.0004e-01
2393 +6.285625391e+02 +6.285625391e+02 +1.014572539e+03 +1.014572539e+03 +4.3870e-01 +1.8565e+00 -2.8658e+00 -2.3754e+00 +7.9625e-01 +1.1231e-01 -9.0967e-02 -3.6284e-01 -7.8392e-01 +0.0000e+00 -1.1522e+00 -5.3889e-01 -1.7700e+00 +1.1577e+00 -2.3065e+00 -7.3856e-01 -6.5951e-01 +1.3580e+00 -2.2403e+00 -1.3592e+00
3436 +1.590893856e+02 +1.590893856e+02 +5.450993856e+02 +5.450993856e+02 +2.6003e+00 +6.6292e-01 -3.1891e+00 -8.9621e-01 +2.7484e+00 +3.9220e-01 -2.9017e-01 -7.0474e-02 +1.9872e+00 -1.0339e-01 +1.5112e-01 -9.7515e-01 -1.8929e+00 +8.9665e-01 -2.7547e+00 -1.5427e+00 -1.6947e+00 +1.5005e+00 -2.0177e+00 -2.0589e+00
3578 +1.224047148e+02 +1.224047148e+02 +5.084147148e+02 +5.084147148e+02 +2.3282e+00 +1.4534e+00 -3.1487e+00 -2.2460e+00 +2.5002e+00 +1.8084e+00 +4.1794e-01 +2.9203e-01 +1.3084e+00 -4.0616e-01 -1.8933e+00 -4.7862e-01 -1.5080e+00 +1.1808e+00 -2.1075e-01 -1.4751e+00 -2.5190e+00 +7.4198e-01 -1.8121e+00 -2.2120e+00
3633 +4.400305319e+01 +4.400305319e+01 +4.300130532e+02 +4.300130532e+02 +2.0631e+00 +2.2937e+00 -3.0337e+00 -2.2240e+00 +2.1793e+00 +1.2594e+00 +3.6035e-01 +1.5067e+00 +1.0761e+00 +6.4775e-03 -2.1206e+00 -1.7552e+00 -1.6835e+00 +1.4498e+00 -1.0689e+00 -1.5696e+00 -2.0278e+00 +9.2656e-01 -1.8244e+00 -1.0742e+00
4598 +3.616530913e+00 +3.616530913e+00 +3.896265309e+02 +3.896265309e+02 +2.1945e+00 +1.6928e+00 -3.0246e+00 -1.9734e+00 +1.9631e+00 +1.0079e+00 +5.5508e-01 +2.4183e+00 -7.0999e-02 -6.3088e-01 -2.1463e+00 -1.4501e+00 -8.5911e-01 +1.3382e+00 -1.3976e+00 -1.7820e+00 -1.1774e+00 +1.6072e+00 -2.0786e+00 -9.4291e-01
23588 +2.400595426e+00 +2.400595426e+00 +3.884105954e+02 +3.884105954e+02 -4.7088e-01 +6.9399e-01 -3.0736e+00 -1.0100e+00 +2.8532e+00 +3.0983e-01 -7.1300e-02 +8.4646e-01 +6.7744e-01 -3.7903e-01 -2.5206e+00 -2.0909e-01 -1.2933e+00 +1.0421e+00 -1.9151e+00 -2.1075e+00 -1.6175e+00 +1.0046e+00 -2.3953e+00 -1.3564e+00
43704 +1.581687112e+00 +1.581687112e+00 +3.875916871e+02 +3.875916871e+02 -1.0061e-01 +7.1828e-01 -2.7058e+00 -1.0112e+00 +2.8815e+00 +6.1951e-01 -2.5923e-02 +8.2497e-01 +1.4761e-01 -5.1950e-01 -2.5076e+00 -1.6241e-01 -1.2868e+00 +1.0571e+00 -1.9610e+00 -2.1517e+00 -2.0948e+00 +1.1657e+00 -2.3450e+00 -2.0493e+00
87600 +9.997765217e-01 +9.997765217e-01 +3.870097765e+02 +3.870097765e+02 -6.4350e-01 +5.8487e-01 -2.7755e+00 -1.0955e+00 +2.9051e+00 +1.8906e+00 -3.1089e-01 +8.9911e-01 +1.8694e-01 -4.8789e-01 -2.5176e+00 -1.3902e-01 -1.3092e+00 +2.3078e+00 -2.0378e+00 -2.1379e+00 -2.0800e+00 +1.1409e+00 -2.3495e+00 -2.0611e+00
% function evaluation | noise-free fitness - Fopt (-1.257000000000e+01) | best noise-free fitness - Fopt | measured fitness | best measured fitness | x1 | x2...
1 +1.773604442e+05 +1.773604442e+05 +1.773478742e+05 +1.773478742e+05 +1.4713e-01 -2.3634e+00 -4.4919e+00 -3.9440e+00 -3.5475e+00 +9.5481e-01 +3.7776e+00 -4.0255e+00 -3.2124e+00 -8.7153e-01 -5.8253e-01 -1.1406e+00 +1.2591e+00 +2.5277e+00 -3.8013e+00 +3.7170e+00 +2.1636e+00 -1.6544e-01 -4.4531e+00 +2.0365e+00
5 +9.591509564e+04 +9.591509564e+04 +9.590252564e+04 +9.590252564e+04 +1.9999e+00 +2.0392e+00 +1.1228e+00 +6.4516e-01 -4.1624e+00 -3.3662e+00 +1.1843e+00 +1.9329e+00 +2.6511e+00 +3.6868e+00 +8.3147e-01 -3.1373e+00 +4.0861e-01 +1.9982e+00 -2.2224e+00 +2.4113e+00 -1.7700e+00 +1.5062e+00 -4.6313e+00 -6.8894e-01
90 +4.499615167e+04 +4.499615167e+04 +4.498358167e+04 +4.498358167e+04 -1.9303e+00 -6.7178e-02 -2.1927e+00 +3.1514e+00 -1.1675e+00 -1.9642e+00 -3.0593e+00 +4.2244e+00 +1.7618e+00 -5.6871e-01 -1.4155e+00 -6.7207e-01 -4.8312e+00 -9.3772e-01 -4.8445e+00 -2.4877e+00 -4.6623e+00 -5.0937e-01 -3.0125e+00 +1.9921e+00
95 +3.410464494e+04 +3.410464494e+04 +3.409207494e+04 +3.409207494e+04 -2.5658e+00 +1.7128e+00 +1.8949e+00 +2.6909e+00 +3.2884e+00 -1.8342e+00 +9.6652e-01 +4.9891e+00 +3.8990e+00 +3.2350e+00 +4.4344e-01 +1.8064e+00 -4.8764e+00 -1.2729e+00 -3.4459e+00 +1.2090e+00 -2.8251e+00 -8.4114e-01 -9.3698e-01 +2.6935e+00
309 +7.839938658e+03 +7.839938658e+03 +7.827368658e+03 +7.827368658e+03 -3.5568e-01 -1.5389e+00 +1.4147e-01 -1.6750e+00 -2.2627e+00 +3.6265e+00 +3.4545e+00 +3.0359e+00 +3.1739e+00 -4.5420e-02 -3.1577e+00 -1.8348e-01 -7.4795e-01 -1.6899e+00 -1.1824e+00 -2.0982e+00 -2.8523e+00 +1.5158e+00 -3.0997e+00 +1.2597e+00
579 +6.236920383e+03 +6.236920383e+03 +6.224350383e+03 +6.224350383e+03 +3.4884e+00 +5.1615e-01 -1.8914e+00 -4.8542e-01 -3.1052e+00 -1.2528e-01 +2.0030e+00 -4.1148e-01 +3.0520e+00 +1.8979e+00 -2.1025e+00 +0.0000e+00 +0.0000e+00 -3.2674e+00 -8.9978e-01 -6.2743e-01 -2.3420e+00 +2.4417e-03 -2.2434e+00 +1.9097e+00
794 +3.769135065e+03 +3.769135065e+03 +3.756565065e+03 +3.756565065e+03 +1.4376e+00 +1.1624e+00 -8.9633e-01 -2.4811e-01 -2.0808e+00 -3.2536e-01 +0.0000e+00 +1.4694e+00 +2.3026e+00 +1.7620e+00 -1.5455e+00 +1.6500e+00 -7.6771e-01 -2.6841e+00 +2.3387e-01 -3.1140e-01 -2.2370e+00 +6.8893e-01 -1.9095e+00 +3.0327e+00
931 +2.198141546e+03 +2.198141546e+03 +2.185571546e+03 +2.185571546e+03 +8.8143e-01 -4.9210e-01 -8.9141e-01 +0.0000e+00 -1.6481e+00 -4.8309e-01 -9.3292e-01 +2.8660e+00 +2.7514e+00 -1.3331e+00 -1.3266e+00 +1.8658e-01 -6.6535e-01 -1.8719e+00 -1.1186e+00 -2.5091e-01 -1.3417e+00 +1.3721e+00 -2.9103e+00 +3.3969e-01
1470 +1.399049673e+03 +1.399049673e+03 +1.386479673e+03 +1.386479673e+03 +2.2929e+00 -5.1310e-01 -3.4481e+00 -1.2940e+00 +4.8945e-01 +1.7572e-01 -1.5706e+00 +2.5258e-01 +2.9955e+00 -8.4907e-01 -9.6117e-01 +3.5445e-01 -8.7194e-01 -2.4570e+00 +4.3075e-01 -3.4578e+00 +4.3510e-03 +1.6587e+00 -2.4367e+00 +1.4240e+00
2184 +7.591276559e+02 +7.591276559e+02 +7.465576559e+02 +7.465576559e+02 +1.9660e+00 -1.0355e-01 -2.5520e+00 +0.0000e+00 -3.6857e-01 +2.3817e-01 -3.4843e+00 -1.5332e+00 +2.8947e+00 +1.3177e+00 -1.6194e+00 +3.4392e-02 -9.6646e-01 -2.7057e+00 +1.5069e-02 -3.0322e+00 +7.2991e-04 +1.0878e+00 -2.3143e+00 +2.3540e+00
2642 +1.037373081e+02 +1.037373081e+02 +9.116730805e+01 +9.116730805e+01 +1.5193e+00 -7.1011e-01 -1.6826e+00 -4.8764e-01 -1.1031e-01 -2.2090e-01 -2.9973e+00 -6.0912e-01 +2.9578e+00 +6.8248e-01 -1.9490e+00 +9.5845e-02 -8.2339e-01 -2.6561e+00 -2.6448e-01 -2.4327e+00 -1.1593e-01 +8.8690e-01 -2.3387e+00 +2.2091e+00
3442 +8.389473257e+01 +8.389473257e+01 +7.132473257e+01 +7.132473257e+01 +1.5302e+00 -9.3890e-01 +1.6221e-01 -4.6499e-01 +3.4418e-01 -2.5422e-01 -3.0843e+00 -3.5056e-01 +2.9590e+00 +3.3328e-01 -1.9597e+00 +2.3116e-01 -8.0398e-01 -2.6522e+00 -3.2635e-01 -2.6729e+00 -9.8335e-02 +8.6957e-01 -2.5093e+00 +2.1211e+00
3915 +3.594327028e+01 +3.594327028e+01 +2.337327028e+01 +2.337327028e+01 +1.6898e+00 -1.8287e+00 +1.1754e-02 +1.7566e-01 -1.1622e+00 -4.8858e-01 -4.3623e-01 +2.2689e-01 +1.9148e+00 +7.0471e-01 -1.5189e+00 +3.4726e-01 -9.3242e-01 -1.5967e+00 -2.2875e+00 -6.2423e-01 -9.9090e-01 +2.0561e+00 -1.9730e+00 +8.7566e-01
4117 +9.899926205e+00 +9.899926205e+00 -2.670073795e+00 -2.670073795e+00 +1.2685e+00 -1.0533e+00 -1.8692e+00 +1.0911e-01 -5.7162e-01 -7.1843e-01 +1.2121e-01 +2.1222e-01 +2.1506e+00 +1.5827e+00 -1.7022e+00 +2.0370e-01 -1.3156e+00 -2.0561e+00 -9.8481e-01 -1.7277e+00 -7.6137e-01 +2.1270e+00 -2.0293e+00 +9.5833e-01
4482 +4.694063243e+00 +4.694063243e+00 -7.875936757e+00 -7.875936757e+00 +1.0911e+00 -1.3837e+00 -2.4298e+00 +4.1184e-01 +4.4469e-01 -6.3253e-01 +3.0938e-01 +5.0524e-01 +2.0394e+00 +1.4794e+00 -2.2767e+00 -5.5873e-02 -1.1881e+00 -1.1675e+00 -1.9878e+00 -7.8960e-01 -7.3927e-01 +2.2791e+00 -2.0934e+00 +1.6866e+00
4634 +3.938606211e+00 +3.938606211e+00 -8.631393789e+00 -8.631393789e+00 +2.2235e+00 -1.5458e+00 -2.5676e+00 +5.1022e-01 +2.6720e+00 +1.2238e-01 -1.2905e-01 +1.3053e-01 +2.2832e+00 +7.5728e-01 -2.6070e+00 +8.1548e-01 -8.6177e-01 -1.9820e+00 -4.4028e-01 -1.3968e+00 -1.5019e+00 +2.0040e+00 -2.0492e+00 +1.0541e+00
10151 +2.501201647e+00 +2.501201647e+00 -1.006879835e+01 -1.006879835e+01 +2.1044e+00 -1.3688e+00 -3.0447e+00 -1.5762e+00 +1.3503e+00 +1.6631e+00 +1.7426e-02 -2.1759e-01 +1.0142e+00 +2.1408e-01 -2.0255e+00 +2.1880e+00 -1.5062e+00 -2.2089e+00 -8.8608e-01 -9.7541e-01 -2.0645e+00 +1.7107e+00 -2.1986e+00 +9.4809e-01
19689 +1.552795810e+00 +1.552795810e+00 -1.101720419e+01 -1.101720419e+01 +2.0671e+00 -1.2267e+00 -3.0697e+00 -1.8364e+00 +2.1512e+00 +8.3934e-01 +6.6910e-02 +2.7465e-01 +7.6134e-01 +3.3703e-01 -1.8799e+00 +2.1626e+00 -1.4658e+00 -2.3018e+00 -1.3074e+00 -8.9047e-01 -2.3986e+00 +1.6402e+00 -2.2162e+00 +9.5711e-01
% function evaluation | noise-free fitness - Fopt (-1.270400000000e+02) | best noise-free fitness - Fopt | measured fitness | best measured fitness | x1 | x2...
1 +7.919452344e+04 +7.919452344e+04 +7.906748344e+04 +7.906748344e+04 +2.1610e+00 +7.1183e-01 +2.1385e+00 -3.0323e-01 +1.2332e+00 +4.4992e+00 +3.6717e+00 +2.9831e+00 +3.4159e+00 +1.4640e+00 -1.0125e+00 -3.9485e+00 -3.4340e+00 +1.5052e+00 -2.0268e+00 -4.8732e+00 -6.6015e-01 -1.6813e+00 -1.4508e+00 -2.9293e+00
2 +5.888048252e+04 +5.888048252e+04 +5.875344252e+04 +5.875344252e+04 -2.9253e+00 -9.0509e-01 -8.1592e-01 +4.1772e-02 -2.7472e+00 +2.1601e+00 -1.3313e+00 -1.3078e+00 +1.8818e+00 +2.5890e+00 -2.6028e+00 -2.0826e+00 -4.3667e+00 -7.0967e-01 +6.3547e-02 -2.7359e+00 +1.4621e+00 -1.3771e+00 +3.9962e+00 -7.8357e-01
211 +3.915623427e+04 +3.915623427e+04 +3.902919427e+04 +3.902919427e+04 -2.3212e+00 -4.4346e+00 -1.0807e+00 -3.7132e-03 +3.9670e-01 +1.3276e+00 -2.1058e+00 +4.4087e+00 -2.5142e+00 +1.8295e+00 -3.8685e+00 -3.4389e+00 +1.7433e+00 +1.4898e+00 -4.0170e-01 +8.0700e-01 -1.7891e-01 -1.6449e+00 +3.0327e-02 -1.2691e+00
383 +9.293118691e+03 +9.293118691e+03 +9.166078691e+03 +9.166078691e+03 -3.2497e-01 -9.6483e-01 -1.4915e+00 -3.0562e-01 +9.1930e-01 -8.9847e-01 -1.3568e+00 +1.2267e+00 -1.7646e+00 +4.6445e+00 +1.4765e+00 -6.5062e-02 -1.2725e+00 -9.9851e-01 -2.4817e+00 +2.5621e-01 -1.3076e+00 -5.0366e-01 +1.0659e+00 -1.9593e+00
626 +5.908919301e+03 +5.908919301e+03 +5.781879301e+03 +5.781879301e+03 -1.4653e+00 -8.8200e-01 -1.0468e+00 -2.2423e-01 +1.3417e+00 -4.4555e-01 +0.0000e+00 +6.8899e-01 -2.0097e+00 +1.6682e+00 +4.5754e-01 -2.6956e+00 -7.5228e-01 -9.5344e-01 -2.9737e+00 +4.4409e-01 -3.2524e+00 +4.6511e-01 +2.9258e+00 -8.8858e-01
966 +2.211896732e+03 +2.211896732e+03 +2.084856732e+03 +2.084856732e+03 +1.0111e+00 -6.5512e-01 +2.1586e+00 -7.2921e-01 +1.3390e+00 -7.2042e-01 -1.0909e+00 +4.9762e-01 -3.7415e-02 +2.0051e+00 +0.0000e+00 -2.6053e+00 +1.3118e+00 -2.3814e+00 -2.0894e+00 -8.6146e-01 -5.6316e-01 -6.9917e-02 +1.7586e+00 -1.5633e+00
1183 +1.233795987e+03 +1.233795987e+03 +1.106755987e+03 +1.106755987e+03 +5.9398e-01 -2.4758e+00 +2.8466e+00 -3.1944e+00 -7.4504e-01 -5.9037e-01 +2.0823e+00 +4.1786e-01 +6.9973e-01 +2.7414e+00 -7.2312e-01 -1.7667e+00 -3.2115e-01 -1.7863e+00 -1.5231e+00 -2.2426e+00 -1.4812e+00 -9.1398e-01 +1.7497e+00 -1.8373e+00
1683 +2.447982705e+02 +2.447982705e+02 +1.177582705e+02 +1.177582705e+02 +6.9420e-01 -3.2303e+00 +1.7393e+00 -2.1684e+00 -5.8492e-01 -2.9063e+00 +2.4660e+00 -2.0634e-02 +3.5600e-01 +2.2276e+00 -4.2971e-01 -1.5700e+00 +0.0000e+00 -1.6652e+00 -2.1310e+00 -2.0291e+00 -6.9692e-01 -1.5306e+00 +1.6875e+00 -1.6022e+00
2227 +6.136573303e+01 +6.136573303e+01 -6.567426697e+01 -6.567426697e+01 +2.3597e+00 -3.8009e+00 +8.5820e-01 -1.4453e+00 +4.2953e-01 -1.6404e+00 +1.6584e+00 -3.7776e-01 +7.7483e-01 +1.8713e+00 -5.1518e-01 -2.2761e+00 +5.2452e-01 -1.8090e+00 -1.8509e+00 -2.2586e+00 -3.4026e-01 -1.5800e+00 +1.7207e+00 -1.3392e+00
2888 +5.009161430e+00 +5.009161430e+00 -1.220308386e+02 -1.220308386e+02 +1.7178e+00 -2.5986e+00 +6.1785e-01 +6.6630e-01 +5.8772e-01 -1.7950e-01 +2.1900e+00 -5.7049e-01 +7.3643e-02 +1.7854e+00 -1.0024e-01 -2.3402e+00 +1.0642e+00 -2.3060e+00 -1.7434e+00 -1.9933e+00 -4.1156e-01 -1.1816e+00 +1.7809e+00 -1.5239e+00
3345 +3.915804056e+00 +3.915804056e+00 -1.231241959e+02 -1.231241959e+02 -2.4072e+00 -2.2812e+00 +2.3752e+00 +8.0667e-02 -3.3965e-01 +6.3959e-01 +2.7550e+00 -3.8141e-01 +5.2052e-02 +1.3984e+00 +2.4611e-01 -1.9682e+00 +1.2591e+00 -2.1928e+00 -1.5378e+00 -1.6509e+00 -6.4099e-01 -2.4259e+00 +1.3201e+00 -1.2198e+00
13696 +2.498466952e+00 +2.498466952e+00 -1.245415330e+02 -1.245415330e+02 -2.0913e+00 -1.1303e+00 +1.4638e+00 +2.8707e-01 +3.2215e-01 -1.9219e+00 +1.2743e+00 +1.5488e+00 +2.1783e-02 +1.6619e+00 +6.7810e-01 -1.8680e+00 +2.1623e+00 -2.1103e+00 -6.9766e-01 -1.2494e+00 -1.6343e+00 -1.4381e+00 +1.0870e+00 -2.3467e+00
44518 +1.583072622e+00 +1.583072622e+00 -1.254569274e+02 -1.254569274e+02 -2.1815e+00 -1.0048e+00 +1.4980e+00 +2.2775e+00 +7.4770e-01 -2.0258e+00 +1.3792e+00 +1.6179e+00 -2.9206e-02 +2.6671e+00 +7.7311e-01 -1.8994e+00 +2.1398e+00 -2.0957e+00 -5.5871e-01 -1.0269e+00 -1.5196e+00 -1.2778e+00 +1.1109e+00 -2.3577e+00
101605 +9.728770523e-01 +9.728770523e-01 -1.260671229e+02 -1.260671229e+02 -2.0975e+00 -1.0650e+00 +1.3752e+00 +2.2856e+00 +7.9403e-01 -2.0125e+00 +1.3866e+00 +1.5885e+00 +1.1827e-02 +2.6284e+00 +2.0146e+00 -2.1317e+00 +2.1449e+00 -2.0968e+00 -5.6715e-01 -1.0077e+00 -2.4007e+00 -7.4253e-01 +1.2159e+00 -2.3111e+00
% function evaluation | noise-free fitness - Fopt (-3.752000000000e+01) | best noise-free fitness - Fopt | measured fitness | best measured fitness | x1 | x2...
1 +1.107195007e+05 +1.107195007e+05 +1.106819807e+05 +1.106819807e+05 -1.8153e+00 +4.8545e+00 -1.8852e+00 -5.2559e-01 -3.5031e+00 +4.8826e+00 +4.3991e+00 -4.8396e+00 -2.9209e+00 +2.7272e+00 -2.8358e+00 +2.9597e+00 +2.0545e+00 +3.0729e+00 -6.3536e-01 -3.3707e+00 +3.2867e+00 -1.8390e+00 -5.5143e-01 -2.8945e+00
4 +6.362568517e+04 +6.362568517e+04 +6.358816517e+04 +6.358816517e+04 -9.1745e-01 -5.5278e-01 -3.8637e+00 +3.7624e+00 +3.7662e+00 +2.8548e+00 +2.5697e+00 +4.3344e-01 -1.0665e+00 +3.9523e+00 -3.6433e+00 -2.2472e+00 +2.8608e+00 -2.2337e+00 +2.3168e+00 +1.1821e+00 +1.1812e+00 +1.7250e+00 +3.4883e+00 -2.3886e+00
10 +3.946361040e+04 +3.946361040e+04 +3.942609040e+04 +3.942609040e+04 -4.0585e+00 +1.9416e+00 -1.0984e+00 +6.6923e-01 +4.7865e+00 -4.0181e+00 -5.6758e-01 +2.5314e+00 +1.0991e+00 -8.9667e-01 +4.4164e+00 -1.8008e+00 -4.7862e+00 -1.4415e+00 +3.4585e+00 +1.4468e+00 +1.4317e+00 +1.5820e+00 -1.3132e-01 -3.9292e+00
12 +2.428866655e+04 +2.428866655e+04 +2.425114655e+04 +2.425114655e+04 -1.4098e+00 -1.4291e-01 -1.7875e+00 -5.0234e-01 +3.5343e+00 +2.2382e+00 -2.7810e+00 -4.8831e+00 +4.6149e+00 +4.2851e+00 +3.0605e-01 +1.0727e+00 -7.0606e-01 -1.0859e-01 +4.3716e-01 -1.6232e+00 +5.4107e-01 +1.7759e+00 +2.5163e+00 -1.0359e+00
300 +1.369920638e+04 +1.369920638e+04 +1.366168638e+04 +1.366168638e+04 +1.5641e+00 -5.0431e-01 -3.4883e+00 -2.1630e-01 -1.5830e+00 -2.8622e+00 +1.0312e+00 -2.8409e+00 +2.3587e+00 -1.1404e+00 +1.4706e+00 +1.1829e+00 -7.8977e-01 +1.9659e-01 -6.1463e-01 -5.5096e-01 +5.7369e-01 +1.0381e+00 +1.9106e-01 -5.4969e-01
526 +8.283400868e+03 +8.283400868e+03 +8.245880868e+03 +8.245880868e+03 -9.4047e-01 -8.3557e-01 -1.2228e+00 +1.5351e+00 +0.0000e+00 +0.0000e+00 -1.2157e+00 -2.4627e+00 +1.4001e+00 -2.1152e-01 +1.1878e+00 +1.9816e+00 -1.1873e+00 +4.0416e-01 +6.1974e-01 -5.7417e-01 +1.4078e+00 +0.0000e+00 +6.1540e-01 -8.5634e-01
632 +5.818351450e+03 +5.818351450e+03 +5.780831450e+03 +5.780831450e+03 -1.9337e+00 -2.2160e+00 -2.8343e+00 +2.3984e+00 +7.4975e-01 -7.0414e-01 -1.3459e+00 -1.2498e+00 +1.1897e+00 -1.2156e+00 +7.7528e-01 -1.8691e+00 -1.9734e+00 +2.7716e-01 +1.2108e+00 -2.0053e+00 -8.1393e-01 +3.0030e+00 +2.0761e-01 -1.1960e+00
1032 +2.284967721e+03 +2.284967721e+03 +2.247447721e+03 +2.247447721e+03 -1.8409e+00 -2.3865e+00 -2.4631e+00 +2.2400e+00 -6.6328e-01 -1.2967e-02 -1.5800e+00 -1.1668e+00 +1.2111e+00 +0.0000e+00 +6.9161e-01 -1.7444e+00 -2.8156e+00 +6.7995e-01 +1.0283e+00 -1.6745e+00 +5.6675e-01 +3.2251e+00 +2.5420e-01 -1.6386e+00
1362 +1.476412047e+03 +1.476412047e+03 +1.438892047e+03 +1.438892047e+03 -1.9973e-01 -3.2497e+00 -3.0655e+00 +1.3792e+00 -3.8643e-01 -4.5666e-01 +1.6100e+00 -2.0768e+00 -9.1853e-01 +0.0000e+00 +1.0916e+00 -5.2971e-02 -3.2863e+00 +4.9345e-01 +1.4657e+00 -3.3879e-01 +2.4576e+00 +1.4520e+00 +3.2362e-01 -1.4807e+00
2030 +7.743325795e+02 +7.743325795e+02 +7.368125795e+02 +7.368125795e+02 -3.9016e-01 -3.0144e+00 -2.3969e+00 +1.2290e+00 +6.6695e-01 +1.0185e+00 -1.1168e+00 +3.5182e-01 +3.0260e+00 -9.5609e-01 -1.6171e-02 -2.8748e-01 -3.2361e+00 +1.3943e+00 +2.3920e+00 -1.2634e+00 +8.2038e-01 +1.8700e+00 +6.1999e-01 -1.4287e+00
2082 +4.711685832e+02 +4.711685832e+02 +4.336485832e+02 +4.336485832e+02 -1.2954e+00 -2.5147e+00 -2.0865e+00 +2.4801e+00 -7.3300e-03 +1.6485e+00 -1.3898e+00 +2.8701e-01 +2.4952e+00 -6.8093e-01 +5.3395e-02 -1.3076e+00 -2.7541e+00 +6.5161e-01 +1.4186e+00 -1.3429e+00 +1.8265e+00 +2.4746e+00 +1.1659e+00 -1.1471e+00
2836 +5.420257982e+01 +5.420257982e+01 +1.668257982e+01 +1.668257982e+01 -8.3320e-01 -1.9534e+00 -2.1972e+00 +2.4139e+00 +1.4364e+00 +1.8321e+00 +5.0052e-01 -1.2281e+00 +2.5983e+00 -6.7435e-01 +1.3733e-01 -1.0918e+00 -2.1422e+00 +1.8885e+00 +1.6539e+00 -1.3461e+00 +1.5404e+00 +2.4633e+00 +1.1919e+00 -1.0806e+00
3256 +2.387840794e+01 +2.387840794e+01 -1.364159206e+01 -1.364159206e+01 -4.1248e-01 -1.9156e+00 -1.8067e+00 +1.5096e+00 +1.7632e+00 +2.3801e+00 -3.9752e-01 -2.3453e-02 +2.3783e+00 -7.4853e-01 +2.5355e-01 -2.8926e-01 -1.8644e+00 +1.5801e+00 +1.8003e+00 -1.2864e+00 +1.6927e+00 +2.3317e+00 +9.3035e-01 -1.6590e+00
3891 +7.574879185e+00 +7.574879185e+00 -2.994512081e+01 -2.994512081e+01 +2.1273e+00 -2.0242e+00 -1.4955e+00 +1.5275e+00 +1.1962e+00 +1.8981e+00 -1.0239e+00 -6.7779e-01 +2.3771e+00 -1.0841e-01 +8.9554e-02 -1.9181e+00 -1.9896e+00 +2.3132e+00 +5.7103e-01 -1.3174e+00 +1.4460e+00 +1.5643e+00 +1.0003e+00 -2.0090e+00
4175 +4.698387365e+00 +4.698387365e+00 -3.282161264e+01 -3.282161264e+01 +8.8168e-01 -1.6452e+00 -1.5235e+00 +2.0620e+00 +1.5612e+00 +2.1685e+00 -2.4647e-01 -2.8901e+00 +7.4854e-01 +8.6962e-02 +2.9801e-01 -2.7616e+00 -1.9592e+00 +1.8045e+00 +6.5326e-01 -1.5308e+00 +1.3522e+00 +7.5807e-01 +1.0337e+00 -1.3203e+00
4378 +3.470965030e+00 +3.470965030e+00 -3.404903497e+01 -3.404903497e+01 +1.2104e+00 -2.6711e+00 -1.7802e+00 +2.1391e+00 +1.1879e+00 +1.4119e+00 -7.8394e-01 -9.2670e-01 +1.4528e+00 +3.3303e-01 +2.0374e-01 -2.7477e+00 -1.9486e+00 +2.1402e+00 +5.1688e-01 -1.4159e+00 +2.2977e+00 +1.8827e+00 +1.2564e+00 -1.8325e+00
14333 +2.417046445e+00 +2.417046445e+00 -3.510295355e+01 -3.510295355e+01 +4.2197e-01 -2.6068e+00 +1.1607e+00 +2.8775e+00 +1.9725e+00 -5.4482e-01 +1.7654e+00 -1.1215e+00 +5.8841e-01 +1.2221e+00 +9.3237e-01 -2.4090e+00 -2.0274e+00 +8.6082e-01 +1.6166e+00 -1.7467e+00 +1.4757e+00 +1.6558e+00 +1.0211e+00 -2.3761e+00
30031 +1.582345792e+00 +1.582345792e+00 -3.593765421e+01 -3.593765421e+01 -1.4713e-01 -2.6672e+00 +1.2328e+00 +2.9494e+00 +1.9574e+00 -4.9704e-01 +2.7336e+00 -1.1828e+00 +1.3431e-01 +9.6574e-01 +9.0322e-01 -2.3990e+00 -1.9995e+00 +8.9840e-01 +1.9051e+00 -1.7901e+00 +1.4990e+00 +2.2538e+00 +8.6832e-01 -2.3840e+00
100451 +9.974814845e-01 +9.974814845e-01 -3.652251852e+01 -3.652251852e+01 -6.3387e-01 -2.7892e+00 +1.2731e+00 +2.9849e+00 +1.8937e+00 -5.1375e-01 +2.7584e+00 -1.2300e+00 +1.0137e-01 +2.6081e+00 +1.4058e+00 -2.3215e+00 -2.0342e+00 +8.8072e-01 +1.9472e+00 -2.1452e+00 +1.6756e+00 +2.2085e+00 +8.6909e-01 -2.4155e+00
% function evaluation | noise-free fitness - Fopt (-3.311600000000e+02) | best noise-free fitness - Fopt | measured fitness | best measured fitness | x1 | x2...
1 +2.613266860e+05 +2.613266860e+05 +2.609955260e+05 +2.609955260e+05 +4.8575e+00 -3.2807e+00 -8.0477e-01 -2.0077e+00 -1.1585e+00 -2.5144e+00 +9.0129e-01 +4.7637e-01 +1.9924e+00 -4.4254e+00 +3.6790e+00 +4.3651e+00 +7.1289e-01 +4.5493e+00 -2.9979e+00 -3.2297e+00 -1.0546e+00 +7.4037e-01 -3.1971e-01 +4.5100e+00
3 +1.579500625e+05 +1.579500625e+05 +1.576189025e+05 +1.576189025e+05 +2.8428e+00 +6.1255e-01 -2.5815e+00 -1.9856e+00 +1.4064e+00 +4.6629e+00 +1.9097e+00 -4.8633e+00 -4.6968e+00 -1.3807e+00 -2.6904e+00 +3.6974e+00 -8.6795e-02 -1.6497e+00 +4.5548e+00 +4.5977e+00 +4.3727e+00 +7.9733e-01 +1.8393e+00 -4.5736e-01
14 +8.411268267e+04 +8.411268267e+04 +8.378152267e+04 +8.378152267e+04 +2.0993e+00 -2.2763e+00 -1.8669e+00 +3.5611e+00 -4.9987e+00 -4.6189e+00 -2.2692e+00 -1.4208e+00 -2.2536e+00 -3.2601e+00 +1.9192e+00 -1.8279e+00 -3.8179e+00 +3.3184e+00 +3.1322e-01 +4.8764e+00 -2.9051e-01 +1.9395e+00 -3.3106e+00 +2.6540e+00
23 +5.743872786e+04 +5.743872786e+04 +5.710756786e+04 +5.710756786e+04 +3.0294e+00 -2.6239e+00 +1.4309e+00 +2.0437e+00 -2.9873e+00 +2.9443e+00 -3.2210e+00 -1.5074e+00 +2.0739e+00 -4.7267e+00 +2.9796e+00 +1.2118e-02 -1.1609e+00 -3.5857e-01 +4.4906e+00 +4.0000e+00 -1.1565e+00 -2.1134e-01 -2.6307e+00 +7.8971e-01
93 +3.142225939e+04 +3.142225939e+04 +3.109109939e+04 +3.109109939e+04 +1.0614e+00 +1.5055e+00 -1.1217e+00 +2.2779e+00 -1.0112e-01 +1.2752e+00 -1.9659e+00 -2.7613e+00 -1.2215e+00 -4.3222e+00 -2.1019e+00 -3.8577e+00 +1.4871e+00 +9.1832e-01 +1.8793e+00 -5.4848e-01 -3.5640e-01 +4.6347e+00 +1.6049e+00 -2.1786e+00
293 +9.931496736e+03 +9.931496736e+03 +9.600336736e+03 +9.600336736e+03 +2.6783e+00 -1.1824e+00 -3.5321e+00 -1.6136e+00 -7.1837e-01 +9.7061e-01 -7.1974e-01 -1.6725e+00 +5.3897e-01 -4.9242e+00 +2.7211e-01 -2.0612e+00 +2.3438e+00 +3.7449e+00 +1.9911e+00 -4.3637e-02 +2.3226e+00 +1.4873e+00 -4.5152e-01 -1.3291e+00
742 +4.026830373e+03 +4.026830373e+03 +3.695670373e+03 +3.695670373e+03 +1.7443e-01 -1.2320e+00 -1.4699e+00 +0.0000e+00 -1.4996e+00 +6.7521e-01 -5.0927e-01 -6.2498e-01 +3.0088e-02 +0.0000e+00 +5.4629e-01 -2.1472e+00 +1.0062e+00 -7.0584e-01 +2.7662e+00 +3.6865e-01 +1.4053e+00 +1.4280e+00 +0.0000e+00 -2.8310e+00
906 +3.860961967e+03 +3.860961967e+03 +3.529801967e+03 +3.529801967e+03 -2.0604e+00 -3.0430e+00 -1.5814e+00 +9.2605e-01 -9.1365e-01 +4.5211e-01 +3.8851e-01 -1.3607e+00 -2.0753e+00 +8.5005e-05 +1.7029e+00 -4.0530e-01 +1.6850e+00 +0.0000e+00 +0.0000e+00 +3.7509e+00 +1.7775e+00 +1.2425e+00 -2.3421e+00 -2.5608e+00
1011 +5.969585050e+02 +5.969585050e+02 +2.657985050e+02 +2.657985050e+02 -2.3662e+00 +1.4568e+00 +7.8057e-01 +1.7727e+00 -1.5479e+00 -8.0055e-01 -1.6595e+00 +4.8974e-01 +2.9444e-01 -2.3417e+00 +7.7424e-01 +1.0514e-01 +1.6593e+00 -3.0484e-01 +8.9656e-01 +1.4421e+00 +2.3099e+00 +7.8324e-01 -1.5324e+00 -2.5163e+00
2118 +2.409745938e+02 +2.409745938e+02 -9.018540618e+01 -9.018540618e+01 +2.4752e+00 +1.7303e+00 +1.4607e+00 +2.6439e+00 -5.0364e-01 -1.3427e+00 -7.7110e-01 -1.1319e+00 -1.0595e+00 -1.8515e+00 +8.1266e-01 +1.3821e-01 +7.0550e-01 +7.4155e-01 +1.1744e+00 +1.7989e+00 +2.2989e+00 +2.5883e-01 -1.9380e+00 -8.1045e-01
2279 +1.364834772e+02 +1.364834772e+02 -1.946765228e+02 -1.946765228e+02 +1.3642e+00 +1.1262e+00 +7.7197e-01 +2.9338e+00 -3.2788e-01 -1.1935e+00 -1.2740e+00 -3.4304e-01 -1.7142e+00 -1.5218e+00 +4.0758e-01 -2.5658e-01 +1.1166e+00 +5.1201e-01 +1.1215e+00 +1.9023e+00 +2.4215e+00 +2.0866e-01 -1.7230e+00 -8.8396e-01
2650 +9.490414776e+00 +9.490414776e+00 -3.216695852e+02 -3.216695852e+02 -2.0786e+00 +8.7399e-01 +5.4227e-02 +2.5187e+00 -6.2400e-01 -5.7270e-01 -1.5637e+00 +7.3082e-01 -1.2529e+00 -8.0126e-01 +7.0872e-02 -4.0549e-01 +1.1748e+00 +1.9328e-01 +1.4814e+00 +1.6217e+00 +2.3152e+00 +1.3917e+00 -2.1127e+00 -6.9620e-01
3425 +4.739452773e+00 +4.739452773e+00 -3.264205472e+02 -3.264205472e+02 +2.2786e+00 +4.7241e-01 +1.3723e+00 +2.1769e+00 -8.0878e-02 +4.6399e-01 -8.5327e-01 +2.1118e-01 -6.0725e-01 -1.5068e-01 +1.0775e+00 -4.7700e-01 +2.1063e+00 +1.4069e-01 +2.5906e+00 +1.4142e+00 +2.3397e+00 +1.9207e+00 -2.1731e+00 -7.3487e-01
6079 +3.922409071e+00 +3.922409071e+00 -3.272375909e+02 -3.272375909e+02 -8.1501e-01 +2.8690e-01 +2.8871e-01 +1.4246e+00 -1.2090e+00 -5.4051e-01 -6.1687e-01 -5.7672e-01 -1.5273e+00 -1.0859e-01 +6.4030e-01 -2.6462e+00 +1.7621e+00 +4.8874e-01 +1.7916e+00 +1.3757e+00 +1.9291e+00 +1.3326e+00 -1.8993e+00 -6.9693e-01
15291 +2.470079913e+00 +2.470079913e+00 -3.286899201e+02 -3.286899201e+02 -6.3888e-01 +5.1353e-01 +5.3154e-01 +2.0151e+00 -8.5047e-01 -9.8799e-01 +2.7951e-01 -4.0638e-01 -1.0204e+00 -3.0488e-01 +7.8102e-02 -1.5779e+00 +2.1564e+00 +2.0416e+00 +4.6750e-01 +1.0340e+00 +2.2394e+00 +2.0352e+00 -2.1268e+00 -2.0645e+00
31298 +1.565737247e+00 +1.565737247e+00 -3.295942628e+02 -3.295942628e+02 -8.0396e-02 +7.2971e-01 +4.3823e-01 +2.8220e+00 -9.4593e-01 -1.3893e+00 +2.5199e-01 -1.9251e+00 -1.4980e+00 -1.8920e-01 +1.0119e-01 -7.8078e-01 +2.4901e+00 +2.0347e+00 +5.9921e-01 +1.1186e+00 +2.3538e+00 +2.0684e+00 -2.0856e+00 -2.1138e+00
69527 +9.973549169e-01 +9.973549169e-01 -3.301626451e+02 -3.301626451e+02 -1.4947e+00 +3.8458e-01 +4.8333e-01 +2.7584e+00 -8.8804e-01 -2.0456e+00 +3.7358e-01 -1.9858e+00 -1.4638e+00 -1.6535e-01 +7.6601e-02 -7.7356e-01 +2.4387e+00 +2.0304e+00 +5.5651e-01 +1.0321e+00 +2.3796e+00 +2.0410e+00 -2.1169e+00 -2.1021e+00
159046 +6.302082480e-01 +6.302082480e-01 -3.305297918e+02 -3.305297918e+02 -1.5574e+00 +3.9912e-01 +4.7506e-01 +2.7470e+00 -8.9825e-01 -2.8524e+00 -1.9174e+00 -2.1532e+00 -2.1822e+00 -3.9125e-03 +6.0515e-01 -6.2159e-01 +2.4762e+00 +1.9965e+00 +5.7865e-01 +1.0021e+00 +2.3727e+00 +2.0380e+00 -2.1264e+00 -2.1005e+00
% function evaluation | noise-free fitness - Fopt (4.481000000000e+01) | best noise-free fitness - Fopt | measured fitness | best measured fitness | x1 | x2...
1 +2.871534316e+05 +2.871534316e+05 +2.871982416e+05 +2.871982416e+05 +2.2654e+00 -2.9873e+00 +3.1379e+00 -4.2320e+00 -3.8451e+00 +2.2590e+00 -8.2029e-01 +4.5729e+00 +2.1978e+00 -1.2376e+00 -4.8993e+00 -5.3781e-01 -4.8537e+00 +3.0614e+00 +3.4995e+00 -1.7648e+00 +4.4094e+00 -3.0911e+00 +4.0543e+00 +2.2086e+00
2 +1.526069829e+05 +1.526069829e+05 +1.526517929e+05 +1.526517929e+05 -1.6206e+00 +4.0851e+00 -3.2052e+00 -2.9357e+00 +1.7923e+00 -9.1787e-01 +2.2637e+00 +3.3098e+00 -3.6889e-01 +7.0964e-01 +4.8663e+00 -1.6536e+00 +4.8214e+00 -2.4714e+00 -2.0007e+00 +1.1580e+00 +4.5235e+00 +4.4574e+00 +7.6918e-01 +2.7655e+00
6 +6.512930996e+04 +6.512930996e+04 +6.517411996e+04 +6.517411996e+04 +1.1194e+00 +3.7437e+00 +2.5315e+00 +3.6792e+00 +1.8491e+00 +2.2696e+00 +6.4251e-01 +3.7060e+00 +1.5631e+00 +4.0671e+00 -4.5966e-01 -4.2319e+00 +5.2846e-01 -2.8325e+00 +1.8393e+00 -3.2646e+00 +2.4078e+00 +2.1252e-01 +3.6050e+00 +1.7271e+00
43 +4.902630368e+04 +4.902630368e+04 +4.907111368e+04 +4.907111368e+04 -1.1776e+00 +2.3547e+00 +1.1630e+00 -3.2640e+00 -2.3855e+00 -1.7416e+00 +3.5925e-01 +2.7894e-01 +4.9506e+00 +3.4318e+00 -8.4835e-01 +1.3026e+00 -4.6675e+00 -1.6688e+00 -7.0286e-01 -8.4694e-01 -4.0969e+00 +2.2165e+00 +2.3421e+00 +3.8998e+00
77 +2.981638389e+04 +2.981638389e+04 +2.986119389e+04 +2.986119389e+04 +4.5101e+00 +8.2517e-03 -1.4774e+00 -4.5059e-01 +2.7317e+00 +8.9673e-01 +4.6148e+00 +2.4331e+00 +1.5270e-01 -3.0424e+00 -1.4085e+00 -1.1839e+00 -3.1981e+00 -2.6711e-01 +1.3363e+00 -4.1070e+00 -3.6103e+00 +1.0558e+00 +3.3249e+00 +1.3645e-01
216 +8.639180320e+03 +8.639180320e+03 +8.683990320e+03 +8.683990320e+03 +5.0000e+00 +7.7451e-01 -9.5535e-01 -2.0180e+00 +5.0000e+00 -3.2669e+00 +3.2897e+00 -8.4263e-01 +1.0126e+00 -2.3100e+00 +4.0111e-01 -1.1467e+00 +8.1065e-01 -1.2760e-01 -5.6916e-01 -1.0368e+00 -2.2596e+00 +1.4383e+00 +1.0482e+00 +2.8762e+00
728 +5.472077294e+03 +5.472077294e+03 +5.516887294e+03 +5.516887294e+03 +4.0668e+00 +4.7506e-01 -1.7524e+00 -9.7811e-01 -8.3640e-01 -2.4027e+00 +3.6732e+00 +2.6850e-01 +1.8384e+00 +9.0265e-01 +7.2795e-01 -2.4311e+00 -2.1195e-01 -2.7067e+00 -1.2094e+00 -1.7890e+00 -2.0905e+00 +2.9637e+00 +2.2153e+00 +1.0792e+00
1064 +3.259659825e+03 +3.259659825e+03 +3.304469825e+03 +3.304469825e+03 +3.7426e+00 +1.6166e+00 -5.6094e-01 -9.3442e-01 +9.0866e-01 -2.5267e+00 +2.9766e+00 -1.7038e+00 +3.2552e+00 +6.4114e-01 +5.0195e-02 -2.9808e+00 -2.3408e-01 -2.1378e+00 -2.4046e+00 -1.3821e+00 -3.6392e-01 +1.4201e+00 +1.3691e+00 +1.6622e+00
1369 +1.138346862e+03 +1.138346862e+03 +1.183156862e+03 +1.183156862e+03 +3.2364e+00 +1.6947e+00 +1.7779e-02 -7.0269e-01 +1.7824e-01 -4.3315e-01 +3.3800e+00 -2.2371e+00 +2.8067e+00 -3.0764e-01 +3.1461e-01 -2.5797e+00 -8.7603e-01 -3.0689e+00 -2.2200e+00 -2.0735e+00 -1.4429e+00 +1.1568e+00 +8.8901e-01 +2.1385e+00
1787 +1.982353054e+02 +1.982353054e+02 +2.430453054e+02 +2.430453054e+02 +2.2211e+00 +1.3333e+00 +9.7098e-02 -1.4199e+00 +8.4672e-01 -9.4445e-01 +1.0168e+00 -8.1473e-01 +2.1471e+00 -1.1126e+00 +8.0639e-01 -2.4005e+00 +0.0000e+00 -2.3791e-01 -1.9783e+00 -5.6662e-01 -8.7000e-01 +1.6746e+00 +1.9631e+00 +2.2827e+00
2861 +1.469810538e+02 +1.469810538e+02 +1.917910538e+02 +1.917910538e+02 +1.9678e+00 +1.3881e+00 +2.9011e+00 -1.1803e+00 +1.7348e+00 -7.9399e-01 +7.8120e-01 -1.0797e+00 +1.8348e+00 -2.4173e+00 +6.6695e-01 -1.9548e+00 -1.5479e-01 -2.3900e+00 -6.3871e-01 -9.3769e-01 -6.8272e-01 +2.2817e+00 +1.9709e+00 +5.1985e-01
2950 +3.813782469e+00 +3.813782469e+00 +4.862378247e+01 +4.862378247e+01 +1.8045e+00 +1.2688e+00 -1.1393e-01 -1.1295e+00 +2.4005e+00 -5.8987e-01 +6.7534e-01 -5.2703e-01 +2.2173e+00 -1.0871e+00 +1.5490e+00 -2.2916e+00 -3.1080e-01 -7.5439e-01 -1.6894e+00 -1.8918e+00 -8.7711e-01 +2.0273e+00 +2.2225e+00 +2.0613e+00
15208 +2.400984912e+00 +2.400984912e+00 +4.721098491e+01 +4.721098491e+01 +2.3645e+00 +1.5867e+00 +2.3368e+00 -1.0660e+00 +2.7228e+00 -7.0827e-01 +1.2234e+00 -6.5577e-01 +1.1649e+00 -1.1228e+00 +1.7086e+00 -2.1842e+00 -1.9842e+00 -4.9869e-01 -2.5516e+00 -1.5707e+00 -1.2255e+00 +2.2650e+00 +1.1559e+00 +2.3117e+00
30139 +1.521050123e+00 +1.521050123e+00 +4.633105012e+01 +4.633105012e+01 +2.4959e+00 +1.7132e+00 +2.1740e+00 -1.0002e+00 +2.8189e+00 -7.1988e-01 +2.8300e+00 -7.1192e-01 +2.3704e+00 -1.4287e+00 +1.6733e+00 -2.1558e+00 -2.0857e+00 -4.7630e-01 -2.5048e+00 -1.5679e+00 -1.5566e+00 +2.2442e+00 +1.1656e+00 +2.3749e+00
95909 +9.462028690e-01 +9.462028690e-01 +4.575620287e+01 +4.575620287e+01 -2.0952e+00 +1.1719e+00 +2.2363e+00 -9.5241e-01 +2.8733e+00 -7.7626e-01 +2.8220e+00 -1.1850e+00 +2.4409e+00 -1.3902e+00 +1.6964e+00 -2.2115e+00 -2.0898e+00 -4.8756e-01 -2.4898e+00 -2.0322e+00 -1.7025e+00 +2.2280e+00 +8.5892e-01 +2.4167e+00
133920 +6.034625705e-01 +6.034625705e-01 +4.541346257e+01 +4.541346257e+01 -2.1204e+00 +2.1060e+00 +2.0966e+00 -9.0676e-01 +2.8668e+00 -7.6383e-01 +2.8139e+00 -1.9297e+00 +2.2047e+00 -1.4131e+00 +1.6889e+00 -2.2095e+00 -2.0995e+00 -4.5349e-01 -2.5197e+00 -1.9909e+00 -1.7268e+00 +2.1950e+00 +8.6639e-01 +2.4133e+00
% function evaluation | noise-free fitness - Fopt (-1.764600000000e+02) | best noise-free fitness - Fopt | measured fitness | best measured fitness | x1 | x2...
1 +2.505619150e+05 +2.505619150e+05 +2.503854550e+05 +2.503854550e+05 -1.7665e+00 -4.5329e+00 +4.9481e+00 +2.8722e+00 -1.7155e+00 -3.4294e+00 +7.0116e-01 +3.7717e+00 +1.7518e+00 +2.9403e-01 -4.3987e+00 -2.3001e+00 -4.0872e+00 -5.4088e-01 +3.6285e+00 +2.0978e+00 +3.8207e+00 -2.9027e+00 +2.2895e+00 -3.2901e+00
6 +8.904643964e+04 +8.904643964e+04 +8.886997964e+04 +8.886997964e+04 -2.6008e+00 +2.5869e+00 +2.3883e+00 +1.7341e+00 -2.0328e+00 +2.2223e+00 -2.4378e+00 -3.4694e+00 +9.0483e-01 +1.3996e+00 -3.3902e+00 +1.7345e+00 -3.8073e+00 -4.1344e+00 -3.3553e-01 +1.7570e+00 -1.3986e-01 -1.4845e+00 +3.0152e+00 +4.6558e+00
59 +5.124650624e+04 +5.124650624e+04 +5.107004624e+04 +5.107004624e+04 -3.6867e+00 +1.1226e+00 -2.9313e-01 +2.3327e+00 -7.0211e-02 -7.0893e-01 -2.5666e+00 +9.1626e-01 +2.0374e+00 +4.1129e+00 +3.6063e+00 -1.5294e+00 +9.5300e-01 -4.7080e+00 +7.5054e-01 +4.7542e+00 -5.0944e-01 -1.0280e+00 +1.1584e+00 +3.6584e+00
205 +3.323125125e+04 +3.323125125e+04 +3.305479125e+04 +3.305479125e+04 -5.4931e-01 -3.7121e+00 +1.4479e-01 +8.5326e-01 -1.1625e+00 -1.0491e+00 -4.3701e+00 -2.5384e+00 +1.5334e+00 +1.9379e+00 -9.7671e-01 -1.2116e+00 -1.7362e+00 -7.7698e-02 -1.6261e+00 +5.0000e+00 -2.5474e+00 +5.4045e-02 +2.0655e+00 +1.4908e+00
338 +1.236311412e+04 +1.236311412e+04 +1.218665412e+04 +1.218665412e+04 -2.4667e+00 -1.4888e+00 +1.6262e+00 +5.0000e+00 +1.5387e+00 -3.0198e+00 -1.3568e+00 +3.0187e-01 +5.0000e+00 +2.2055e+00 +1.4883e+00 -1.0889e+00 +2.5671e-01 -2.3563e+00 +2.2767e+00 +2.4710e-01 -2.1015e+00 +1.4335e+00 +2.0984e-02 +2.2545e+00
453 +9.550701675e+03 +9.550701675e+03 +9.374241675e+03 +9.374241675e+03 -3.1012e+00 +5.0000e+00 +1.3553e+00 +4.7769e+00 +2.0183e+00 -3.3656e+00 -1.4093e+00 -1.4077e-01 +2.9792e+00 -3.7499e-01 +4.1429e-01 -3.4877e-01 +1.5238e+00 -2.9658e+00 +1.1461e+00 +9.2115e-01 -2.7163e+00 +4.5889e-01 +2.9094e+00 +1.2018e+00
619 +6.111438598e+03 +6.111438598e+03 +5.934978598e+03 +5.934978598e+03 -3.2074e+00 +4.6006e+00 +1.8756e+00 +2.6160e+00 +5.9592e-01 -2.0273e+00 -4.3323e+00 -1.0628e+00 +3.9253e-01 +0.0000e+00 -1.7124e-01 -7.6691e-01 +6.8894e-01 -2.9505e+00 +8.2369e-01 +9.2150e-01 -9.7344e-01 +7.8146e-01 +3.2231e+00 +1.6941e+00
1107 +4.342614292e+02 +4.342614292e+02 +2.578014292e+02 +2.578014292e+02 +4.0382e-01 +3.2757e+00 +2.1954e+00 +3.8446e-01 +3.1913e+00 -5.2170e-01 -1.8012e+00 +2.3320e-01 +3.1192e+00 -8.9357e-01 -2.9266e+00 -1.7583e+00 +6.2428e-01 -3.0070e+00 +7.5989e-01 +1.4486e+00 -1.2112e+00 +1.9593e+00 +4.6866e-01 +2.5673e+00
2809 +2.214193045e+02 +2.214193045e+02 +4.495930455e+01 +4.495930455e+01 +1.5207e+00 +3.3600e+00 +2.5018e+00 -6.4296e-02 +3.0108e+00 +6.8070e-01 -1.9540e+00 +1.8987e-01 +2.7340e+00 +1.0456e-01 -2.7027e+00 -1.5317e+00 +4.7275e-01 -2.9310e+00 +8.2749e-01 +2.1842e+00 -1.6850e+00 +7.4078e-01 +7.5953e-01 +2.6245e+00
3052 +9.045835774e+01 +9.045835774e+01 -8.600164226e+01 -8.600164226e+01 +1.3519e+00 +3.4693e+00 +2.5210e+00 -2.1895e-01 +2.9406e+00 -3.9505e-02 -2.0249e+00 +8.9270e-01 +3.1517e+00 -6.8731e-03 -2.4375e+00 -1.7144e+00 +2.4100e-01 -1.2963e+00 +4.0255e-01 +2.1896e+00 -1.5547e+00 +6.8592e-01 +8.2343e-01 +2.6298e+00
3541 +4.922854853e+01 +4.922854853e+01 -1.272314515e+02 -1.272314515e+02 +2.3842e+00 +3.1439e+00 +2.5324e+00 +3.3324e-01 +1.8756e+00 -4.5388e-01 -2.3237e+00 +7.3719e-01 +3.0064e+00 +3.8956e-01 -2.7626e+00 -1.4166e+00 +1.7047e+00 -1.9017e+00 +6.6355e-01 +2.5150e+00 -1.7898e+00 +1.1460e+00 +1.0222e+00 +2.3754e+00
3790 +8.815901370e+00 +8.815901370e+00 -1.676440986e+02 -1.676440986e+02 +2.6014e+00 +3.1477e+00 +2.1882e+00 -4.4462e-01 +2.3205e+00 -7.1869e-01 -2.2201e+00 +9.6704e-01 +2.9489e+00 +4.7253e-01 -2.7008e+00 -1.2303e+00 +1.6120e+00 -1.3877e+00 +7.3918e-01 +2.6092e+00 -1.3921e+00 +9.3796e-01 +1.1086e+00 +1.3725e+00
3941 +4.468400376e+00 +4.468400376e+00 -1.719915996e+02 -1.719915996e+02 +2.1030e+00 +3.1827e+00 +2.0606e+00 -1.7829e-01 +2.4224e+00 -2.6597e-01 -2.2598e+00 +8.5168e-01 +3.0090e+00 +1.2296e+00 -2.3741e+00 -1.1072e+00 +1.4946e+00 -1.4968e+00 +5.0431e-01 +2.6674e+00 -1.5829e+00 +1.7929e+00 +9.1125e-01 +1.9332e+00
5027 +3.718533898e+00 +3.718533898e+00 -1.727414661e+02 -1.727414661e+02 +9.1368e-01 +3.0978e+00 +2.1144e+00 +6.3510e-01 +2.6858e+00 -1.6301e-01 -2.8441e+00 -7.2805e-02 +2.6949e+00 -5.2620e-02 -2.5647e+00 -9.3252e-01 +1.9014e+00 -5.3119e-01 +5.1023e-01 +1.9304e+00 -1.4517e+00 +1.0247e+00 +1.3982e+00 +2.2431e+00
17026 +2.344585577e+00 +2.344585577e+00 -1.741154144e+02 -1.741154144e+02 +1.5784e+00 +3.1079e+00 +2.1321e+00 +9.0107e-01 +2.3970e+00 -4.4424e-01 -2.6854e+00 -1.3050e+00 +6.1631e-02 +5.3869e-01 -2.3173e+00 -8.1197e-01 +1.8537e+00 -2.2799e+00 +2.0589e+00 +8.6535e-01 -2.4072e+00 +1.0539e+00 +1.2027e+00 +2.0007e+00
28783 +1.542960368e+00 +1.542960368e+00 -1.749170396e+02 -1.749170396e+02 +1.5565e+00 +3.0942e+00 +2.2238e+00 +8.9823e-01 +2.3682e+00 -7.0257e-01 -2.7326e+00 -1.2578e+00 +3.1137e-02 +5.5988e-01 -2.4724e+00 -1.1289e+00 +1.4806e+00 -2.2733e+00 +2.0615e+00 +6.6342e-01 -2.4336e+00 +1.0398e+00 +1.1795e+00 +1.9483e+00
68330 +9.997500370e-01 +9.997500370e-01 -1.754602500e+02 -1.754602500e+02 +1.5222e+00 +3.0592e+00 +2.2139e+00 +9.0934e-01 +2.4051e+00 -6.4274e-01 -2.7713e+00 -1.2311e+00 +8.4330e-02 +5.1767e-01 -2.4963e+00 -2.0099e+00 +1.6039e+00 -2.2400e+00 +2.0675e+00 +6.5192e-01 -2.4698e+00 +1.0347e+00 +1.1574e+00 +2.3387e+00
