% function evaluation | noise-free fitness - Fopt (1.491500000000e+02) | best noise-free fitness - Fopt | measured fitness | best measured fitness | x1 | x2...
1 +6.167119407e+00 +6.167119407e+00 +1.553171194e+02 +1.553171194e+02 -2.4963e+00 +6.6037e-01
248 +3.291919112e+00 +3.291919112e+00 +1.524419191e+02 +1.524419191e+02 -1.8368e+00 -7.9431e-01
412 +2.325715005e+00 +2.325715005e+00 +1.514757150e+02 +1.514757150e+02 -1.5801e+00 -1.0969e+00
503 +1.461623742e+00 +1.461623742e+00 +1.506116237e+02 +1.506116237e+02 -1.2111e+00 -1.3111e+00
579 +9.786182824e-01 +9.786182824e-01 +1.501286183e+02 +1.501286183e+02 -1.0019e+00 -1.3967e+00
612 +6.272333453e-01 +6.272333453e-01 +1.497772333e+02 +1.497772333e+02 -8.4358e-01 -1.3336e+00
688 +3.111627638e-01 +3.111627638e-01 +1.494611628e+02 +1.494611628e+02 -6.0848e-01 -1.1783e+00
735 +2.395436150e-01 +2.395436150e-01 +1.493895436e+02 +1.493895436e+02 -5.2871e-01 -1.1060e+00
764 +1.579781346e-01 +1.579781346e-01 +1.493079781e+02 +1.493079781e+02 -4.5116e-01 -1.0025e+00
812 +9.517363765e-02 +9.517363765e-02 +1.492451736e+02 +1.492451736e+02 -3.6062e-01 -8.9271e-01
823 +4.218697433e-02 +4.218697433e-02 +1.491921870e+02 +1.491921870e+02 -2.5906e-01 -7.3445e-01
842 +3.023909552e-02 +3.023909552e-02 +1.491802391e+02 +1.491802391e+02 -2.2727e-01 -6.8281e-01
854 +1.853922718e-02 +1.853922718e-02 +1.491685392e+02 +1.491685392e+02 -1.8971e-01 -6.1962e-01
860 +1.300007296e-02 +1.300007296e-02 +1.491630001e+02 +1.491630001e+02 -1.5146e-01 -5.6016e-01
918 +7.766101021e-03 +7.766101021e-03 +1.491577661e+02 +1.491577661e+02 -1.3479e-01 -5.2743e-01
923 +5.261187277e-03 +5.261187277e-03 +1.491552612e+02 +1.491552612e+02 -1.2709e-01 -5.1037e-01
939 +2.939053728e-03 +2.939053728e-03 +1.491529391e+02 +1.491529391e+02 -1.0903e-01 -4.7621e-01
951 +2.459329837e-03 +2.459329837e-03 +1.491524593e+02 +1.491524593e+02 -1.0458e-01 -4.6668e-01
955 +1.208127303e-03 +1.208127303e-03 +1.491512081e+02 +1.491512081e+02 -8.8348e-02 -4.3495e-01
956 +7.310375540e-05 +7.310375540e-05 +1.491500731e+02 +1.491500731e+02 -5.8921e-02 -3.7746e-01
976 +1.462781933e-05 +1.462781933e-05 +1.491500146e+02 +1.491500146e+02 -5.9022e-02 -3.7841e-01
1027 +6.719598872e-06 +6.719598872e-06 +1.491500067e+02 +1.491500067e+02 -5.2831e-02 -3.6616e-01
1033 +4.157938889e-06 +4.157938889e-06 +1.491500042e+02 +1.491500042e+02 -5.3221e-02 -3.6689e-01
1046 +2.622113726e-06 +2.622113726e-06 +1.491500026e+02 +1.491500026e+02 -5.4975e-02 -3.7051e-01
1068 +6.791179885e-07 +6.791179885e-07 +1.491500007e+02 +1.491500007e+02 -5.4391e-02 -3.6920e-01
1070 +7.282028491e-08 +7.282028491e-08 +1.491500001e+02 +1.491500001e+02 -5.5396e-02 -3.7117e-01
1104 +3.068169008e-08 +3.068169008e-08 +1.491500000e+02 +1.491500000e+02 -5.5349e-02 -3.7111e-01
1111 +2.390720510e-09 +2.390720510e-09 +1.491500000e+02 +1.491500000e+02 -5.5248e-02 -3.7089e-01
% function evaluation | noise-free fitness - Fopt (-1.000000000000e+03) | best noise-free fitness - Fopt | measured fitness | best measured fitness | x1 | x2...
1 +5.790150601e+04 +5.790150601e+04 +5.690150601e+04 +5.690150601e+04 +1.2229e+00 +1.8335e+00
2 +3.750891197e+04 +3.750891197e+04 +3.650891197e+04 +3.650891197e+04 +3.5778e-01 -1.4977e+00
4 +1.357030782e+03 +1.357030782e+03 +3.570307821e+02 +3.570307821e+02 -1.0700e+00 +4.2153e+00
10 +2.383366517e+02 +2.383366517e+02 -7.616633483e+02 -7.616633483e+02 -1.9449e+00 +2.2580e+00
18 +8.455595862e+01 +8.455595862e+01 -9.154440414e+02 -9.154440414e+02 -5.2674e+00 +3.0778e+00
27 +1.290069357e+01 +1.290069357e+01 -9.870993064e+02 -9.870993064e+02 -6.4133e+00 +6.7126e+00
44 +9.318170573e+00 +9.318170573e+00 -9.906818294e+02 -9.906818294e+02 -5.3920e+00 +2.7285e+00
78 +5.000572707e+00 +5.000572707e+00 -9.949994273e+02 -9.949994273e+02 -4.7202e+00 +8.1464e-01
83 +1.720778366e+00 +1.720778366e+00 -9.982792216e+02 -9.982792216e+02 -4.1564e+00 +2.8130e-01
94 +7.114061296e-01 +7.114061296e-01 -9.992885939e+02 -9.992885939e+02 -3.6891e+00 +1.9537e-01
191 +5.885879111e-01 +5.885879111e-01 -9.994114121e+02 -9.994114121e+02 -3.6056e+00 +2.4771e-01
201 +3.721059643e-01 +3.721059643e-01 -9.996278940e+02 -9.996278940e+02 -3.4556e+00 +3.2510e-01
223 +2.315482841e-01 +2.315482841e-01 -9.997684517e+02 -9.997684517e+02 -3.3292e+00 +4.4462e-01
224 +1.277418863e-01 +1.277418863e-01 -9.998722581e+02 -9.998722581e+02 -3.1091e+00 +6.9850e-01
259 +9.120313015e-02 +9.120313015e-02 -9.999087969e+02 -9.999087969e+02 -3.0599e+00 +8.1952e-01
261 +3.936678391e-02 +3.936678391e-02 -9.999606332e+02 -9.999606332e+02 -3.0360e+00 +8.2986e-01
362 +1.593874459e-02 +1.593874459e-02 -9.999840613e+02 -9.999840613e+02 -2.9744e+00 +9.3979e-01
370 +1.223441586e-02 +1.223441586e-02 -9.999877656e+02 -9.999877656e+02 -2.9481e+00 +9.8206e-01
381 +8.364048816e-03 +8.364048816e-03 -9.999916360e+02 -9.999916360e+02 -2.9301e+00 +1.0236e+00
384 +3.081148139e-03 +3.081148139e-03 -9.999969189e+02 -9.999969189e+02 -2.9031e+00 +1.0707e+00
386 +5.162801855e-04 +5.162801855e-04 -9.999994837e+02 -9.999994837e+02 -2.8706e+00 +1.1319e+00
388 +3.768070720e-04 +3.768070720e-04 -9.999996232e+02 -9.999996232e+02 -2.8477e+00 +1.1795e+00
442 +8.724179895e-05 +8.724179895e-05 -9.999999128e+02 -9.999999128e+02 -2.8405e+00 +1.1925e+00
473 +4.285102932e-05 +4.285102932e-05 -9.999999571e+02 -9.999999571e+02 -2.8450e+00 +1.1836e+00
476 +7.814874721e-06 +7.814874721e-06 -9.999999922e+02 -9.999999922e+02 -2.8460e+00 +1.1808e+00
487 +3.854119882e-06 +3.854119882e-06 -9.999999961e+02 -9.999999961e+02 -2.8481e+00 +1.1765e+00
519 +1.203301622e-06 +1.203301622e-06 -9.999999988e+02 -9.999999988e+02 -2.8476e+00 +1.1777e+00
543 +9.964412584e-08 +9.964412584e-08 -9.999999999e+02 -9.999999999e+02 -2.8484e+00 +1.1761e+00
551 +6.263064734e-08 +6.263064734e-08 -9.999999999e+02 -9.999999999e+02 -2.8484e+00 +1.1761e+00
578 +8.115762284e-09 +8.115762284e-09 -1.000000000e+03 -1.000000000e+03 -2.8482e+00 +1.1765e+00
% function evaluation | noise-free fitness - Fopt (9.862000000000e+01) | best noise-free fitness - Fopt | measured fitness | best measured fitness | x1 | x2...
1 +2.118938931e+02 +2.118938931e+02 +3.105138931e+02 +3.105138931e+02 -1.7269e-01 +1.9716e+00
2 +4.027564947e+00 +4.027564947e+00 +1.026475649e+02 +1.026475649e+02 -1.0378e+00 -1.3596e+00
9 +2.012976463e+00 +2.012976463e+00 +1.006329765e+02 +1.006329765e+02 -2.3604e-01 +1.8450e-01
56 +1.443497644e+00 +1.443497644e+00 +1.000634976e+02 +1.000634976e+02 -1.9708e+00 -2.1495e+00
96 +9.351626833e-01 +9.351626833e-01 +9.955516268e+01 +9.955516268e+01 -1.7286e+00 -2.1707e+00
121 +6.281421323e-01 +6.281421323e-01 +9.924814213e+01 +9.924814213e+01 -1.5950e+00 -2.1102e+00
182 +3.558208833e-01 +3.558208833e-01 +9.897582088e+01 +9.897582088e+01 -1.4012e+00 -1.9870e+00
200 +2.141867415e-01 +2.141867415e-01 +9.883418674e+01 +9.883418674e+01 -1.2565e+00 -1.8365e+00
228 +1.471631029e-01 +1.471631029e-01 +9.876716310e+01 +9.876716310e+01 -1.1127e+00 -1.6453e+00
273 +8.984359294e-02 +8.984359294e-02 +9.870984359e+01 +9.870984359e+01 -1.1031e+00 -1.6515e+00
302 +5.622647179e-02 +5.622647179e-02 +9.867622647e+01 +9.867622647e+01 -1.0413e+00 -1.5664e+00
327 +3.514449454e-02 +3.514449454e-02 +9.865514449e+01 +9.865514449e+01 -9.9240e-01 -1.4861e+00
330 +2.146952405e-02 +2.146952405e-02 +9.864146952e+01 +9.864146952e+01 -9.5150e-01 -1.4182e+00
356 +1.550543925e-02 +1.550543925e-02 +9.863550544e+01 +9.863550544e+01 -9.2623e-01 -1.3723e+00
373 +6.251391931e-03 +6.251391931e-03 +9.862625139e+01 +9.862625139e+01 -8.8423e-01 -1.2998e+00
381 +3.669269267e-03 +3.669269267e-03 +9.862366927e+01 +9.862366927e+01 -8.5612e-01 -1.2503e+00
389 +1.885670283e-03 +1.885670283e-03 +9.862188567e+01 +9.862188567e+01 -8.3219e-01 -1.2044e+00
396 +1.318674945e-03 +1.318674945e-03 +9.862131867e+01 +9.862131867e+01 -8.3869e-01 -1.2151e+00
431 +9.984411423e-04 +9.984411423e-04 +9.862099844e+01 +9.862099844e+01 -8.2596e-01 -1.1913e+00
434 +4.750901095e-04 +4.750901095e-04 +9.862047509e+01 +9.862047509e+01 -8.2546e-01 -1.1887e+00
437 +1.475282347e-04 +1.475282347e-04 +9.862014753e+01 +9.862014753e+01 -8.1643e-01 -1.1706e+00
446 +7.044086895e-05 +7.044086895e-05 +9.862007044e+01 +9.862007044e+01 -8.0333e-01 -1.1449e+00
452 +4.807160026e-05 +4.807160026e-05 +9.862004807e+01 +9.862004807e+01 -8.0276e-01 -1.1423e+00
465 +1.608969561e-05 +1.608969561e-05 +9.862001609e+01 +9.862001609e+01 -8.0415e-01 -1.1453e+00
481 +6.538711929e-06 +6.538711929e-06 +9.862000654e+01 +9.862000654e+01 -8.0278e-01 -1.1429e+00
505 +1.423399240e-06 +1.423399240e-06 +9.862000142e+01 +9.862000142e+01 -8.0602e-01 -1.1495e+00
542 +1.790314741e-07 +1.790314741e-07 +9.862000018e+01 +9.862000018e+01 -8.0562e-01 -1.1486e+00
559 +1.310802560e-07 +1.310802560e-07 +9.862000013e+01 +9.862000013e+01 -8.0489e-01 -1.1472e+00
568 +7.681919101e-08 +7.681919101e-08 +9.862000008e+01 +9.862000008e+01 -8.0537e-01 -1.1481e+00
571 +5.552453786e-08 +5.552453786e-08 +9.862000006e+01 +9.862000006e+01 -8.0537e-01 -1.1481e+00
573 +2.762546103e-08 +2.762546103e-08 +9.862000003e+01 +9.862000003e+01 -8.0507e-01 -1.1476e+00
582 +2.269634081e-08 +2.269634081e-08 +9.862000002e+01 +9.862000002e+01 -8.0509e-01 -1.1476e+00
588 +1.311872211e-08 +1.311872211e-08 +9.862000001e+01 +9.862000001e+01 -8.0525e-01 -1.1479e+00
589 +5.153950156e-09 +5.153950156e-09 +9.862000001e+01 +9.862000001e+01 -8.0513e-01 -1.1477e+00
590 +1.701721430e-09 +1.701721430e-09 +9.862000000e+01 +9.862000000e+01 -8.0516e-01 -1.1477e+00
% function evaluation | noise-free fitness - Fopt (-4.715000000000e+01) | best noise-free fitness - Fopt | measured fitness | best measured fitness | x1 | x2...
1 +6.500980563e+02 +6.500980563e+02 +6.029480563e+02 +6.029480563e+02 -2.4187e+00 -3.1581e+00
3 +2.233346807e+02 +2.233346807e+02 +1.761846807e+02 +1.761846807e+02 -2.1681e+00 -2.5827e+00
6 +1.450433715e+02 +1.450433715e+02 +9.789337152e+01 +9.789337152e+01 -1.7642e+00 -2.8088e+00
14 +8.944936196e+00 +8.944936196e+00 -3.820506380e+01 -3.820506380e+01 -3.9576e-01 -1.2261e+00
24 +5.974459409e+00 +5.974459409e+00 -4.117554059e+01 -4.117554059e+01 -1.7699e-01 -7.1412e-01
32 +2.017756064e+00 +2.017756064e+00 -4.513224394e+01 -4.513224394e+01 -1.6072e+00 -1.7868e+00
71 +1.579840827e+00 +1.579840827e+00 -4.557015917e+01 -4.557015917e+01 -1.5124e+00 -1.7251e+00
115 +8.895611760e-01 +8.895611760e-01 -4.626043882e+01 -4.626043882e+01 -1.2569e+00 -1.8133e+00
164 +5.851092056e-01 +5.851092056e-01 -4.656489079e+01 -4.656489079e+01 -1.0757e+00 -1.7187e+00
182 +3.469925226e-01 +3.469925226e-01 -4.680300748e+01 -4.680300748e+01 -9.1868e-01 -1.6347e+00
200 +2.203792299e-01 +2.203792299e-01 -4.692962077e+01 -4.692962077e+01 -7.7267e-01 -1.4739e+00
223 +1.423877748e-01 +1.423877748e-01 -4.700761223e+01 -4.700761223e+01 -6.6405e-01 -1.3744e+00
273 +9.405315816e-02 +9.405315816e-02 -4.705594684e+01 -4.705594684e+01 -6.3455e-01 -1.3124e+00
274 +6.258957065e-02 +6.258957065e-02 -4.708741043e+01 -4.708741043e+01 -5.8037e-01 -1.2367e+00
320 +3.726788371e-02 +3.726788371e-02 -4.711273212e+01 -4.711273212e+01 -5.1531e-01 -1.1419e+00
326 +2.378355243e-02 +2.378355243e-02 -4.712621645e+01 -4.712621645e+01 -4.8451e-01 -1.0861e+00
358 +1.432880491e-02 +1.432880491e-02 -4.713567120e+01 -4.713567120e+01 -4.1707e-01 -9.7473e-01
373 +6.943837468e-03 +6.943837468e-03 -4.714305616e+01 -4.714305616e+01 -4.1385e-01 -9.6019e-01
374 +4.816409062e-03 +4.816409062e-03 -4.714518359e+01 -4.714518359e+01 -3.9993e-01 -9.3454e-01
381 +3.428670877e-03 +3.428670877e-03 -4.714657133e+01 -4.714657133e+01 -3.8771e-01 -9.1324e-01
389 +7.353798361e-04 +7.353798361e-04 -4.714926462e+01 -4.714926462e+01 -3.5537e-01 -8.4881e-01
425 +5.689081544e-04 +5.689081544e-04 -4.714943109e+01 -4.714943109e+01 -3.4253e-01 -8.2678e-01
432 +2.061776792e-04 +2.061776792e-04 -4.714979382e+01 -4.714979382e+01 -3.4402e-01 -8.2817e-01
434 +8.740426789e-05 +8.740426789e-05 -4.714991260e+01 -4.714991260e+01 -3.3959e-01 -8.1864e-01
437 +5.743017618e-05 +5.743017618e-05 -4.714994257e+01 -4.714994257e+01 -3.2899e-01 -7.9703e-01
445 +2.087330414e-05 +2.087330414e-05 -4.714997913e+01 -4.714997913e+01 -3.3457e-01 -8.0870e-01
459 +2.935600634e-06 +2.935600634e-06 -4.714999706e+01 -4.714999706e+01 -3.3075e-01 -8.0113e-01
487 +7.913197777e-07 +7.913197777e-07 -4.714999921e+01 -4.714999921e+01 -3.3089e-01 -8.0166e-01
543 +1.394170539e-07 +1.394170539e-07 -4.714999986e+01 -4.714999986e+01 -3.3075e-01 -8.0134e-01
551 +5.135999004e-08 +5.135999004e-08 -4.714999995e+01 -4.714999995e+01 -3.3078e-01 -8.0137e-01
559 +2.876334548e-08 +2.876334548e-08 -4.714999997e+01 -4.714999997e+01 -3.3070e-01 -8.0118e-01
578 +5.028354622e-09 +5.028354622e-09 -4.714999999e+01 -4.714999999e+01 -3.3064e-01 -8.0109e-01
% function evaluation | noise-free fitness - Fopt (3.752000000000e+01) | best noise-free fitness - Fopt | measured fitness | best measured fitness | x1 | x2...
1 +1.487925172e+03 +1.487925172e+03 +1.525445172e+03 +1.525445172e+03 -9.5010e-01 -8.5712e-01
3 +4.537724278e+02 +4.537724278e+02 +4.912924278e+02 +4.912924278e+02 -6.9943e-01 -2.8177e-01
6 +6.056784840e+01 +6.056784840e+01 +9.808784840e+01 +9.808784840e+01 -2.9551e-01 -5.0785e-01
9 +8.212504503e+00 +8.212504503e+00 +4.573250450e+01 +4.573250450e+01 -5.9258e-02 -4.3809e-01
15 +1.589209746e-01 +1.589209746e-01 +3.767892097e+01 +3.767892097e+01 +2.2437e+00 -2.3698e+00
56 +9.816235664e-02 +9.816235664e-02 +3.761816236e+01 +3.761816236e+01 +2.3608e+00 -2.2395e+00
117 +6.131901069e-02 +6.131901069e-02 +3.758131901e+01 +3.758131901e+01 +2.2460e+00 -2.4019e+00
151 +3.406038441e-02 +3.406038441e-02 +3.755406038e+01 +3.755406038e+01 +2.3054e+00 -2.3042e+00
204 +2.328081634e-02 +2.328081634e-02 +3.754328082e+01 +3.754328082e+01 +2.3585e+00 -2.2072e+00
273 +1.574154030e-02 +1.574154030e-02 +3.753574154e+01 +3.753574154e+01 +2.3655e+00 -2.2010e+00
290 +7.044123284e-03 +7.044123284e-03 +3.752704412e+01 +3.752704412e+01 +2.4066e+00 -2.1300e+00
302 +1.688469119e-03 +1.688469119e-03 +3.752168847e+01 +3.752168847e+01 +2.4501e+00 -2.0485e+00
308 +1.492278475e-03 +1.492278475e-03 +3.752149228e+01 +3.752149228e+01 +2.4613e+00 -2.0283e+00
320 +9.958852847e-04 +9.958852847e-04 +3.752099589e+01 +3.752099589e+01 +2.4605e+00 -2.0284e+00
326 +1.717708225e-04 +1.717708225e-04 +3.752017177e+01 +3.752017177e+01 +2.4773e+00 -1.9940e+00
358 +7.790234547e-05 +7.790234547e-05 +3.752007790e+01 +3.752007790e+01 +2.4911e+00 -1.9680e+00
360 +4.528794583e-05 +4.528794583e-05 +3.752004529e+01 +3.752004529e+01 +2.4834e+00 -1.9825e+00
375 +9.800653942e-07 +9.800653942e-07 +3.752000098e+01 +3.752000098e+01 +2.4899e+00 -1.9693e+00
434 +5.105563261e-07 +5.105563261e-07 +3.752000051e+01 +3.752000051e+01 +2.4900e+00 -1.9691e+00
453 +1.435430832e-07 +1.435430832e-07 +3.752000014e+01 +3.752000014e+01 +2.4903e+00 -1.9686e+00
456 +4.463282011e-08 +4.463282011e-08 +3.752000004e+01 +3.752000004e+01 +2.4899e+00 -1.9695e+00
471 +1.273186712e-08 +1.273186712e-08 +3.752000001e+01 +3.752000001e+01 +2.4900e+00 -1.9691e+00
481 +2.273381483e-09 +2.273381483e-09 +3.752000000e+01 +3.752000000e+01 +2.4900e+00 -1.9692e+00
% function evaluation | noise-free fitness - Fopt (-4.464000000000e+01) | best noise-free fitness - Fopt | measured fitness | best measured fitness | x1 | x2...
1 +4.627582957e+03 +4.627582957e+03 +4.582942957e+03 +4.582942957e+03 +3.1716e+00 -2.8996e+00
4 +3.145060136e+02 +3.145060136e+02 +2.698660136e+02 +2.698660136e+02 +8.7870e-01 -5.1775e-01
9 +5.161340997e+01 +5.161340997e+01 +6.973409966e+00 +6.973409966e+00 +1.5399e+00 -8.6478e-01
10 +3.819988224e+01 +3.819988224e+01 -6.440117759e+00 -6.440117759e+00 +3.8289e-03 -2.4751e+00
23 +1.707421476e+01 +1.707421476e+01 -2.756578524e+01 -2.756578524e+01 -1.8024e+00 +4.0307e+00
29 +1.541069086e+01 +1.541069086e+01 -2.922930914e+01 -2.922930914e+01 -5.8928e-01 -4.1122e-01
49 +5.847960290e+00 +5.847960290e+00 -3.879203971e+01 -3.879203971e+01 -3.1694e-01 -1.2094e+00
88 +8.978899449e-01 +8.978899449e-01 -4.374211006e+01 -4.374211006e+01 +7.3334e-01 -2.3170e+00
196 +5.487809586e-01 +5.487809586e-01 -4.409121904e+01 -4.409121904e+01 +9.5846e-01 -2.2693e+00
250 +3.805190019e-01 +3.805190019e-01 -4.425948100e+01 -4.425948100e+01 +1.0612e+00 -2.1877e+00
278 +2.347992626e-01 +2.347992626e-01 -4.440520074e+01 -4.440520074e+01 +1.2003e+00 -2.0454e+00
296 +1.509164244e-01 +1.509164244e-01 -4.448908358e+01 -4.448908358e+01 +1.2960e+00 -1.9370e+00
373 +9.162526718e-02 +9.162526718e-02 -4.454837473e+01 -4.454837473e+01 +1.3731e+00 -1.8456e+00
388 +5.781308040e-02 +5.781308040e-02 -4.458218692e+01 -4.458218692e+01 +1.4662e+00 -1.7171e+00
401 +3.761352287e-02 +3.761352287e-02 -4.460238648e+01 -4.460238648e+01 +1.4813e+00 -1.6814e+00
434 +2.345999173e-02 +2.345999173e-02 -4.461654001e+01 -4.461654001e+01 +1.5232e+00 -1.6136e+00
446 +9.047834736e-03 +9.047834736e-03 -4.463095217e+01 -4.463095217e+01 +1.5879e+00 -1.5015e+00
469 +2.300379519e-03 +2.300379519e-03 -4.463769962e+01 -4.463769962e+01 +1.6451e+00 -1.3938e+00
477 +5.444502093e-04 +5.444502093e-04 -4.463945555e+01 -4.463945555e+01 +1.6773e+00 -1.3288e+00
502 +3.183473603e-04 +3.183473603e-04 -4.463968165e+01 -4.463968165e+01 +1.6837e+00 -1.3121e+00
512 +6.358479946e-05 +6.358479946e-05 -4.463993642e+01 -4.463993642e+01 +1.6681e+00 -1.3453e+00
548 +3.552844314e-05 +3.552844314e-05 -4.463996447e+01 -4.463996447e+01 +1.6706e+00 -1.3397e+00
571 +1.969819645e-05 +1.969819645e-05 -4.463998030e+01 -4.463998030e+01 +1.6734e+00 -1.3341e+00
578 +3.221919840e-06 +3.221919840e-06 -4.463999678e+01 -4.463999678e+01 +1.6734e+00 -1.3344e+00
589 +2.447090438e-06 +2.447090438e-06 -4.463999755e+01 -4.463999755e+01 +1.6747e+00 -1.3320e+00
596 +9.681917987e-07 +9.681917987e-07 -4.463999903e+01 -4.463999903e+01 +1.6747e+00 -1.3319e+00
618 +4.747369644e-07 +4.747369644e-07 -4.463999953e+01 -4.463999953e+01 +1.6746e+00 -1.3320e+00
622 +1.928360547e-07 +1.928360547e-07 -4.463999981e+01 -4.463999981e+01 +1.6748e+00 -1.3316e+00
633 +1.068929194e-07 +1.068929194e-07 -4.463999989e+01 -4.463999989e+01 +1.6755e+00 -1.3302e+00
635 +9.170330628e-08 +9.170330628e-08 -4.463999991e+01 -4.463999991e+01 +1.6751e+00 -1.3310e+00
639 +7.509370903e-09 +7.509370903e-09 -4.463999999e+01 -4.463999999e+01 +1.6752e+00 -1.3308e+00
% function evaluation | noise-free fitness - Fopt (-1.731000000000e+02) | best noise-free fitness - Fopt | measured fitness | best measured fitness | x1 | x2...
1 +6.335061481e+04 +6.335061481e+04 +6.317751481e+04 +6.317751481e+04 +1.5927e+00 +3.9208e+00
2 +3.877765039e+04 +3.877765039e+04 +3.860455039e+04 +3.860455039e+04 +7.2761e-01 +5.8958e-01
4 +7.408849974e+02 +7.408849974e+02 +5.677849974e+02 +5.677849974e+02 -7.0021e-01 +6.3026e+00
22 +3.792772215e+02 +3.792772215e+02 +2.061772215e+02 +2.061772215e+02 -5.9927e+00 +4.7574e+00
24 +9.210279269e+00 +9.210279269e+00 -1.638897207e+02 -1.638897207e+02 -5.9482e+00 +2.6848e+00
92 +5.928547563e+00 +5.928547563e+00 -1.671714524e+02 -1.671714524e+02 -1.4879e+00 +4.7432e+00
115 +2.095835492e+00 +2.095835492e+00 -1.710041645e+02 -1.710041645e+02 -1.4834e+00 +4.5735e+00
320 +1.548642554e+00 +1.548642554e+00 -1.715513574e+02 -1.715513574e+02 -1.6866e+00 +3.6117e+00
353 +9.761425290e-01 +9.761425290e-01 -1.721238575e+02 -1.721238575e+02 -1.9918e+00 +2.3086e+00
403 +6.216276087e-01 +6.216276087e-01 -1.724783724e+02 -1.724783724e+02 -2.1451e+00 +1.7614e+00
430 +3.145165978e-01 +3.145165978e-01 -1.727854834e+02 -1.727854834e+02 -2.3709e+00 +1.0092e+00
435 +2.474470139e-01 +2.474470139e-01 -1.728525530e+02 -1.728525530e+02 -2.4334e+00 +8.2001e-01
492 +1.407130897e-01 +1.407130897e-01 -1.729592869e+02 -1.729592869e+02 -2.5816e+00 +3.8671e-01
532 +7.290060621e-02 +7.290060621e-02 -1.730270994e+02 -1.730270994e+02 -2.6928e+00 +1.0004e-01
541 +3.787912735e-02 +3.787912735e-02 -1.730621209e+02 -1.730621209e+02 -2.7567e+00 -5.0012e-02
572 +1.370359553e-02 +1.370359553e-02 -1.730862964e+02 -1.730862964e+02 -2.8149e+00 -1.7632e-01
618 +8.270227316e-03 +8.270227316e-03 -1.730917298e+02 -1.730917298e+02 -2.8404e+00 -2.3196e-01
683 +6.007487453e-03 +6.007487453e-03 -1.730939925e+02 -1.730939925e+02 -2.8534e+00 -2.5796e-01
701 +3.026123422e-03 +3.026123422e-03 -1.730969739e+02 -1.730969739e+02 -2.8834e+00 -3.1969e-01
709 +2.193894900e-03 +2.193894900e-03 -1.730978061e+02 -1.730978061e+02 -2.8883e+00 -3.3085e-01
712 +1.030612849e-03 +1.030612849e-03 -1.730989694e+02 -1.730989694e+02 -2.9108e+00 -3.7658e-01
719 +1.466042638e-04 +1.466042638e-04 -1.730998534e+02 -1.730998534e+02 -2.9206e+00 -3.9837e-01
750 +2.165369182e-06 +2.165369182e-06 -1.730999978e+02 -1.730999978e+02 -2.9299e+00 -4.1801e-01
784 +8.869958776e-07 +8.869958776e-07 -1.730999991e+02 -1.730999991e+02 -2.9296e+00 -4.1708e-01
830 +2.371909602e-07 +2.371909602e-07 -1.730999998e+02 -1.730999998e+02 -2.9309e+00 -4.1976e-01
846 +7.811377145e-08 +7.811377145e-08 -1.730999999e+02 -1.730999999e+02 -2.9301e+00 -4.1825e-01
860 +1.630735369e-08 +1.630735369e-08 -1.731000000e+02 -1.731000000e+02 -2.9303e+00 -4.1857e-01
866 +2.763215434e-09 +2.763215434e-09 -1.731000000e+02 -1.731000000e+02 -2.9304e+00 -4.1871e-01
872 +7.829328297e-10 +7.829328297e-10 -1.731000000e+02 -1.731000000e+02 -2.9304e+00 -4.1879e-01
% function evaluation | noise-free fitness - Fopt (2.990000000000e+01) | best noise-free fitness - Fopt | measured fitness | best measured fitness | x1 | x2...
1 +9.720728979e+02 +9.720728979e+02 +1.001972898e+03 +1.001972898e+03 -1.3565e+00 +3.3561e+00
3 +1.844456013e+02 +1.844456013e+02 +2.143456013e+02 +2.143456013e+02 -1.1058e+00 +3.9314e+00
6 +1.000897561e+01 +1.000897561e+01 +3.990897561e+01 +3.990897561e+01 -7.0188e-01 +3.7054e+00
47 +4.975681304e+00 +4.975681304e+00 +3.487568130e+01 +3.487568130e+01 +7.3523e-02 +1.3449e+00
49 +1.933619854e+00 +1.933619854e+00 +3.183361985e+01 +3.183361985e+01 +9.3220e-01 +5.7931e-02
67 +1.547334219e+00 +1.547334219e+00 +3.144733422e+01 +3.144733422e+01 +9.4674e-01 +1.3608e-01
81 +8.502619423e-01 +8.502619423e-01 +3.075026194e+01 +3.075026194e+01 +1.2783e+00 +5.2292e-02
200 +4.504361200e-01 +4.504361200e-01 +3.035043612e+01 +3.035043612e+01 +1.5032e+00 +1.8026e-01
217 +3.847427848e-01 +3.847427848e-01 +3.028474278e+01 +3.028474278e+01 +1.5536e+00 +2.0434e-01
228 +2.470999489e-01 +2.470999489e-01 +3.014709995e+01 +3.014709995e+01 +1.7038e+00 +3.3041e-01
276 +1.534303995e-01 +1.534303995e-01 +3.005343040e+01 +3.005343040e+01 +1.8739e+00 +5.3183e-01
281 +9.288654316e-02 +9.288654316e-02 +2.999288654e+01 +2.999288654e+01 +1.8808e+00 +5.5792e-01
320 +6.301643062e-02 +6.301643062e-02 +2.996301643e+01 +2.996301643e+01 +1.9298e+00 +6.4577e-01
362 +2.835744458e-02 +2.835744458e-02 +2.992835744e+01 +2.992835744e+01 +2.0031e+00 +7.5624e-01
374 +1.914350954e-02 +1.914350954e-02 +2.991914351e+01 +2.991914351e+01 +2.0354e+00 +8.0773e-01
389 +7.816045868e-03 +7.816045868e-03 +2.990781605e+01 +2.990781605e+01 +2.0974e+00 +9.1641e-01
425 +5.835437677e-03 +5.835437677e-03 +2.990583544e+01 +2.990583544e+01 +2.1167e+00 +9.5202e-01
434 +3.015283742e-03 +3.015283742e-03 +2.990301528e+01 +2.990301528e+01 +2.1210e+00 +9.6328e-01
437 +1.728344594e-03 +1.728344594e-03 +2.990172834e+01 +2.990172834e+01 +2.1371e+00 +9.9406e-01
443 +1.482591040e-03 +1.482591040e-03 +2.990148259e+01 +2.990148259e+01 +2.1390e+00 +1.0021e+00
446 +7.085112056e-04 +7.085112056e-04 +2.990070851e+01 +2.990070851e+01 +2.1710e+00 +1.0603e+00
452 +7.703828373e-05 +7.703828373e-05 +2.990007704e+01 +2.990007704e+01 +2.1734e+00 +1.0687e+00
481 +1.064517832e-05 +1.064517832e-05 +2.990001065e+01 +2.990001065e+01 +2.1726e+00 +1.0666e+00
512 +2.135426236e-06 +2.135426236e-06 +2.990000214e+01 +2.990000214e+01 +2.1725e+00 +1.0660e+00
542 +1.339224234e-06 +1.339224234e-06 +2.990000134e+01 +2.990000134e+01 +2.1704e+00 +1.0619e+00
559 +1.285086526e-07 +1.285086526e-07 +2.990000013e+01 +2.990000013e+01 +2.1718e+00 +1.0645e+00
578 +3.235309265e-08 +3.235309265e-08 +2.990000003e+01 +2.990000003e+01 +2.1712e+00 +1.0635e+00
603 +1.756025014e-08 +1.756025014e-08 +2.990000002e+01 +2.990000002e+01 +2.1714e+00 +1.0638e+00
613 +1.074579004e-08 +1.074579004e-08 +2.990000001e+01 +2.990000001e+01 +2.1714e+00 +1.0639e+00
616 +6.656794227e-09 +6.656794227e-09 +2.990000001e+01 +2.990000001e+01 +2.1713e+00 +1.0636e+00
618 +1.042948838e-09 +1.042948838e-09 +2.990000000e+01 +2.990000000e+01 +2.1714e+00 +1.0637e+00
% function evaluation | noise-free fitness - Fopt (3.843000000000e+02) | best noise-free fitness - Fopt | measured fitness | best measured fitness | x1 | x2...
1 +4.312001854e+04 +4.312001854e+04 +4.350431854e+04 +4.350431854e+04 -3.2419e+00 -3.2381e+00
3 +3.253450762e+04 +3.253450762e+04 +3.291880762e+04 +3.291880762e+04 -2.9913e+00 -2.6628e+00
5 +2.996764669e+03 +2.996764669e+03 +3.381064669e+03 +3.381064669e+03 -8.6362e-01 -3.3134e+00
11 +4.510646189e+02 +4.510646189e+02 +8.353646189e+02 +8.353646189e+02 +7.5475e-02 -2.9136e+00
12 +2.327056456e+02 +2.327056456e+02 +6.170056456e+02 +6.170056456e+02 +1.0735e+00 -3.5263e+00
22 +1.160546640e+02 +1.160546640e+02 +5.003546640e+02 +5.003546640e+02 -1.0010e+00 +1.7030e+00
25 +7.280616055e+00 +7.280616055e+00 +3.915806161e+02 +3.915806161e+02 +1.0780e+00 -2.2522e+00
38 +1.042547573e+00 +1.042547573e+00 +3.853425476e+02 +3.853425476e+02 +1.6976e+00 -1.6557e+00
47 +7.911874981e-01 +7.911874981e-01 +3.850911875e+02 +3.850911875e+02 +1.2943e+00 -1.9922e+00
48 +4.042069943e-01 +4.042069943e-01 +3.847042070e+02 +3.847042070e+02 +2.1111e+00 -1.2083e+00
57 +2.335740637e-01 +2.335740637e-01 +3.845335741e+02 +3.845335741e+02 +2.0779e+00 -1.1587e+00
66 +7.952847609e-03 +7.952847609e-03 +3.843079528e+02 +3.843079528e+02 +2.0898e+00 -1.1857e+00
316 +6.048277078e-03 +6.048277078e-03 +3.843060483e+02 +3.843060483e+02 +2.1159e+00 -1.1409e+00
326 +2.534508065e-03 +2.534508065e-03 +3.843025345e+02 +3.843025345e+02 +2.1294e+00 -1.1093e+00
347 +1.201171343e-03 +1.201171343e-03 +3.843012012e+02 +3.843012012e+02 +2.1536e+00 -1.0616e+00
373 +5.836847051e-04 +5.836847051e-04 +3.843005837e+02 +3.843005837e+02 +2.1540e+00 -1.0635e+00
374 +3.074705234e-04 +3.074705234e-04 +3.843003075e+02 +3.843003075e+02 +2.1611e+00 -1.0497e+00
381 +2.323365940e-04 +2.323365940e-04 +3.843002323e+02 +3.843002323e+02 +2.1669e+00 -1.0389e+00
389 +3.653247711e-05 +3.653247711e-05 +3.843000365e+02 +3.843000365e+02 +2.1825e+00 -1.0072e+00
396 +7.244330902e-06 +7.244330902e-06 +3.843000072e+02 +3.843000072e+02 +2.1790e+00 -1.0135e+00
448 +4.549244181e-07 +4.549244181e-07 +3.843000005e+02 +3.843000005e+02 +2.1779e+00 -1.0160e+00
471 +3.696136446e-07 +3.696136446e-07 +3.843000004e+02 +3.843000004e+02 +2.1774e+00 -1.0169e+00
507 +2.859354709e-08 +2.859354709e-08 +3.843000000e+02 +3.843000000e+02 +2.1781e+00 -1.0156e+00
543 +1.809183914e-08 +1.809183914e-08 +3.843000000e+02 +3.843000000e+02 +2.1779e+00 -1.0160e+00
551 +1.490889190e-08 +1.490889190e-08 +3.843000000e+02 +3.843000000e+02 +2.1779e+00 -1.0160e+00
571 +3.928619208e-09 +3.928619208e-09 +3.843000000e+02 +3.843000000e+02 +2.1779e+00 -1.0159e+00
% function evaluation | noise-free fitness - Fopt (1.751800000000e+02) | best noise-free fitness - Fopt | measured fitness | best measured fitness | x1 | x2...
1 +7.720341820e+03 +7.720341820e+03 +7.895521820e+03 +7.895521820e+03 -2.5424e+00 -2.6536e-01
3 +4.876825275e+03 +4.876825275e+03 +5.052005275e+03 +5.052005275e+03 -2.2918e+00 +3.0999e-01
5 +5.119953001e+02 +5.119953001e+02 +6.871753001e+02 +6.871753001e+02 -1.6411e-01 -3.4063e-01
16 +1.370571668e+02 +1.370571668e+02 +3.122371668e+02 +3.122371668e+02 -1.0631e+00 +1.9300e+00
26 +5.908555785e-01 +5.908555785e-01 +1.757708556e+02 +1.757708556e+02 +1.5164e+00 +4.1397e+00
88 +3.496980735e-01 +3.496980735e-01 +1.755296981e+02 +1.755296981e+02 +7.5047e-01 +2.4464e+00
111 +1.118221002e-01 +1.118221002e-01 +1.752918221e+02 +1.752918221e+02 +9.1727e-01 +2.6929e+00
117 +4.144716508e-03 +4.144716508e-03 +1.751841447e+02 +1.751841447e+02 +1.0838e+00 +2.9877e+00
145 +3.847240610e-03 +3.847240610e-03 +1.751838472e+02 +1.751838472e+02 +9.9323e-01 +2.8064e+00
174 +2.481345290e-03 +2.481345290e-03 +1.751824813e+02 +1.751824813e+02 +1.0579e+00 +2.9258e+00
201 +1.533616286e-04 +1.533616286e-04 +1.751801534e+02 +1.751801534e+02 +1.0365e+00 +2.8877e+00
265 +7.935099785e-05 +7.935099785e-05 +1.751800794e+02 +1.751800794e+02 +1.0408e+00 +2.8957e+00
284 +1.027922374e-05 +1.027922374e-05 +1.751800103e+02 +1.751800103e+02 +1.0301e+00 +2.8737e+00
308 +4.986031001e-07 +4.986031001e-07 +1.751800005e+02 +1.751800005e+02 +1.0331e+00 +2.8798e+00
326 +2.801809558e-07 +2.801809558e-07 +1.751800003e+02 +1.751800003e+02 +1.0335e+00 +2.8807e+00
356 +8.245223171e-08 +8.245223171e-08 +1.751800001e+02 +1.751800001e+02 +1.0329e+00 +2.8794e+00
398 +2.213346306e-08 +2.213346306e-08 +1.751800000e+02 +1.751800000e+02 +1.0333e+00 +2.8802e+00
411 +7.943725677e-09 +7.943725677e-09 +1.751800000e+02 +1.751800000e+02 +1.0331e+00 +2.8799e+00
415 +2.381568720e-09 +2.381568720e-09 +1.751800000e+02 +1.751800000e+02 +1.0332e+00 +2.8801e+00
416 +5.110223356e-11 +5.110223356e-11 +1.751800000e+02 +1.751800000e+02 +1.0332e+00 +2.8800e+00
% function evaluation | noise-free fitness - Fopt (-1.185700000000e+02) | best noise-free fitness - Fopt | measured fitness | best measured fitness | x1 | x2...
1 +6.738835174e+02 +6.738835174e+02 +5.553135174e+02 +5.553135174e+02 +6.3313e-01 +2.2310e+00
2 +1.805120445e+02 +1.805120445e+02 +6.194204451e+01 +6.194204451e+01 -2.3200e-01 -1.1002e+00
6 +1.582393451e+01 +1.582393451e+01 -1.027460655e+02 -1.027460655e+02 +1.2877e+00 +2.5803e+00
11 +3.391983612e+00 +3.391983612e+00 -1.151780164e+02 -1.151780164e+02 +8.6425e-01 +2.8215e-01
38 +9.912552601e-01 +9.912552601e-01 -1.175787447e+02 -1.175787447e+02 +8.5618e-01 +4.6526e-01
126 +6.188540410e-01 +6.188540410e-01 -1.179511460e+02 -1.179511460e+02 +7.7670e-01 +1.3745e-01
219 +3.200871630e-01 +3.200871630e-01 -1.182499128e+02 -1.182499128e+02 +5.6428e-01 -5.8268e-01
230 +1.920175393e-01 +1.920175393e-01 -1.183779825e+02 -1.183779825e+02 +4.3545e-01 -9.7492e-01
250 +1.536128231e-01 +1.536128231e-01 -1.184163872e+02 -1.184163872e+02 +3.9043e-01 -1.1001e+00
333 +7.015005065e-02 +7.015005065e-02 -1.184998499e+02 -1.184998499e+02 +2.6321e-01 -1.4380e+00
343 +5.279028855e-02 +5.279028855e-02 -1.185172097e+02 -1.185172097e+02 +2.2505e-01 -1.5275e+00
356 +2.304640845e-02 +2.304640845e-02 -1.185469536e+02 -1.185469536e+02 +1.5052e-01 -1.7082e+00
361 +1.476222077e-02 +1.476222077e-02 -1.185552378e+02 -1.185552378e+02 +3.7723e-03 -2.0374e+00
402 +9.902041635e-03 +9.902041635e-03 -1.185600980e+02 -1.185600980e+02 +9.7942e-02 -1.8262e+00
411 +5.968744374e-03 +5.968744374e-03 -1.185640313e+02 -1.185640313e+02 +6.8597e-02 -1.8940e+00
417 +2.277429969e-03 +2.277429969e-03 -1.185677226e+02 -1.185677226e+02 +4.6104e-02 -1.9390e+00
423 +8.458537089e-04 +8.458537089e-04 -1.185691541e+02 -1.185691541e+02 -1.2591e-02 -2.0605e+00
424 +1.349731877e-04 +1.349731877e-04 -1.185698650e+02 -1.185698650e+02 +7.0707e-03 -2.0194e+00
479 +9.030503928e-05 +9.030503928e-05 -1.185699097e+02 -1.185699097e+02 -5.0388e-03 -2.0420e+00
519 +1.851841131e-05 +1.851841131e-05 -1.185699815e+02 -1.185699815e+02 -3.1339e-03 -2.0394e+00
573 +1.076400478e-05 +1.076400478e-05 -1.185699892e+02 -1.185699892e+02 -2.7647e-03 -2.0380e+00
578 +7.785525710e-06 +7.785525710e-06 -1.185699922e+02 -1.185699922e+02 -3.2138e-03 -2.0394e+00
588 +1.773971050e-06 +1.773971050e-06 -1.185699982e+02 -1.185699982e+02 -1.8536e-03 -2.0364e+00
601 +5.927725937e-07 +5.927725937e-07 -1.185699994e+02 -1.185699994e+02 -1.2190e-03 -2.0353e+00
618 +2.216324901e-07 +2.216324901e-07 -1.185699998e+02 -1.185699998e+02 -1.5244e-03 -2.0359e+00
624 +1.531902143e-07 +1.531902143e-07 -1.185699998e+02 -1.185699998e+02 -8.1509e-04 -2.0344e+00
651 +2.437278113e-08 +2.437278113e-08 -1.185700000e+02 -1.185700000e+02 -1.0464e-03 -2.0349e+00
655 +1.005403760e-08 +1.005403760e-08 -1.185700000e+02 -1.185700000e+02 -1.2839e-03 -2.0354e+00
667 +4.711210977e-09 +4.711210977e-09 -1.185700000e+02 -1.185700000e+02 -1.2684e-03 -2.0353e+00
% function evaluation | noise-free fitness - Fopt (-1.022300000000e+02) | best noise-free fitness - Fopt | measured fitness | best measured fitness | x1 | x2...
1 +1.227940660e+01 +1.227940660e+01 -8.995059340e+01 -8.995059340e+01 -3.0709e+00 +8.6546e-01
3 +3.615412717e+00 +3.615412717e+00 -9.861458728e+01 -9.861458728e+01 -2.8202e+00 +1.4408e+00
9 +2.502106417e-01 +2.502106417e-01 -1.019797894e+02 -1.019797894e+02 -2.5029e+00 +1.5020e+00
217 +1.569803274e-01 +1.569803274e-01 -1.020730197e+02 -1.020730197e+02 -2.4704e+00 +1.5654e+00
273 +8.703017477e-02 +8.703017477e-02 -1.021429698e+02 -1.021429698e+02 -2.3691e+00 +1.6977e+00
274 +6.298402125e-02 +6.298402125e-02 -1.021670160e+02 -1.021670160e+02 -2.3228e+00 +1.7626e+00
316 +3.709927062e-02 +3.709927062e-02 -1.021929007e+02 -1.021929007e+02 -2.2422e+00 +1.8842e+00
326 +2.205243226e-02 +2.205243226e-02 -1.022079476e+02 -1.022079476e+02 -2.2227e+00 +1.9268e+00
338 +1.449663963e-02 +1.449663963e-02 -1.022155034e+02 -1.022155034e+02 -2.1727e+00 +2.0072e+00
347 +9.216933975e-03 +9.216933975e-03 -1.022207831e+02 -1.022207831e+02 -2.1605e+00 +2.0404e+00
374 +5.537784310e-03 +5.537784310e-03 -1.022244622e+02 -1.022244622e+02 -2.1446e+00 +2.0631e+00
396 +3.558479502e-03 +3.558479502e-03 -1.022264415e+02 -1.022264415e+02 -2.1338e+00 +2.0859e+00
401 +2.138151877e-03 +2.138151877e-03 -1.022278618e+02 -1.022278618e+02 -2.1174e+00 +2.1152e+00
431 +1.470227723e-03 +1.470227723e-03 -1.022285298e+02 -1.022285298e+02 -2.1057e+00 +2.1372e+00
437 +6.191304548e-04 +6.191304548e-04 -1.022293809e+02 -1.022293809e+02 -2.0981e+00 +2.1534e+00
446 +8.116526087e-05 +8.116526087e-05 -1.022299188e+02 -1.022299188e+02 -2.0830e+00 +2.1841e+00
479 +1.737909918e-05 +1.737909918e-05 -1.022299826e+02 -1.022299826e+02 -2.0777e+00 +2.1945e+00
495 +1.445076325e-05 +1.445076325e-05 -1.022299855e+02 -1.022299855e+02 -2.0779e+00 +2.1939e+00
507 +3.521239762e-07 +3.521239762e-07 -1.022299996e+02 -1.022299996e+02 -2.0736e+00 +2.2026e+00
551 +1.814144923e-07 +1.814144923e-07 -1.022299998e+02 -1.022299998e+02 -2.0745e+00 +2.2008e+00
559 +3.760320055e-08 +3.760320055e-08 -1.022300000e+02 -1.022300000e+02 -2.0743e+00 +2.2011e+00
596 +9.087600006e-09 +9.087600006e-09 -1.022300000e+02 -1.022300000e+02 -2.0743e+00 +2.2013e+00
% function evaluation | noise-free fitness - Fopt (-1.762200000000e+02) | best noise-free fitness - Fopt | measured fitness | best measured fitness | x1 | x2...
1 +1.092599408e+05 +1.092599408e+05 +1.090837208e+05 +1.090837208e+05 +3.8595e+00 +9.6302e-01
2 +7.055909080e+04 +7.055909080e+04 +7.038287080e+04 +7.038287080e+04 +2.9943e+00 -2.3681e+00
4 +6.264689861e+03 +6.264689861e+03 +6.088469861e+03 +6.088469861e+03 +1.5665e+00 +3.3449e+00
13 +2.303338727e+03 +2.303338727e+03 +2.127118727e+03 +2.127118727e+03 -1.3597e+00 +2.2821e+00
18 +6.613943413e+02 +6.613943413e+02 +4.851743413e+02 +4.851743413e+02 -3.9395e+00 +2.1034e+00
19 +1.134031317e+01 +1.134031317e+01 -1.648796868e+02 -1.648796868e+02 -4.3623e+00 +1.0249e+00
35 +7.521116348e+00 +7.521116348e+00 -1.686988837e+02 -1.686988837e+02 -3.9915e+00 -2.6938e-01
44 +4.546858224e+00 +4.546858224e+00 -1.716731418e+02 -1.716731418e+02 -3.3232e+00 -2.2069e+00
66 +3.303224496e+00 +3.303224496e+00 -1.729167755e+02 -1.729167755e+02 -1.5285e+00 -2.6096e+00
77 +2.765465043e-01 +2.765465043e-01 -1.759434535e+02 -1.759434535e+02 -1.7402e+00 -3.0307e+00
222 +2.340055896e-01 +2.340055896e-01 -1.759859944e+02 -1.759859944e+02 -1.7138e+00 -3.0084e+00
250 +1.136839901e-01 +1.136839901e-01 -1.761063160e+02 -1.761063160e+02 -1.5841e+00 -2.8706e+00
258 +8.245758367e-02 +8.245758367e-02 -1.761375424e+02 -1.761375424e+02 -1.5066e+00 -2.7699e+00
264 +5.691193230e-02 +5.691193230e-02 -1.761630881e+02 -1.761630881e+02 -1.4770e+00 -2.7048e+00
268 +3.522667657e-02 +3.522667657e-02 -1.761847733e+02 -1.761847733e+02 -1.3954e+00 -2.5675e+00
327 +2.204100907e-02 +2.204100907e-02 -1.761979590e+02 -1.761979590e+02 -1.3974e+00 -2.5813e+00
330 +1.073257899e-02 +1.073257899e-02 -1.762092674e+02 -1.762092674e+02 -1.3354e+00 -2.4792e+00
373 +6.074373969e-03 +6.074373969e-03 -1.762139256e+02 -1.762139256e+02 -1.3277e+00 -2.4594e+00
381 +3.591878386e-03 +3.591878386e-03 -1.762164081e+02 -1.762164081e+02 -1.3081e+00 -2.4240e+00
389 +1.274265309e-03 +1.274265309e-03 -1.762187257e+02 -1.762187257e+02 -1.2841e+00 -2.3759e+00
401 +5.230373704e-04 +5.230373704e-04 -1.762194770e+02 -1.762194770e+02 -1.2684e+00 -2.3450e+00
432 +2.737913497e-04 +2.737913497e-04 -1.762197262e+02 -1.762197262e+02 -1.2569e+00 -2.3250e+00
434 +1.162446972e-04 +1.162446972e-04 -1.762198838e+02 -1.762198838e+02 -1.2530e+00 -2.3167e+00
448 +3.476429808e-05 +3.476429808e-05 -1.762199652e+02 -1.762199652e+02 -1.2537e+00 -2.3168e+00
468 +1.392782860e-05 +1.392782860e-05 -1.762199861e+02 -1.762199861e+02 -1.2515e+00 -2.3131e+00
481 +1.723763859e-06 +1.723763859e-06 -1.762199983e+02 -1.762199983e+02 -1.2487e+00 -2.3073e+00
487 +1.068614182e-06 +1.068614182e-06 -1.762199989e+02 -1.762199989e+02 -1.2508e+00 -2.3115e+00
505 +4.321531435e-07 +4.321531435e-07 -1.762199996e+02 -1.762199996e+02 -1.2498e+00 -2.3094e+00
543 +2.810274964e-07 +2.810274964e-07 -1.762199997e+02 -1.762199997e+02 -1.2498e+00 -2.3095e+00
548 +2.498753986e-07 +2.498753986e-07 -1.762199998e+02 -1.762199998e+02 -1.2497e+00 -2.3091e+00
551 +1.437496451e-07 +1.437496451e-07 -1.762199999e+02 -1.762199999e+02 -1.2499e+00 -2.3096e+00
559 +9.638284837e-09 +9.638284837e-09 -1.762200000e+02 -1.762200000e+02 -1.2498e+00 -2.3093e+00
560 +5.333731679e-09 +5.333731679e-09 -1.762200000e+02 -1.762200000e+02 -1.2499e+00 -2.3095e+00
% function evaluation | noise-free fitness - Fopt (-5.721600000000e+02) | best noise-free fitness - Fopt | measured fitness | best measured fitness | x1 | x2...
1 +5.561093541e+03 +5.561093541e+03 +4.988933541e+03 +4.988933541e+03 -2.8052e+00 -1.3544e+00
3 +3.464064415e+03 +3.464064415e+03 +2.891904415e+03 +2.891904415e+03 -2.5545e+00 -7.7910e-01
5 +9.796163853e+02 +9.796163853e+02 +4.074563853e+02 +4.074563853e+02 -4.2683e-01 -1.4297e+00
16 +4.876589336e+02 +4.876589336e+02 -8.450106637e+01 -8.450106637e+01 -1.7969e+00 +6.5256e-01
22 +2.605188554e+01 +2.605188554e+01 -5.461081145e+02 -5.461081145e+02 -8.1959e-01 +2.1434e+00
27 +1.047464640e+00 +1.047464640e+00 -5.711125354e+02 -5.711125354e+02 +5.7516e-01 +3.1351e+00
56 +6.218278286e-01 +6.218278286e-01 -5.715381722e+02 -5.715381722e+02 -4.3459e-01 +1.6688e+00
59 +2.375694826e-01 +2.375694826e-01 -5.719224305e+02 -5.719224305e+02 -1.7756e-01 +1.8897e+00
200 +7.892505212e-02 +7.892505212e-02 -5.720810749e+02 -5.720810749e+02 +3.1204e-02 +2.1562e+00
309 +5.941634632e-02 +5.941634632e-02 -5.721005837e+02 -5.721005837e+02 +6.4741e-02 +2.2019e+00
326 +3.415044818e-02 +3.415044818e-02 -5.721258496e+02 -5.721258496e+02 +1.2945e-01 +2.2987e+00
347 +1.594038532e-02 +1.594038532e-02 -5.721440596e+02 -5.721440596e+02 +1.8249e-01 +2.3923e+00
362 +1.481462410e-02 +1.481462410e-02 -5.721451854e+02 -5.721451854e+02 +2.1538e-01 +2.4440e+00
374 +7.865321138e-03 +7.865321138e-03 -5.721521347e+02 -5.721521347e+02 +2.2016e-01 +2.4596e+00
389 +2.648316293e-03 +2.648316293e-03 -5.721573517e+02 -5.721573517e+02 +2.7203e-01 +2.5541e+00
396 +2.088946020e-03 +2.088946020e-03 -5.721579111e+02 -5.721579111e+02 +2.6321e-01 +2.5402e+00
434 +1.496113887e-03 +1.496113887e-03 -5.721585039e+02 -5.721585039e+02 +2.6985e-01 +2.5539e+00
437 +9.164446263e-04 +9.164446263e-04 -5.721590836e+02 -5.721590836e+02 +2.8025e-01 +2.5748e+00
446 +3.470005179e-04 +3.470005179e-04 -5.721596530e+02 -5.721596530e+02 +2.9008e-01 +2.5932e+00
474 +3.850479993e-05 +3.850479993e-05 -5.721599615e+02 -5.721599615e+02 +3.0632e-01 +2.6245e+00
479 +1.418012710e-05 +1.418012710e-05 -5.721599858e+02 -5.721599858e+02 +3.1087e-01 +2.6344e+00
543 +3.289196457e-06 +3.289196457e-06 -5.721599967e+02 -5.721599967e+02 +3.0659e-01 +2.6256e+00
551 +1.507955517e-06 +1.507955517e-06 -5.721599985e+02 -5.721599985e+02 +3.0722e-01 +2.6269e+00
578 +8.419119695e-07 +8.419119695e-07 -5.721599992e+02 -5.721599992e+02 +3.0859e-01 +2.6295e+00
588 +9.652592325e-08 +9.652592325e-08 -5.721599999e+02 -5.721599999e+02 +3.0829e-01 +2.6290e+00
609 +4.488720151e-08 +4.488720151e-08 -5.721600000e+02 -5.721600000e+02 +3.0820e-01 +2.6288e+00
632 +5.862148100e-09 +5.862148100e-09 -5.721600000e+02 -5.721600000e+02 +3.0834e-01 +2.6291e+00
% function evaluation | noise-free fitness - Fopt (1.161600000000e+02) | best noise-free fitness - Fopt | measured fitness | best measured fitness | x1 | x2...
1 +1.713945152e+03 +1.713945152e+03 +1.830105152e+03 +1.830105152e+03 -4.2493e-01 -1.1226e+00
4 +2.014245207e+02 +2.014245207e+02 +3.175845207e+02 +3.175845207e+02 -2.7179e+00 +1.2593e+00
9 +1.599670280e+01 +1.599670280e+01 +1.321567028e+02 +1.321567028e+02 -1.9457e+00 +1.2299e+00
24 +6.708363537e+00 +6.708363537e+00 +1.228683635e+02 +1.228683635e+02 +3.2126e-02 +4.5947e+00
32 +1.866775899e+00 +1.866775899e+00 +1.180267759e+02 +1.180267759e+02 -7.2456e-01 +2.2374e+00
71 +1.568358183e+00 +1.568358183e+00 +1.177283582e+02 +1.177283582e+02 -1.1982e+00 +1.6104e+00
92 +6.860279546e-01 +6.860279546e-01 +1.168460280e+02 +1.168460280e+02 -1.4460e+00 +1.5386e+00
96 +4.628381647e-01 +4.628381647e-01 +1.166228382e+02 +1.166228382e+02 -1.3212e+00 +1.6374e+00
188 +3.862005706e-01 +3.862005706e-01 +1.165462006e+02 +1.165462006e+02 -1.1938e+00 +1.6971e+00
217 +2.446300456e-01 +2.446300456e-01 +1.164046300e+02 +1.164046300e+02 -1.0770e+00 +1.8220e+00
228 +1.415202446e-01 +1.415202446e-01 +1.163015202e+02 +1.163015202e+02 -1.0242e+00 +1.9078e+00
254 +9.347291948e-02 +9.347291948e-02 +1.162534729e+02 +1.162534729e+02 -9.5075e-01 +2.0023e+00
268 +5.149182922e-02 +5.149182922e-02 +1.162114918e+02 +1.162114918e+02 -8.6837e-01 +2.1231e+00
316 +3.494392659e-02 +3.494392659e-02 +1.161949439e+02 +1.161949439e+02 -8.0443e-01 +2.2223e+00
326 +2.170876975e-02 +2.170876975e-02 +1.161817088e+02 +1.161817088e+02 -7.8881e-01 +2.2638e+00
347 +1.476864294e-02 +1.476864294e-02 +1.161747686e+02 +1.161747686e+02 -7.4468e-01 +2.3445e+00
373 +6.733308361e-03 +6.733308361e-03 +1.161667333e+02 +1.161667333e+02 -7.3019e-01 +2.3643e+00
374 +5.051054037e-03 +5.051054037e-03 +1.161650511e+02 +1.161650511e+02 -7.1837e-01 +2.3867e+00
381 +3.535924177e-03 +3.535924177e-03 +1.161635359e+02 +1.161635359e+02 -7.0797e-01 +2.4051e+00
389 +1.214426460e-03 +1.214426460e-03 +1.161612144e+02 +1.161612144e+02 -6.7042e-01 +2.4796e+00
415 +8.885148173e-04 +8.885148173e-04 +1.161608885e+02 +1.161608885e+02 -6.6962e-01 +2.4763e+00
418 +4.214840549e-04 +4.214840549e-04 +1.161604215e+02 +1.161604215e+02 -6.6415e-01 +2.4878e+00
432 +6.219185822e-05 +6.219185822e-05 +1.161600622e+02 +1.161600622e+02 -6.4610e-01 +2.5243e+00
442 +2.145034539e-05 +2.145034539e-05 +1.161600215e+02 +1.161600215e+02 -6.5082e-01 +2.5152e+00
468 +1.174775009e-05 +1.174775009e-05 +1.161600117e+02 +1.161600117e+02 -6.4802e-01 +2.5208e+00
471 +8.470287682e-06 +8.470287682e-06 +1.161600085e+02 +1.161600085e+02 -6.4644e-01 +2.5245e+00
476 +1.899338557e-06 +1.899338557e-06 +1.161600019e+02 +1.161600019e+02 -6.4962e-01 +2.5179e+00
505 +3.239983357e-07 +3.239983357e-07 +1.161600003e+02 +1.161600003e+02 -6.4875e-01 +2.5196e+00
551 +1.934679830e-07 +1.934679830e-07 +1.161600002e+02 +1.161600002e+02 -6.4881e-01 +2.5195e+00
559 +7.095079013e-08 +7.095079013e-08 +1.161600001e+02 +1.161600001e+02 -6.4859e-01 +2.5200e+00
581 +1.948805561e-09 +1.948805561e-09 +1.161600000e+02 +1.161600000e+02 -6.4863e-01 +2.5199e+00
