% function evaluation | noise-free fitness - Fopt (-1.694000000000e+01) | best noise-free fitness - Fopt | measured fitness | best measured fitness | x1 | x2...
1 +1.320951729e+02 +1.320951729e+02 +1.151551729e+02 +1.151551729e+02 -4.6890e+00 -2.1792e+00 +2.6098e+00
2 +3.172172385e+01 +3.172172385e+01 +1.478172385e+01 +1.478172385e+01 +3.6330e+00 -3.2609e+00 -1.6025e+00
3 +2.187903501e+01 +2.187903501e+01 +4.939035005e+00 +4.939035005e+00 +1.7520e+00 +4.8342e+00 -2.4248e+00
6 +1.443870052e+01 +1.443870052e+01 -2.501299482e+00 -2.501299482e+00 +4.9909e+00 +4.0922e+00 +1.3987e+00
8 +9.052514382e+00 +9.052514382e+00 -7.887485618e+00 -7.887485618e+00 +3.4132e+00 +7.1800e-01 -2.9963e+00
9 +5.614226482e+00 +5.614226482e+00 -1.132577352e+01 -1.132577352e+01 +3.8753e+00 +3.9371e-01 -2.4982e+00
60 +2.873439535e+00 +2.873439535e+00 -1.406656047e+01 -1.406656047e+01 +4.1905e+00 +1.8847e+00 +1.3258e-01
63 +2.434358432e+00 +2.434358432e+00 -1.450564157e+01 -1.450564157e+01 +3.6330e+00 +2.3552e+00 -7.6850e-01
72 +1.542025051e+00 +1.542025051e+00 -1.539797495e+01 -1.539797495e+01 +3.0114e+00 +2.2253e+00 -1.2467e+00
76 +3.122957395e-01 +3.122957395e-01 -1.662770426e+01 -1.662770426e+01 +3.3041e+00 +2.1548e+00 -1.2467e+00
406 +2.464907029e-01 +2.464907029e-01 -1.669350930e+01 -1.669350930e+01 +3.5543e+00 +2.3857e+00 -1.4398e+00
422 +1.170730365e-01 +1.170730365e-01 -1.682292696e+01 -1.682292696e+01 +3.6959e+00 +2.5399e+00 -1.5786e+00
487 +7.642379974e-02 +7.642379974e-02 -1.686357620e+01 -1.686357620e+01 +3.6844e+00 +2.5423e+00 -1.5478e+00
508 +6.006979676e-02 +6.006979676e-02 -1.687993020e+01 -1.687993020e+01 +3.6760e+00 +2.5441e+00 -1.5254e+00
526 +3.407477139e-02 +3.407477139e-02 -1.690592523e+01 -1.690592523e+01 +3.6394e+00 +2.5441e+00 -1.5183e+00
833 +1.387064711e-02 +1.387064711e-02 -1.692612935e+01 -1.692612935e+01 +3.6492e+00 +2.5365e+00 -1.5246e+00
1083 +9.610022630e-03 +9.610022630e-03 -1.693038998e+01 -1.693038998e+01 +3.6537e+00 +2.5508e+00 -1.5257e+00
1221 +6.276311105e-03 +6.276311105e-03 -1.693372369e+01 -1.693372369e+01 +3.6532e+00 +2.5439e+00 -1.5255e+00
1414 +3.723833687e-03 +3.723833687e-03 -1.693627617e+01 -1.693627617e+01 +3.6521e+00 +2.5439e+00 -1.5255e+00
1513 +2.239845373e-03 +2.239845373e-03 -1.693776015e+01 -1.693776015e+01 +3.6551e+00 +2.5495e+00 -1.5289e+00
1563 +1.251674406e-03 +1.251674406e-03 -1.693874833e+01 -1.693874833e+01 +3.6560e+00 +2.5492e+00 -1.5298e+00
1905 +4.024862521e-04 +4.024862521e-04 -1.693959751e+01 -1.693959751e+01 +3.6558e+00 +2.5494e+00 -1.5295e+00
1907 +3.170658762e-04 +3.170658762e-04 -1.693968293e+01 -1.693968293e+01 +3.6559e+00 +2.5496e+00 -1.5296e+00
2334 +2.013268266e-04 +2.013268266e-04 -1.693979867e+01 -1.693979867e+01 +3.6559e+00 +2.5496e+00 -1.5297e+00
2443 +1.323695089e-04 +1.323695089e-04 -1.693986763e+01 -1.693986763e+01 +3.6561e+00 +2.5496e+00 -1.5296e+00
2720 +7.817714987e-05 +7.817714987e-05 -1.693992182e+01 -1.693992182e+01 +3.6560e+00 +2.5496e+00 -1.5296e+00
2755 +4.890323434e-05 +4.890323434e-05 -1.693995110e+01 -1.693995110e+01 +3.6560e+00 +2.5496e+00 -1.5296e+00
2836 +3.296288999e-05 +3.296288999e-05 -1.693996704e+01 -1.693996704e+01 +3.6560e+00 +2.5496e+00 -1.5296e+00
3211 +1.710529854e-05 +1.710529854e-05 -1.693998289e+01 -1.693998289e+01 +3.6560e+00 +2.5496e+00 -1.5296e+00
3376 +1.514950150e-05 +1.514950150e-05 -1.693998485e+01 -1.693998485e+01 +3.6560e+00 +2.5496e+00 -1.5296e+00
3676 +9.893711240e-06 +9.893711240e-06 -1.693999011e+01 -1.693999011e+01 +3.6560e+00 +2.5496e+00 -1.5296e+00
6962 +1.350690784e-06 +1.350690784e-06 -1.693999865e+01 -1.693999865e+01 +3.6560e+00 +2.5496e+00 -1.5296e+00
7456 +8.564158911e-07 +8.564158911e-07 -1.693999914e+01 -1.693999914e+01 +3.6560e+00 +2.5496e+00 -1.5296e+00
7510 +6.247771509e-07 +6.247771509e-07 -1.693999938e+01 -1.693999938e+01 +3.6560e+00 +2.5496e+00 -1.5296e+00
7576 +3.646219753e-07 +3.646219753e-07 -1.693999964e+01 -1.693999964e+01 +3.6560e+00 +2.5496e+00 -1.5296e+00
7762 +1.910188807e-07 +1.910188807e-07 -1.693999981e+01 -1.693999981e+01 +3.6560e+00 +2.5496e+00 -1.5296e+00
7774 +9.985960148e-08 +9.985960148e-08 -1.693999990e+01 -1.693999990e+01 +3.6560e+00 +2.5496e+00 -1.5296e+00
7816 +2.860888770e-08 +2.860888770e-08 -1.693999997e+01 -1.693999997e+01 +3.6560e+00 +2.5496e+00 -1.5296e+00
8281 +2.204278715e-08 +2.204278715e-08 -1.693999998e+01 -1.693999998e+01 +3.6560e+00 +2.5496e+00 -1.5296e+00
8446 +1.534727190e-08 +1.534727190e-08 -1.693999998e+01 -1.693999998e+01 +3.6560e+00 +2.5496e+00 -1.5296e+00
8602 +6.119211804e-09 +6.119211804e-09 -1.693999999e+01 -1.693999999e+01 +3.6560e+00 +2.5496e+00 -1.5296e+00
% function evaluation | noise-free fitness - Fopt (1.881000000000e+01) | best noise-free fitness - Fopt | measured fitness | best measured fitness | x1 | x2...
1 +1.437845604e+01 +1.437845604e+01 +3.318845604e+01 +3.318845604e+01 -3.9891e+00 +3.0505e+00 -3.4818e+00
2 +8.284744888e+00 +8.284744888e+00 +2.709474489e+01 +2.709474489e+01 +4.5130e-01 -9.5208e-01 -3.3433e+00
7 +4.369442558e+00 +4.369442558e+00 +2.317944256e+01 +2.317944256e+01 -2.4596e+00 -2.1146e-01 -6.2022e-01
98 +2.371301662e+00 +2.371301662e+00 +2.118130166e+01 +2.118130166e+01 +8.4115e-01 +2.3246e+00 +1.2852e-01
124 +1.545175215e+00 +1.545175215e+00 +2.035517521e+01 +2.035517521e+01 -6.8645e-01 +2.3155e+00 -2.4568e-01
258 +8.348698231e-01 +8.348698231e-01 +1.964486982e+01 +1.964486982e+01 +1.3763e-01 +1.9140e+00 -5.9848e-01
393 +1.211284109e-01 +1.211284109e-01 +1.893112841e+01 +1.893112841e+01 -2.6814e-01 +1.7956e+00 -7.7953e-01
496 +6.997620168e-02 +6.997620168e-02 +1.887997620e+01 +1.887997620e+01 -2.2179e-01 +1.7956e+00 -7.7953e-01
727 +5.773620130e-02 +5.773620130e-02 +1.886773620e+01 +1.886773620e+01 -2.1058e-01 +1.7596e+00 -7.7915e-01
753 +3.885094843e-02 +3.885094843e-02 +1.884885095e+01 +1.884885095e+01 -1.6555e-01 +1.8045e+00 -8.3286e-01
1054 +9.983057835e-03 +9.983057835e-03 +1.881998306e+01 +1.881998306e+01 -1.7968e-01 +1.7903e+00 -8.3007e-01
1317 +2.658881639e-03 +2.658881639e-03 +1.881265888e+01 +1.881265888e+01 -1.9353e-01 +1.7800e+00 -8.2036e-01
1647 +2.289312707e-03 +2.289312707e-03 +1.881228931e+01 +1.881228931e+01 -1.9092e-01 +1.7802e+00 -8.2146e-01
1820 +1.467465537e-03 +1.467465537e-03 +1.881146747e+01 +1.881146747e+01 -1.9231e-01 +1.7806e+00 -8.2190e-01
1863 +4.426397667e-04 +4.426397667e-04 +1.881044264e+01 +1.881044264e+01 -1.9107e-01 +1.7809e+00 -8.2261e-01
2043 +3.265517318e-04 +3.265517318e-04 +1.881032655e+01 +1.881032655e+01 -1.9142e-01 +1.7808e+00 -8.2228e-01
2162 +2.004586699e-04 +2.004586699e-04 +1.881020046e+01 +1.881020046e+01 -1.9142e-01 +1.7807e+00 -8.2228e-01
2495 +1.528191873e-04 +1.528191873e-04 +1.881015282e+01 +1.881015282e+01 -1.9134e-01 +1.7807e+00 -8.2229e-01
2918 +8.865002703e-05 +8.865002703e-05 +1.881008865e+01 +1.881008865e+01 -1.9141e-01 +1.7807e+00 -8.2226e-01
3271 +3.761023945e-05 +3.761023945e-05 +1.881003761e+01 +1.881003761e+01 -1.9123e-01 +1.7808e+00 -8.2239e-01
3320 +1.797001390e-05 +1.797001390e-05 +1.881001797e+01 +1.881001797e+01 -1.9120e-01 +1.7808e+00 -8.2240e-01
3511 +1.500253160e-05 +1.500253160e-05 +1.881001500e+01 +1.881001500e+01 -1.9120e-01 +1.7808e+00 -8.2240e-01
3587 +3.134880927e-06 +3.134880927e-06 +1.881000313e+01 +1.881000313e+01 -1.9120e-01 +1.7808e+00 -8.2240e-01
3918 +2.119650855e-06 +2.119650855e-06 +1.881000212e+01 +1.881000212e+01 -1.9120e-01 +1.7808e+00 -8.2240e-01
3953 +1.119539117e-06 +1.119539117e-06 +1.881000112e+01 +1.881000112e+01 -1.9120e-01 +1.7808e+00 -8.2240e-01
3977 +8.468802584e-07 +8.468802584e-07 +1.881000085e+01 +1.881000085e+01 -1.9120e-01 +1.7808e+00 -8.2240e-01
4157 +4.846725048e-07 +4.846725048e-07 +1.881000048e+01 +1.881000048e+01 -1.9120e-01 +1.7808e+00 -8.2240e-01
4160 +2.749069843e-07 +2.749069843e-07 +1.881000027e+01 +1.881000027e+01 -1.9120e-01 +1.7808e+00 -8.2240e-01
4364 +1.991018266e-07 +1.991018266e-07 +1.881000020e+01 +1.881000020e+01 -1.9120e-01 +1.7808e+00 -8.2240e-01
4555 +1.099226132e-07 +1.099226132e-07 +1.881000011e+01 +1.881000011e+01 -1.9120e-01 +1.7808e+00 -8.2240e-01
4705 +5.521058100e-08 +5.521058100e-08 +1.881000006e+01 +1.881000006e+01 -1.9120e-01 +1.7808e+00 -8.2240e-01
4982 +2.682037348e-08 +2.682037348e-08 +1.881000003e+01 +1.881000003e+01 -1.9120e-01 +1.7808e+00 -8.2240e-01
5062 +1.745235068e-08 +1.745235068e-08 +1.881000002e+01 +1.881000002e+01 -1.9120e-01 +1.7808e+00 -8.2240e-01
5101 +1.201124533e-08 +1.201124533e-08 +1.881000001e+01 +1.881000001e+01 -1.9120e-01 +1.7808e+00 -8.2240e-01
5211 +1.130302962e-09 +1.130302962e-09 +1.881000000e+01 +1.881000000e+01 -1.9120e-01 +1.7808e+00 -8.2240e-01
% function evaluation | noise-free fitness - Fopt (2.731500000000e+02) | best noise-free fitness - Fopt | measured fitness | best measured fitness | x1 | x2...
1 +2.326976133e+02 +2.326976133e+02 +5.058476133e+02 +5.058476133e+02 -4.2599e-01 -3.6486e+00 +3.8089e+00
3 +1.125720983e+01 +1.125720983e+01 +2.844072098e+02 +2.844072098e+02 -2.3415e+00 +2.9138e+00 +3.3342e+00
51 +9.354237099e+00 +9.354237099e+00 +2.825042371e+02 +2.825042371e+02 -1.1052e+00 +4.6377e+00 +3.4814e+00
107 +5.438551171e+00 +5.438551171e+00 +2.785885512e+02 +2.785885512e+02 -4.2564e+00 +4.7852e+00 -1.2504e+00
202 +2.748670834e+00 +2.748670834e+00 +2.758986708e+02 +2.758986708e+02 -2.8549e+00 +3.9499e+00 -8.5465e-01
241 +2.325839342e+00 +2.325839342e+00 +2.754758393e+02 +2.754758393e+02 -2.8549e+00 +4.5396e+00 -8.5465e-01
332 +1.026852299e+00 +1.026852299e+00 +2.741768523e+02 +2.741768523e+02 -3.6090e+00 +3.7028e+00 -7.1672e-01
364 +3.419829045e-01 +3.419829045e-01 +2.734919829e+02 +2.734919829e+02 -3.8331e+00 +3.2838e+00 -6.0253e-01
489 +1.713925734e-01 +1.713925734e-01 +2.733213926e+02 +2.733213926e+02 -3.5230e+00 +3.7924e+00 -5.2659e-01
507 +1.419762554e-01 +1.419762554e-01 +2.732919763e+02 +2.732919763e+02 -3.6230e+00 +3.6444e+00 -4.6757e-01
510 +9.904125044e-02 +9.904125044e-02 +2.732490413e+02 +2.732490413e+02 -3.5702e+00 +3.6884e+00 -4.8693e-01
618 +6.007439834e-02 +6.007439834e-02 +2.732100744e+02 +2.732100744e+02 -3.5653e+00 +3.7723e+00 -4.8313e-01
678 +1.998839280e-02 +1.998839280e-02 +2.731699884e+02 +2.731699884e+02 -3.5888e+00 +3.7525e+00 -4.8666e-01
884 +1.470131563e-02 +1.470131563e-02 +2.731647013e+02 +2.731647013e+02 -3.5826e+00 +3.7550e+00 -4.7556e-01
1023 +8.911465698e-03 +8.911465698e-03 +2.731589115e+02 +2.731589115e+02 -3.5847e+00 +3.7463e+00 -4.7894e-01
1216 +5.981315224e-03 +5.981315224e-03 +2.731559813e+02 +2.731559813e+02 -3.5810e+00 +3.7507e+00 -4.7744e-01
1330 +1.893834884e-03 +1.893834884e-03 +2.731518938e+02 +2.731518938e+02 -3.5794e+00 +3.7543e+00 -4.7921e-01
1490 +1.123309562e-03 +1.123309562e-03 +2.731511233e+02 +2.731511233e+02 -3.5789e+00 +3.7538e+00 -4.7816e-01
1653 +8.349244945e-04 +8.349244945e-04 +2.731508349e+02 +2.731508349e+02 -3.5791e+00 +3.7537e+00 -4.7823e-01
1711 +3.055616539e-04 +3.055616539e-04 +2.731503056e+02 +2.731503056e+02 -3.5791e+00 +3.7537e+00 -4.7834e-01
2019 +2.382852194e-04 +2.382852194e-04 +2.731502383e+02 +2.731502383e+02 -3.5791e+00 +3.7537e+00 -4.7848e-01
2077 +1.393839171e-04 +1.393839171e-04 +2.731501394e+02 +2.731501394e+02 -3.5791e+00 +3.7538e+00 -4.7836e-01
2353 +9.254836641e-05 +9.254836641e-05 +2.731500925e+02 +2.731500925e+02 -3.5791e+00 +3.7537e+00 -4.7838e-01
3373 +6.297747780e-05 +6.297747780e-05 +2.731500630e+02 +2.731500630e+02 -3.5791e+00 +3.7538e+00 -4.7838e-01
6784 +2.893749263e-05 +2.893749263e-05 +2.731500289e+02 +2.731500289e+02 -3.5792e+00 +3.7536e+00 -4.7839e-01
6948 +1.408988476e-05 +1.408988476e-05 +2.731500141e+02 +2.731500141e+02 -3.5792e+00 +3.7536e+00 -4.7840e-01
7205 +2.477886994e-06 +2.477886994e-06 +2.731500025e+02 +2.731500025e+02 -3.5792e+00 +3.7536e+00 -4.7840e-01
7367 +1.411275377e-06 +1.411275377e-06 +2.731500014e+02 +2.731500014e+02 -3.5792e+00 +3.7536e+00 -4.7840e-01
7568 +9.382367807e-07 +9.382367807e-07 +2.731500009e+02 +2.731500009e+02 -3.5792e+00 +3.7536e+00 -4.7840e-01
7682 +6.194137541e-07 +6.194137541e-07 +2.731500006e+02 +2.731500006e+02 -3.5792e+00 +3.7536e+00 -4.7840e-01
7832 +2.881521937e-07 +2.881521937e-07 +2.731500003e+02 +2.731500003e+02 -3.5792e+00 +3.7536e+00 -4.7840e-01
7992 +2.361149427e-07 +2.361149427e-07 +2.731500002e+02 +2.731500002e+02 -3.5792e+00 +3.7536e+00 -4.7840e-01
8063 +9.424917380e-08 +9.424917380e-08 +2.731500001e+02 +2.731500001e+02 -3.5792e+00 +3.7536e+00 -4.7840e-01
8211 +4.406979315e-08 +4.406979315e-08 +2.731500000e+02 +2.731500000e+02 -3.5792e+00 +3.7536e+00 -4.7840e-01
8253 +1.678631634e-08 +1.678631634e-08 +2.731500000e+02 +2.731500000e+02 -3.5792e+00 +3.7536e+00 -4.7840e-01
8345 +1.554548135e-08 +1.554548135e-08 +2.731500000e+02 +2.731500000e+02 -3.5792e+00 +3.7536e+00 -4.7840e-01
8357 +6.230834515e-09 +6.230834515e-09 +2.731500000e+02 +2.731500000e+02 -3.5792e+00 +3.7536e+00 -4.7840e-01
% function evaluation | noise-free fitness - Fopt (3.718000000000e+01) | best noise-free fitness - Fopt | measured fitness | best measured fitness | x1 | x2...
1 +3.669431317e+01 +3.669431317e+01 +7.387431317e+01 +7.387431317e+01 -3.6547e+00 +4.4068e+00 -3.7789e+00
2 +1.839492268e+01 +1.839492268e+01 +5.557492268e+01 +5.557492268e+01 +2.0158e+00 -2.5473e+00 +4.2944e+00
4 +1.116801400e+01 +1.116801400e+01 +4.834801400e+01 +4.834801400e+01 -2.2162e+00 +4.8064e+00 +6.1610e-01
16 +6.220004542e+00 +6.220004542e+00 +4.340000454e+01 +4.340000454e+01 -2.2162e+00 +5.1063e-01 +6.1610e-01
150 +2.356211037e+00 +2.356211037e+00 +3.953621104e+01 +3.953621104e+01 -4.2522e+00 +1.4742e+00 +1.9900e+00
178 +1.260582616e+00 +1.260582616e+00 +3.844058262e+01 +3.844058262e+01 -5.1830e+00 +1.8089e+00 +2.2890e+00
278 +6.991013954e-01 +6.991013954e-01 +3.787910140e+01 +3.787910140e+01 -4.4340e+00 +1.8572e+00 +2.1046e+00
289 +2.449434799e-01 +2.449434799e-01 +3.742494348e+01 +3.742494348e+01 -4.0048e+00 +2.0769e+00 +2.0257e+00
527 +1.418655624e-01 +1.418655624e-01 +3.732186556e+01 +3.732186556e+01 -3.8963e+00 +2.1243e+00 +2.0103e+00
544 +5.532874180e-02 +5.532874180e-02 +3.723532874e+01 +3.723532874e+01 -3.8385e+00 +2.0855e+00 +2.0433e+00
754 +2.820709577e-02 +2.820709577e-02 +3.720820710e+01 +3.720820710e+01 -3.8955e+00 +2.0456e+00 +2.0481e+00
974 +2.496673893e-02 +2.496673893e-02 +3.720496674e+01 +3.720496674e+01 -3.8721e+00 +2.0769e+00 +2.0482e+00
1162 +1.574074747e-02 +1.574074747e-02 +3.719574075e+01 +3.719574075e+01 -3.8817e+00 +2.0669e+00 +2.0407e+00
1377 +9.936355560e-03 +9.936355560e-03 +3.718993636e+01 +3.718993636e+01 -3.9034e+00 +2.0598e+00 +2.0366e+00
1434 +4.554809973e-03 +4.554809973e-03 +3.718455481e+01 +3.718455481e+01 -3.9005e+00 +2.0597e+00 +2.0418e+00
1449 +1.281238411e-03 +1.281238411e-03 +3.718128124e+01 +3.718128124e+01 -3.8994e+00 +2.0598e+00 +2.0402e+00
1615 +9.879346027e-04 +9.879346027e-04 +3.718098793e+01 +3.718098793e+01 -3.8987e+00 +2.0602e+00 +2.0405e+00
1700 +6.002797864e-04 +6.002797864e-04 +3.718060028e+01 +3.718060028e+01 -3.8989e+00 +2.0599e+00 +2.0400e+00
1729 +2.876999922e-04 +2.876999922e-04 +3.718028770e+01 +3.718028770e+01 -3.8993e+00 +2.0599e+00 +2.0399e+00
2004 +2.464851823e-04 +2.464851823e-04 +3.718024649e+01 +3.718024649e+01 -3.8993e+00 +2.0600e+00 +2.0401e+00
2090 +4.120978801e-05 +4.120978801e-05 +3.718004121e+01 +3.718004121e+01 -3.8992e+00 +2.0600e+00 +2.0400e+00
2301 +3.301199261e-05 +3.301199261e-05 +3.718003301e+01 +3.718003301e+01 -3.8992e+00 +2.0600e+00 +2.0400e+00
2435 +2.370304059e-05 +2.370304059e-05 +3.718002370e+01 +3.718002370e+01 -3.8992e+00 +2.0600e+00 +2.0400e+00
2563 +9.359026947e-06 +9.359026947e-06 +3.718000936e+01 +3.718000936e+01 -3.8992e+00 +2.0600e+00 +2.0400e+00
2611 +5.839134673e-06 +5.839134673e-06 +3.718000584e+01 +3.718000584e+01 -3.8992e+00 +2.0600e+00 +2.0400e+00
2749 +3.303058435e-06 +3.303058435e-06 +3.718000330e+01 +3.718000330e+01 -3.8992e+00 +2.0600e+00 +2.0400e+00
2761 +2.362831495e-06 +2.362831495e-06 +3.718000236e+01 +3.718000236e+01 -3.8992e+00 +2.0600e+00 +2.0400e+00
2778 +1.421769490e-06 +1.421769490e-06 +3.718000142e+01 +3.718000142e+01 -3.8992e+00 +2.0600e+00 +2.0400e+00
2823 +9.479226364e-07 +9.479226364e-07 +3.718000095e+01 +3.718000095e+01 -3.8992e+00 +2.0600e+00 +2.0400e+00
2885 +6.100918384e-07 +6.100918384e-07 +3.718000061e+01 +3.718000061e+01 -3.8992e+00 +2.0600e+00 +2.0400e+00
2976 +3.932874719e-07 +3.932874719e-07 +3.718000039e+01 +3.718000039e+01 -3.8992e+00 +2.0600e+00 +2.0400e+00
3333 +1.659751874e-07 +1.659751874e-07 +3.718000017e+01 +3.718000017e+01 -3.8992e+00 +2.0600e+00 +2.0400e+00
3376 +1.553007820e-07 +1.553007820e-07 +3.718000016e+01 +3.718000016e+01 -3.8992e+00 +2.0600e+00 +2.0400e+00
3414 +9.124508438e-08 +9.124508438e-08 +3.718000009e+01 +3.718000009e+01 -3.8992e+00 +2.0600e+00 +2.0400e+00
3513 +4.909821882e-08 +4.909821882e-08 +3.718000005e+01 +3.718000005e+01 -3.8992e+00 +2.0600e+00 +2.0400e+00
3526 +2.761424867e-08 +2.761424867e-08 +3.718000003e+01 +3.718000003e+01 -3.8992e+00 +2.0600e+00 +2.0400e+00
3595 +2.163996982e-08 +2.163996982e-08 +3.718000002e+01 +3.718000002e+01 -3.8992e+00 +2.0600e+00 +2.0400e+00
3685 +3.383540559e-09 +3.383540559e-09 +3.718000000e+01 +3.718000000e+01 -3.8992e+00 +2.0600e+00 +2.0400e+00
% function evaluation | noise-free fitness - Fopt (-1.479000000000e+02) | best noise-free fitness - Fopt | measured fitness | best measured fitness | x1 | x2...
1 +1.053623816e+02 +1.053623816e+02 -4.253761843e+01 -4.253761843e+01 -3.5198e+00 +3.3567e+00 -4.3313e+00
2 +3.047302636e+01 +3.047302636e+01 -1.174269736e+02 -1.174269736e+02 +4.0739e+00 +1.1866e+00 +3.1174e+00
3 +1.456941473e+01 +1.456941473e+01 -1.333305853e+02 -1.333305853e+02 +4.5021e+00 +2.8944e+00 +1.4198e+00
6 +7.473963650e+00 +7.473963650e+00 -1.404260363e+02 -1.404260363e+02 -2.9417e+00 -4.8252e-01 +2.6922e+00
40 +3.444772167e+00 +3.444772167e+00 -1.444552278e+02 -1.444552278e+02 -2.5358e+00 -1.8611e+00 +1.4051e-01
113 +2.457482126e+00 +2.457482126e+00 -1.454425179e+02 -1.454425179e+02 -2.0096e+00 -1.9184e+00 -1.9345e+00
273 +1.006759535e+00 +1.006759535e+00 -1.468932405e+02 -1.468932405e+02 -1.5899e+00 -5.3671e-01 -6.7430e-02
301 +8.807726662e-01 +8.807726662e-01 -1.470192273e+02 -1.470192273e+02 -1.8472e+00 -5.3671e-01 -6.7430e-02
332 +4.705905651e-01 +4.705905651e-01 -1.474294094e+02 -1.474294094e+02 -1.7907e+00 +2.5022e-01 +1.5175e+00
523 +9.121942760e-02 +9.121942760e-02 -1.478087806e+02 -1.478087806e+02 -1.6436e+00 +9.5791e-02 +1.1566e+00
935 +6.036518737e-02 +6.036518737e-02 -1.478396348e+02 -1.478396348e+02 -1.6944e+00 +1.7602e-01 +1.1943e+00
975 +3.646680262e-02 +3.646680262e-02 -1.478635332e+02 -1.478635332e+02 -1.6648e+00 +1.6336e-01 +1.1619e+00
1187 +1.467192355e-02 +1.467192355e-02 -1.478853281e+02 -1.478853281e+02 -1.6703e+00 +1.4648e-01 +1.1505e+00
1502 +7.149007169e-03 +7.149007169e-03 -1.478928510e+02 -1.478928510e+02 -1.6708e+00 +1.4540e-01 +1.1535e+00
1609 +5.530632506e-03 +5.530632506e-03 -1.478944694e+02 -1.478944694e+02 -1.6713e+00 +1.4632e-01 +1.1547e+00
8632 +3.651793373e-03 +3.651793373e-03 -1.478963482e+02 -1.478963482e+02 -1.6712e+00 +1.3961e-01 +1.1441e+00
8637 +1.669469461e-03 +1.669469461e-03 -1.478983305e+02 -1.478983305e+02 -1.6705e+00 +1.3565e-01 +1.1367e+00
8860 +1.502320679e-03 +1.502320679e-03 -1.478984977e+02 -1.478984977e+02 -1.6709e+00 +1.3496e-01 +1.1358e+00
8899 +6.794073142e-04 +6.794073142e-04 -1.478993206e+02 -1.478993206e+02 -1.6704e+00 +1.3554e-01 +1.1374e+00
8980 +5.856554686e-04 +5.856554686e-04 -1.478994143e+02 -1.478994143e+02 -1.6705e+00 +1.3523e-01 +1.1371e+00
9054 +2.953007876e-04 +2.953007876e-04 -1.478997047e+02 -1.478997047e+02 -1.6703e+00 +1.3528e-01 +1.1370e+00
9136 +2.338926875e-04 +2.338926875e-04 -1.478997661e+02 -1.478997661e+02 -1.6705e+00 +1.3517e-01 +1.1368e+00
9541 +7.029954239e-05 +7.029954239e-05 -1.478999297e+02 -1.478999297e+02 -1.6704e+00 +1.3518e-01 +1.1368e+00
9586 +4.579263901e-05 +4.579263901e-05 -1.478999542e+02 -1.478999542e+02 -1.6704e+00 +1.3522e-01 +1.1368e+00
9631 +3.912508456e-05 +3.912508456e-05 -1.478999609e+02 -1.478999609e+02 -1.6704e+00 +1.3521e-01 +1.1368e+00
9854 +2.498087034e-05 +2.498087034e-05 -1.478999750e+02 -1.478999750e+02 -1.6704e+00 +1.3519e-01 +1.1368e+00
9902 +1.206921084e-05 +1.206921084e-05 -1.478999879e+02 -1.478999879e+02 -1.6704e+00 +1.3518e-01 +1.1368e+00
10098 +9.421177111e-06 +9.421177111e-06 -1.478999906e+02 -1.478999906e+02 -1.6704e+00 +1.3519e-01 +1.1368e+00
10473 +2.106934431e-06 +2.106934431e-06 -1.478999979e+02 -1.478999979e+02 -1.6704e+00 +1.3520e-01 +1.1368e+00
10531 +1.291108447e-06 +1.291108447e-06 -1.478999987e+02 -1.478999987e+02 -1.6704e+00 +1.3520e-01 +1.1368e+00
10637 +8.142496597e-07 +8.142496597e-07 -1.478999992e+02 -1.478999992e+02 -1.6704e+00 +1.3520e-01 +1.1368e+00
10787 +5.664601588e-07 +5.664601588e-07 -1.478999994e+02 -1.478999994e+02 -1.6704e+00 +1.3520e-01 +1.1368e+00
10837 +3.231902781e-07 +3.231902781e-07 -1.478999997e+02 -1.478999997e+02 -1.6704e+00 +1.3520e-01 +1.1368e+00
10969 +1.938509229e-07 +1.938509229e-07 -1.478999998e+02 -1.478999998e+02 -1.6704e+00 +1.3520e-01 +1.1368e+00
10996 +1.519128148e-07 +1.519128148e-07 -1.478999998e+02 -1.478999998e+02 -1.6704e+00 +1.3520e-01 +1.1368e+00
11133 +9.921623700e-08 +9.921623700e-08 -1.478999999e+02 -1.478999999e+02 -1.6704e+00 +1.3520e-01 +1.1368e+00
11142 +6.026380106e-08 +6.026380106e-08 -1.478999999e+02 -1.478999999e+02 -1.6704e+00 +1.3520e-01 +1.1368e+00
11197 +2.600231142e-08 +2.600231142e-08 -1.479000000e+02 -1.479000000e+02 -1.6704e+00 +1.3520e-01 +1.1368e+00
11305 +2.188923531e-08 +2.188923531e-08 -1.479000000e+02 -1.479000000e+02 -1.6704e+00 +1.3520e-01 +1.1368e+00
11312 +1.560724172e-08 +1.560724172e-08 -1.479000000e+02 -1.479000000e+02 -1.6704e+00 +1.3520e-01 +1.1368e+00
11315 +9.658293720e-09 +9.658293720e-09 -1.479000000e+02 -1.479000000e+02 -1.6704e+00 +1.3520e-01 +1.1368e+00
% function evaluation | noise-free fitness - Fopt (4.060000000000e+01) | best noise-free fitness - Fopt | measured fitness | best measured fitness | x1 | x2...
1 +1.970005031e+01 +1.970005031e+01 +6.030005031e+01 +6.030005031e+01 +2.6062e+00 +2.7141e+00 +3.4822e-01
9 +1.556130870e+01 +1.556130870e+01 +5.616130870e+01 +5.616130870e+01 +3.7867e+00 -1.2896e+00 -8.8163e-02
38 +3.897701314e+00 +3.897701314e+00 +4.449770131e+01 +4.449770131e+01 +2.5074e+00 -1.2351e+00 -3.9690e+00
110 +2.192990572e+00 +2.192990572e+00 +4.279299057e+01 +4.279299057e+01 +3.9302e+00 -1.2714e+00 -3.5069e+00
136 +1.402062711e+00 +1.402062711e+00 +4.200206271e+01 +4.200206271e+01 +2.8282e+00 -7.2168e-01 -2.5628e+00
196 +5.779609811e-01 +5.779609811e-01 +4.117796098e+01 +4.117796098e+01 +3.7867e+00 -7.6244e-01 -3.3725e+00
326 +1.310907322e-01 +1.310907322e-01 +4.073109073e+01 +4.073109073e+01 +3.6109e+00 -7.8869e-01 -3.1916e+00
406 +8.306964492e-02 +8.306964492e-02 +4.068306964e+01 +4.068306964e+01 +3.6109e+00 -8.3307e-01 -3.1916e+00
654 +5.173577563e-02 +5.173577563e-02 +4.065173578e+01 +4.065173578e+01 +3.5114e+00 -7.9730e-01 -3.1614e+00
797 +3.914354473e-02 +3.914354473e-02 +4.063914354e+01 +4.063914354e+01 +3.5718e+00 -8.3616e-01 -3.2138e+00
1000 +2.055208994e-02 +2.055208994e-02 +4.062055209e+01 +4.062055209e+01 +3.5529e+00 -8.0398e-01 -3.2087e+00
1067 +1.487065178e-02 +1.487065178e-02 +4.061487065e+01 +4.061487065e+01 +3.5610e+00 -8.1206e-01 -3.2059e+00
1082 +6.739354851e-03 +6.739354851e-03 +4.060673935e+01 +4.060673935e+01 +3.5610e+00 -8.1819e-01 -3.2077e+00
1237 +5.933842187e-03 +5.933842187e-03 +4.060593384e+01 +4.060593384e+01 +3.5584e+00 -8.1836e-01 -3.2096e+00
1355 +3.976427758e-03 +3.976427758e-03 +4.060397643e+01 +4.060397643e+01 +3.5598e+00 -8.1672e-01 -3.2111e+00
1473 +1.481031328e-03 +1.481031328e-03 +4.060148103e+01 +4.060148103e+01 +3.5595e+00 -8.1672e-01 -3.2111e+00
1842 +8.515575527e-04 +8.515575527e-04 +4.060085156e+01 +4.060085156e+01 +3.5596e+00 -8.1649e-01 -3.2099e+00
1991 +5.878123073e-04 +5.878123073e-04 +4.060058781e+01 +4.060058781e+01 +3.5597e+00 -8.1674e-01 -3.2105e+00
2069 +3.066180790e-04 +3.066180790e-04 +4.060030662e+01 +4.060030662e+01 +3.5598e+00 -8.1687e-01 -3.2103e+00
2119 +1.908003494e-04 +1.908003494e-04 +4.060019080e+01 +4.060019080e+01 +3.5599e+00 -8.1672e-01 -3.2103e+00
2299 +1.153589577e-04 +1.153589577e-04 +4.060011536e+01 +4.060011536e+01 +3.5599e+00 -8.1675e-01 -3.2103e+00
2522 +6.052748328e-05 +6.052748328e-05 +4.060006053e+01 +4.060006053e+01 +3.5600e+00 -8.1681e-01 -3.2104e+00
2746 +3.634147041e-05 +3.634147041e-05 +4.060003634e+01 +4.060003634e+01 +3.5600e+00 -8.1681e-01 -3.2104e+00
3111 +1.511935198e-05 +1.511935198e-05 +4.060001512e+01 +4.060001512e+01 +3.5600e+00 -8.1680e-01 -3.2104e+00
3520 +9.438699678e-06 +9.438699678e-06 +4.060000944e+01 +4.060000944e+01 +3.5600e+00 -8.1681e-01 -3.2104e+00
3829 +4.954366688e-06 +4.954366688e-06 +4.060000495e+01 +4.060000495e+01 +3.5600e+00 -8.1680e-01 -3.2104e+00
3977 +2.541597510e-06 +2.541597510e-06 +4.060000254e+01 +4.060000254e+01 +3.5600e+00 -8.1680e-01 -3.2104e+00
4007 +2.258186520e-06 +2.258186520e-06 +4.060000226e+01 +4.060000226e+01 +3.5600e+00 -8.1680e-01 -3.2104e+00
4052 +1.288641904e-06 +1.288641904e-06 +4.060000129e+01 +4.060000129e+01 +3.5600e+00 -8.1680e-01 -3.2104e+00
4066 +9.171151092e-07 +9.171151092e-07 +4.060000092e+01 +4.060000092e+01 +3.5600e+00 -8.1680e-01 -3.2104e+00
4137 +6.220365734e-07 +6.220365734e-07 +4.060000062e+01 +4.060000062e+01 +3.5600e+00 -8.1680e-01 -3.2104e+00
4263 +3.324771569e-07 +3.324771569e-07 +4.060000033e+01 +4.060000033e+01 +3.5600e+00 -8.1680e-01 -3.2104e+00
4608 +2.134875317e-07 +2.134875317e-07 +4.060000021e+01 +4.060000021e+01 +3.5600e+00 -8.1680e-01 -3.2104e+00
4692 +1.532179823e-07 +1.532179823e-07 +4.060000015e+01 +4.060000015e+01 +3.5600e+00 -8.1680e-01 -3.2104e+00
4853 +8.215342007e-08 +8.215342007e-08 +4.060000008e+01 +4.060000008e+01 +3.5600e+00 -8.1680e-01 -3.2104e+00
4888 +5.389168223e-08 +5.389168223e-08 +4.060000005e+01 +4.060000005e+01 +3.5600e+00 -8.1680e-01 -3.2104e+00
4969 +3.707973661e-08 +3.707973661e-08 +4.060000004e+01 +4.060000004e+01 +3.5600e+00 -8.1680e-01 -3.2104e+00
5012 +2.020929912e-08 +2.020929912e-08 +4.060000002e+01 +4.060000002e+01 +3.5600e+00 -8.1680e-01 -3.2104e+00
5117 +1.223182977e-08 +1.223182977e-08 +4.060000001e+01 +4.060000001e+01 +3.5600e+00 -8.1680e-01 -3.2104e+00
5119 +5.925606672e-09 +5.925606672e-09 +4.060000001e+01 +4.060000001e+01 +3.5600e+00 -8.1680e-01 -3.2104e+00
5120 +2.990724113e-09 +2.990724113e-09 +4.060000000e+01 +4.060000000e+01 +3.5600e+00 -8.1680e-01 -3.2104e+00
% function evaluation | noise-free fitness - Fopt (4.634000000000e+01) | best noise-free fitness - Fopt | measured fitness | best measured fitness | x1 | x2...
1 +2.029424432e+01 +2.029424432e+01 +6.663424432e+01 +6.663424432e+01 -2.4038e+00 +1.0810e+00 -3.3670e-01
2 +1.103937666e+01 +1.103937666e+01 +5.737937666e+01 +5.737937666e+01 +2.6406e-02 -1.4121e+00 -3.6328e+00
9 +8.945470427e+00 +8.945470427e+00 +5.528547043e+01 +5.528547043e+01 -2.7846e+00 -4.8808e+00 +1.7490e+00
40 +4.323795569e+00 +4.323795569e+00 +5.066379557e+01 +5.066379557e+01 +1.2564e+00 -3.8042e+00 +1.8610e+00
106 +3.182089543e+00 +3.182089543e+00 +4.952208954e+01 +4.952208954e+01 +1.2564e+00 -3.3347e+00 +1.3403e+00
137 +2.407397192e+00 +2.407397192e+00 +4.874739719e+01 +4.874739719e+01 +2.1088e+00 -1.3127e+00 -9.2280e-01
243 +1.183006724e+00 +1.183006724e+00 +4.752300672e+01 +4.752300672e+01 +1.8751e+00 -2.0814e+00 +6.3662e-01
251 +7.630553469e-01 +7.630553469e-01 +4.710305535e+01 +4.710305535e+01 +2.2901e+00 -1.9409e+00 +4.1676e-01
266 +5.129161466e-01 +5.129161466e-01 +4.685291615e+01 +4.685291615e+01 +2.5159e+00 -1.3397e+00 +1.4970e-02
390 +2.893226225e-01 +2.893226225e-01 +4.662932262e+01 +4.662932262e+01 +1.8572e+00 -1.6161e+00 +1.8132e-01
443 +1.643124351e-01 +1.643124351e-01 +4.650431244e+01 +4.650431244e+01 +1.9965e+00 -1.7634e+00 +2.4264e-01
562 +1.519033973e-01 +1.519033973e-01 +4.649190340e+01 +4.649190340e+01 +1.7987e+00 -1.8118e+00 +2.2590e-01
688 +8.832512833e-02 +8.832512833e-02 +4.642832513e+01 +4.642832513e+01 +1.9260e+00 -1.7203e+00 +2.1727e-01
806 +4.546385978e-02 +4.546385978e-02 +4.638546386e+01 +4.638546386e+01 +1.8106e+00 -1.8354e+00 +2.2821e-01
918 +3.753785776e-02 +3.753785776e-02 +4.637753786e+01 +4.637753786e+01 +1.8636e+00 -1.7960e+00 +2.2763e-01
1014 +7.518580091e-03 +7.518580091e-03 +4.634751858e+01 +4.634751858e+01 +1.8547e+00 -1.8075e+00 +2.1086e-01
1127 +4.494275898e-03 +4.494275898e-03 +4.634449428e+01 +4.634449428e+01 +1.8536e+00 -1.8061e+00 +2.0775e-01
1382 +2.784296686e-03 +2.784296686e-03 +4.634278430e+01 +4.634278430e+01 +1.8559e+00 -1.8061e+00 +2.0775e-01
1480 +1.115995704e-03 +1.115995704e-03 +4.634111600e+01 +4.634111600e+01 +1.8549e+00 -1.8071e+00 +2.0818e-01
1519 +6.725495248e-04 +6.725495248e-04 +4.634067255e+01 +4.634067255e+01 +1.8544e+00 -1.8080e+00 +2.0771e-01
1685 +5.545567332e-04 +5.545567332e-04 +4.634055456e+01 +4.634055456e+01 +1.8541e+00 -1.8080e+00 +2.0775e-01
1688 +2.390004351e-04 +2.390004351e-04 +4.634023900e+01 +4.634023900e+01 +1.8544e+00 -1.8079e+00 +2.0806e-01
1968 +1.263354457e-04 +1.263354457e-04 +4.634012634e+01 +4.634012634e+01 +1.8545e+00 -1.8079e+00 +2.0796e-01
1974 +2.977210480e-05 +2.977210480e-05 +4.634002977e+01 +4.634002977e+01 +1.8544e+00 -1.8080e+00 +2.0800e-01
2117 +2.255178713e-05 +2.255178713e-05 +4.634002255e+01 +4.634002255e+01 +1.8544e+00 -1.8080e+00 +2.0801e-01
2164 +1.383231980e-05 +1.383231980e-05 +4.634001383e+01 +4.634001383e+01 +1.8544e+00 -1.8080e+00 +2.0800e-01
2907 +9.733001434e-06 +9.733001434e-06 +4.634000973e+01 +4.634000973e+01 +1.8544e+00 -1.8080e+00 +2.0800e-01
3151 +5.914505500e-06 +5.914505500e-06 +4.634000591e+01 +4.634000591e+01 +1.8544e+00 -1.8080e+00 +2.0800e-01
3275 +2.835757940e-06 +2.835757940e-06 +4.634000284e+01 +4.634000284e+01 +1.8544e+00 -1.8080e+00 +2.0800e-01
3281 +1.687572457e-06 +1.687572457e-06 +4.634000169e+01 +4.634000169e+01 +1.8544e+00 -1.8080e+00 +2.0800e-01
3438 +1.139739332e-06 +1.139739332e-06 +4.634000114e+01 +4.634000114e+01 +1.8544e+00 -1.8080e+00 +2.0800e-01
3496 +6.243942750e-07 +6.243942750e-07 +4.634000062e+01 +4.634000062e+01 +1.8544e+00 -1.8080e+00 +2.0800e-01
3842 +3.882190853e-07 +3.882190853e-07 +4.634000039e+01 +4.634000039e+01 +1.8544e+00 -1.8080e+00 +2.0800e-01
4032 +1.301902302e-07 +1.301902302e-07 +4.634000013e+01 +4.634000013e+01 +1.8544e+00 -1.8080e+00 +2.0800e-01
4126 +7.504539923e-08 +7.504539923e-08 +4.634000008e+01 +4.634000008e+01 +1.8544e+00 -1.8080e+00 +2.0800e-01
4292 +6.281406684e-08 +6.281406684e-08 +4.634000006e+01 +4.634000006e+01 +1.8544e+00 -1.8080e+00 +2.0800e-01
4306 +1.686313311e-08 +1.686313311e-08 +4.634000002e+01 +4.634000002e+01 +1.8544e+00 -1.8080e+00 +2.0800e-01
4382 +1.023502705e-08 +1.023502705e-08 +4.634000001e+01 +4.634000001e+01 +1.8544e+00 -1.8080e+00 +2.0800e-01
4531 +6.875623626e-09 +6.875623626e-09 +4.634000001e+01 +4.634000001e+01 +1.8544e+00 -1.8080e+00 +2.0800e-01
% function evaluation | noise-free fitness - Fopt (-2.410900000000e+02) | best noise-free fitness - Fopt | measured fitness | best measured fitness | x1 | x2...
1 +3.210131295e+01 +3.210131295e+01 -2.089886870e+02 -2.089886870e+02 +1.1885e-01 -3.6467e+00 -2.9003e+00
2 +2.415664682e+01 +2.415664682e+01 -2.169333532e+02 -2.169333532e+02 -9.8313e-01 -3.5618e+00 -3.8774e+00
11 +7.896674429e+00 +7.896674429e+00 -2.331933256e+02 -2.331933256e+02 +4.7932e+00 +2.7026e+00 -1.8584e+00
47 +2.791073288e+00 +2.791073288e+00 -2.382989267e+02 -2.382989267e+02 +1.7156e+00 +1.0033e+00 -1.4729e+00
87 +1.615716999e+00 +1.615716999e+00 -2.394742830e+02 -2.394742830e+02 +8.6461e-01 +2.4922e+00 -2.2336e+00
215 +1.064567116e+00 +1.064567116e+00 -2.400254329e+02 -2.400254329e+02 +7.3969e-01 +2.1583e+00 -2.2736e+00
227 +4.881491923e-01 +4.881491923e-01 -2.406018508e+02 -2.406018508e+02 +1.0242e+00 +2.4922e+00 -2.4430e+00
436 +3.108533431e-01 +3.108533431e-01 -2.407791467e+02 -2.407791467e+02 +1.0548e+00 +2.4933e+00 -2.4672e+00
467 +1.832945445e-01 +1.832945445e-01 -2.409067055e+02 -2.409067055e+02 +1.0801e+00 +2.6086e+00 -2.6128e+00
545 +1.556811593e-01 +1.556811593e-01 -2.409343188e+02 -2.409343188e+02 +1.0224e+00 +2.7766e+00 -2.7680e+00
575 +7.484193673e-02 +7.484193673e-02 -2.410151581e+02 -2.410151581e+02 +1.0037e+00 +2.8459e+00 -2.7405e+00
617 +4.651661866e-02 +4.651661866e-02 -2.410434834e+02 -2.410434834e+02 +1.0204e+00 +2.7840e+00 -2.7367e+00
873 +2.788471957e-02 +2.788471957e-02 -2.410621153e+02 -2.410621153e+02 +9.9601e-01 +2.8459e+00 -2.7914e+00
996 +2.388509749e-02 +2.388509749e-02 -2.410661149e+02 -2.410661149e+02 +9.9594e-01 +2.7850e+00 -2.7271e+00
1031 +9.811913388e-03 +9.811913388e-03 -2.410801881e+02 -2.410801881e+02 +1.0055e+00 +2.8121e+00 -2.7570e+00
1557 +5.288768266e-03 +5.288768266e-03 -2.410847112e+02 -2.410847112e+02 +1.0022e+00 +2.8121e+00 -2.7561e+00
1602 +3.451569774e-03 +3.451569774e-03 -2.410865484e+02 -2.410865484e+02 +1.0025e+00 +2.8085e+00 -2.7529e+00
1656 +2.434048185e-03 +2.434048185e-03 -2.410875660e+02 -2.410875660e+02 +1.0033e+00 +2.8074e+00 -2.7515e+00
1779 +1.121875937e-03 +1.121875937e-03 -2.410888781e+02 -2.410888781e+02 +1.0027e+00 +2.8079e+00 -2.7521e+00
1827 +9.854174859e-04 +9.854174859e-04 -2.410890146e+02 -2.410890146e+02 +1.0027e+00 +2.8076e+00 -2.7519e+00
1944 +6.272914211e-04 +6.272914211e-04 -2.410893727e+02 -2.410893727e+02 +1.0030e+00 +2.8071e+00 -2.7524e+00
2106 +2.936062116e-04 +2.936062116e-04 -2.410897064e+02 -2.410897064e+02 +1.0033e+00 +2.8070e+00 -2.7518e+00
2194 +2.059747088e-04 +2.059747088e-04 -2.410897940e+02 -2.410897940e+02 +1.0032e+00 +2.8070e+00 -2.7518e+00
2232 +1.518066185e-04 +1.518066185e-04 -2.410898482e+02 -2.410898482e+02 +1.0032e+00 +2.8070e+00 -2.7518e+00
2799 +9.885009470e-05 +9.885009470e-05 -2.410899011e+02 -2.410899011e+02 +1.0032e+00 +2.8070e+00 -2.7518e+00
3708 +6.283203024e-05 +6.283203024e-05 -2.410899372e+02 -2.410899372e+02 +1.0032e+00 +2.8070e+00 -2.7518e+00
9317 +3.835806771e-05 +3.835806771e-05 -2.410899616e+02 -2.410899616e+02 +1.0032e+00 +2.8072e+00 -2.7520e+00
9546 +1.627015232e-05 +1.627015232e-05 -2.410899837e+02 -2.410899837e+02 +1.0032e+00 +2.8072e+00 -2.7520e+00
9601 +4.403383400e-06 +4.403383400e-06 -2.410899956e+02 -2.410899956e+02 +1.0032e+00 +2.8072e+00 -2.7520e+00
9759 +1.191000734e-06 +1.191000734e-06 -2.410899988e+02 -2.410899988e+02 +1.0032e+00 +2.8072e+00 -2.7520e+00
9976 +8.391482709e-07 +8.391482709e-07 -2.410899992e+02 -2.410899992e+02 +1.0032e+00 +2.8072e+00 -2.7520e+00
10231 +5.987996303e-07 +5.987996303e-07 -2.410899994e+02 -2.410899994e+02 +1.0032e+00 +2.8072e+00 -2.7520e+00
10321 +3.814868705e-07 +3.814868705e-07 -2.410899996e+02 -2.410899996e+02 +1.0032e+00 +2.8072e+00 -2.7520e+00
10546 +1.757430255e-07 +1.757430255e-07 -2.410899998e+02 -2.410899998e+02 +1.0032e+00 +2.8072e+00 -2.7520e+00
10562 +1.560168528e-07 +1.560168528e-07 -2.410899998e+02 -2.410899998e+02 +1.0032e+00 +2.8072e+00 -2.7520e+00
10648 +5.946469628e-08 +5.946469628e-08 -2.410899999e+02 -2.410899999e+02 +1.0032e+00 +2.8072e+00 -2.7520e+00
10846 +2.898835305e-08 +2.898835305e-08 -2.410900000e+02 -2.410900000e+02 +1.0032e+00 +2.8072e+00 -2.7520e+00
10854 +1.129183147e-08 +1.129183147e-08 -2.410900000e+02 -2.410900000e+02 +1.0032e+00 +2.8072e+00 -2.7520e+00
10926 +7.812190006e-09 +7.812190006e-09 -2.410900000e+02 -2.410900000e+02 +1.0032e+00 +2.8072e+00 -2.7520e+00
% function evaluation | noise-free fitness - Fopt (-1.668800000000e+02) | best noise-free fitness - Fopt | measured fitness | best measured fitness | x1 | x2...
1 +4.455219534e+01 +4.455219534e+01 -1.223278047e+02 -1.223278047e+02 -4.9703e+00 -2.7469e+00 -1.5906e+00
3 +3.779226332e+01 +3.779226332e+01 -1.290877367e+02 -1.290877367e+02 +5.9947e-01 -3.8912e+00 -3.2600e+00
4 +1.205719542e+01 +1.205719542e+01 -1.548228046e+02 -1.548228046e+02 -5.5370e-01 -1.0192e+00 -2.5764e+00
9 +9.299386556e+00 +9.299386556e+00 -1.575806134e+02 -1.575806134e+02 +4.0470e+00 +2.1350e+00 -2.3357e+00
53 +8.108745762e-01 +8.108745762e-01 -1.660691254e+02 -1.660691254e+02 -5.7153e-02 +2.8979e+00 +2.7081e+00
196 +5.992789198e-01 +5.992789198e-01 -1.662807211e+02 -1.662807211e+02 -4.5952e-01 +3.2548e+00 +2.5299e+00
402 +3.389478679e-01 +3.389478679e-01 -1.665410521e+02 -1.665410521e+02 -6.4723e-01 +3.0245e+00 +2.6272e+00
601 +1.959157105e-01 +1.959157105e-01 -1.666840843e+02 -1.666840843e+02 -5.2415e-01 +2.9757e+00 +2.4548e+00
662 +9.242130292e-02 +9.242130292e-02 -1.667875787e+02 -1.667875787e+02 -5.2533e-01 +2.9120e+00 +2.4294e+00
748 +6.048481375e-02 +6.048481375e-02 -1.668195152e+02 -1.668195152e+02 -5.0803e-01 +2.9186e+00 +2.5035e+00
887 +3.592193414e-02 +3.592193414e-02 -1.668440781e+02 -1.668440781e+02 -5.1286e-01 +2.9074e+00 +2.5397e+00
979 +9.690200246e-03 +9.690200246e-03 -1.668703098e+02 -1.668703098e+02 -4.9028e-01 +2.9139e+00 +2.4744e+00
1012 +3.195688645e-03 +3.195688645e-03 -1.668768043e+02 -1.668768043e+02 -4.9162e-01 +2.9158e+00 +2.4760e+00
1351 +2.001348032e-03 +2.001348032e-03 -1.668779987e+02 -1.668779987e+02 -4.9136e-01 +2.9158e+00 +2.4746e+00
1381 +1.465408704e-03 +1.465408704e-03 -1.668785346e+02 -1.668785346e+02 -4.9198e-01 +2.9158e+00 +2.4755e+00
1418 +7.229514343e-04 +7.229514343e-04 -1.668792770e+02 -1.668792770e+02 -4.9179e-01 +2.9152e+00 +2.4754e+00
1471 +3.045948275e-04 +3.045948275e-04 -1.668796954e+02 -1.668796954e+02 -4.9198e-01 +2.9152e+00 +2.4754e+00
1486 +9.223723117e-05 +9.223723117e-05 -1.668799078e+02 -1.668799078e+02 -4.9198e-01 +2.9152e+00 +2.4752e+00
1729 +3.910767825e-05 +3.910767825e-05 -1.668799609e+02 -1.668799609e+02 -4.9199e-01 +2.9152e+00 +2.4752e+00
1921 +2.230012367e-05 +2.230012367e-05 -1.668799777e+02 -1.668799777e+02 -4.9200e-01 +2.9152e+00 +2.4752e+00
1940 +1.442699767e-05 +1.442699767e-05 -1.668799856e+02 -1.668799856e+02 -4.9200e-01 +2.9152e+00 +2.4752e+00
1955 +6.200666888e-06 +6.200666888e-06 -1.668799938e+02 -1.668799938e+02 -4.9200e-01 +2.9152e+00 +2.4752e+00
2074 +1.422758459e-06 +1.422758459e-06 -1.668799986e+02 -1.668799986e+02 -4.9200e-01 +2.9152e+00 +2.4752e+00
2161 +8.021996507e-07 +8.021996507e-07 -1.668799992e+02 -1.668799992e+02 -4.9200e-01 +2.9152e+00 +2.4752e+00
2247 +5.968886967e-07 +5.968886967e-07 -1.668799994e+02 -1.668799994e+02 -4.9200e-01 +2.9152e+00 +2.4752e+00
2298 +3.661262724e-07 +3.661262724e-07 -1.668799996e+02 -1.668799996e+02 -4.9200e-01 +2.9152e+00 +2.4752e+00
2888 +2.112827246e-07 +2.112827246e-07 -1.668799998e+02 -1.668799998e+02 -4.9200e-01 +2.9152e+00 +2.4752e+00
3159 +1.013832218e-07 +1.013832218e-07 -1.668799999e+02 -1.668799999e+02 -4.9200e-01 +2.9152e+00 +2.4752e+00
3277 +7.152576131e-08 +7.152576131e-08 -1.668799999e+02 -1.668799999e+02 -4.9200e-01 +2.9152e+00 +2.4752e+00
3298 +6.117906537e-08 +6.117906537e-08 -1.668799999e+02 -1.668799999e+02 -4.9200e-01 +2.9152e+00 +2.4752e+00
3392 +3.318587005e-08 +3.318587005e-08 -1.668800000e+02 -1.668800000e+02 -4.9200e-01 +2.9152e+00 +2.4752e+00
3393 +4.575753110e-09 +4.575753110e-09 -1.668800000e+02 -1.668800000e+02 -4.9200e-01 +2.9152e+00 +2.4752e+00
% function evaluation | noise-free fitness - Fopt (-3.464100000000e+02) | best noise-free fitness - Fopt | measured fitness | best measured fitness | x1 | x2...
1 +2.153540638e+01 +2.153540638e+01 -3.248745936e+02 -3.248745936e+02 +3.5768e+00 -5.5426e-01 +1.6443e+00
15 +7.548044381e+00 +7.548044381e+00 -3.388619556e+02 -3.388619556e+02 +2.6823e+00 -1.7214e+00 -4.3112e+00
35 +5.087797268e+00 +5.087797268e+00 -3.413222027e+02 -3.413222027e+02 +1.8793e+00 -1.9863e+00 -4.0423e+00
48 +2.893750050e+00 +2.893750050e+00 -3.435162500e+02 -3.435162500e+02 +2.6823e+00 -1.9541e+00 -3.0139e+00
151 +1.730390873e+00 +1.730390873e+00 -3.446796091e+02 -3.446796091e+02 +2.7347e+00 -3.6935e+00 -2.9405e+00
164 +7.038823591e-01 +7.038823591e-01 -3.457061176e+02 -3.457061176e+02 +3.7008e+00 -3.7726e+00 -2.6957e+00
197 +2.264544634e-01 +2.264544634e-01 -3.461835455e+02 -3.461835455e+02 +3.2995e+00 -3.6935e+00 -2.4385e+00
441 +7.517097837e-02 +7.517097837e-02 -3.463348290e+02 -3.463348290e+02 +3.3408e+00 -3.6247e+00 -2.4222e+00
481 +3.556739836e-02 +3.556739836e-02 -3.463744326e+02 -3.463744326e+02 +3.3408e+00 -3.6307e+00 -2.4222e+00
590 +1.992974921e-02 +1.992974921e-02 -3.463900703e+02 -3.463900703e+02 +3.3831e+00 -3.6825e+00 -2.4428e+00
618 +1.391013894e-02 +1.391013894e-02 -3.463960899e+02 -3.463960899e+02 +3.3804e+00 -3.6879e+00 -2.4406e+00
871 +9.002281396e-03 +9.002281396e-03 -3.464009977e+02 -3.464009977e+02 +3.3777e+00 -3.6867e+00 -2.4491e+00
979 +5.933891112e-03 +5.933891112e-03 -3.464040661e+02 -3.464040661e+02 +3.3883e+00 -3.6937e+00 -2.4488e+00
1134 +1.339182966e-03 +1.339182966e-03 -3.464086608e+02 -3.464086608e+02 +3.3831e+00 -3.6877e+00 -2.4476e+00
1247 +5.813479926e-04 +5.813479926e-04 -3.464094187e+02 -3.464094187e+02 +3.3843e+00 -3.6886e+00 -2.4481e+00
1819 +2.732452948e-04 +2.732452948e-04 -3.464097268e+02 -3.464097268e+02 +3.3842e+00 -3.6890e+00 -2.4481e+00
1968 +2.043885702e-04 +2.043885702e-04 -3.464097956e+02 -3.464097956e+02 +3.3840e+00 -3.6888e+00 -2.4481e+00
2123 +1.195152747e-04 +1.195152747e-04 -3.464098805e+02 -3.464098805e+02 +3.3840e+00 -3.6888e+00 -2.4480e+00
2387 +3.140213408e-05 +3.140213408e-05 -3.464099686e+02 -3.464099686e+02 +3.3840e+00 -3.6888e+00 -2.4480e+00
2581 +1.529053191e-05 +1.529053191e-05 -3.464099847e+02 -3.464099847e+02 +3.3840e+00 -3.6888e+00 -2.4480e+00
2992 +9.942142299e-06 +9.942142299e-06 -3.464099901e+02 -3.464099901e+02 +3.3840e+00 -3.6888e+00 -2.4480e+00
13856 +4.446664150e-06 +4.446664150e-06 -3.464099956e+02 -3.464099956e+02 +3.3840e+00 -3.6888e+00 -2.4480e+00
14088 +6.846926226e-07 +6.846926226e-07 -3.464099993e+02 -3.464099993e+02 +3.3840e+00 -3.6888e+00 -2.4480e+00
14449 +6.162641739e-07 +6.162641739e-07 -3.464099994e+02 -3.464099994e+02 +3.3840e+00 -3.6888e+00 -2.4480e+00
14765 +3.718268999e-07 +3.718268999e-07 -3.464099996e+02 -3.464099996e+02 +3.3840e+00 -3.6888e+00 -2.4480e+00
14856 +2.277412818e-07 +2.277412818e-07 -3.464099998e+02 -3.464099998e+02 +3.3840e+00 -3.6888e+00 -2.4480e+00
15003 +1.472777171e-07 +1.472777171e-07 -3.464099999e+02 -3.464099999e+02 +3.3840e+00 -3.6888e+00 -2.4480e+00
15208 +4.728281056e-08 +4.728281056e-08 -3.464100000e+02 -3.464100000e+02 +3.3840e+00 -3.6888e+00 -2.4480e+00
15217 +2.136800958e-08 +2.136800958e-08 -3.464100000e+02 -3.464100000e+02 +3.3840e+00 -3.6888e+00 -2.4480e+00
15502 +1.390719717e-08 +1.390719717e-08 -3.464100000e+02 -3.464100000e+02 +3.3840e+00 -3.6888e+00 -2.4480e+00
15521 +6.757773008e-09 +6.757773008e-09 -3.464100000e+02 -3.464100000e+02 +3.3840e+00 -3.6888e+00 -2.4480e+00
% function evaluation | noise-free fitness - Fopt (6.618000000000e+01) | best noise-free fitness - Fopt | measured fitness | best measured fitness | x1 | x2...
1 +9.599858259e+01 +9.599858259e+01 +1.621785826e+02 +1.621785826e+02 -3.4444e+00 +4.9164e+00 +9.9912e-01
2 +1.566922544e+01 +1.566922544e+01 +8.184922544e+01 +8.184922544e+01 +2.1487e+00 +9.7399e-01 +3.9423e+00
6 +7.748956988e+00 +7.748956988e+00 +7.392895699e+01 +7.392895699e+01 -9.9615e-01 -5.1271e-01 +3.9265e+00
31 +4.755747974e+00 +4.755747974e+00 +7.093574797e+01 +7.093574797e+01 -4.8528e+00 -1.1462e+00 +2.1588e+00
62 +2.305740345e+00 +2.305740345e+00 +6.848574034e+01 +6.848574034e+01 -9.9615e-01 -5.1271e-01 +2.0080e+00
109 +9.952593088e-01 +9.952593088e-01 +6.717525931e+01 +6.717525931e+01 +5.5752e-01 -8.8572e-01 +2.1588e+00
294 +5.496011759e-01 +5.496011759e-01 +6.672960118e+01 +6.672960118e+01 -6.9465e-01 -5.3611e-01 +2.2929e+00
353 +3.932729563e-01 +3.932729563e-01 +6.657327296e+01 +6.657327296e+01 +2.5836e-01 -7.1471e-01 +2.2743e+00
428 +1.654786940e-01 +1.654786940e-01 +6.634547869e+01 +6.634547869e+01 -3.9828e-01 -5.3928e-01 +2.2694e+00
491 +9.574198901e-02 +9.574198901e-02 +6.627574199e+01 +6.627574199e+01 -5.6489e-01 -4.2848e-01 +2.2076e+00
680 +5.701720956e-02 +5.701720956e-02 +6.623701721e+01 +6.623701721e+01 -4.4988e-01 -4.6804e-01 +2.2323e+00
798 +3.370493994e-02 +3.370493994e-02 +6.621370494e+01 +6.621370494e+01 -4.4988e-01 -4.6804e-01 +2.2067e+00
813 +1.202043483e-02 +1.202043483e-02 +6.619202043e+01 +6.619202043e+01 -4.1795e-01 -4.7693e-01 +2.2194e+00
977 +8.252164918e-03 +8.252164918e-03 +6.618825216e+01 +6.618825216e+01 -4.1469e-01 -4.7771e-01 +2.2210e+00
1096 +5.326279424e-03 +5.326279424e-03 +6.618532628e+01 +6.618532628e+01 -4.1750e-01 -4.8153e-01 +2.2207e+00
1181 +2.914169992e-03 +2.914169992e-03 +6.618291417e+01 +6.618291417e+01 -4.1834e-01 -4.8103e-01 +2.2212e+00
1210 +2.350559701e-03 +2.350559701e-03 +6.618235056e+01 +6.618235056e+01 -4.1891e-01 -4.8041e-01 +2.2207e+00
1350 +1.278932357e-03 +1.278932357e-03 +6.618127893e+01 +6.618127893e+01 -4.1903e-01 -4.8093e-01 +2.2207e+00
1467 +9.569831951e-04 +9.569831951e-04 +6.618095698e+01 +6.618095698e+01 -4.1947e-01 -4.8080e-01 +2.2214e+00
1582 +5.579656481e-04 +5.579656481e-04 +6.618055797e+01 +6.618055797e+01 -4.1827e-01 -4.8097e-01 +2.2217e+00
1690 +3.956523779e-04 +3.956523779e-04 +6.618039565e+01 +6.618039565e+01 -4.1912e-01 -4.8065e-01 +2.2216e+00
1698 +1.719987081e-04 +1.719987081e-04 +6.618017200e+01 +6.618017200e+01 -4.1923e-01 -4.8081e-01 +2.2217e+00
1729 +1.198151021e-04 +1.198151021e-04 +6.618011982e+01 +6.618011982e+01 -4.1916e-01 -4.8081e-01 +2.2215e+00
1951 +8.814155801e-05 +8.814155801e-05 +6.618008814e+01 +6.618008814e+01 -4.1918e-01 -4.8081e-01 +2.2216e+00
1996 +2.978133818e-05 +2.978133818e-05 +6.618002978e+01 +6.618002978e+01 -4.1918e-01 -4.8081e-01 +2.2216e+00
2116 +2.172244628e-05 +2.172244628e-05 +6.618002172e+01 +6.618002172e+01 -4.1918e-01 -4.8081e-01 +2.2216e+00
2171 +1.565843147e-05 +1.565843147e-05 +6.618001566e+01 +6.618001566e+01 -4.1920e-01 -4.8080e-01 +2.2216e+00
2281 +6.150513585e-06 +6.150513585e-06 +6.618000615e+01 +6.618000615e+01 -4.1920e-01 -4.8080e-01 +2.2216e+00
2284 +2.611460644e-06 +2.611460644e-06 +6.618000261e+01 +6.618000261e+01 -4.1920e-01 -4.8080e-01 +2.2216e+00
2432 +2.475830414e-06 +2.475830414e-06 +6.618000248e+01 +6.618000248e+01 -4.1920e-01 -4.8080e-01 +2.2216e+00
2461 +1.188970984e-06 +1.188970984e-06 +6.618000119e+01 +6.618000119e+01 -4.1920e-01 -4.8080e-01 +2.2216e+00
2513 +9.674336354e-07 +9.674336354e-07 +6.618000097e+01 +6.618000097e+01 -4.1920e-01 -4.8080e-01 +2.2216e+00
2590 +6.195897839e-07 +6.195897839e-07 +6.618000062e+01 +6.618000062e+01 -4.1920e-01 -4.8080e-01 +2.2216e+00
2686 +2.378638868e-07 +2.378638868e-07 +6.618000024e+01 +6.618000024e+01 -4.1920e-01 -4.8080e-01 +2.2216e+00
2805 +1.041296542e-07 +1.041296542e-07 +6.618000010e+01 +6.618000010e+01 -4.1920e-01 -4.8080e-01 +2.2216e+00
2838 +9.630620923e-08 +9.630620923e-08 +6.618000010e+01 +6.618000010e+01 -4.1920e-01 -4.8080e-01 +2.2216e+00
2905 +3.946186666e-08 +3.946186666e-08 +6.618000004e+01 +6.618000004e+01 -4.1920e-01 -4.8080e-01 +2.2216e+00
2988 +2.353728235e-08 +2.353728235e-08 +6.618000002e+01 +6.618000002e+01 -4.1920e-01 -4.8080e-01 +2.2216e+00
3004 +1.212255540e-08 +1.212255540e-08 +6.618000001e+01 +6.618000001e+01 -4.1920e-01 -4.8080e-01 +2.2216e+00
3136 +5.776826129e-09 +5.776826129e-09 +6.618000001e+01 +6.618000001e+01 -4.1920e-01 -4.8080e-01 +2.2216e+00
% function evaluation | noise-free fitness - Fopt (-1.123000000000e+01) | best noise-free fitness - Fopt | measured fitness | best measured fitness | x1 | x2...
1 +2.057832257e+01 +2.057832257e+01 +9.348322567e+00 +9.348322567e+00 +2.1277e+00 -1.2066e+00 -1.5650e+00
3 +9.844508265e+00 +9.844508265e+00 -1.385491735e+00 -1.385491735e+00 +7.3700e-01 +3.8138e+00 +1.9098e+00
39 +4.575376036e+00 +4.575376036e+00 -6.654623964e+00 -6.654623964e+00 -1.3917e+00 +3.2452e+00 +2.5316e+00
160 +3.151369283e+00 +3.151369283e+00 -8.078630717e+00 -8.078630717e+00 +2.0164e+00 +2.5936e+00 -2.5197e+00
267 +2.118579028e+00 +2.118579028e+00 -9.111420972e+00 -9.111420972e+00 +9.3168e-01 +1.0059e+00 +8.3574e-01
396 +9.666250220e-01 +9.666250220e-01 -1.026337498e+01 -1.026337498e+01 +6.8946e-01 +1.7951e+00 -1.7576e-01
581 +5.284815144e-01 +5.284815144e-01 -1.070151849e+01 -1.070151849e+01 +2.0057e-01 +1.4599e+00 +1.0342e+00
684 +2.656527472e-01 +2.656527472e-01 -1.096434725e+01 -1.096434725e+01 +3.6793e-01 +1.5550e+00 +8.7166e-01
858 +1.404203703e-01 +1.404203703e-01 -1.108957963e+01 -1.108957963e+01 +4.4000e-01 +1.6570e+00 +1.0223e+00
992 +3.804973429e-02 +3.804973429e-02 -1.119195027e+01 -1.119195027e+01 +3.3755e-01 +1.6322e+00 +1.1316e+00
1315 +9.484896228e-03 +9.484896228e-03 -1.122051510e+01 -1.122051510e+01 +3.1664e-01 +1.6471e+00 +1.1429e+00
1434 +5.879246595e-03 +5.879246595e-03 -1.122412075e+01 -1.122412075e+01 +3.2694e-01 +1.6495e+00 +1.1227e+00
1546 +3.772653896e-03 +3.772653896e-03 -1.122622735e+01 -1.122622735e+01 +3.2291e-01 +1.6492e+00 +1.1316e+00
1733 +2.338859567e-03 +2.338859567e-03 -1.122766114e+01 -1.122766114e+01 +3.2385e-01 +1.6488e+00 +1.1275e+00
1842 +8.542123518e-04 +8.542123518e-04 -1.122914579e+01 -1.122914579e+01 +3.2335e-01 +1.6487e+00 +1.1286e+00
1951 +2.641439575e-04 +2.641439575e-04 -1.122973586e+01 -1.122973586e+01 +3.2335e-01 +1.6488e+00 +1.1286e+00
2227 +2.430765439e-04 +2.430765439e-04 -1.122975692e+01 -1.122975692e+01 +3.2327e-01 +1.6487e+00 +1.1288e+00
2366 +3.287358474e-05 +3.287358474e-05 -1.122996713e+01 -1.122996713e+01 +3.2321e-01 +1.6488e+00 +1.1288e+00
2786 +8.833075638e-06 +8.833075638e-06 -1.122999117e+01 -1.122999117e+01 +3.2320e-01 +1.6488e+00 +1.1288e+00
2979 +3.447607346e-06 +3.447607346e-06 -1.122999655e+01 -1.122999655e+01 +3.2320e-01 +1.6488e+00 +1.1288e+00
2987 +2.029302067e-06 +2.029302067e-06 -1.122999797e+01 -1.122999797e+01 +3.2320e-01 +1.6488e+00 +1.1288e+00
3065 +1.464504642e-06 +1.464504642e-06 -1.122999854e+01 -1.122999854e+01 +3.2320e-01 +1.6488e+00 +1.1288e+00
3079 +8.995374703e-07 +8.995374703e-07 -1.122999910e+01 -1.122999910e+01 +3.2320e-01 +1.6488e+00 +1.1288e+00
3200 +6.000574047e-07 +6.000574047e-07 -1.122999940e+01 -1.122999940e+01 +3.2320e-01 +1.6488e+00 +1.1288e+00
3211 +3.514611500e-07 +3.514611500e-07 -1.122999965e+01 -1.122999965e+01 +3.2320e-01 +1.6488e+00 +1.1288e+00
3335 +2.397806060e-07 +2.397806060e-07 -1.122999976e+01 -1.122999976e+01 +3.2320e-01 +1.6488e+00 +1.1288e+00
3505 +1.579676301e-07 +1.579676301e-07 -1.122999984e+01 -1.122999984e+01 +3.2320e-01 +1.6488e+00 +1.1288e+00
4876 +7.901779853e-08 +7.901779853e-08 -1.122999992e+01 -1.122999992e+01 +3.2320e-01 +1.6488e+00 +1.1288e+00
4911 +6.175045364e-08 +6.175045364e-08 -1.122999994e+01 -1.122999994e+01 +3.2320e-01 +1.6488e+00 +1.1288e+00
4925 +2.076039429e-08 +2.076039429e-08 -1.122999998e+01 -1.122999998e+01 +3.2320e-01 +1.6488e+00 +1.1288e+00
4934 +9.164335069e-09 +9.164335069e-09 -1.122999999e+01 -1.122999999e+01 +3.2320e-01 +1.6488e+00 +1.1288e+00
% function evaluation | noise-free fitness - Fopt (1.628000000000e+01) | best noise-free fitness - Fopt | measured fitness | best measured fitness | x1 | x2...
1 +1.281425069e+01 +1.281425069e+01 +2.909425069e+01 +2.909425069e+01 +2.2556e+00 -2.6378e+00 -4.3851e+00
13 +2.259297371e+00 +2.259297371e+00 +1.853929737e+01 +1.853929737e+01 -4.4230e+00 -2.2885e+00 -2.6399e+00
107 +6.317533082e-01 +6.317533082e-01 +1.691175331e+01 +1.691175331e+01 -1.6926e+00 -1.7903e+00 -1.4794e+00
271 +5.537658383e-01 +5.537658383e-01 +1.683376584e+01 +1.683376584e+01 -1.6926e+00 -1.8079e+00 -1.4794e+00
307 +2.624461028e-01 +2.624461028e-01 +1.654244610e+01 +1.654244610e+01 -1.3194e+00 -1.6337e+00 -1.5961e+00
348 +1.054398214e-01 +1.054398214e-01 +1.638543982e+01 +1.638543982e+01 -1.4064e+00 -1.7117e+00 -1.4794e+00
492 +6.968714768e-02 +6.968714768e-02 +1.634968715e+01 +1.634968715e+01 -1.3784e+00 -1.6839e+00 -1.5106e+00
500 +5.308371537e-02 +5.308371537e-02 +1.633308372e+01 +1.633308372e+01 -1.4817e+00 -1.6980e+00 -1.5169e+00
546 +2.428941259e-02 +2.428941259e-02 +1.630428941e+01 +1.630428941e+01 -1.4595e+00 -1.6975e+00 -1.5309e+00
792 +1.537655752e-02 +1.537655752e-02 +1.629537656e+01 +1.629537656e+01 -1.4440e+00 -1.7004e+00 -1.5238e+00
859 +7.843709065e-03 +7.843709065e-03 +1.628784371e+01 +1.628784371e+01 -1.4826e+00 -1.7102e+00 -1.5402e+00
977 +6.256196881e-03 +6.256196881e-03 +1.628625620e+01 +1.628625620e+01 -1.4795e+00 -1.7086e+00 -1.5384e+00
1159 +3.031783242e-03 +3.031783242e-03 +1.628303178e+01 +1.628303178e+01 -1.4771e+00 -1.7071e+00 -1.5388e+00
1367 +2.018707828e-03 +2.018707828e-03 +1.628201871e+01 +1.628201871e+01 -1.4790e+00 -1.7074e+00 -1.5375e+00
1457 +1.381948006e-03 +1.381948006e-03 +1.628138195e+01 +1.628138195e+01 -1.4789e+00 -1.7076e+00 -1.5380e+00
1603 +9.445971715e-04 +9.445971715e-04 +1.628094460e+01 +1.628094460e+01 -1.4755e+00 -1.7071e+00 -1.5365e+00
1638 +5.604674295e-04 +5.604674295e-04 +1.628056047e+01 +1.628056047e+01 -1.4763e+00 -1.7071e+00 -1.5370e+00
1716 +3.525676716e-04 +3.525676716e-04 +1.628035257e+01 +1.628035257e+01 -1.4759e+00 -1.7072e+00 -1.5368e+00
1816 +1.549684660e-04 +1.549684660e-04 +1.628015497e+01 +1.628015497e+01 -1.4761e+00 -1.7072e+00 -1.5369e+00
2011 +6.948202213e-05 +6.948202213e-05 +1.628006948e+01 +1.628006948e+01 -1.4760e+00 -1.7072e+00 -1.5368e+00
2133 +5.561755462e-05 +5.561755462e-05 +1.628005562e+01 +1.628005562e+01 -1.4760e+00 -1.7072e+00 -1.5368e+00
2179 +3.585143960e-05 +3.585143960e-05 +1.628003585e+01 +1.628003585e+01 -1.4760e+00 -1.7072e+00 -1.5368e+00
2327 +1.495806497e-05 +1.495806497e-05 +1.628001496e+01 +1.628001496e+01 -1.4760e+00 -1.7072e+00 -1.5368e+00
2555 +8.114536001e-06 +8.114536001e-06 +1.628000811e+01 +1.628000811e+01 -1.4760e+00 -1.7072e+00 -1.5368e+00
2717 +3.525910632e-06 +3.525910632e-06 +1.628000353e+01 +1.628000353e+01 -1.4760e+00 -1.7072e+00 -1.5368e+00
2748 +1.195457529e-06 +1.195457529e-06 +1.628000120e+01 +1.628000120e+01 -1.4760e+00 -1.7072e+00 -1.5368e+00
2776 +7.871327021e-07 +7.871327021e-07 +1.628000079e+01 +1.628000079e+01 -1.4760e+00 -1.7072e+00 -1.5368e+00
2827 +5.116545587e-07 +5.116545587e-07 +1.628000051e+01 +1.628000051e+01 -1.4760e+00 -1.7072e+00 -1.5368e+00
3022 +2.817504665e-07 +2.817504665e-07 +1.628000028e+01 +1.628000028e+01 -1.4760e+00 -1.7072e+00 -1.5368e+00
3078 +2.035402993e-07 +2.035402993e-07 +1.628000020e+01 +1.628000020e+01 -1.4760e+00 -1.7072e+00 -1.5368e+00
3119 +1.384616048e-07 +1.384616048e-07 +1.628000014e+01 +1.628000014e+01 -1.4760e+00 -1.7072e+00 -1.5368e+00
3226 +6.293469923e-08 +6.293469923e-08 +1.628000006e+01 +1.628000006e+01 -1.4760e+00 -1.7072e+00 -1.5368e+00
3361 +3.948455429e-08 +3.948455429e-08 +1.628000004e+01 +1.628000004e+01 -1.4760e+00 -1.7072e+00 -1.5368e+00
3469 +6.862769908e-09 +6.862769908e-09 +1.628000001e+01 +1.628000001e+01 -1.4760e+00 -1.7072e+00 -1.5368e+00
% function evaluation | noise-free fitness - Fopt (1.776600000000e+02) | best noise-free fitness - Fopt | measured fitness | best measured fitness | x1 | x2...
1 +5.777562222e+01 +5.777562222e+01 +2.354356222e+02 +2.354356222e+02 +4.0389e+00 -2.4203e+00 -2.3967e+00
2 +2.299733626e+01 +2.299733626e+01 +2.006573363e+02 +2.006573363e+02 +2.1095e+00 +4.0342e+00 -7.0102e-01
3 +1.118703522e+01 +1.118703522e+01 +1.888470352e+02 +1.888470352e+02 +4.6813e+00 -1.0507e+00 -4.4729e+00
5 +6.938931769e+00 +6.938931769e+00 +1.845989318e+02 +1.845989318e+02 -3.3370e+00 -6.4084e-01 -2.8885e+00
16 +5.696809688e+00 +5.696809688e+00 +1.833568097e+02 +1.833568097e+02 +2.1663e+00 +2.2198e+00 -2.8885e+00
69 +2.916818652e+00 +2.916818652e+00 +1.805768187e+02 +1.805768187e+02 -5.4893e-01 +6.4204e-01 -2.9702e+00
106 +2.473577814e+00 +2.473577814e+00 +1.801335778e+02 +1.801335778e+02 -5.4893e-01 +6.4204e-01 -2.3404e+00
258 +1.148296854e+00 +1.148296854e+00 +1.788082969e+02 +1.788082969e+02 -5.4893e-01 +5.5760e-01 -3.6781e+00
411 +5.504332443e-01 +5.504332443e-01 +1.782104332e+02 +1.782104332e+02 -1.2986e+00 +1.0939e+00 -4.0229e+00
646 +3.353897926e-01 +3.353897926e-01 +1.779953898e+02 +1.779953898e+02 -8.2208e-01 +8.2962e-01 -3.6430e+00
710 +2.239599331e-01 +2.239599331e-01 +1.778839599e+02 +1.778839599e+02 -7.9440e-01 +8.2284e-01 -3.7116e+00
848 +1.063661182e-01 +1.063661182e-01 +1.777663661e+02 +1.777663661e+02 -8.8369e-01 +8.5632e-01 -3.7257e+00
856 +9.172298452e-02 +9.172298452e-02 +1.777517230e+02 +1.777517230e+02 -9.5124e-01 +8.5632e-01 -3.7257e+00
1186 +6.063072686e-02 +6.063072686e-02 +1.777206307e+02 +1.777206307e+02 -9.7111e-01 +9.4834e-01 -3.7793e+00
1195 +3.685830789e-02 +3.685830789e-02 +1.776968583e+02 +1.776968583e+02 -9.5380e-01 +9.3704e-01 -3.7468e+00
1414 +2.106882888e-02 +2.106882888e-02 +1.776810688e+02 +1.776810688e+02 -9.7111e-01 +9.4834e-01 -3.7714e+00
1478 +1.350824600e-02 +1.350824600e-02 +1.776735082e+02 +1.776735082e+02 -9.4521e-01 +9.2704e-01 -3.7592e+00
1549 +4.358252775e-03 +4.358252775e-03 +1.776643583e+02 +1.776643583e+02 -9.4474e-01 +9.2372e-01 -3.7611e+00
1832 +2.187038307e-03 +2.187038307e-03 +1.776621870e+02 +1.776621870e+02 -9.4635e-01 +9.2353e-01 -3.7615e+00
1861 +1.125828656e-03 +1.125828656e-03 +1.776611258e+02 +1.776611258e+02 -9.4635e-01 +9.2519e-01 -3.7615e+00
2125 +8.516250844e-04 +8.516250844e-04 +1.776608516e+02 +1.776608516e+02 -9.4630e-01 +9.2503e-01 -3.7617e+00
2132 +3.859042586e-04 +3.859042586e-04 +1.776603859e+02 +1.776603859e+02 -9.4635e-01 +9.2471e-01 -3.7615e+00
2170 +2.488076623e-04 +2.488076623e-04 +1.776602488e+02 +1.776602488e+02 -9.4661e-01 +9.2491e-01 -3.7617e+00
2533 +1.417089698e-04 +1.417089698e-04 +1.776601417e+02 +1.776601417e+02 -9.4644e-01 +9.2477e-01 -3.7616e+00
2553 +6.623085085e-05 +6.623085085e-05 +1.776600662e+02 +1.776600662e+02 -9.4640e-01 +9.2479e-01 -3.7616e+00
2620 +3.625423133e-05 +3.625423133e-05 +1.776600363e+02 +1.776600363e+02 -9.4640e-01 +9.2480e-01 -3.7616e+00
2942 +1.712342745e-05 +1.712342745e-05 +1.776600171e+02 +1.776600171e+02 -9.4640e-01 +9.2480e-01 -3.7616e+00
2986 +1.544132368e-05 +1.544132368e-05 +1.776600154e+02 +1.776600154e+02 -9.4640e-01 +9.2480e-01 -3.7616e+00
3126 +9.451611277e-06 +9.451611277e-06 +1.776600095e+02 +1.776600095e+02 -9.4640e-01 +9.2480e-01 -3.7616e+00
3196 +4.360587610e-06 +4.360587610e-06 +1.776600044e+02 +1.776600044e+02 -9.4640e-01 +9.2480e-01 -3.7616e+00
3217 +3.327712335e-06 +3.327712335e-06 +1.776600033e+02 +1.776600033e+02 -9.4640e-01 +9.2480e-01 -3.7616e+00
3365 +7.082775539e-07 +7.082775539e-07 +1.776600007e+02 +1.776600007e+02 -9.4640e-01 +9.2480e-01 -3.7616e+00
3608 +6.294885111e-07 +6.294885111e-07 +1.776600006e+02 +1.776600006e+02 -9.4640e-01 +9.2480e-01 -3.7616e+00
3789 +2.331046289e-07 +2.331046289e-07 +1.776600002e+02 +1.776600002e+02 -9.4640e-01 +9.2480e-01 -3.7616e+00
3811 +1.024971539e-07 +1.024971539e-07 +1.776600001e+02 +1.776600001e+02 -9.4640e-01 +9.2480e-01 -3.7616e+00
3848 +8.950149777e-08 +8.950149777e-08 +1.776600001e+02 +1.776600001e+02 -9.4640e-01 +9.2480e-01 -3.7616e+00
4195 +5.951969229e-08 +5.951969229e-08 +1.776600001e+02 +1.776600001e+02 -9.4640e-01 +9.2480e-01 -3.7616e+00
4348 +3.469239118e-08 +3.469239118e-08 +1.776600000e+02 +1.776600000e+02 -9.4640e-01 +9.2480e-01 -3.7616e+00
4445 +1.927219273e-08 +1.927219273e-08 +1.776600000e+02 +1.776600000e+02 -9.4640e-01 +9.2480e-01 -3.7616e+00
4460 +5.519297019e-09 +5.519297019e-09 +1.776600000e+02 +1.776600000e+02 -9.4640e-01 +9.2480e-01 -3.7616e+00
% function evaluation | noise-free fitness - Fopt (-1.000000000000e+03) | best noise-free fitness - Fopt | measured fitness | best measured fitness | x1 | x2...
1 +2.263286303e+01 +2.263286303e+01 -9.773671370e+02 -9.773671370e+02 -1.0860e+00 +4.1109e+00 -4.0863e-01
8 +8.677926782e+00 +8.677926782e+00 -9.913220732e+02 -9.913220732e+02 -2.5964e+00 +4.6548e+00 +1.5654e+00
19 +3.720619932e+00 +3.720619932e+00 -9.962793801e+02 -9.962793801e+02 -1.0896e+00 +4.2381e+00 +3.4819e+00
123 +2.205533458e+00 +2.205533458e+00 -9.977944665e+02 -9.977944665e+02 -1.5804e+00 +3.0246e+00 +2.3913e+00
160 +1.202532868e+00 +1.202532868e+00 -9.987974671e+02 -9.987974671e+02 -7.4531e-01 +2.6376e+00 +2.3754e+00
214 +5.034457094e-01 +5.034457094e-01 -9.994965543e+02 -9.994965543e+02 -9.6105e-01 +3.0246e+00 +2.3913e+00
410 +2.959903925e-01 +2.959903925e-01 -9.997040096e+02 -9.997040096e+02 -8.4240e-01 +2.3314e+00 +2.8098e+00
453 +2.352922443e-01 +2.352922443e-01 -9.997647078e+02 -9.997647078e+02 -8.7522e-01 +2.4915e+00 +2.9527e+00
455 +1.365699799e-01 +1.365699799e-01 -9.998634300e+02 -9.998634300e+02 -8.5707e-01 +2.4648e+00 +2.9061e+00
481 +8.970668090e-02 +8.970668090e-02 -9.999102933e+02 -9.999102933e+02 -8.4191e-01 +2.4648e+00 +2.9061e+00
748 +5.883388925e-02 +5.883388925e-02 -9.999411661e+02 -9.999411661e+02 -8.1718e-01 +2.4314e+00 +2.9354e+00
767 +2.575531132e-02 +2.575531132e-02 -9.999742447e+02 -9.999742447e+02 -8.0996e-01 +2.4314e+00 +2.9354e+00
861 +2.359470970e-02 +2.359470970e-02 -9.999764053e+02 -9.999764053e+02 -8.0063e-01 +2.4525e+00 +2.9264e+00
932 +6.139588226e-03 +6.139588226e-03 -9.999938604e+02 -9.999938604e+02 -8.0635e-01 +2.4406e+00 +2.9232e+00
1038 +3.520486247e-03 +3.520486247e-03 -9.999964795e+02 -9.999964795e+02 -8.0478e-01 +2.4403e+00 +2.9222e+00
1097 +2.508564473e-03 +2.508564473e-03 -9.999974914e+02 -9.999974914e+02 -8.0487e-01 +2.4427e+00 +2.9226e+00
1186 +9.248018791e-04 +9.248018791e-04 -9.999990752e+02 -9.999990752e+02 -8.0548e-01 +2.4427e+00 +2.9226e+00
1354 +5.744867013e-04 +5.744867013e-04 -9.999994255e+02 -9.999994255e+02 -8.0549e-01 +2.4426e+00 +2.9226e+00
1466 +3.276194236e-04 +3.276194236e-04 -9.999996724e+02 -9.999996724e+02 -8.0551e-01 +2.4422e+00 +2.9226e+00
1504 +2.476195499e-04 +2.476195499e-04 -9.999997524e+02 -9.999997524e+02 -8.0551e-01 +2.4423e+00 +2.9226e+00
1550 +1.433123081e-04 +1.433123081e-04 -9.999998567e+02 -9.999998567e+02 -8.0554e-01 +2.4422e+00 +2.9226e+00
1892 +9.700300961e-05 +9.700300961e-05 -9.999999030e+02 -9.999999030e+02 -8.0555e-01 +2.4422e+00 +2.9225e+00
2457 +6.295996502e-05 +6.295996502e-05 -9.999999370e+02 -9.999999370e+02 -8.0555e-01 +2.4422e+00 +2.9225e+00
5509 +2.131439521e-05 +2.131439521e-05 -9.999999787e+02 -9.999999787e+02 -8.0559e-01 +2.4424e+00 +2.9224e+00
5746 +1.527226823e-05 +1.527226823e-05 -9.999999847e+02 -9.999999847e+02 -8.0561e-01 +2.4424e+00 +2.9224e+00
5826 +7.574388178e-06 +7.574388178e-06 -9.999999924e+02 -9.999999924e+02 -8.0560e-01 +2.4424e+00 +2.9224e+00
6136 +5.210428412e-06 +5.210428412e-06 -9.999999948e+02 -9.999999948e+02 -8.0560e-01 +2.4424e+00 +2.9224e+00
6211 +2.332766599e-06 +2.332766599e-06 -9.999999977e+02 -9.999999977e+02 -8.0560e-01 +2.4424e+00 +2.9224e+00
6362 +1.453141635e-06 +1.453141635e-06 -9.999999985e+02 -9.999999985e+02 -8.0560e-01 +2.4424e+00 +2.9224e+00
6407 +7.589198958e-07 +7.589198958e-07 -9.999999992e+02 -9.999999992e+02 -8.0560e-01 +2.4424e+00 +2.9224e+00
6513 +6.151067282e-07 +6.151067282e-07 -9.999999994e+02 -9.999999994e+02 -8.0560e-01 +2.4424e+00 +2.9224e+00
6693 +3.692464361e-07 +3.692464361e-07 -9.999999996e+02 -9.999999996e+02 -8.0560e-01 +2.4424e+00 +2.9224e+00
6863 +2.242494475e-07 +2.242494475e-07 -9.999999998e+02 -9.999999998e+02 -8.0560e-01 +2.4424e+00 +2.9224e+00
7044 +9.238863186e-08 +9.238863186e-08 -9.999999999e+02 -9.999999999e+02 -8.0560e-01 +2.4424e+00 +2.9224e+00
7292 +5.791207514e-08 +5.791207514e-08 -9.999999999e+02 -9.999999999e+02 -8.0560e-01 +2.4424e+00 +2.9224e+00
7367 +2.621050044e-08 +2.621050044e-08 -1.000000000e+03 -1.000000000e+03 -8.0560e-01 +2.4424e+00 +2.9224e+00
7465 +2.504521035e-08 +2.504521035e-08 -1.000000000e+03 -1.000000000e+03 -8.0560e-01 +2.4424e+00 +2.9224e+00
7535 +1.385444648e-08 +1.385444648e-08 -1.000000000e+03 -1.000000000e+03 -8.0560e-01 +2.4424e+00 +2.9224e+00
7606 +3.382524483e-09 +3.382524483e-09 -1.000000000e+03 -1.000000000e+03 -8.0560e-01 +2.4424e+00 +2.9224e+00
