% function evaluation | noise-free fitness - Fopt (6.870000000000e+00) | best noise-free fitness - Fopt | measured fitness | best measured fitness | x1 | x2...
1 +1.810395849e+01 +1.810395849e+01 +2.497395849e+01 +2.497395849e+01 +2.6476e+00 +3.5493e+00 -3.2086e+00 +1.0379e+00 +3.9882e-01 +1.8087e+00 +1.4676e+00 -2.3755e+00 +4.0030e+00 -1.4477e-01 -4.5236e+00 -2.4405e+00 -2.8200e+00 -9.1843e-01 -3.0856e+00 -2.3364e+00 -4.2458e+00 -3.0226e+00 +9.9951e-01 +2.3651e+00
3 +5.727877295e+00 +5.727877295e+00 +1.259787729e+01 +1.259787729e+01 +1.5408e+00 +2.2611e+00 +7.4671e-01 -3.5701e+00 +4.1925e+00 -4.1085e+00 +3.5825e+00 -4.3720e+00 +2.5140e+00 +6.2054e-01 +2.8073e+00 -1.5888e+00 -2.5121e-01 -7.6745e-01 -1.7308e-01 +3.9737e+00 -3.7260e+00 -1.2143e+00 +4.6502e+00 +2.0234e+00
487 +3.057686433e+00 +3.057686433e+00 +9.927686433e+00 +9.927686433e+00 -4.4204e+00 -2.3750e+00 +2.8455e+00 -2.8066e+00 +2.4297e+00 -9.6380e-01 +4.6118e+00 -3.1099e+00 +3.8817e+00 +2.2811e-01 -5.0000e+00 +4.6643e-01 +8.7558e-02 +2.2080e+00 -1.2038e+00 -4.8902e-01 -3.8663e+00 -4.3041e-02 -2.5333e+00 +3.7937e+00
9478 +2.485449515e+00 +2.485449515e+00 +9.355449515e+00 +9.355449515e+00 -2.0128e+00 -3.7816e+00 +2.2486e+00 -3.6252e+00 +2.2303e+00 -6.2258e-01 +4.9391e+00 -2.1341e+00 +2.8372e+00 -2.8520e-02 -4.7220e+00 +2.7362e+00 +8.9876e-01 +4.3390e-01 -2.8114e+00 -2.9434e+00 -3.6591e+00 -2.1117e+00 -2.4671e+00 +2.2489e+00
49774 +1.359010540e+00 +1.359010540e+00 +8.229010540e+00 +8.229010540e+00 -2.5241e+00 -3.7564e+00 +2.2320e+00 -3.7945e+00 +2.2356e+00 -1.4191e+00 +4.9851e+00 -3.2553e+00 +4.0670e+00 -4.1918e-02 -1.4133e+00 +1.4666e+00 +3.4731e-01 +4.3184e-01 -2.2653e+00 -3.2187e+00 -3.0133e+00 -2.0999e+00 -2.4900e+00 +2.1755e+00
% function evaluation | noise-free fitness - Fopt (1.000000000000e-02) | best noise-free fitness - Fopt | measured fitness | best measured fitness | x1 | x2...
1 +7.477038185e+00 +7.477038185e+00 +7.487038185e+00 +7.487038185e+00 -4.3876e+00 -4.2371e+00 +4.0647e+00 +4.3206e+00 -6.4017e-01 -1.3009e+00 -8.3619e-01 +4.9515e+00 -2.1622e+00 -2.7138e+00 -1.3390e+00 +2.1920e+00 -4.3038e+00 +3.9127e+00 +3.1954e+00 +1.1065e+00 -4.6002e+00 -4.8274e+00 -1.2369e+00 -4.1712e+00
79 +5.549433498e+00 +5.549433498e+00 +5.559433498e+00 +5.559433498e+00 -1.7967e+00 +1.4363e-01 +1.9075e+00 -5.0000e+00 +4.7279e+00 +3.5764e+00 +1.3819e+00 +1.4954e+00 -1.1505e+00 +2.9483e+00 +3.8684e+00 +2.3178e+00 -2.1983e+00 +1.8027e-01 +7.4421e-01 +5.0000e+00 -1.6015e+00 +1.6347e+00 +2.7659e+00 -5.0000e+00
493 +3.541268395e+00 +3.541268395e+00 +3.551268395e+00 +3.551268395e+00 +6.0260e-01 -1.3638e+00 +2.8205e-01 -1.6987e+00 +4.9063e+00 +5.6081e-01 +1.2906e+00 +1.7449e+00 -2.3338e+00 -2.1934e+00 +3.0330e+00 +7.7583e-01 -3.0528e+00 +2.4054e+00 +5.0000e+00 +2.1413e+00 -6.7413e-01 +3.0069e+00 +3.2090e+00 -4.9885e+00
7587 +2.445212845e+00 +2.445212845e+00 +2.455212845e+00 +2.455212845e+00 +9.5405e-01 -5.1815e-01 +2.1022e-01 -1.8476e+00 +4.8188e+00 +1.9224e+00 +1.2151e+00 -3.1669e+00 -2.3745e+00 -7.4699e-04 +3.4569e+00 +8.8580e-01 +1.8405e+00 +2.4869e+00 +2.8722e+00 +1.9355e+00 -1.4938e+00 +1.8925e+00 +3.8913e+00 -4.9903e+00
% function evaluation | noise-free fitness - Fopt (-1.306100000000e+02) | best noise-free fitness - Fopt | measured fitness | best measured fitness | x1 | x2...
1 +1.180298228e+01 +1.180298228e+01 -1.188070177e+02 -1.188070177e+02 +9.2705e-01 +4.5272e+00 -4.9495e+00 -1.8687e-01 +1.4769e-01 -3.6328e+00 -6.7184e-01 -4.4229e+00 +1.3680e+00 -1.1489e+00 +4.0654e+00 -2.0684e+00 +6.6366e-01 -4.0796e-01 -2.4319e+00 -2.8232e+00 +1.3490e+00 -3.2361e-01 +3.7902e+00 -3.2761e+00
2 +3.896040352e+00 +3.896040352e+00 -1.267139596e+02 -1.267139596e+02 +9.6950e-01 +3.5343e+00 -4.8696e+00 -1.7600e-02 -2.8959e+00 +4.8518e+00 +2.3158e-02 -1.5610e+00 -1.0082e+00 +4.3411e+00 +2.7056e+00 +4.2308e+00 +1.5906e+00 -2.8226e-01 +2.1794e-01 -8.3946e-01 +6.5736e-01 +2.9648e+00 -3.6403e-01 +4.0212e+00
6815 +2.365555002e+00 +2.365555002e+00 -1.282444450e+02 -1.282444450e+02 +5.2181e-01 +3.6208e+00 -4.9911e+00 +3.9450e-02 -2.9093e+00 +4.6689e+00 +2.9324e-02 -8.3418e-01 -1.8781e+00 +4.2465e+00 +2.6856e+00 +4.5636e+00 +1.8781e+00 -5.7875e-01 +4.2105e+00 -1.2131e-01 +7.0103e-01 +3.0044e+00 -4.7088e-01 +3.4064e+00
164329 +1.425918833e+00 +1.425918833e+00 -1.291840812e+02 -1.291840812e+02 +3.6960e-01 +3.5514e+00 -4.9947e+00 +3.0961e-02 -2.0476e+00 +4.6852e+00 -3.0726e-04 -1.0191e-01 -1.7913e+00 +4.2454e+00 +2.6747e+00 +4.7628e+00 +1.8747e+00 -7.9971e-01 +4.7733e+00 +1.0323e+00 +2.5789e+00 +3.0362e+00 -4.6074e-01 +3.4079e+00
% function evaluation | noise-free fitness - Fopt (-2.231200000000e+02) | best noise-free fitness - Fopt | measured fitness | best measured fitness | x1 | x2...
1 +1.463193087e+01 +1.463193087e+01 -2.084880691e+02 -2.084880691e+02 -1.4327e+00 +2.1488e+00 -4.0809e+00 -4.1803e+00 +1.3172e+00 -3.7974e+00 -1.0071e-01 -4.1324e+00 -2.4837e+00 +2.4278e+00 -4.4188e+00 -3.3709e+00 -1.2104e+00 +3.4297e+00 +4.6974e+00 -6.1755e-01 -2.4535e+00 -1.0864e+00 -1.4702e+00 +2.3236e+00
7 +8.872248235e+00 +8.872248235e+00 -2.142477518e+02 -2.142477518e+02 -3.9841e+00 +2.8618e+00 -4.3073e+00 +1.2558e+00 +1.3669e+00 +1.6518e+00 -8.0748e-01 +3.6356e+00 -2.0123e-01 -3.8447e+00 +4.3432e+00 -3.2908e+00 -3.6813e+00 +3.3690e-01 +2.2887e+00 +4.4048e+00 -4.0608e+00 -4.7583e+00 -1.3881e+00 +1.7123e+00
126 +5.170537407e+00 +5.170537407e+00 -2.179494626e+02 -2.179494626e+02 +3.8963e+00 -5.0000e+00 -4.3933e+00 +4.0029e+00 +5.0000e+00 +7.6273e-01 +1.5316e+00 -4.7176e+00 -3.7802e+00 +4.4756e+00 -5.0000e+00 -4.8658e+00 -4.5587e+00 -2.4280e+00 +1.5149e+00 -4.9825e+00 -1.0471e+00 +1.8047e+00 -3.6736e+00 +3.9943e+00
311 +3.743847563e+00 +3.743847563e+00 -2.193761524e+02 -2.193761524e+02 +4.0190e+00 -3.8162e+00 -2.0812e+00 +3.2218e+00 +4.6707e+00 +1.1478e+00 -3.3250e+00 -3.9337e+00 -5.0000e+00 +4.7339e+00 -3.5987e+00 +8.8096e-01 -3.3621e+00 -4.3966e+00 -2.2464e+00 -4.9559e+00 -4.3052e+00 +4.8281e+00 -1.9431e+00 +4.5898e+00
6568 +2.286315281e+00 +2.286315281e+00 -2.208336847e+02 -2.208336847e+02 +4.8007e+00 -3.7642e+00 -8.4796e-01 +2.8201e+00 +4.7065e+00 +8.2935e-01 -3.7978e+00 -3.9488e+00 -4.9896e+00 +4.7357e+00 -3.5935e+00 -1.0650e-02 -3.1666e+00 -4.5565e+00 -3.5148e+00 -4.9616e+00 -4.8417e+00 +4.8068e+00 -1.9627e+00 +4.6029e+00
86758 +1.498872349e+00 +1.498872349e+00 -2.216211277e+02 -2.216211277e+02 +4.7996e+00 -3.7675e+00 -8.5640e-01 +2.8266e+00 +4.7065e+00 +8.3127e-01 -3.8000e+00 -3.9487e+00 -4.9821e+00 +4.7380e+00 -3.5933e+00 -1.6966e-02 -3.1448e+00 -4.5558e+00 -3.5145e+00 -4.9616e+00 -4.8419e+00 +4.8069e+00 -1.9698e+00 +4.6029e+00
% function evaluation | noise-free fitness - Fopt (-4.443000000000e+01) | best noise-free fitness - Fopt | measured fitness | best measured fitness | x1 | x2...
1 +2.353195411e+01 +2.353195411e+01 -2.089804589e+01 -2.089804589e+01 -5.8517e-01 -1.4436e+00 -2.7470e+00 +4.9487e+00 +4.9459e-01 +3.4638e+00 +3.1808e-01 +1.8788e-01 -3.9023e+00 -3.3376e+00 -3.7757e+00 +3.9141e+00 -3.6006e+00 +2.8387e+00 -1.0166e+00 -3.2174e+00 +4.8012e-01 -7.9341e-01 +1.0660e+00 +2.3545e+00
2 +1.122622498e+01 +1.122622498e+01 -3.320377502e+01 -3.320377502e+01 +4.1640e+00 -4.7652e+00 -2.7436e+00 -8.3083e-01 +4.8409e+00 -2.1514e-01 +1.0545e+00 +7.2752e-01 +1.1930e+00 +1.2746e+00 -1.3741e+00 +1.9132e+00 +3.0914e+00 -2.1352e+00 +3.7414e+00 +1.3042e+00 -1.1474e+00 -1.9575e+00 -4.7977e+00 +1.3445e+00
21 +8.803305739e+00 +8.803305739e+00 -3.562669426e+01 -3.562669426e+01 -1.1700e+00 -1.7378e+00 -9.0758e-01 +3.0272e+00 +3.6528e+00 -4.8627e+00 +3.7496e+00 +2.7413e+00 -3.8975e+00 -2.1637e+00 +3.3348e+00 -2.9883e+00 -5.5969e-01 -3.4747e+00 +3.7488e+00 +7.4569e-01 +1.7779e+00 -3.5019e+00 -4.2208e-01 +3.4986e+00
53 +6.181048139e+00 +6.181048139e+00 -3.824895186e+01 -3.824895186e+01 -5.8931e-01 -1.0273e-01 +6.9000e-01 -4.4083e-01 -2.4848e+00 +5.0000e+00 -2.3045e-01 +2.3388e+00 -5.3773e-01 -1.8359e+00 +1.2492e+00 -5.0000e+00 +1.4698e-01 -1.5844e+00 -4.3334e+00 -2.0641e+00 -4.3800e+00 +3.2883e+00 +5.9530e-01 -1.8391e-01
120 +3.851379680e+00 +3.851379680e+00 -4.057862032e+01 -4.057862032e+01 +2.1254e+00 -2.2613e-01 -3.5694e+00 -2.5997e+00 -2.5087e+00 +4.3331e+00 -1.5248e+00 +1.4555e+00 -2.8421e-01 +5.9958e-01 +6.6276e-01 -3.2735e+00 +2.6017e-01 -1.5869e+00 -5.0000e+00 -1.1689e+00 -2.5000e+00 +4.3442e+00 -2.4966e+00 -1.0907e+00
62080 +2.298331238e+00 +2.298331238e+00 -4.213166876e+01 -4.213166876e+01 +9.7685e-01 -4.0237e+00 -2.6550e+00 -2.9502e+00 -2.7418e+00 +4.6433e+00 -2.6847e+00 +1.2746e+00 -5.0000e+00 +3.2173e-01 -7.0568e-01 -3.8038e+00 +2.5684e-01 -1.5878e+00 -4.9944e+00 -5.0000e+00 -4.3204e+00 +4.4972e+00 -3.7692e+00 -1.6212e-01
68320 +1.536798071e+00 +1.536798071e+00 -4.289320193e+01 -4.289320193e+01 +9.7630e-01 -4.0235e+00 -2.6133e+00 -2.9502e+00 -2.7418e+00 +4.6433e+00 -2.6898e+00 +1.2746e+00 -5.0000e+00 +3.2175e-01 -7.0659e-01 -3.8038e+00 +2.5678e-01 -1.5878e+00 -4.9944e+00 -5.0000e+00 -4.3245e+00 +4.4971e+00 -3.7692e+00 -1.6276e-01
% function evaluation | noise-free fitness - Fopt (8.539000000000e+01) | best noise-free fitness - Fopt | measured fitness | best measured fitness | x1 | x2...
1 +1.905082495e+01 +1.905082495e+01 +1.044408249e+02 +1.044408249e+02 +4.7361e+00 -6.7048e-01 +2.3410e+00 +3.4400e-01 +9.2636e-01 -8.2780e-01 -2.4622e+00 +2.0061e+00 -3.6246e+00 +2.7601e+00 -3.0782e+00 -2.9028e+00 -2.5670e+00 +4.9721e+00 +2.1808e+00 +4.2977e-01 +3.7616e+00 +2.0817e+00 +2.1059e+00 -1.7132e+00
2 +1.505834464e+01 +1.505834464e+01 +1.004483446e+02 +1.004483446e+02 +2.0989e+00 -1.4732e+00 -1.2444e-01 +1.6843e+00 -2.1522e+00 +2.3246e+00 -3.4261e+00 -3.0201e+00 -1.5639e+00 -3.5042e+00 +4.2644e+00 +3.5577e+00 -2.6845e-01 -1.2640e+00 +1.0250e+00 -4.0513e+00 +3.5695e+00 +4.7256e+00 -1.9715e+00 +3.6605e+00
11 +7.915996399e+00 +7.915996399e+00 +9.330599640e+01 +9.330599640e+01 -1.8858e+00 +2.7641e+00 +1.9348e-01 -4.0076e+00 -7.7999e-01 -3.7940e+00 -4.9898e+00 -1.0175e+00 -7.0924e-01 +2.0250e+00 +3.1220e+00 -1.3763e+00 -1.7614e-01 +2.3618e+00 -3.8330e+00 +3.2446e+00 -4.0774e-01 +2.8600e+00 -2.8020e+00 +2.6144e+00
107 +5.413950051e+00 +5.413950051e+00 +9.080395005e+01 +9.080395005e+01 -4.0711e+00 -1.2396e+00 +1.1328e+00 +2.9885e+00 +1.9430e+00 +1.1605e+00 +2.6455e+00 -3.8909e+00 -6.2878e-01 -3.3451e+00 +5.0000e+00 +4.3111e+00 +2.4770e+00 -6.2704e-01 +1.5479e+00 +1.4320e+00 +1.8929e+00 +2.6926e+00 -4.6334e-01 +3.7807e+00
654 +3.652243900e+00 +3.652243900e+00 +8.904224390e+01 +8.904224390e+01 -4.0954e+00 +5.0000e+00 +5.4152e-02 +2.5761e+00 +3.7009e-01 +4.0007e+00 +1.9347e-01 -7.6854e-01 -7.0011e-01 -3.9023e+00 +3.6789e+00 +4.6233e+00 +3.1301e+00 -2.4745e-01 -2.9590e-01 -3.9290e+00 +3.0708e-01 -1.4649e+00 +6.2281e-01 +3.9621e+00
22487 +2.079548496e+00 +2.079548496e+00 +8.746954850e+01 +8.746954850e+01 -5.0000e+00 +3.6328e+00 -7.3053e-01 +2.8924e+00 +2.7804e-01 -5.2046e-01 +2.0490e+00 -3.2392e-01 -9.1776e-01 -4.2839e+00 +3.6321e+00 +4.1224e+00 +1.0366e+00 +1.5375e+00 +2.1919e+00 -2.4704e+00 +3.7357e+00 -1.0201e+00 -1.1079e+00 +4.2756e+00
59602 +1.440897175e+00 +1.440897175e+00 +8.683089717e+01 +8.683089717e+01 -4.0550e+00 +3.6187e+00 -1.2142e+00 +2.5950e+00 -1.8479e+00 +1.3544e+00 +2.2738e+00 -3.5334e-01 -7.9165e-01 -4.2697e+00 +2.8659e+00 +4.1054e+00 -2.8457e-01 +3.3258e+00 +1.3200e+00 -1.8647e+00 +4.6979e+00 -9.4976e-01 -3.3841e+00 +3.8797e+00
% function evaluation | noise-free fitness - Fopt (-9.872900000000e+02) | best noise-free fitness - Fopt | measured fitness | best measured fitness | x1 | x2...
1 +2.110938273e+01 +2.110938273e+01 -9.661806173e+02 -9.661806173e+02 +3.9940e+00 -1.7759e+00 +2.4705e+00 +2.8729e+00 +3.3616e+00 -1.0058e+00 -2.0226e+00 +7.0680e-01 -1.3642e+00 +4.2700e+00 +2.2106e+00 +9.9882e-01 -4.1819e+00 -4.9301e+00 +3.8131e+00 -3.0277e+00 +4.9805e+00 -4.3085e+00 -7.6332e-01 -3.3476e+00
3 +7.404873753e+00 +7.404873753e+00 -9.798851262e+02 -9.798851262e+02 +4.8692e+00 -2.7978e+00 -1.3215e+00 +3.2961e+00 +3.0114e-01 -2.6810e+00 +4.5114e+00 -2.3787e+00 +1.4191e+00 -4.3332e+00 +1.6435e+00 -1.3418e+00 -3.7136e+00 -4.4581e+00 -4.4098e+00 -5.9186e-01 -4.9040e+00 -3.3133e+00 +3.3343e+00 -1.4339e+00
27 +5.597958648e+00 +5.597958648e+00 -9.816920414e+02 -9.816920414e+02 -3.9336e+00 +4.7717e+00 +1.7796e+00 -3.4841e+00 +4.3996e+00 +3.1391e+00 -1.5777e-02 +3.7574e+00 -4.7755e-01 +1.6959e+00 -3.1115e-01 -4.0752e+00 +4.0606e+00 +4.5104e+00 -8.3704e-01 -2.7876e+00 -1.3853e+00 -2.5858e+00 -2.2378e+00 -2.9261e+00
1071 +3.962960686e+00 +3.962960686e+00 -9.833270393e+02 -9.833270393e+02 -2.0554e-01 +5.0000e+00 -3.1873e-01 -8.1506e-01 +3.4326e+00 +1.2003e+00 -3.1687e+00 +2.0239e+00 +1.7296e+00 -1.2937e+00 +1.0863e+00 -1.5015e+00 +3.9320e+00 +2.9700e+00 +3.8467e+00 -5.0000e+00 -1.7129e+00 +2.4294e+00 -3.9029e+00 -3.5147e+00
4098 +2.432513335e+00 +2.432513335e+00 -9.848574867e+02 -9.848574867e+02 +4.1311e+00 +5.0000e+00 -4.1185e-01 -2.5034e-01 +3.7788e+00 -1.5887e+00 -4.9825e+00 -1.9769e+00 +4.5232e+00 -4.1946e+00 +5.3121e-01 -2.7665e+00 +3.2110e+00 +4.3226e-02 +5.0000e+00 -3.7280e+00 -3.3777e+00 +2.3579e+00 -3.7047e+00 -4.3128e+00
156465 +1.578803909e+00 +1.578803909e+00 -9.857111961e+02 -9.857111961e+02 +4.4809e-01 +5.0000e+00 -3.1634e-01 -3.9024e-01 +2.5677e+00 +2.8933e+00 -5.0000e+00 -2.0911e+00 +3.5294e+00 -4.1845e+00 +8.0934e-01 -2.9913e+00 +5.0000e+00 +1.2814e-01 +3.3064e+00 -3.8126e+00 -3.2863e+00 +3.4389e+00 -3.2840e+00 -4.1005e+00
% function evaluation | noise-free fitness - Fopt (-1.517600000000e+02) | best noise-free fitness - Fopt | measured fitness | best measured fitness | x1 | x2...
1 +1.383672587e+01 +1.383672587e+01 -1.379232741e+02 -1.379232741e+02 +3.9871e+00 +4.7930e+00 -9.9935e-01 -4.7966e+00 -4.4570e+00 +3.5627e+00 -2.9602e+00 -3.1267e+00 -3.5453e+00 +3.5202e+00 +3.1870e+00 +1.8906e+00 -9.4890e-02 +3.4044e+00 +2.5188e+00 +1.3983e+00 -3.9969e+00 +1.5331e+00 -2.3399e+00 -9.8446e-01
2 +9.914522505e+00 +9.914522505e+00 -1.418454775e+02 -1.418454775e+02 +3.3951e+00 -1.8284e+00 -1.7788e+00 -8.9972e-01 -1.0703e+00 +2.6509e-01 -1.2848e+00 -1.1296e+00 +4.9565e+00 +2.5164e+00 +3.5415e+00 -1.6264e+00 +5.0166e-01 +2.0814e+00 +1.8708e+00 -6.9138e-01 -5.2792e-01 -4.8187e+00 +1.8781e+00 +4.3818e+00
55 +4.795316094e+00 +4.795316094e+00 -1.469646839e+02 -1.469646839e+02 -2.3597e+00 +2.2614e+00 -2.4041e+00 +4.4747e-01 -5.0000e+00 +4.0406e+00 -3.2397e+00 +3.5945e+00 +2.2887e+00 -4.5409e+00 +3.7973e+00 +5.0000e+00 +2.9526e+00 -2.7833e+00 -2.3392e+00 -5.2319e-02 -1.7007e+00 +2.9256e+00 +4.0874e-01 +3.7721e+00
773 +3.738633568e+00 +3.738633568e+00 -1.480213664e+02 -1.480213664e+02 -4.0552e+00 +4.1146e+00 +3.4926e-01 -2.8528e-01 -4.7098e+00 +6.9537e-01 +1.2023e+00 +4.3871e+00 +2.3455e+00 -5.0000e+00 +3.5620e-02 +3.2122e+00 +4.4676e+00 -2.2550e+00 -3.0678e+00 -1.4451e+00 -4.0146e+00 +4.0997e+00 +5.0000e+00 +4.5627e+00
4444 +1.820006993e+00 +1.820006993e+00 -1.499399930e+02 -1.499399930e+02 -3.9026e+00 +3.7086e+00 +1.2698e-01 -1.9445e+00 -4.7906e+00 +1.2716e+00 +5.0000e+00 +4.4860e+00 -7.2183e-02 -1.8875e+00 -1.8047e+00 +3.7716e+00 +3.7066e+00 -2.1534e+00 -2.9721e+00 +1.0227e+00 -1.7287e+00 +4.3917e+00 +5.0000e+00 +1.1377e+00
5564 +1.401310232e+00 +1.401310232e+00 -1.503586898e+02 -1.503586898e+02 -3.9026e+00 +3.7086e+00 +1.2476e-01 -1.9450e+00 -4.7906e+00 +1.2746e+00 +5.0000e+00 +4.4861e+00 -7.2108e-02 -1.8862e+00 -1.8047e+00 +3.7599e+00 +3.7069e+00 -2.1485e+00 -2.9721e+00 +1.0232e+00 -1.7259e+00 +4.3917e+00 +5.0000e+00 +1.1377e+00
% function evaluation | noise-free fitness - Fopt (6.680000000000e+01) | best noise-free fitness - Fopt | measured fitness | best measured fitness | x1 | x2...
1 +1.126279757e+01 +1.126279757e+01 +7.806279757e+01 +7.806279757e+01 +2.1940e+00 +1.4971e+00 +1.7152e+00 +1.0494e+00 -1.2215e+00 -1.2941e+00 +3.7090e-01 +5.1811e-01 +3.7285e+00 +5.2306e-01 +2.9596e+00 -4.1472e+00 -3.2865e-01 +2.7824e+00 +3.2741e+00 -2.3444e+00 +2.5383e+00 +1.9321e+00 +3.2483e+00 -2.7005e+00
13 +9.869195291e+00 +9.869195291e+00 +7.666919529e+01 +7.666919529e+01 -3.6660e+00 -2.4779e+00 -2.4553e+00 +4.6998e+00 +1.9536e+00 +5.7507e-01 +2.3163e+00 +7.8381e-01 -2.5780e+00 +3.6607e+00 -3.2944e+00 -4.0730e+00 +2.6796e+00 -4.9575e+00 -3.2928e+00 +3.5033e+00 -3.1761e+00 -6.8671e-01 -4.5470e+00 -3.7242e+00
95 +5.588586859e+00 +5.588586859e+00 +7.238858686e+01 +7.238858686e+01 +2.3350e+00 +1.3405e+00 +5.2803e-01 -3.2424e+00 -5.5846e-01 -5.0000e+00 -4.4457e+00 -1.0574e+00 -3.5092e+00 -3.1683e+00 -2.9040e+00 -4.2617e+00 -5.0000e+00 -5.0000e+00 +1.1328e+00 +4.7248e+00 +3.6044e+00 +1.1970e+00 -5.0000e+00 -2.2814e-01
128 +3.750544930e+00 +3.750544930e+00 +7.055054493e+01 +7.055054493e+01 +5.0000e+00 -5.0000e+00 +3.3691e+00 -4.7408e+00 -3.2320e+00 +3.7765e+00 -2.8102e+00 -1.2350e+00 -5.0000e+00 -3.1382e+00 -4.1028e+00 -5.0000e+00 -5.0000e+00 -5.0000e+00 +7.3243e-01 +5.0000e+00 +3.4569e+00 +9.6041e-01 -5.0000e+00 -2.4620e+00
3822 +2.083441587e+00 +2.083441587e+00 +6.888344159e+01 +6.888344159e+01 +5.0000e+00 -5.0000e+00 +3.5268e+00 -4.6115e+00 -2.5806e+00 +4.2750e+00 -1.7613e+00 -1.7370e+00 -5.0000e+00 -3.3218e+00 -1.8157e+00 -3.5225e+00 -3.1728e+00 -3.1459e+00 -4.4066e-01 +4.9342e+00 +3.4904e+00 +1.6286e+00 -5.0000e+00 -3.0956e+00
8342 +1.537253987e+00 +1.537253987e+00 +6.833725399e+01 +6.833725399e+01 +5.0000e+00 -5.0000e+00 +3.5268e+00 -4.6115e+00 -2.5807e+00 +4.2736e+00 -1.7618e+00 -1.7371e+00 -5.0000e+00 -3.3218e+00 -1.8157e+00 -3.5268e+00 -3.1747e+00 -3.1460e+00 -4.3599e-01 +4.9341e+00 +3.4904e+00 +1.6286e+00 -5.0000e+00 -3.0946e+00
% function evaluation | noise-free fitness - Fopt (9.625000000000e+01) | best noise-free fitness - Fopt | measured fitness | best measured fitness | x1 | x2...
1 +1.184512461e+01 +1.184512461e+01 +1.080951246e+02 +1.080951246e+02 -4.1487e+00 +4.4258e+00 +3.7217e+00 +4.0275e+00 -1.5147e+00 +4.9616e+00 +2.0004e+00 -3.4330e+00 -4.6821e+00 +2.6667e+00 -4.8545e+00 +3.0216e+00 -1.3767e+00 +9.0989e-01 +2.7794e+00 +1.9065e+00 -3.5635e-01 +4.1274e+00 +2.2645e-01 +2.0806e+00
3 +9.323179470e+00 +9.323179470e+00 +1.055731795e+02 +1.055731795e+02 +8.6034e-01 +2.8848e+00 -9.5881e-01 -4.3987e+00 +2.0301e+00 -3.4295e+00 -2.0849e-01 +3.0650e-01 -1.4354e+00 -4.4291e+00 +3.4236e+00 +9.7455e-01 +5.3965e-01 +2.0130e+00 -3.9485e+00 +4.6858e+00 -1.8972e+00 -3.3296e+00 +4.9311e+00 -5.3850e-01
77 +6.089974513e+00 +6.089974513e+00 +1.023399745e+02 +1.023399745e+02 -4.9783e+00 +5.0000e+00 +2.6174e-01 -8.4232e-01 +5.0000e+00 -1.3998e+00 -2.6109e+00 -2.2398e+00 +1.1277e+00 -4.9821e+00 +7.8597e-01 +2.3917e+00 +3.6260e+00 +5.0000e+00 +7.9124e-01 +4.3868e+00 -1.9174e+00 +3.4082e+00 +2.4448e+00 -1.8284e+00
1337 +3.718541653e+00 +3.718541653e+00 +9.996854165e+01 +9.996854165e+01 +1.3469e+00 +9.7482e-01 +4.8444e+00 -4.0620e+00 +3.4384e+00 -9.3838e-01 +2.0042e-01 +3.5493e+00 +1.4646e+00 +1.6149e+00 +1.3044e+00 -1.4456e+00 -4.4128e-01 -1.3650e+00 -8.5998e-01 +1.1576e+00 -1.7320e-01 -1.2275e+00 +3.6297e+00 -1.5131e+00
2182 +2.070457892e+00 +2.070457892e+00 +9.832045789e+01 +9.832045789e+01 +3.1434e+00 +1.7876e-02 +4.2568e+00 -4.1061e+00 +3.4142e+00 -2.2370e+00 +1.8262e+00 +3.8694e+00 +1.4827e+00 -1.1026e+00 -1.1082e+00 -1.4565e+00 +7.8916e-01 -1.8998e+00 -1.5685e+00 +8.7393e-01 -4.2531e-01 -1.2603e+00 +3.4024e+00 -1.4406e+00
% function evaluation | noise-free fitness - Fopt (1.467200000000e+02) | best noise-free fitness - Fopt | measured fitness | best measured fitness | x1 | x2...
1 +1.990728726e+01 +1.990728726e+01 +1.666272873e+02 +1.666272873e+02 -1.2483e+00 +4.2904e+00 +3.8481e+00 -1.0627e+00 -2.9423e+00 +1.6068e+00 -2.8776e-01 +2.5802e+00 +3.9647e+00 -4.1996e+00 +4.5947e+00 -4.0715e+00 +2.3471e+00 -4.9431e-01 +4.0276e+00 -1.2512e+00 +2.0292e+00 +1.0983e+00 +1.1100e-01 -9.8296e-01
3 +1.486297242e+01 +1.486297242e+01 +1.615829724e+02 +1.615829724e+02 +4.1346e+00 -3.6402e+00 +3.3040e+00 -8.5981e-01 +2.4850e+00 +1.3272e+00 -5.6770e-01 -2.0924e+00 -7.0060e-01 +2.8876e+00 -3.0825e+00 -2.4663e+00 +4.7920e+00 +2.3850e+00 +5.7264e-01 -2.9884e+00 +3.9025e+00 +4.7711e+00 -2.5904e+00 +1.1308e+00
12 +9.947493522e+00 +9.947493522e+00 +1.566674935e+02 +1.566674935e+02 +8.0081e-01 -4.4987e+00 -1.6491e+00 -1.7385e+00 +2.3388e+00 +8.0191e-01 -2.9706e+00 -4.5974e+00 -1.1217e+00 +2.8738e+00 -4.8100e+00 -3.1144e+00 -8.9581e-01 -2.3956e+00 -3.2024e+00 -6.4562e-01 +4.9680e+00 +9.0675e-01 -4.0822e+00 +3.4703e+00
153 +4.333322582e+00 +4.333322582e+00 +1.510533226e+02 +1.510533226e+02 +2.6080e+00 +0.0000e+00 +2.8748e+00 -2.1255e+00 -4.4824e+00 +2.7063e+00 -4.6744e+00 -4.7000e-01 +4.4610e-01 -4.4344e+00 -1.0527e+00 +6.7797e-03 +2.3026e-01 +1.9585e+00 +9.0505e-01 +5.0000e+00 -7.8812e-01 -3.5907e+00 -2.0542e+00 +3.6523e+00
252 +3.256625353e+00 +3.256625353e+00 +1.499766254e+02 +1.499766254e+02 +1.4063e+00 +2.1727e+00 +2.0666e+00 -9.0213e-01 -4.0875e+00 +2.8168e+00 -1.2730e+00 -1.3535e+00 +2.0642e+00 -3.2075e+00 +5.0836e-01 -1.9604e+00 +2.0526e+00 +3.7932e+00 +8.4121e-01 +4.4097e+00 -6.4804e-01 -3.6179e+00 +1.0116e+00 +4.4871e+00
5772 +2.409010637e+00 +2.409010637e+00 +1.491290106e+02 +1.491290106e+02 +1.4060e+00 +2.1737e+00 +2.0665e+00 -9.0215e-01 -4.0875e+00 +2.8180e+00 -1.2737e+00 -1.3537e+00 +2.0673e+00 -3.2148e+00 +5.0684e-01 -1.9671e+00 +2.0530e+00 +3.8000e+00 +8.4114e-01 +4.4096e+00 -6.4804e-01 -3.6182e+00 +1.0169e+00 +4.4871e+00
55774 +1.580250494e+00 +1.580250494e+00 +1.483002505e+02 +1.483002505e+02 -4.0300e-01 +3.4256e+00 +1.3275e+00 -2.3010e-01 -4.1185e+00 +3.0006e+00 -1.2759e+00 -1.8383e+00 +3.6655e+00 -3.2252e+00 -7.4611e-01 -2.0581e+00 +2.0884e+00 +3.9031e+00 +8.4480e-01 +4.2316e+00 -6.1411e-01 -3.6149e+00 +1.5145e+00 +4.4880e+00
% function evaluation | noise-free fitness - Fopt (-5.919800000000e+02) | best noise-free fitness - Fopt | measured fitness | best measured fitness | x1 | x2...
1 +1.026021006e+01 +1.026021006e+01 -5.817197899e+02 -5.817197899e+02 -2.2199e-01 -7.6290e-01 +4.4289e+00 -4.0456e+00 -2.4050e+00 +3.5477e+00 +3.5320e+00 -7.9095e-01 +1.1485e+00 +4.9055e+00 -2.2677e+00 +1.5840e+00 -9.3017e-01 -3.3497e+00 +1.7681e+00 -4.0865e+00 +4.3845e+00 -3.5406e+00 +5.3437e-01 -1.7425e+00
24 +7.186241270e+00 +7.186241270e+00 -5.847937587e+02 -5.847937587e+02 -2.9025e+00 +3.0124e+00 +9.9122e-01 -4.0364e-01 +4.9096e+00 -3.8329e+00 -3.8128e+00 -6.1843e-01 +4.6070e-01 -3.5682e+00 -1.2723e+00 -1.1153e+00 +4.3489e+00 +1.5133e+00 -1.3323e+00 +1.1684e+00 +2.4074e+00 +3.3281e+00 -1.1497e+00 +5.5577e-01
68 +5.837558539e+00 +5.837558539e+00 -5.861424415e+02 -5.861424415e+02 -4.2038e+00 +6.9049e-01 +3.3202e+00 -1.7487e+00 +5.0000e+00 +3.9743e+00 +1.9232e+00 +7.4976e-01 -7.8866e-01 -1.1926e-01 -7.9709e-01 -3.5559e+00 +5.0000e+00 +4.8275e+00 +1.3317e-01 -2.6331e+00 +1.5883e+00 +5.0000e+00 +1.0667e+00 -3.5445e+00
2133 +2.812476059e+00 +2.812476059e+00 -5.891675239e+02 -5.891675239e+02 -4.7125e+00 +4.2639e+00 -5.0000e+00 -4.3758e+00 +2.1658e+00 +2.8960e-01 -3.6437e-01 -5.0000e+00 -3.8135e-01 -3.5894e-01 -7.2032e-01 -1.2864e+00 +5.0000e+00 +2.2260e+00 +2.6574e-01 +0.0000e+00 +1.0093e+00 -2.2338e+00 -1.8964e+00 -4.3477e+00
7213 +1.879822027e+00 +1.879822027e+00 -5.901001780e+02 -5.901001780e+02 -4.7125e+00 +4.2639e+00 -5.0000e+00 -4.3759e+00 +2.1659e+00 +3.0558e-01 -3.6393e-01 -5.0000e+00 -3.8558e-01 -3.5746e-01 -7.2031e-01 -1.2864e+00 +5.0000e+00 +2.2261e+00 +2.6376e-01 -7.1293e-03 +1.0093e+00 -2.2381e+00 -1.8964e+00 -4.3477e+00
10053 +1.581013077e+00 +1.581013077e+00 -5.903989869e+02 -5.903989869e+02 -4.7125e+00 +4.2639e+00 -5.0000e+00 -4.3759e+00 +2.1659e+00 +3.1213e-01 -3.6423e-01 -5.0000e+00 -3.8582e-01 -3.5594e-01 -7.2030e-01 -1.2864e+00 +5.0000e+00 +2.2274e+00 +2.6387e-01 -8.7244e-03 +1.0093e+00 -2.2429e+00 -1.8964e+00 -4.3477e+00
% function evaluation | noise-free fitness - Fopt (7.429000000000e+01) | best noise-free fitness - Fopt | measured fitness | best measured fitness | x1 | x2...
1 +2.588121991e+01 +2.588121991e+01 +1.001712199e+02 +1.001712199e+02 +4.2951e+00 -4.0336e+00 +2.0890e+00 +8.3128e-01 +2.6522e+00 +1.1644e+00 +1.4160e+00 -4.1799e+00 +4.0067e-01 +1.1057e+00 +3.5189e+00 +2.0531e+00 +8.4925e-01 -2.5929e+00 -2.5062e+00 +4.9074e+00 -1.8278e+00 +3.3710e+00 -1.4340e+00 +2.2675e+00
2 +1.768144857e+01 +1.768144857e+01 +9.197144857e+01 +9.197144857e+01 +1.4820e+00 -4.1036e+00 -2.3817e-01 +5.6769e-01 -4.4041e+00 -1.6578e+00 +2.9470e+00 -1.5604e+00 +2.5343e+00 -1.4393e-02 +9.7943e-01 +3.9000e+00 -1.0838e-01 -3.1134e+00 -1.9218e+00 +4.2449e+00 -2.8920e+00 -3.7205e+00 -2.9401e+00 -1.1092e-01
3 +7.252460756e+00 +7.252460756e+00 +8.154246076e+01 +8.154246076e+01 -1.3505e+00 +4.4774e+00 +1.0199e+00 -1.3393e+00 +2.6053e+00 -4.8543e+00 +2.8004e+00 -2.7813e-01 +3.4596e+00 +2.9511e+00 -3.5700e+00 -2.4850e+00 +2.3044e+00 -2.3622e+00 +3.9705e+00 -3.2770e+00 -2.4887e+00 +3.8156e+00 +3.3670e+00 -1.2035e-01
19 +5.550472720e+00 +5.550472720e+00 +7.984047272e+01 +7.984047272e+01 -4.2103e+00 +3.8151e+00 -1.8708e+00 -2.1364e+00 +1.5841e+00 +2.1169e+00 +2.9055e+00 +1.6852e+00 -6.4142e-01 -3.8497e+00 -3.6458e+00 -9.1523e-01 +1.6615e+00 -9.5845e-01 -4.6329e+00 -2.3492e+00 -4.5048e+00 -4.0034e+00 +4.2451e+00 -3.6023e+00
845 +3.819792093e+00 +3.819792093e+00 +7.810979209e+01 +7.810979209e+01 -1.5427e+00 +4.8132e+00 -2.8286e+00 +2.5542e-02 +3.2180e+00 +4.5589e+00 +1.6791e+00 +3.9419e+00 -2.7630e+00 -2.2558e+00 -5.0000e+00 -2.6345e+00 +3.0036e+00 +4.6954e+00 -5.0000e+00 +5.0000e+00 -3.7463e+00 -5.0000e+00 +5.0000e+00 -1.7886e+00
9015 +2.261207575e+00 +2.261207575e+00 +7.655120757e+01 +7.655120757e+01 -1.8368e+00 +4.3036e+00 -2.2142e+00 +1.4078e+00 +4.1816e+00 +4.2392e+00 +1.9379e+00 +3.4038e+00 -2.0880e+00 -3.4072e-01 -4.0376e+00 +5.8742e-01 +3.0709e+00 +5.0000e+00 -4.5478e+00 +1.7371e+00 -4.7278e+00 -4.1696e+00 +4.5943e+00 -1.7132e+00
% function evaluation | noise-free fitness - Fopt (-3.490000000000e+00) | best noise-free fitness - Fopt | measured fitness | best measured fitness | x1 | x2...
1 +1.215755602e+01 +1.215755602e+01 +8.667556016e+00 +8.667556016e+00 -4.6374e+00 -2.7867e+00 +3.6379e+00 +3.3111e-01 -2.7401e+00 +1.2155e+00 -1.7102e+00 -1.9559e+00 +2.7612e+00 -1.8441e+00 +4.4848e+00 +2.9526e+00 +4.3593e-01 +1.6365e+00 -4.4485e+00 -4.7237e+00 -3.3369e+00 -2.4650e+00 -3.5480e+00 +4.0443e+00
22 +6.832970042e+00 +6.832970042e+00 +3.342970042e+00 +3.342970042e+00 +4.9700e+00 +3.7334e+00 -1.7568e+00 +2.7381e+00 -2.6646e-01 +1.7818e+00 -1.1467e+00 +2.2423e+00 -3.2298e+00 +3.8823e+00 -1.7651e+00 -4.0415e+00 -4.8626e+00 +1.1252e+00 -4.8140e+00 -1.2738e+00 -1.4580e+00 -3.9569e+00 +2.3044e+00 -3.3773e+00
85 +5.402647251e+00 +5.402647251e+00 +1.912647251e+00 +1.912647251e+00 +3.4703e+00 +2.4933e+00 +1.6464e+00 +1.9878e-01 -9.4403e-01 +5.0981e-01 -1.9566e+00 -2.8814e-01 -4.2311e+00 +2.1846e+00 -2.9820e+00 -3.1659e+00 -3.7473e+00 +2.6165e+00 -3.6974e+00 +1.1295e+00 -1.4295e+00 -4.9296e+00 +2.3659e+00 -1.5364e+00
984 +2.957805729e+00 +2.957805729e+00 -5.321942711e-01 -5.321942711e-01 -5.0000e+00 +2.6149e+00 -4.3340e-01 -2.2669e+00 +4.2250e+00 +1.4986e+00 +5.0000e+00 +2.2383e+00 -3.6769e-01 +3.5440e+00 +1.4222e+00 -1.4774e+00 -4.3163e+00 +2.5079e+00 -5.0000e+00 -5.0000e+00 -4.4129e+00 -4.4025e+00 -1.5634e+00 +2.3420e+00
6504 +1.378908395e+00 +1.378908395e+00 -2.111091605e+00 -2.111091605e+00 -5.0000e+00 +2.6149e+00 -4.3340e-01 -2.2670e+00 +4.2262e+00 +1.4986e+00 +5.0000e+00 +2.2554e+00 -3.6805e-01 +3.5277e+00 +1.4223e+00 -1.4772e+00 -4.3139e+00 +2.5093e+00 -5.0000e+00 -5.0000e+00 -4.4101e+00 -4.4025e+00 -1.5635e+00 +2.3420e+00
198872 +9.956581634e-01 +9.956581634e-01 -2.494341837e+00 -2.494341837e+00 -5.0000e+00 +2.6161e+00 -4.3339e-01 -2.2666e+00 +4.2252e+00 +1.4985e+00 +5.0000e+00 +2.2594e+00 -3.6685e-01 +3.5253e+00 +1.4172e+00 -1.4772e+00 -4.3091e+00 +2.5093e+00 -5.0000e+00 -5.0000e+00 -4.4090e+00 -4.4034e+00 -1.5635e+00 +2.3338e+00
% function evaluation | noise-free fitness - Fopt (-1.283000000000e+01) | best noise-free fitness - Fopt | measured fitness | best measured fitness | x1 | x2...
1 +2.899110285e+01 +2.899110285e+01 +1.616110285e+01 +1.616110285e+01 -1.1616e-01 +4.7133e+00 -3.2770e+00 +4.8211e+00 -1.5904e+00 +4.9740e+00 -1.1904e+00 +4.8540e+00 +5.4744e-01 +7.7733e-01 -3.0173e+00 +4.1442e-01 +2.3804e-01 -1.9179e+00 +4.6045e+00 +2.8762e+00 -1.9004e+00 -3.6791e+00 +3.8613e+00 -3.1367e+00
2 +1.458339372e+01 +1.458339372e+01 +1.753393723e+00 +1.753393723e+00 +3.9688e+00 -3.6532e+00 +3.1835e+00 -1.2784e-01 -1.3417e+00 -2.0066e+00 -3.3826e+00 +1.9471e+00 +6.8448e-01 +6.3516e-01 +4.3765e+00 -5.7848e-01 +4.9029e+00 -5.6486e-01 -2.5049e+00 -4.6749e+00 +3.0952e+00 -4.2514e+00 -1.0119e+00 -1.3186e+00
7 +8.152968228e+00 +8.152968228e+00 -4.677031772e+00 -4.677031772e+00 +3.1520e+00 +1.2032e+00 -2.7927e+00 -2.2161e+00 +3.3187e+00 -1.5148e+00 +2.1920e+00 +1.0114e+00 +3.2544e+00 -4.2606e-01 +2.6206e-01 +2.9119e+00 +1.8988e+00 +4.6871e+00 +2.2916e-01 -4.6757e+00 -9.1349e-01 +2.6933e+00 -3.8124e-01 -7.3909e-01
126 +5.283269511e+00 +5.283269511e+00 -7.546730489e+00 -7.546730489e+00 -3.7795e-01 +2.6489e+00 -2.1486e-01 +1.2750e-01 -4.4260e+00 -1.2875e+00 -5.1942e-01 +9.3512e-01 -3.7546e+00 +7.5976e-01 +5.0000e+00 -3.6404e+00 -1.1527e+00 -1.8297e+00 -6.2523e-01 -3.5855e+00 -5.0000e+00 +1.5669e+00 +2.4559e+00 +1.6881e+00
447 +3.144106435e+00 +3.144106435e+00 -9.685893565e+00 -9.685893565e+00 +2.4375e+00 +5.3981e-01 -5.1564e-01 -6.3936e-01 -2.3335e+00 -1.7371e+00 +4.0591e+00 +2.1097e-01 -4.5610e+00 -1.6593e+00 +9.7284e-01 -9.7307e-01 +5.0000e+00 -5.0000e+00 -1.5342e+00 -3.5275e+00 -1.6385e+00 +3.0092e+00 -1.8627e+00 +1.2087e+00
7902 +1.873736518e+00 +1.873736518e+00 -1.095626348e+01 -1.095626348e+01 +1.6502e+00 -4.0969e+00 -2.2886e+00 +3.2312e+00 -1.4044e+00 -1.5588e+00 +3.6447e+00 +2.2355e+00 -4.8493e+00 +2.9072e+00 -3.7359e-01 -1.2840e+00 +2.5319e+00 -5.0000e+00 -1.3076e+00 -3.6758e+00 -2.0959e+00 +3.9451e+00 -2.4004e+00 -2.2714e+00
13502 +1.329473454e+00 +1.329473454e+00 -1.150052655e+01 -1.150052655e+01 +1.6502e+00 -4.0969e+00 -2.2889e+00 +3.2204e+00 -1.4045e+00 -1.5588e+00 +3.6447e+00 +2.2360e+00 -4.8493e+00 +2.9046e+00 -3.7357e-01 -1.2834e+00 +2.5323e+00 -5.0000e+00 -1.3086e+00 -3.6758e+00 -2.0960e+00 +3.9451e+00 -2.4004e+00 -2.2714e+00
