% function evaluation | noise-free fitness - Fopt (-5.494000000000e+01) | best noise-free fitness - Fopt | measured fitness | best measured fitness | x1 | x2...
1 +8.216906492e+07 +8.216906492e+07 +8.216900998e+07 +8.216900998e+07 +1.7100e+00 -4.0811e+00 +3.6331e+00 +1.3630e+00 -4.2387e+00 +2.5272e+00 +6.2239e-01 -3.0443e+00 +4.6097e+00 +4.4661e+00 +1.5008e+00 +4.6146e+00 -4.7565e+00 +2.0343e+00 +4.7180e+00 -4.3544e+00 +3.9298e+00 -4.9364e+00 +3.5497e+00 -1.2469e-01
2 +5.883310650e+06 +5.883310650e+06 +5.883255710e+06 +5.883255710e+06 -1.5637e+00 +6.6098e-01 +1.2876e+00 +1.9233e+00 -2.7389e+00 -3.3738e+00 +5.0962e-01 -5.4377e-01 +3.9915e+00 -2.3634e+00 +4.0262e+00 -1.1217e+00 +2.2054e+00 -2.2805e+00 -6.4203e-01 -3.6702e-01 -2.4037e-01 +4.4055e+00 -2.9757e+00 -3.1564e+00
31 +3.784698527e+06 +3.784698527e+06 +3.784643587e+06 +3.784643587e+06 +4.7015e-01 -2.9720e+00 -6.5904e-01 -4.3778e+00 -1.5407e-01 +4.3746e+00 +1.1312e+00 -2.6031e+00 +1.9557e+00 -2.7656e+00 +1.3617e+00 -1.5937e+00 +3.8397e+00 +2.7073e+00 +2.0211e+00 -2.2024e+00 -4.5773e+00 +4.0689e+00 +1.2794e+00 +1.7101e-01
87 +2.074374119e+06 +2.074374119e+06 +2.074319179e+06 +2.074319179e+06 +1.1608e-01 -2.0909e-01 -6.9186e-01 -2.7402e+00 +8.8415e-01 -2.4366e+00 +2.1411e+00 -2.0747e-01 -2.7579e+00 -1.5752e+00 +5.0000e+00 +9.2007e-01 -5.0000e+00 -4.1820e-01 -3.1342e+00 -4.0053e-02 +3.5089e+00 -1.1135e+00 -2.8096e+00 -1.7663e+00
221 +1.411841165e+06 +1.411841165e+06 +1.411786225e+06 +1.411786225e+06 +1.0026e-01 -1.2009e+00 -2.5605e+00 -1.4848e+00 -4.0513e-01 -4.5463e+00 +2.8674e+00 -2.3655e+00 -5.0000e+00 +9.6239e-01 +5.0000e+00 +3.7680e+00 -5.0000e+00 +2.2173e+00 +4.5338e-01 +6.8304e-02 +4.6558e+00 +1.0597e+00 -2.3970e+00 +9.5779e-02
331 +9.565292736e+05 +9.565292736e+05 +9.564743336e+05 +9.564743336e+05 +4.0232e+00 -9.1656e-01 -2.7425e+00 -1.8967e+00 +5.0000e+00 +1.7338e+00 +4.4604e+00 -3.4651e-01 -4.2757e+00 -3.2461e+00 +5.0000e+00 +3.8936e+00 -4.8541e+00 -1.2085e+00 -5.0000e+00 +5.3315e-01 +3.3203e+00 -1.0888e+00 -4.4635e+00 +6.7137e-01
337 +4.510477355e+05 +4.510477355e+05 +4.509927955e+05 +4.509927955e+05 +3.0127e+00 -2.1805e+00 -4.4287e+00 +8.1122e-01 +3.9241e+00 -4.4438e-01 +3.3118e+00 +2.2519e-01 -5.0000e+00 -3.0404e+00 +5.0000e+00 +4.5134e+00 -5.0000e+00 -1.4324e+00 -5.0000e+00 +2.3476e+00 +3.7919e+00 +1.3204e-01 -3.6284e+00 +5.4666e-01
362 +3.911367661e+05 +3.911367661e+05 +3.910818261e+05 +3.910818261e+05 +4.7051e+00 -1.3096e+00 -5.0000e+00 +1.7511e+00 +4.7013e+00 +4.3371e-01 +3.6149e+00 -1.3141e-01 -4.9824e+00 -2.1583e+00 +5.0000e+00 +4.8506e+00 -5.0000e+00 -3.0729e+00 -4.6005e+00 +2.8203e+00 +4.3894e+00 +3.0822e-01 -4.6346e+00 +2.1862e+00
647 +2.465777830e+05 +2.465777830e+05 +2.465228430e+05 +2.465228430e+05 +3.6353e+00 -3.2100e+00 -4.2453e+00 -3.9785e-01 +3.8319e+00 -9.7085e-01 +2.9200e+00 +1.3049e+00 -4.8621e+00 -1.0117e+00 +4.0190e+00 +4.5706e+00 -4.7567e+00 -2.9839e+00 -3.7198e+00 +1.7036e+00 +3.2098e+00 -8.3261e-01 -4.5929e+00 +3.2318e+00
1090 +1.492021681e+05 +1.492021681e+05 +1.491472281e+05 +1.491472281e+05 +4.2098e+00 -2.9559e+00 -4.4519e+00 -1.1037e-01 +3.8542e+00 +9.9671e-02 +2.5911e+00 +1.7311e+00 -4.9071e+00 -5.0272e-01 +4.3264e+00 +4.8013e+00 -4.5127e+00 -3.6957e+00 -3.1531e+00 +1.3103e+00 +3.1520e+00 -7.7064e-01 -4.9102e+00 +3.8014e+00
2620 +9.982334992e+04 +9.982334992e+04 +9.976840992e+04 +9.976840992e+04 +4.9730e+00 -2.7131e+00 -4.4175e+00 -4.7212e-01 +4.4576e+00 +7.1202e-01 +2.7250e+00 +1.5335e+00 -4.9077e+00 -1.3232e-01 +4.2311e+00 +4.6174e+00 -4.2504e+00 -4.0728e+00 -3.1837e+00 +1.2327e+00 +3.1927e+00 -8.2156e-01 -4.8319e+00 +4.7563e+00
4445 +6.283506191e+04 +6.283506191e+04 +6.278012191e+04 +6.278012191e+04 +4.8609e+00 -2.5969e+00 -4.0929e+00 -6.6183e-01 +3.4489e+00 +5.1934e-01 +2.2369e+00 +1.5873e+00 -4.9897e+00 +1.7806e+00 +4.4411e+00 +4.5846e+00 -3.1131e+00 -4.0950e+00 -2.5885e+00 +2.2298e+00 +3.4965e+00 -6.2697e-01 -4.4965e+00 +4.9066e+00
5607 +3.958529537e+04 +3.958529537e+04 +3.953035537e+04 +3.953035537e+04 +4.5183e+00 -2.5363e+00 -4.0881e+00 -4.2688e-01 +3.1699e+00 +5.4408e-01 +1.3705e+00 +1.6685e+00 -4.9755e+00 +2.6401e+00 +4.8253e+00 +4.5917e+00 -1.8485e+00 -4.2562e+00 -1.6700e+00 +2.8419e+00 +3.5931e+00 -7.8711e-01 -3.7841e+00 +4.6312e+00
6253 +2.492058717e+04 +2.492058717e+04 +2.486564717e+04 +2.486564717e+04 +4.4569e+00 -2.5455e+00 -3.5633e+00 -3.8932e-01 +3.2148e+00 +3.4892e-01 +1.5556e+00 +1.4634e+00 -4.9771e+00 +3.3152e+00 +4.8775e+00 +4.7018e+00 -1.3402e+00 -4.3860e+00 -1.6563e+00 +3.9007e+00 +3.5866e+00 -7.3610e-01 -3.1245e+00 +4.5048e+00
7387 +1.584640618e+04 +1.584640618e+04 +1.579146618e+04 +1.579146618e+04 +4.4003e+00 -2.4249e+00 -2.6797e+00 -2.2160e-01 +3.1404e+00 +1.2174e+00 +1.4803e+00 +1.5983e+00 -4.9757e+00 +4.0700e+00 +4.9624e+00 +4.7531e+00 -6.8481e-01 -4.4967e+00 -1.4645e+00 +4.9753e+00 +3.5197e+00 -5.7080e-01 -2.6749e+00 +4.3748e+00
10525 +9.791869130e+03 +9.791869130e+03 +9.736929130e+03 +9.736929130e+03 +3.9634e+00 -2.5942e+00 -2.2312e+00 -2.1623e-01 +3.1068e+00 +1.1996e+00 +1.0670e+00 +1.5736e+00 -4.9778e+00 +4.7842e+00 +5.0000e+00 +4.7343e+00 -5.2502e-01 -4.5572e+00 -1.4830e+00 +5.0000e+00 +3.6110e+00 -7.1829e-01 -2.1113e+00 +4.5783e+00
14506 +6.233413081e+03 +6.233413081e+03 +6.178473081e+03 +6.178473081e+03 +3.5776e+00 -2.5929e+00 -1.9743e+00 -1.3734e-02 +2.6978e+00 +1.2927e+00 +6.9404e-01 +1.7439e+00 -4.9945e+00 +4.9996e+00 +5.0000e+00 +4.2542e+00 -3.9304e-01 -5.0000e+00 -1.1069e+00 +5.0000e+00 +3.4987e+00 -8.0384e-01 -1.8146e+00 +4.7284e+00
22997 +3.970300230e+03 +3.970300230e+03 +3.915360230e+03 +3.915360230e+03 +3.3626e+00 -2.5361e+00 -1.8120e+00 +5.8562e-02 +2.6665e+00 +2.8014e+00 -4.2891e-01 +1.9108e+00 -4.9922e+00 +5.0000e+00 +5.0000e+00 +3.7399e+00 -1.1508e-01 -4.9635e+00 -1.0888e+00 +5.0000e+00 +3.4490e+00 -8.9158e-01 -1.6219e+00 +4.9086e+00
44782 +2.509895236e+03 +2.509895236e+03 +2.454955236e+03 +2.454955236e+03 +3.2014e+00 -2.8175e+00 -1.6628e+00 +2.2107e-01 +2.6547e+00 +3.9234e+00 -1.2301e+00 +1.8678e+00 -4.9999e+00 +5.0000e+00 +5.0000e+00 +3.4922e+00 +3.2816e-01 -4.7848e+00 -9.7067e-01 +5.0000e+00 +2.9867e+00 -9.2109e-01 -1.1366e+00 +4.9996e+00
143023 +1.584808354e+03 +1.584808354e+03 +1.529868354e+03 +1.529868354e+03 +2.2865e+00 -3.0498e+00 -1.2505e+00 +8.7062e-01 +2.4705e+00 +5.0000e+00 -2.1608e+00 +7.5241e-01 -5.0000e+00 +5.0000e+00 +5.0000e+00 +2.5626e+00 +2.9621e-01 -3.8724e+00 -9.8447e-01 +5.0000e+00 +2.9230e+00 -9.9399e-01 -5.4931e-01 +5.0000e+00
% function evaluation | noise-free fitness - Fopt (5.913000000000e+01) | best noise-free fitness - Fopt | measured fitness | best measured fitness | x1 | x2...
1 +3.246489478e+07 +3.246489478e+07 +3.246495391e+07 +3.246495391e+07 +4.5732e+00 +1.8460e+00 -2.9872e+00 -4.0128e+00 -1.7385e-01 +1.1796e+00 +4.7573e+00 +1.6784e+00 +4.3022e+00 +4.0180e+00 -1.2580e+00 +4.9335e+00 +4.6158e+00 +3.1396e-01 +3.7910e+00 -2.5873e+00 -3.7915e+00 +3.3822e+00 +4.9928e+00 -3.1494e+00
2 +1.135732708e+07 +1.135732708e+07 +1.135738621e+07 +1.135738621e+07 -1.9637e+00 -1.1515e+00 +2.0548e+00 +3.0521e+00 +1.5888e+00 -3.8149e+00 +4.2848e+00 +1.2054e+00 -3.1363e+00 -2.9036e-01 +3.0182e+00 +4.3020e+00 -1.9019e+00 +1.1099e+00 -3.1304e+00 -4.3577e+00 +3.2266e+00 +2.1218e+00 +2.4176e+00 +7.8273e-01
9 +9.922267472e+06 +9.922267472e+06 +9.922326602e+06 +9.922326602e+06 -1.0995e+00 +2.6368e+00 +3.6349e-01 -3.2354e+00 +3.5728e+00 +2.7104e+00 +1.7921e+00 +1.3522e+00 +1.2636e+00 -1.9789e+00 +3.4160e+00 -4.1359e+00 -4.5282e+00 +1.9868e+00 -3.9624e+00 -2.7756e+00 -9.8192e-01 +3.9503e+00 -7.3913e-01 +2.6160e+00
12 +4.101841112e+06 +4.101841112e+06 +4.101900242e+06 +4.101900242e+06 +3.2680e-01 -2.2607e+00 -4.6344e-01 -4.2339e+00 -1.0304e+00 +1.0947e+00 +1.0831e-01 -4.8652e+00 +1.8024e+00 -1.8970e+00 +3.4139e+00 -4.2120e+00 -2.2173e-01 -2.2632e-01 +2.3185e-01 -3.8096e+00 +5.1029e-02 -3.3852e+00 -2.9942e+00 +4.8156e+00
105 +3.527490076e+06 +3.527490076e+06 +3.527549206e+06 +3.527549206e+06 -4.6430e-01 -5.0000e+00 +4.3739e+00 -1.8134e+00 +3.1132e+00 -3.1066e+00 +2.4060e+00 -1.8060e-01 +2.3030e+00 -7.2539e-01 +1.1562e+00 -5.1281e-01 +1.1651e+00 +2.3687e+00 -1.4143e+00 -5.0000e+00 -6.2881e-01 +0.0000e+00 +3.1017e+00 +4.5894e+00
129 +1.701335735e+06 +1.701335735e+06 +1.701394865e+06 +1.701394865e+06 -3.6881e+00 -4.7544e+00 -1.2162e+00 -4.8814e-01 +1.1567e+00 +9.9976e-01 -8.4804e-01 +0.0000e+00 +3.1010e+00 -3.2288e-01 +5.0000e+00 +8.1044e-01 +2.5802e+00 +2.1120e+00 +1.0715e+00 -2.6841e+00 -2.5688e+00 +1.4190e+00 +2.2466e+00 +5.0000e+00
302 +1.083561581e+06 +1.083561581e+06 +1.083620711e+06 +1.083620711e+06 -2.7286e+00 -4.8525e+00 -1.2488e+00 +2.3762e+00 +9.5115e-01 -2.9876e+00 -2.3772e-01 -3.1477e+00 +3.8364e+00 +1.8876e-02 +5.0000e+00 -3.0475e+00 +4.0309e+00 +1.8157e+00 +3.0524e+00 -3.1949e+00 -1.4519e+00 +2.0419e+00 +2.8482e+00 +4.4188e+00
311 +8.774224099e+05 +8.774224099e+05 +8.774815399e+05 +8.774815399e+05 -3.8571e+00 -4.6176e+00 -2.2755e+00 +7.7953e-01 -1.3759e+00 -7.6659e-01 -1.2239e+00 +8.2710e-01 +3.0967e+00 -3.6675e+00 +4.2327e+00 -1.6987e+00 -1.5774e-01 -1.5652e+00 +3.1940e-01 -1.3020e+00 -9.1208e-01 +9.6953e-01 +2.6497e+00 +5.0000e+00
540 +6.049601069e+05 +6.049601069e+05 +6.050192369e+05 +6.050192369e+05 -5.0000e+00 -4.7397e+00 -3.4780e+00 +3.8667e+00 -4.0799e+00 +3.0348e+00 -7.1693e-01 +3.1681e+00 +2.1176e+00 +0.0000e+00 +3.6062e+00 -1.6626e+00 -4.0947e-01 +2.4502e-01 -3.5338e-01 -3.6478e+00 -5.0438e-01 +2.6483e+00 +5.0000e+00 +5.0000e+00
1334 +3.080347425e+05 +3.080347425e+05 +3.080938725e+05 +3.080938725e+05 -3.3813e+00 -4.5495e+00 -2.1710e+00 +2.9115e+00 -3.0360e+00 +3.1965e+00 -8.0836e-01 +1.9832e+00 +2.7148e+00 -4.4617e-01 +3.9302e+00 -3.1809e+00 +5.8873e-01 -6.8063e-01 +1.8157e+00 -4.0645e+00 -1.7214e-01 -5.4669e-01 +4.7494e+00 +5.0000e+00
1475 +2.414573868e+05 +2.414573868e+05 +2.415165168e+05 +2.415165168e+05 -4.7335e+00 -4.5857e+00 -2.4339e+00 +2.1278e+00 -1.8790e+00 +2.4282e+00 -1.3087e+00 +1.9037e+00 +1.8353e+00 +3.2022e-01 +3.8474e+00 -3.7032e+00 +1.7911e+00 -1.5197e+00 +3.3341e+00 -5.0000e+00 -2.9175e-01 +2.7525e+00 +4.3415e+00 +5.0000e+00
1733 +1.227139944e+05 +1.227139944e+05 +1.227731244e+05 +1.227731244e+05 -4.2630e+00 -4.6273e+00 -3.5111e+00 +2.3514e+00 -2.5887e+00 +2.7736e+00 -1.8173e+00 +1.1647e+00 +6.0271e-01 -3.3477e-01 +3.8181e+00 -3.5737e+00 +2.3747e+00 -2.5299e+00 +3.2572e+00 -4.1574e+00 +6.8069e-01 +1.1222e+00 +4.6391e+00 +4.9936e+00
2365 +9.873765311e+04 +9.873765311e+04 +9.879678311e+04 +9.879678311e+04 -4.1918e+00 -4.5835e+00 -3.6622e+00 +1.8996e+00 -2.4162e+00 +2.6141e+00 -1.8934e+00 +1.4107e+00 +4.3120e-01 -1.1962e+00 +3.8875e+00 -3.7255e+00 +2.8154e+00 -2.6819e+00 +4.5333e+00 -4.3676e+00 +1.2600e+00 +7.0661e-01 +5.0000e+00 +4.9903e+00
3019 +5.702138858e+04 +5.702138858e+04 +5.708051858e+04 +5.708051858e+04 -4.0734e+00 -3.9024e+00 -3.6557e+00 +2.1321e+00 -2.3437e+00 +1.8400e+00 -1.5613e+00 +4.2307e-03 +4.9905e-01 -6.2759e-01 +4.0186e+00 -4.1734e+00 +3.5932e+00 -2.4573e+00 +4.6417e+00 -5.0000e+00 +9.7903e-01 +2.0853e+00 +4.9245e+00 +4.9889e+00
3160 +3.751174427e+04 +3.751174427e+04 +3.757087427e+04 +3.757087427e+04 -4.0482e+00 -3.2306e+00 -3.1855e+00 +2.0361e+00 -1.5871e+00 +1.3464e+00 -1.8687e+00 -5.1045e-01 -2.2846e-01 -2.5557e-01 +3.9878e+00 -3.3295e+00 +3.2405e+00 -2.4664e+00 +4.5986e+00 -4.7269e+00 +1.1032e+00 +2.6570e+00 +4.9474e+00 +4.9983e+00
3911 +1.638120662e+04 +1.638120662e+04 +1.644033662e+04 +1.644033662e+04 -3.8166e+00 -2.7948e+00 -3.0713e+00 +2.0087e+00 -2.2002e+00 +8.5419e-01 -2.0181e+00 -3.4902e-01 +5.4176e-01 -6.3840e-01 +4.5885e+00 -3.5214e+00 +3.5682e+00 -3.2788e+00 +5.0000e+00 -4.3803e+00 +8.6083e-01 +2.7678e+00 +4.9784e+00 +4.9968e+00
4518 +1.453565142e+04 +1.453565142e+04 +1.459478142e+04 +1.459478142e+04 -3.7860e+00 -2.7177e+00 -3.0015e+00 +2.0078e+00 -2.3278e+00 +9.7268e-01 -1.9822e+00 -3.6067e-01 +5.8468e-01 -6.2128e-01 +4.4857e+00 -3.5229e+00 +3.4507e+00 -3.1654e+00 +5.0000e+00 -4.3691e+00 +7.3544e-01 +2.7444e+00 +4.9820e+00 +4.9967e+00
5204 +8.613412444e+03 +8.613412444e+03 +8.672542444e+03 +8.672542444e+03 -3.7879e+00 -2.6574e+00 -3.2131e+00 +2.1643e+00 -2.3568e+00 +1.0276e+00 -1.9726e+00 -7.5138e-01 +4.1562e-01 -6.4132e-01 +4.4642e+00 -3.4391e+00 +3.4100e+00 -3.1782e+00 +4.9994e+00 -4.4054e+00 +8.0582e-01 +3.0777e+00 +4.9761e+00 +4.9967e+00
6199 +6.150665169e+03 +6.150665169e+03 +6.209795169e+03 +6.209795169e+03 -3.8967e+00 -2.6652e+00 -3.1178e+00 +2.1478e+00 -2.2875e+00 +1.0427e+00 -2.1574e+00 -6.0946e-01 +3.8918e-01 -7.6090e-01 +4.4002e+00 -3.3815e+00 +3.1751e+00 -3.1343e+00 +4.9974e+00 -4.5117e+00 +8.5212e-01 +3.0509e+00 +4.9758e+00 +4.9949e+00
7163 +3.930163167e+03 +3.930163167e+03 +3.989293167e+03 +3.989293167e+03 -3.9087e+00 -2.6526e+00 -3.1483e+00 +2.0433e+00 -2.3549e+00 +9.2433e-01 -2.3542e+00 -1.2788e+00 +3.8520e-01 -8.8736e-01 +4.4507e+00 -3.5863e+00 +3.1381e+00 -3.1553e+00 +4.9983e+00 -4.5453e+00 +8.6196e-01 +3.1159e+00 +4.9766e+00 +4.9951e+00
10098 +2.507529174e+03 +2.507529174e+03 +2.566659174e+03 +2.566659174e+03 -3.8813e+00 -2.6608e+00 -3.0927e+00 +2.1234e+00 -2.2430e+00 +9.0327e-01 -2.3622e+00 -1.4993e+00 +1.9384e-01 -1.3287e+00 +4.3556e+00 -3.7834e+00 +2.6602e+00 -3.0741e+00 +4.9980e+00 -4.5958e+00 +9.9257e-01 +2.8505e+00 +4.9523e+00 +4.9983e+00
23302 +1.564798877e+03 +1.564798877e+03 +1.623928877e+03 +1.623928877e+03 -3.8293e+00 -2.4942e+00 -2.8264e+00 +2.1306e+00 -2.2864e+00 +4.7594e-01 -2.2580e+00 -1.4466e+00 +8.8957e-02 -1.2234e+00 +4.3523e+00 -3.6681e+00 +2.1675e+00 -2.8996e+00 +4.9973e+00 -4.5446e+00 +7.3399e-01 +2.6379e+00 +4.9975e+00 +4.9892e+00
57675 +9.994042755e+02 +9.994042755e+02 +1.058534276e+03 +1.058534276e+03 -3.6890e+00 -2.1119e+00 -2.7090e+00 +2.1368e+00 -2.3586e+00 +6.7281e-01 -2.0539e+00 -1.2777e+00 -4.7734e-02 -1.1927e+00 +4.2985e+00 -3.7390e+00 +1.5409e+00 -2.7754e+00 +4.9123e+00 -4.5131e+00 +7.1022e-01 +2.3962e+00 +4.7093e+00 +4.6308e+00
% function evaluation | noise-free fitness - Fopt (-4.915300000000e+02) | best noise-free fitness - Fopt | measured fitness | best measured fitness | x1 | x2...
1 +2.209354106e+06 +2.209354106e+06 +2.208862576e+06 +2.208862576e+06 -1.0266e+00 -6.3918e-01 +3.9935e+00 +3.8946e+00 +3.6234e+00 +1.0320e+00 +5.5282e-01 -2.9300e+00 -2.1239e+00 -5.7610e-01 +3.8816e+00 -4.9615e+00 +3.3896e+00 -9.2317e-01 +9.5164e-01 -6.0545e-01 +6.3015e-01 +4.8506e+00 +1.8866e+00 +4.1308e+00
48 +1.059825630e+06 +1.059825630e+06 +1.059334100e+06 +1.059334100e+06 -4.1403e+00 +1.9008e+00 +4.3543e+00 -2.2801e+00 -3.3617e+00 -4.1869e+00 -3.5488e+00 +1.1490e+00 +3.2499e+00 -1.9931e+00 +4.7136e+00 +1.0578e-01 +1.3674e+00 +4.7963e+00 -3.7501e+00 +1.0970e+00 +8.1435e-01 -8.0225e-01 -1.7670e+00 +2.4990e+00
166 +8.892435337e+05 +8.892435337e+05 +8.887520037e+05 +8.887520037e+05 -4.7281e+00 -7.4758e-01 +2.8905e+00 -4.0010e-01 -1.9002e+00 -3.4384e+00 -2.9610e+00 +1.6534e+00 +3.9021e+00 -1.4188e+00 +5.0000e+00 +4.4622e+00 -3.7005e+00 +4.5982e+00 -4.8324e+00 +9.9388e-01 +3.0299e+00 -7.3884e-01 -4.7716e+00 +2.7102e+00
173 +5.195118769e+05 +5.195118769e+05 +5.190203469e+05 +5.190203469e+05 -4.1273e+00 -3.1474e-01 +2.7293e+00 -1.1250e+00 -2.3024e+00 -2.9788e+00 -3.5389e+00 +3.9895e-01 +3.1646e+00 +1.1407e+00 +4.4792e+00 +3.9550e-01 +3.6581e+00 +2.0854e+00 -3.7399e+00 +2.3731e-01 +5.3225e-01 +3.9280e-01 -3.8466e+00 +5.0000e+00
346 +3.579821156e+05 +3.579821156e+05 +3.574905856e+05 +3.574905856e+05 -4.3026e+00 +5.7521e-01 +3.0153e+00 -1.3720e+00 -3.4210e+00 -3.3185e+00 -2.7116e+00 +8.7239e-01 +3.0153e+00 -8.7656e-01 +4.4140e+00 -3.3510e-01 +2.7633e+00 +2.5021e+00 -3.0535e+00 -6.0459e-01 -1.6230e+00 +6.7394e-01 -4.3493e+00 +5.0000e+00
446 +2.202829065e+05 +2.202829065e+05 +2.197913765e+05 +2.197913765e+05 -4.3643e+00 +7.6298e-01 +2.9392e+00 -1.4175e+00 -3.5202e+00 -5.0000e+00 -2.2097e+00 +1.1804e+00 +2.9662e+00 -3.0172e+00 +4.6848e+00 -1.1270e+00 +1.7549e+00 +2.7790e+00 -2.9791e+00 -1.2499e+00 -3.1362e+00 +1.0440e+00 -4.4848e+00 +5.0000e+00
996 +1.554873678e+05 +1.554873678e+05 +1.549958378e+05 +1.549958378e+05 -4.3735e+00 +5.2174e-01 +2.0195e+00 -9.6605e-01 -3.5334e+00 -4.9564e+00 -2.2219e+00 +1.1950e+00 +2.9759e+00 -3.2165e+00 +4.5844e+00 -1.4495e+00 +2.7766e+00 +2.7972e+00 -3.6780e+00 -2.2614e+00 -3.2427e+00 +8.1815e-01 -4.2734e+00 +5.0000e+00
1703 +9.611881479e+04 +9.611881479e+04 +9.562728479e+04 +9.562728479e+04 -4.3748e+00 -6.7425e-02 +1.2238e+00 -1.3846e+00 -3.4251e+00 -4.8961e+00 -2.9274e+00 +1.4589e+00 +2.2593e+00 -3.2139e+00 +4.7520e+00 -1.3270e+00 +3.1420e+00 +2.7727e+00 -4.0335e+00 -2.2925e+00 -2.1068e+00 +8.1954e-01 -4.7149e+00 +4.7889e+00
2613 +5.232432772e+04 +5.232432772e+04 +5.183279772e+04 +5.183279772e+04 -4.1339e+00 -5.7990e-01 +1.1154e+00 -9.6864e-01 -2.9322e+00 -4.7451e+00 -2.7317e+00 +7.8010e-01 +1.1310e+00 -2.8791e+00 +4.8328e+00 -9.9176e-01 +2.4159e+00 +2.5335e+00 -3.7646e+00 -2.0961e+00 -2.8230e+00 +1.3720e+00 -4.4533e+00 +4.8935e+00
3120 +3.822041191e+04 +3.822041191e+04 +3.772888191e+04 +3.772888191e+04 -3.7073e+00 -9.8683e-01 +9.0029e-01 -5.7871e-01 -2.6926e+00 -4.3480e+00 -2.7002e+00 +8.4620e-01 +1.2407e+00 -2.9208e+00 +4.9165e+00 -1.4745e+00 +2.2975e+00 +2.5304e+00 -3.8146e+00 -2.4360e+00 -2.3064e+00 +9.1788e-01 -3.7596e+00 +5.0000e+00
4838 +2.396701369e+04 +2.396701369e+04 +2.347548369e+04 +2.347548369e+04 -3.4355e+00 -1.2479e+00 +6.6009e-01 -6.0634e-01 -2.3292e+00 -4.4540e+00 -2.9969e+00 +1.0063e+00 +1.6250e+00 -2.6687e+00 +4.9532e+00 -1.6947e+00 +1.7905e+00 +2.3844e+00 -3.8842e+00 -2.6179e+00 -2.4305e+00 +1.0642e+00 -4.2151e+00 +4.9983e+00
6238 +1.549274070e+04 +1.549274070e+04 +1.500121070e+04 +1.500121070e+04 -3.4716e+00 -1.2217e+00 +6.1306e-01 -5.3109e-01 -2.1573e+00 -4.3668e+00 -2.9293e+00 +1.2903e+00 +1.8616e+00 -2.6039e+00 +4.9907e+00 -1.5827e+00 +1.4963e+00 +2.4081e+00 -3.9985e+00 -2.5172e+00 -1.9788e+00 +1.0948e+00 -4.3190e+00 +4.9969e+00
12745 +9.941512590e+03 +9.941512590e+03 +9.449982590e+03 +9.449982590e+03 -3.3891e+00 -1.4993e+00 +8.1826e-02 -5.4088e-01 -2.0308e+00 -4.4021e+00 -3.5136e+00 +1.7291e+00 +9.9698e-01 -2.3869e+00 +4.9604e+00 -1.8594e+00 +1.7944e+00 +2.3740e+00 -4.4843e+00 -2.8690e+00 -1.6609e+00 +1.0325e+00 -4.3389e+00 +4.9964e+00
14230 +6.263653276e+03 +6.263653276e+03 +5.772123276e+03 +5.772123276e+03 -3.1429e+00 -1.5639e+00 -1.4607e-01 -5.3187e-01 -2.0158e+00 -4.6080e+00 -3.7866e+00 +1.8557e+00 +1.2851e+00 -2.4147e+00 +4.9646e+00 -1.7855e+00 +1.6962e+00 +2.2671e+00 -4.8138e+00 -2.9011e+00 -1.6478e+00 +9.9169e-01 -4.3686e+00 +4.9965e+00
16876 +3.974265201e+03 +3.974265201e+03 +3.482735201e+03 +3.482735201e+03 -2.9458e+00 -1.7415e+00 -2.7067e-01 -5.2963e-01 -1.9958e+00 -4.4681e+00 -4.1063e+00 +1.8564e+00 +9.0066e-01 -1.9230e+00 +4.9784e+00 -1.8607e+00 +1.7347e+00 +2.1073e+00 -4.8942e+00 -2.9250e+00 -1.5987e+00 +8.2137e-01 -4.3881e+00 +4.9990e+00
19452 +2.506805534e+03 +2.506805534e+03 +2.015275534e+03 +2.015275534e+03 -2.7526e+00 -1.8726e+00 -3.9657e-01 -5.2455e-01 -1.8937e+00 -4.4876e+00 -4.2304e+00 +1.9483e+00 +7.0557e-01 -1.6619e+00 +4.9646e+00 -1.8327e+00 +1.6665e+00 +1.9985e+00 -4.9937e+00 -2.9174e+00 -1.5676e+00 +7.7576e-01 -4.3968e+00 +5.0000e+00
23209 +1.583944856e+03 +1.583944856e+03 +1.092414856e+03 +1.092414856e+03 -2.5342e+00 -2.0083e+00 -5.1215e-01 -5.2923e-01 -1.8950e+00 -4.4900e+00 -4.4731e+00 +2.0428e+00 +4.2103e-01 -1.6205e+00 +4.9782e+00 -2.0003e+00 +1.6728e+00 +1.6534e+00 -4.9953e+00 -2.8361e+00 -1.5703e+00 +8.2401e-01 -4.3948e+00 +4.9937e+00
31846 +9.960550232e+02 +9.960550232e+02 +5.045250232e+02 +5.045250232e+02 -2.3862e+00 -2.1569e+00 -6.6881e-01 -3.7949e-01 -1.9671e+00 -4.4813e+00 -4.6509e+00 +2.0334e+00 +2.9611e-01 -1.5498e+00 +4.9153e+00 -2.1126e+00 +1.7058e+00 +1.3951e+00 -4.9994e+00 -2.8517e+00 -1.5063e+00 +7.6892e-01 -4.4185e+00 +5.0000e+00
47030 +6.308106999e+02 +6.308106999e+02 +1.392806999e+02 +1.392806999e+02 -2.3101e+00 -2.2734e+00 -8.6262e-01 -5.7979e-02 -2.0034e+00 -4.6837e+00 -4.6684e+00 +1.9710e+00 +3.6380e-01 -1.5715e+00 +4.7243e+00 -2.1767e+00 +1.6517e+00 +1.2796e+00 -4.9969e+00 -2.7794e+00 -1.4805e+00 +6.3581e-01 -4.3826e+00 +5.0000e+00
91023 +3.977163603e+02 +3.977163603e+02 -9.381363970e+01 -9.381363970e+01 -2.1825e+00 -2.2151e+00 -1.0174e+00 +2.1719e-01 -2.0978e+00 -4.7731e+00 -4.5507e+00 +1.8913e+00 +3.8367e-01 -1.7737e+00 +4.4055e+00 -2.1376e+00 +1.3849e+00 +1.0966e+00 -4.8274e+00 -2.7769e+00 -1.4044e+00 +4.4057e-01 -4.1254e+00 +5.0000e+00
% function evaluation | noise-free fitness - Fopt (-1.702000000000e+02) | best noise-free fitness - Fopt | measured fitness | best measured fitness | x1 | x2...
1 +7.341067100e+06 +7.341067100e+06 +7.340896900e+06 +7.340896900e+06 -4.1780e+00 -4.3373e+00 +3.1714e+00 -5.3013e-01 -8.7217e-01 -2.1754e-01 +4.8492e+00 +9.8639e-01 -4.8786e+00 +4.4048e+00 -4.9448e+00 -4.8810e+00 +4.5291e+00 -1.8661e+00 +1.2051e+00 -2.3897e+00 -3.3991e+00 -4.8009e-01 -3.0541e+00 -3.0471e+00
17 +3.188695776e+06 +3.188695776e+06 +3.188525576e+06 +3.188525576e+06 -1.2639e+00 -4.6951e+00 +4.9147e+00 -1.9804e-01 +3.8608e+00 -1.4387e+00 +2.8074e+00 +3.9366e+00 -3.9474e+00 +2.7504e+00 +1.6756e+00 -4.3517e+00 -3.3643e+00 +3.9215e+00 -4.7105e+00 -3.2552e+00 -4.1556e+00 -2.8200e+00 -2.1744e+00 -1.2529e+00
53 +9.065600629e+05 +9.065600629e+05 +9.063898629e+05 +9.063898629e+05 -3.5051e+00 -8.7662e-02 +1.2031e+00 -1.4528e+00 +4.6120e+00 -8.1277e-01 -7.4123e-01 +5.0000e+00 -5.1321e-01 +1.3544e+00 +4.9011e+00 -2.9278e+00 -3.8735e+00 +2.1045e+00 -1.0022e+00 -5.0000e+00 -5.0000e+00 +2.0670e+00 -4.2491e-01 +1.0412e+00
266 +5.395714703e+05 +5.395714703e+05 +5.394012703e+05 +5.394012703e+05 -3.6578e+00 -5.7492e-01 +3.0487e-01 -1.8280e+00 +4.4844e+00 +1.3982e-01 -2.1195e+00 +4.9341e+00 +2.7828e+00 +7.5255e-01 +4.8392e+00 -3.0891e+00 -4.1023e+00 +1.7469e+00 +0.0000e+00 -4.1845e+00 -5.0000e+00 +3.8918e+00 +1.0296e+00 +4.7542e+00
462 +2.855482663e+05 +2.855482663e+05 +2.853780663e+05 +2.853780663e+05 -4.8614e+00 -3.2900e+00 +8.6554e-02 -1.1999e+00 +4.3371e+00 +3.5015e+00 -2.9468e+00 +5.0000e+00 +3.9658e+00 +7.2214e-01 +4.6597e+00 -3.2328e+00 -4.8224e+00 +1.9476e+00 +3.1191e+00 -3.0630e+00 -5.0000e+00 +1.9982e+00 +4.8053e+00 +4.7413e+00
600 +2.288948682e+05 +2.288948682e+05 +2.287246682e+05 +2.287246682e+05 -4.7107e+00 -4.1166e+00 +1.4882e-01 -1.3498e+00 +4.2479e+00 +2.9422e+00 -2.6705e+00 +5.0000e+00 +3.5839e+00 +1.5020e+00 +4.4548e+00 -3.5163e+00 -5.0000e+00 +1.7271e+00 +4.3105e+00 -2.7715e+00 -5.0000e+00 +2.8432e+00 +4.2032e+00 +4.4854e+00
612 +1.518363410e+05 +1.518363410e+05 +1.516661410e+05 +1.516661410e+05 -4.8128e+00 -4.3083e+00 +3.6386e-01 -1.4390e+00 +4.2356e+00 +2.9547e+00 -2.1254e+00 +5.0000e+00 +3.8307e+00 +1.4424e+00 +4.4512e+00 -3.5406e+00 -5.0000e+00 +2.1542e+00 +3.9210e+00 -2.9864e+00 -5.0000e+00 +2.9383e+00 +4.7194e+00 +4.6407e+00
1331 +9.334316864e+04 +9.334316864e+04 +9.317296864e+04 +9.317296864e+04 -4.9773e+00 -3.9688e+00 +1.6024e+00 -1.7978e+00 +3.8535e+00 +1.1372e+00 -3.1524e+00 +5.0000e+00 +2.5926e+00 +2.8975e+00 +4.3900e+00 -1.1405e+00 -3.0848e+00 +4.0300e+00 +3.9303e+00 -2.6590e+00 -4.8311e+00 +4.1048e-01 +5.0000e+00 +4.2864e+00
2060 +5.308002191e+04 +5.308002191e+04 +5.290982191e+04 +5.290982191e+04 -4.9650e+00 -4.0793e+00 +1.3697e+00 -1.3801e+00 +3.9196e+00 +2.2934e+00 -2.4653e+00 +5.0000e+00 +2.3758e+00 +3.1100e+00 +4.4110e+00 -1.0031e+00 -2.9610e+00 +3.3964e+00 +4.1113e+00 -2.5925e+00 -4.8546e+00 +8.2056e-01 +4.9873e+00 +4.4179e+00
2633 +3.489030033e+04 +3.489030033e+04 +3.472010033e+04 +3.472010033e+04 -5.0000e+00 -4.1684e+00 +1.8059e+00 -1.3911e+00 +3.8460e+00 +2.1965e+00 -2.5193e+00 +5.0000e+00 +1.5253e+00 +3.5022e+00 +4.3995e+00 -9.5536e-01 -2.6870e+00 +3.3455e+00 +3.1071e+00 -2.5337e+00 -4.9254e+00 +8.2437e-01 +4.9747e+00 +4.4423e+00
3162 +2.324213794e+04 +2.324213794e+04 +2.307193794e+04 +2.307193794e+04 -5.0000e+00 -4.2769e+00 +2.4405e+00 -1.0390e+00 +3.5968e+00 +2.0066e+00 -2.2309e+00 +5.0000e+00 +6.2322e-01 +4.2917e+00 +4.4174e+00 -9.6004e-01 -2.5456e+00 +3.7426e+00 +3.1330e+00 -2.4861e+00 -4.9138e+00 +6.9242e-01 +4.9768e+00 +4.4892e+00
4730 +1.573981921e+04 +1.573981921e+04 +1.556961921e+04 +1.556961921e+04 -5.0000e+00 -4.3055e+00 +2.0867e+00 -1.0360e+00 +3.2438e+00 +1.7292e+00 -2.0969e+00 +5.0000e+00 +1.2553e-01 +4.3689e+00 +4.3842e+00 -1.0706e+00 -2.5006e+00 +4.0684e+00 +3.1084e+00 -2.4134e+00 -4.7791e+00 +1.0239e+00 +4.9920e+00 +4.4898e+00
8637 +9.941893580e+03 +9.941893580e+03 +9.771693580e+03 +9.771693580e+03 -5.0000e+00 -3.9084e+00 +2.0686e+00 -1.0210e+00 +3.3437e+00 +1.3907e+00 -1.8163e+00 +5.0000e+00 -9.1832e-01 +4.2833e+00 +4.2750e+00 -1.2438e+00 -2.1549e+00 +3.8584e+00 +2.4191e+00 -2.2635e+00 -4.5931e+00 +1.1698e+00 +4.9820e+00 +4.6317e+00
14051 +6.292982532e+03 +6.292982532e+03 +6.122782532e+03 +6.122782532e+03 -5.0000e+00 -3.4528e+00 +1.4525e+00 -9.6941e-01 +3.2934e+00 +8.0930e-01 -1.8116e+00 +5.0000e+00 -1.3861e+00 +4.3200e+00 +3.8501e+00 -1.6537e+00 -2.0537e+00 +3.8858e+00 +1.0304e+00 -1.8771e+00 -4.3930e+00 +1.5347e+00 +4.9814e+00 +4.6338e+00
35015 +3.980493644e+03 +3.980493644e+03 +3.810293644e+03 +3.810293644e+03 -5.0000e+00 -3.3531e+00 +8.4290e-01 -2.5236e-01 +3.2120e+00 +6.0060e-01 -1.1083e+00 +5.0000e+00 -1.5531e+00 +4.0897e+00 +3.2613e+00 -2.5008e+00 -1.6839e+00 +4.2171e+00 +4.8661e-01 -1.3213e+00 -4.2708e+00 +1.6276e+00 +4.8450e+00 +4.3676e+00
55211 +2.511445733e+03 +2.511445733e+03 +2.341245733e+03 +2.341245733e+03 -5.0000e+00 -3.5383e+00 +2.4708e-01 -1.1509e-02 +3.0549e+00 +4.1047e-01 -5.9194e-01 +5.0000e+00 -2.0063e+00 +3.7916e+00 +3.0775e+00 -2.8633e+00 -1.7306e+00 +4.1600e+00 -3.5482e-01 -5.2001e-01 -3.9910e+00 +1.6250e+00 +4.2443e+00 +3.9140e+00
88155 +1.582931425e+03 +1.582931425e+03 +1.412731425e+03 +1.412731425e+03 -5.0000e+00 -3.5871e+00 -4.9514e-02 +7.8237e-02 +2.8636e+00 -2.4710e-02 -3.3263e-01 +5.0000e+00 -2.6217e+00 +3.7887e+00 +2.8739e+00 -3.1186e+00 -1.7610e+00 +4.1134e+00 -1.2920e+00 +1.6254e-01 -3.8684e+00 +1.6474e+00 +3.8094e+00 +3.4725e+00
105813 +9.991358517e+02 +9.991358517e+02 +8.289358517e+02 +8.289358517e+02 -5.0000e+00 -3.6575e+00 -2.5986e-01 +1.1379e-01 +2.7243e+00 -4.4686e-01 -2.2286e-01 +5.0000e+00 -2.8820e+00 +3.7505e+00 +2.8788e+00 -3.1958e+00 -1.7593e+00 +4.1147e+00 -1.8590e+00 +5.3412e-01 -3.6228e+00 +1.6413e+00 +3.3727e+00 +3.1689e+00
143311 +6.309522203e+02 +6.309522203e+02 +4.607522203e+02 +4.607522203e+02 -5.0000e+00 -3.6830e+00 -5.2380e-01 +1.6274e-01 +2.5242e+00 -6.9701e-01 -1.1040e-01 +5.0000e+00 -3.3070e+00 +3.6888e+00 +2.5729e+00 -3.5281e+00 -1.6248e+00 +4.1155e+00 -2.3665e+00 +6.7286e-01 -3.5086e+00 +1.8045e+00 +3.2026e+00 +3.0170e+00
% function evaluation | noise-free fitness - Fopt (-4.697500000000e+02) | best noise-free fitness - Fopt | measured fitness | best measured fitness | x1 | x2...
1 +1.983162461e+07 +1.983162461e+07 +1.983115486e+07 +1.983115486e+07 -3.8161e+00 -4.0921e+00 +9.5748e-01 -3.9031e-01 +3.9886e-01 +1.1596e+00 -3.5652e+00 +1.4863e-02 +5.5831e-01 +4.0414e+00 -1.7477e-01 -3.7996e+00 +2.9139e+00 -2.4100e+00 +4.2846e+00 -3.7163e+00 +4.3843e+00 -3.5548e+00 -3.7286e-01 -3.7195e+00
4 +9.872132629e+05 +9.872132629e+05 +9.867435129e+05 +9.867435129e+05 -3.2354e+00 -2.4772e-01 +4.4827e+00 +1.4330e+00 +4.0080e-01 +1.8052e+00 +2.1072e+00 +3.3573e+00 -1.6547e+00 +1.3797e-02 -2.2770e+00 +4.9488e+00 +4.5239e+00 -4.4227e+00 -4.5989e+00 +3.4036e+00 -1.4085e-01 +7.2181e-01 +1.0518e+00 -4.0035e-01
71 +3.384088624e+05 +3.384088624e+05 +3.379391124e+05 +3.379391124e+05 -2.4364e+00 -1.9313e+00 +4.1876e+00 +1.2409e+00 -2.7017e+00 +2.1936e+00 +1.8285e+00 +8.6007e-01 -5.2017e-02 +2.7376e+00 -1.0868e+00 +3.4272e-01 +3.6199e-01 -5.0000e+00 -5.0000e+00 +3.2051e-01 +5.7230e-01 +3.7525e+00 +8.9510e-02 +4.0676e-01
633 +1.344946633e+05 +1.344946633e+05 +1.340249133e+05 +1.340249133e+05 -3.2952e+00 -2.9147e+00 +4.7952e+00 +1.2070e+00 -2.3687e+00 +1.7898e+00 +1.7431e+00 +1.9400e+00 -7.6079e-01 +2.6547e+00 -3.5647e-01 +2.1136e+00 +2.1309e+00 -5.0000e+00 -4.8375e+00 -1.7472e+00 +1.6688e-01 +3.8206e+00 +1.6966e+00 +2.0295e+00
1539 +8.903694511e+04 +8.903694511e+04 +8.856719511e+04 +8.856719511e+04 -3.0777e+00 -2.8163e+00 +4.8913e+00 +7.4264e-01 -3.0885e+00 +7.9454e-01 +2.4922e+00 +1.7335e+00 -5.7235e-01 +2.6529e+00 -2.6183e-01 +2.3930e+00 +9.2706e-01 -5.0000e+00 -4.8435e+00 -2.1653e+00 -8.7113e-01 +3.5803e+00 +1.2906e+00 +1.5542e+00
2224 +6.079341212e+04 +6.079341212e+04 +6.032366212e+04 +6.032366212e+04 -3.1081e+00 -3.0377e+00 +4.9476e+00 +8.4187e-01 -2.1787e+00 +4.4033e-01 +2.4153e+00 +1.9743e+00 -4.2880e-01 +2.8418e+00 -5.3730e-01 +2.2640e+00 +1.2800e+00 -5.0000e+00 -4.8344e+00 -2.3128e+00 -1.9195e+00 +3.6944e+00 +1.1441e+00 +1.8052e+00
3905 +3.789547804e+04 +3.789547804e+04 +3.742572804e+04 +3.742572804e+04 -3.1461e+00 -3.5115e+00 +4.8714e+00 +1.0316e+00 -2.2935e+00 +4.9189e-01 +2.4794e+00 +2.1329e+00 -5.3505e-01 +2.7055e+00 -3.6632e-01 +2.5252e+00 +1.7781e+00 -5.0000e+00 -4.8417e+00 -2.8028e+00 -2.0553e+00 +2.9592e+00 +9.0712e-01 +1.9939e+00
6982 +2.507204917e+04 +2.507204917e+04 +2.460229917e+04 +2.460229917e+04 -3.1883e+00 -3.8735e+00 +4.8956e+00 +1.1180e+00 -2.0561e+00 +5.2982e-01 +2.2940e+00 +2.4768e+00 -5.4006e-01 +2.1425e+00 -6.0781e-01 +2.5908e+00 +2.4386e+00 -5.0000e+00 -4.8249e+00 -2.5540e+00 -2.1448e+00 +2.0862e+00 +6.5394e-01 +1.9268e+00
9402 +1.559871097e+04 +1.559871097e+04 +1.512896097e+04 +1.512896097e+04 -3.1428e+00 -4.0278e+00 +4.9041e+00 +1.2053e+00 -2.5187e+00 +5.3150e-01 +1.7601e+00 +1.9963e+00 -5.3801e-01 +1.8052e+00 -5.7031e-01 +2.5290e+00 +2.6316e+00 -5.0000e+00 -4.8156e+00 -2.7018e+00 -2.1741e+00 +1.3126e+00 -5.2701e-03 +2.1050e+00
10732 +9.933584036e+03 +9.933584036e+03 +9.463834036e+03 +9.463834036e+03 -2.9666e+00 -3.9870e+00 +4.9471e+00 +1.2353e+00 -2.1979e+00 +6.2237e-01 +1.4097e+00 +2.1635e+00 -5.2856e-01 +1.7963e+00 -4.6763e-01 +2.5592e+00 +2.9036e+00 -5.0000e+00 -4.8717e+00 -2.7888e+00 -2.9447e+00 +9.9063e-01 +1.2985e-03 +2.0768e+00
18021 +6.305362941e+03 +6.305362941e+03 +5.835612941e+03 +5.835612941e+03 -1.9970e+00 -4.0893e+00 +4.9638e+00 +1.3208e+00 -2.3377e+00 +6.0709e-01 +1.3425e+00 +1.4590e+00 -5.3099e-01 +1.8957e+00 -3.9815e-01 +2.5819e+00 +3.1972e+00 -5.0000e+00 -4.8428e+00 -2.8389e+00 -2.6898e+00 +1.1064e-01 -3.6684e-01 +2.1776e+00
20955 +3.926403374e+03 +3.926403374e+03 +3.456653374e+03 +3.456653374e+03 -1.8369e+00 -4.2786e+00 +4.9844e+00 +2.1772e+00 -2.5899e+00 +6.2715e-01 +1.3111e+00 +1.4227e+00 -5.1606e-01 +1.8950e+00 -2.4430e-01 +2.6175e+00 +3.1232e+00 -5.0000e+00 -4.1988e+00 -2.8644e+00 -2.4704e+00 -3.8626e-02 -2.0917e-02 +2.1378e+00
27660 +2.511616260e+03 +2.511616260e+03 +2.041866260e+03 +2.041866260e+03 -1.6606e+00 -4.2982e+00 +4.8289e+00 +2.5380e+00 -2.7471e+00 +6.2646e-01 +1.3201e+00 +1.0419e+00 -3.0046e-01 +1.9593e+00 -2.0735e-01 +2.6670e+00 +3.2122e+00 -5.0000e+00 -3.9419e+00 -2.9283e+00 -1.8897e+00 -1.8305e-01 -1.2841e-01 +2.1099e+00
57861 +1.580138992e+03 +1.580138992e+03 +1.110388992e+03 +1.110388992e+03 -1.5438e+00 -4.2787e+00 +4.0381e+00 +2.2654e+00 -2.7754e+00 +6.3686e-01 +1.1785e+00 +3.4873e-01 -4.9452e-02 +2.3125e+00 -4.8490e-01 +2.2445e+00 +3.3226e+00 -5.0000e+00 -3.6822e+00 -2.8459e+00 -1.6230e+00 -2.1405e-01 -2.4400e-01 +1.8189e+00
101758 +9.998371719e+02 +9.998371719e+02 +5.300871719e+02 +5.300871719e+02 -1.4385e+00 -4.4938e+00 +3.6358e+00 +2.2172e+00 -2.6739e+00 +7.2205e-01 +9.5311e-01 +1.6961e-01 +1.9417e-01 +2.6051e+00 -7.5953e-01 +1.9552e+00 +3.2770e+00 -5.0000e+00 -3.5474e+00 -2.8034e+00 -1.1787e+00 -3.5530e-01 -5.4135e-01 +1.6872e+00
182274 +6.309348075e+02 +6.309348075e+02 +1.611848075e+02 +1.611848075e+02 -1.2160e+00 -4.5784e+00 +3.3073e+00 +1.9519e+00 -2.3584e+00 +7.0385e-01 +6.9618e-01 -7.1920e-02 +4.0336e-01 +3.0468e+00 -1.1696e+00 +1.5476e+00 +3.1909e+00 -5.0000e+00 -3.2364e+00 -2.9814e+00 -9.9182e-01 -1.4714e-01 -6.9238e-01 +1.6142e+00
% function evaluation | noise-free fitness - Fopt (-1.280000000000e+01) | best noise-free fitness - Fopt | measured fitness | best measured fitness | x1 | x2...
1 +1.229573838e+07 +1.229573838e+07 +1.229572558e+07 +1.229572558e+07 +1.3960e+00 -4.3918e+00 +3.4329e+00 -3.2899e+00 +1.0434e+00 -1.2718e-01 +1.9852e+00 -2.5427e+00 -1.7917e+00 -3.8861e+00 +2.5460e+00 +1.1870e+00 -3.9892e+00 +3.5874e-02 -3.7777e+00 +2.7623e+00 +1.9210e+00 -4.3084e+00 -1.2621e+00 +4.0075e-01
5 +9.592574443e+06 +9.592574443e+06 +9.592561643e+06 +9.592561643e+06 -3.6699e+00 +2.5041e+00 -2.2932e+00 -3.5813e+00 -4.6591e+00 +1.3573e+00 -1.6447e+00 -3.7281e+00 +2.9439e+00 -7.6570e-01 -3.8588e+00 -7.9872e-01 +3.2471e+00 -2.7968e+00 -4.1224e+00 -5.5375e-01 -4.6024e+00 -7.5145e-01 +3.9484e+00 +3.9902e+00
11 +3.717646622e+06 +3.717646622e+06 +3.717633822e+06 +3.717633822e+06 -1.8231e+00 +4.5466e+00 +3.3221e+00 -2.8606e+00 -4.2127e+00 +2.6090e+00 -4.5378e-01 +2.5766e+00 +1.7489e+00 +7.6301e-01 +2.0985e+00 +4.2817e-01 -7.2843e-01 -1.4060e+00 +4.6116e+00 +4.9830e+00 -3.1998e+00 +2.1428e+00 -7.9636e-01 +3.8734e+00
48 +2.112047021e+06 +2.112047021e+06 +2.112034221e+06 +2.112034221e+06 -1.2484e-01 +3.6064e+00 -2.4652e+00 -1.4253e+00 +2.5641e-01 -3.8580e+00 -2.5342e+00 +3.2942e+00 +2.5602e+00 -2.2531e+00 +2.4233e+00 +3.8165e+00 +2.7733e+00 -2.5498e+00 -3.9223e+00 +2.8138e+00 -7.1927e-01 -7.1563e-01 -1.3060e-01 -1.4168e+00
62 +8.549227840e+05 +8.549227840e+05 +8.549099840e+05 +8.549099840e+05 +1.5547e+00 +2.6344e+00 -9.6792e-01 -2.7274e+00 -6.8755e-01 -2.7732e+00 -2.9391e+00 -4.5061e+00 +8.9505e-01 -2.0003e+00 -8.4668e-02 +8.5291e-01 +5.0000e+00 -1.0028e+00 +3.3201e-01 +6.4033e-01 -2.3019e+00 +2.5464e+00 -2.5939e+00 +2.2712e+00
417 +6.239656005e+05 +6.239656005e+05 +6.239528005e+05 +6.239528005e+05 +1.5370e+00 +7.1276e-01 -3.0270e-01 -4.3476e+00 -1.5146e+00 -2.5169e+00 -3.9293e+00 -2.6202e+00 -3.3117e-01 +3.1044e-01 -1.2570e-01 +1.7520e+00 +5.0000e+00 +4.7592e-01 +1.6862e+00 +1.2408e+00 -3.6742e+00 +1.1437e+00 -1.4506e+00 +9.8221e-01
624 +2.087851670e+05 +2.087851670e+05 +2.087723670e+05 +2.087723670e+05 +3.8625e+00 +2.0385e-01 -2.7146e+00 -4.2822e+00 -5.0032e-01 -3.6648e+00 -3.9175e+00 -3.5195e+00 +9.5363e-01 -3.6157e+00 -6.2196e-01 +0.0000e+00 +2.6134e+00 -3.1388e+00 +1.8651e+00 +2.0930e+00 -4.1315e+00 -2.5854e-01 -1.6679e-01 -3.5457e+00
1388 +1.491383269e+05 +1.491383269e+05 +1.491255269e+05 +1.491255269e+05 +3.8774e+00 +4.8899e-01 -2.8899e+00 -3.9558e+00 -6.1090e-01 -3.9310e+00 -3.7927e+00 -3.3366e+00 +6.9358e-01 -3.6286e+00 -6.4771e-01 +1.5487e-02 +2.7764e+00 -3.0142e+00 +1.8364e+00 +1.9403e+00 -3.8670e+00 -1.3541e-01 -2.4629e-01 -3.1026e+00
2773 +9.763416612e+04 +9.763416612e+04 +9.762136612e+04 +9.762136612e+04 +4.2481e+00 +7.7276e-01 -3.2573e+00 -4.0430e+00 -4.4284e-01 -4.1717e+00 -2.9099e+00 -3.2710e+00 +9.6697e-01 -3.0194e+00 -8.6183e-01 -1.9149e-01 +2.9889e+00 -2.6748e+00 +6.0285e-01 +2.2962e+00 -4.5072e+00 -1.3871e+00 -3.1983e-01 -3.2770e+00
4978 +6.222560005e+04 +6.222560005e+04 +6.221280005e+04 +6.221280005e+04 +4.0867e+00 +2.3277e-01 -2.6248e+00 -4.4419e+00 -2.6336e-01 -4.0607e+00 -2.3336e+00 -3.2897e+00 +5.3749e-03 -2.6130e+00 -1.4405e-01 -6.0145e-01 +1.9135e+00 -2.6899e+00 -1.4779e-03 +2.7894e+00 -4.6283e+00 -1.0505e+00 -4.9517e-02 -4.0168e+00
5317 +3.808440841e+04 +3.808440841e+04 +3.807160841e+04 +3.807160841e+04 +4.2078e+00 +1.2935e-01 -2.4470e+00 -4.4648e+00 +1.8451e-01 -4.0037e+00 -9.3020e-01 -2.4866e+00 +1.7296e-01 -1.5826e+00 -1.0550e+00 -1.0236e-01 +1.8108e+00 -2.7773e+00 +3.1758e-01 +2.7141e+00 -4.2887e+00 -1.0013e+00 -3.8972e-01 -3.7518e+00
7911 +2.434586449e+04 +2.434586449e+04 +2.433306449e+04 +2.433306449e+04 +4.5150e+00 +2.0182e-01 -2.1612e+00 -4.4180e+00 +9.9643e-01 -3.8070e+00 -8.7087e-01 -2.3492e+00 +1.0516e-01 -1.3500e+00 -1.9508e+00 -6.9647e-03 +1.7363e+00 -2.4155e+00 +4.1592e-01 +2.4172e+00 -4.7256e+00 -6.3505e-01 -3.1183e-01 -3.5723e+00
9530 +1.567107078e+04 +1.567107078e+04 +1.565827078e+04 +1.565827078e+04 +4.5725e+00 +2.4440e-01 -1.8895e+00 -4.3621e+00 +1.0582e+00 -3.3795e+00 -4.0193e-01 -2.5151e+00 +7.0125e-01 -1.0889e+00 -2.7220e+00 -1.7826e-01 +2.0436e+00 -2.0196e+00 +3.9395e-01 +2.5014e+00 -4.9818e+00 -1.0569e+00 -4.6167e-01 -3.6035e+00
11809 +9.943736257e+03 +9.943736257e+03 +9.930936257e+03 +9.930936257e+03 +4.5320e+00 +3.4021e-01 -1.4564e+00 -4.4553e+00 +1.4137e+00 -2.8403e+00 +2.8694e-01 -2.7339e+00 +7.3013e-01 -1.0960e+00 -4.0503e+00 -1.3075e-01 +1.9632e+00 -1.8098e+00 +4.0269e-01 +2.4777e+00 -4.9945e+00 -1.2525e+00 -3.2292e-01 -3.6420e+00
16162 +6.292553998e+03 +6.292553998e+03 +6.279753998e+03 +6.279753998e+03 +4.5050e+00 +1.6641e-01 -1.5802e+00 -4.4902e+00 +1.4964e+00 -2.7887e+00 +9.7514e-01 -2.8041e+00 +7.2886e-01 -1.0769e+00 -3.9309e+00 -1.1290e-01 +2.1350e+00 -1.4450e+00 +3.9471e-01 +2.3194e+00 -5.0000e+00 -9.3241e-01 -7.0485e-01 -3.7830e+00
27461 +3.980492146e+03 +3.980492146e+03 +3.967692146e+03 +3.967692146e+03 +4.2730e+00 -2.1914e-01 -3.8470e-01 -4.8963e+00 +1.5644e+00 -2.5964e+00 +9.2150e-01 -2.8490e+00 +9.5241e-01 -8.8681e-01 -4.0442e+00 -1.0438e-01 +2.0832e+00 -1.2441e+00 -3.7859e-01 +1.9397e+00 -5.0000e+00 -7.7966e-01 -7.5335e-01 -3.6927e+00
58086 +2.506638295e+03 +2.506638295e+03 +2.493838295e+03 +2.493838295e+03 +4.1700e+00 -6.6326e-01 +4.4561e-01 -4.7524e+00 +1.7186e+00 -2.7122e+00 +1.0777e+00 -2.8096e+00 +1.6480e+00 -5.5080e-01 -3.5693e+00 -1.0667e-01 +2.0222e+00 -1.1346e+00 -8.5200e-01 +1.4443e+00 -5.0000e+00 -3.7409e-01 -1.4611e+00 -2.9006e+00
139503 +1.581051822e+03 +1.581051822e+03 +1.568251822e+03 +1.568251822e+03 +3.8254e+00 -1.0716e+00 +1.4281e+00 -4.5274e+00 +2.0284e+00 -2.9293e+00 +1.0137e+00 -2.7097e+00 +1.8628e+00 -2.4119e-01 -2.9749e+00 -2.7418e-01 +2.0048e+00 -7.1960e-01 -1.8021e+00 +1.1222e+00 -5.0000e+00 -4.1058e-01 -1.8762e+00 -2.2527e+00
% function evaluation | noise-free fitness - Fopt (-3.856900000000e+02) | best noise-free fitness - Fopt | measured fitness | best measured fitness | x1 | x2...
1 +8.596802510e+07 +8.596802510e+07 +8.596763941e+07 +8.596763941e+07 -1.0942e+00 -1.1252e+00 +4.3303e+00 +4.5419e+00 +3.8275e+00 -2.5585e-02 -4.1833e+00 +9.5114e-01 +3.7870e+00 -3.0081e+00 -3.7813e+00 -1.0006e+00 -3.0741e+00 -4.8574e+00 +4.9850e-01 -2.9908e+00 +2.4772e-01 -3.1285e+00 +4.6853e+00 +1.4440e+00
2 +4.147253673e+07 +4.147253673e+07 +4.147215104e+07 +4.147215104e+07 +3.4792e+00 +3.3453e+00 -4.7222e+00 +2.8305e+00 +1.5366e+00 +4.2952e+00 -1.2104e+00 -3.9543e-02 +3.3881e+00 +4.7288e+00 +4.0910e+00 +4.2527e+00 -2.8447e+00 -1.9812e+00 -3.1169e+00 +4.2534e-01 +3.9575e+00 -4.1301e+00 -3.0529e+00 -3.6410e+00
3 +1.952882895e+07 +1.952882895e+07 +1.952844326e+07 +1.952844326e+07 -3.2003e+00 -9.1266e-01 -3.5789e+00 -3.4998e+00 -1.9667e+00 -1.2161e+00 +3.4580e+00 -3.1895e+00 +1.7800e+00 +3.0396e+00 +3.0086e+00 +3.4882e+00 +4.7286e-02 -1.3290e-01 +1.8758e+00 +8.2869e-01 -1.4871e+00 -7.6732e-01 +2.1281e+00 -3.4861e+00
4 +9.598361415e+06 +9.598361415e+06 +9.597975725e+06 +9.597975725e+06 +1.5297e+00 -3.2899e+00 +4.3462e+00 -1.3651e+00 -3.4503e+00 -4.5050e+00 +2.8492e+00 -1.0870e+00 +4.0592e+00 -1.6090e+00 +3.8328e+00 +3.3298e+00 +1.8516e+00 +3.4414e+00 -4.7267e+00 -6.4902e-01 +8.9672e-01 +4.0227e+00 +1.1785e+00 -1.7771e+00
14 +5.957628205e+06 +5.957628205e+06 +5.957242515e+06 +5.957242515e+06 +1.0147e+00 -1.5198e+00 +1.5188e+00 +8.5675e-01 -1.8995e+00 -3.2422e+00 -2.8163e+00 +3.4806e+00 -4.6498e+00 +1.2831e+00 +1.7912e+00 +1.5509e+00 -4.1328e+00 -4.4899e+00 +3.9523e+00 +2.4064e+00 +2.2582e+00 +4.2679e+00 +4.2474e+00 -4.9207e+00
73 +3.156607486e+06 +3.156607486e+06 +3.156221796e+06 +3.156221796e+06 -4.7539e+00 -3.4149e+00 +3.2643e+00 -1.3626e-01 +2.3337e+00 -9.7539e-01 +9.8224e-01 -1.1505e+00 +5.0781e-02 -4.5853e-01 +5.0000e+00 +9.2431e-01 +1.1070e+00 -1.7741e+00 -1.3557e-02 -4.5552e-01 -2.4381e+00 +3.2250e+00 +2.4991e-01 -1.4425e+00
115 +1.558284018e+06 +1.558284018e+06 +1.557898328e+06 +1.557898328e+06 -4.9166e+00 -4.7151e+00 +2.4215e+00 +4.2991e+00 +3.5534e+00 -1.2138e-01 -2.2121e+00 +7.9589e-01 -2.9242e+00 -1.0666e+00 +5.0000e+00 +5.0000e+00 -8.5080e-01 +1.9363e-02 +4.6921e-01 +2.9524e-01 -2.2405e+00 +5.0000e+00 -9.1785e-01 -1.8578e+00
175 +7.248161659e+05 +7.248161659e+05 +7.244304759e+05 +7.244304759e+05 -4.1641e+00 -5.0000e+00 -3.6476e-01 -4.4804e+00 +5.0000e+00 +1.1728e+00 -3.4364e+00 -2.1300e+00 -4.6388e+00 -4.6421e-01 +5.0000e+00 +2.6196e+00 +4.9263e+00 +9.8177e-01 -2.2078e+00 -5.0000e+00 +8.2901e-01 +5.0000e+00 -2.2326e+00 +2.2613e+00
245 +6.296358253e+05 +6.296358253e+05 +6.292501353e+05 +6.292501353e+05 -3.7781e+00 -5.0000e+00 +1.5970e+00 -5.0000e+00 +5.0000e+00 +3.8401e+00 -5.0000e+00 +1.0722e+00 -4.4403e+00 -9.3449e-01 +5.0000e+00 +3.5042e+00 +5.0000e+00 +3.2878e+00 -1.8102e+00 -5.0000e+00 +5.3637e-01 +5.0000e+00 -5.0000e+00 +1.6272e+00
370 +3.655050225e+05 +3.655050225e+05 +3.651193325e+05 +3.651193325e+05 -4.3242e+00 -5.0000e+00 +1.0412e+00 -4.7235e+00 +5.0000e+00 +3.8636e+00 -5.0000e+00 +1.1117e+00 -3.6811e+00 +2.0729e+00 +5.0000e+00 +3.1026e+00 +4.9869e+00 -2.2646e+00 -3.2907e+00 -4.9911e+00 +9.2457e-01 +5.0000e+00 -4.9858e+00 -2.6219e-01
528 +2.113523480e+05 +2.113523480e+05 +2.109666580e+05 +2.109666580e+05 -3.4686e+00 -5.0000e+00 +6.8451e-01 -4.0527e+00 +5.0000e+00 +3.5255e+00 -5.0000e+00 +6.1490e-01 -4.0107e+00 +4.0186e+00 +5.0000e+00 +3.4953e+00 +4.4126e+00 -9.7883e-01 -4.4188e+00 -4.9843e+00 -3.3240e-01 +5.0000e+00 -4.7383e+00 +9.9084e-01
1511 +1.523569958e+05 +1.523569958e+05 +1.519713058e+05 +1.519713058e+05 -3.2210e+00 -4.9463e+00 +8.0359e-01 -4.4567e+00 +4.6252e+00 +3.5825e+00 -5.0000e+00 +5.9376e-01 -4.3971e+00 +4.4119e+00 +5.0000e+00 +3.0813e+00 +4.2554e+00 -6.0534e-01 -5.0000e+00 -4.9686e+00 +7.0653e-02 +5.0000e+00 -4.7566e+00 +1.5401e+00
1764 +8.932971824e+04 +8.932971824e+04 +8.894402824e+04 +8.894402824e+04 -3.5386e+00 -4.9477e+00 +8.0628e-02 -4.5403e+00 +3.4031e+00 +3.1733e+00 -4.9808e+00 +4.9830e-01 -4.5683e+00 +3.8391e+00 +5.0000e+00 +2.9156e+00 +3.8047e+00 -4.6269e-01 -4.9889e+00 -4.9940e+00 +1.1524e+00 +5.0000e+00 -4.6354e+00 +1.5818e+00
1956 +6.049847675e+04 +6.049847675e+04 +6.011278675e+04 +6.011278675e+04 -3.7878e+00 -4.9347e+00 -2.6623e-01 -4.3619e+00 +2.0225e+00 +2.8709e+00 -4.9754e+00 +7.7269e-01 -4.7327e+00 +2.7312e+00 +5.0000e+00 +2.8710e+00 +3.9057e+00 -4.4649e-01 -4.9787e+00 -4.9820e+00 +2.1467e+00 +5.0000e+00 -4.5710e+00 +1.4369e+00
2756 +3.633748134e+04 +3.633748134e+04 +3.595179134e+04 +3.595179134e+04 -3.9447e+00 -4.9560e+00 -8.3033e-01 -4.0505e+00 +1.4807e+00 +2.9519e+00 -4.9817e+00 +9.7732e-01 -4.9056e+00 +1.1479e+00 +5.0000e+00 +2.7895e+00 +3.9462e+00 -5.3452e-01 -4.9821e+00 -4.9803e+00 +2.2501e+00 +5.0000e+00 -4.5518e+00 +1.1355e+00
6064 +2.496602568e+04 +2.496602568e+04 +2.458033568e+04 +2.458033568e+04 -3.9272e+00 -4.9305e+00 -1.3027e+00 -4.4089e+00 +1.3403e+00 +2.3216e+00 -4.9899e+00 +5.8411e-01 -4.7355e+00 +1.2529e+00 +5.0000e+00 +2.7368e+00 +4.6074e+00 -1.0978e+00 -4.9766e+00 -4.9857e+00 +2.7758e+00 +5.0000e+00 -4.4451e+00 +7.6154e-01
9402 +1.475095928e+04 +1.475095928e+04 +1.436526928e+04 +1.436526928e+04 -3.9398e+00 -4.8415e+00 -2.9501e+00 -4.5419e+00 +1.1193e+00 +1.4119e+00 -4.9913e+00 -4.1173e-01 -4.8141e+00 +5.0698e-01 +5.0000e+00 +2.8080e+00 +4.6609e+00 -1.5332e+00 -4.8414e+00 -4.5439e+00 +3.0406e+00 +5.0000e+00 -4.3406e+00 +6.0153e-01
12091 +9.840010102e+03 +9.840010102e+03 +9.454320102e+03 +9.454320102e+03 -3.9810e+00 -4.8839e+00 -3.1405e+00 -4.4727e+00 +1.1165e+00 +1.0950e+00 -4.9923e+00 -6.5040e-01 -4.8485e+00 +5.5966e-03 +5.0000e+00 +2.7940e+00 +5.0000e+00 -1.6799e+00 -3.7077e+00 -4.4250e+00 +3.1726e+00 +5.0000e+00 -4.2175e+00 +8.2971e-01
27402 +6.287937847e+03 +6.287937847e+03 +5.902247847e+03 +5.902247847e+03 -3.9674e+00 -4.7208e+00 -2.7396e+00 -4.2760e+00 +1.1206e+00 +6.6613e-01 -4.9326e+00 -1.0093e-01 -4.7461e+00 -2.7045e-01 +5.0000e+00 +2.7788e+00 +5.0000e+00 -2.0723e+00 -2.3150e+00 -4.2519e+00 +3.1200e+00 +5.0000e+00 -3.6681e+00 +1.0160e+00
50469 +3.980131824e+03 +3.980131824e+03 +3.594441824e+03 +3.594441824e+03 -4.8268e+00 -3.9184e+00 -2.6175e+00 -3.7424e+00 +1.5705e+00 +5.2841e-01 -4.6412e+00 +2.6419e-01 -4.7423e+00 +4.8106e-01 +5.0000e+00 +3.5397e+00 +5.0000e+00 -2.3151e+00 -2.2238e+00 -3.9471e+00 +3.1179e+00 +5.0000e+00 -2.7443e+00 +9.9657e-01
88202 +2.510700762e+03 +2.510700762e+03 +2.125010762e+03 +2.125010762e+03 -5.0000e+00 -3.7380e+00 -1.7138e+00 -2.9471e+00 +2.3273e+00 +4.7142e-01 -4.6592e+00 +6.3945e-01 -4.4734e+00 +5.1608e-01 +5.0000e+00 +3.7215e+00 +5.0000e+00 -2.0895e+00 -1.1925e+00 -3.5687e+00 +2.4326e+00 +5.0000e+00 -2.3497e+00 +1.0333e+00
166013 +1.584297878e+03 +1.584297878e+03 +1.198607878e+03 +1.198607878e+03 -5.0000e+00 -2.7819e+00 -1.1539e+00 -2.7026e+00 +2.8809e+00 +3.1694e-01 -4.1554e+00 +6.5569e-01 -4.2428e+00 +1.6006e+00 +5.0000e+00 +3.6467e+00 +5.0000e+00 -2.1900e+00 -1.4952e+00 -2.7905e+00 +2.1803e+00 +5.0000e+00 -1.7306e+00 +1.0627e+00
% function evaluation | noise-free fitness - Fopt (4.000000000000e+01) | best noise-free fitness - Fopt | measured fitness | best measured fitness | x1 | x2...
1 +6.913161921e+07 +6.913161921e+07 +6.913165921e+07 +6.913165921e+07 +2.9521e+00 -2.7999e+00 +2.6908e+00 +1.8486e+00 -4.6221e+00 -4.6474e+00 -2.1569e+00 +4.9791e+00 -2.3644e+00 +3.1256e+00 -3.0178e+00 +1.6488e+00 -1.9494e+00 +8.0667e-01 -2.4495e+00 +3.6578e+00 -2.2841e+00 +4.5142e+00 +3.6606e+00 +3.0678e+00
2 +9.518212663e+06 +9.518212663e+06 +9.518252663e+06 +9.518252663e+06 +6.7130e-01 +3.5895e+00 -3.6548e+00 +2.9589e+00 +2.9740e+00 +4.1527e+00 -4.3061e+00 +4.0435e+00 +3.0034e+00 -1.8048e+00 +2.2486e+00 -2.8920e+00 +7.4812e-01 +2.7748e+00 -3.3368e+00 -2.2383e+00 +2.7383e+00 +2.0632e+00 +2.9113e+00 -4.0670e-01
3 +4.243694595e+06 +4.243694595e+06 +4.243734595e+06 +4.243734595e+06 +1.9014e+00 +7.8769e-01 -4.0856e+00 -1.6321e+00 -1.9273e+00 +2.9011e+00 -2.7431e+00 -4.0023e-01 -4.9396e+00 +4.6284e+00 -1.1422e+00 +9.3472e-01 +1.9319e+00 +4.1490e+00 +2.8891e+00 +9.6487e-01 +1.2328e+00 +2.1916e+00 -1.9928e+00 +3.5352e+00
25 +2.931904631e+06 +2.931904631e+06 +2.931944631e+06 +2.931944631e+06 -9.0133e-01 +3.5731e+00 -4.6369e+00 -4.1175e+00 +2.3538e+00 +2.3167e+00 -1.7518e+00 -2.3412e+00 +1.7761e+00 +4.3798e-01 +3.4046e+00 +4.4131e-01 -4.2560e+00 +3.4502e+00 +2.2026e+00 +2.1696e-01 +4.8291e+00 +4.3709e+00 -1.9115e+00 -2.7863e+00
45 +2.397322931e+06 +2.397322931e+06 +2.397362931e+06 +2.397362931e+06 -1.8220e+00 +4.2420e+00 -4.2553e+00 -3.1815e+00 +7.8882e-01 +1.9064e+00 -1.3194e+00 -6.2042e-02 -3.7218e+00 -1.1177e+00 -1.5666e-01 +4.4108e-01 -3.6239e+00 +2.0558e+00 -3.2311e+00 +1.2161e+00 -4.1088e+00 -4.8601e-01 -2.2165e+00 +4.3948e+00
61 +1.446170537e+06 +1.446170537e+06 +1.446210537e+06 +1.446210537e+06 +4.4952e-01 +4.1182e+00 -5.0000e+00 -3.6489e+00 +1.5963e+00 -2.4621e+00 +2.1211e+00 +2.8091e+00 +1.0574e+00 -1.6822e-02 -8.8698e-01 +4.2068e-01 -1.8930e+00 +5.3970e-01 -5.0000e+00 -3.0454e-01 -2.6669e+00 -3.7876e-01 -1.7864e+00 -1.3502e+00
374 +5.462098492e+05 +5.462098492e+05 +5.462498492e+05 +5.462498492e+05 +1.0504e+00 +2.3606e+00 -5.0000e+00 -1.8197e+00 +2.9736e+00 -4.5130e+00 +3.2527e+00 +5.0000e+00 -2.4279e+00 +2.4150e+00 +3.7159e-01 +0.0000e+00 -5.2158e-01 +4.3819e-01 -3.9002e+00 -2.0483e+00 +2.1831e+00 -2.2934e-02 -8.4598e-01 -2.5169e+00
702 +3.867842678e+05 +3.867842678e+05 +3.868242678e+05 +3.868242678e+05 +2.2540e+00 +2.3119e+00 -4.9073e+00 -2.3596e+00 +1.5526e+00 -1.7694e+00 +2.2370e+00 +3.1154e+00 -3.1183e+00 +1.9323e+00 +6.4973e-02 +1.3887e+00 +6.6850e-01 +1.7143e+00 -3.9842e+00 -9.4783e-01 +1.4915e+00 +5.6002e-01 -2.6097e+00 -6.1704e-01
1265 +2.136211700e+05 +2.136211700e+05 +2.136611700e+05 +2.136611700e+05 +2.7431e+00 +2.5230e+00 -4.9061e+00 -1.8422e+00 +2.4845e+00 -2.1341e+00 +1.2291e+00 +2.7391e+00 -2.5306e+00 +3.2170e+00 +1.3255e+00 +7.9280e-01 +7.5126e-01 +7.0528e-01 -4.1901e+00 -1.1428e+00 +2.8219e+00 +1.4080e+00 -1.7080e+00 -3.2558e+00
2202 +1.506413806e+05 +1.506413806e+05 +1.506813806e+05 +1.506813806e+05 +2.8871e+00 +2.5251e+00 -4.9403e+00 -1.9086e+00 +2.5944e+00 -1.9756e+00 +4.5057e-01 +2.5369e+00 -2.9187e+00 +2.9666e+00 +1.2861e+00 +1.1363e+00 +1.3693e+00 +8.1332e-01 -3.8800e+00 -1.1489e+00 +2.0913e+00 +4.4626e-01 -1.1947e+00 -2.9637e+00
2891 +9.493336570e+04 +9.493336570e+04 +9.497336570e+04 +9.497336570e+04 +3.9762e+00 +2.7276e+00 -4.9953e+00 -5.7431e-01 +2.5593e+00 -2.4683e+00 +5.6655e-02 +1.6184e+00 -2.8637e+00 +3.0749e+00 +4.2441e-01 +6.5425e-01 +1.0518e+00 +3.1535e-01 -3.7135e+00 -1.4407e+00 +2.3306e+00 +4.2962e-01 -1.2710e+00 -2.6498e+00
3327 +5.806139079e+04 +5.806139079e+04 +5.810139079e+04 +5.810139079e+04 +3.6265e+00 +3.3289e+00 -4.9285e+00 +3.1407e-01 +3.5875e+00 -2.4319e+00 -7.8383e-01 +1.8929e+00 -3.2558e+00 +4.4550e+00 +7.5188e-01 -1.0226e-01 +5.1890e-01 +1.6301e+00 -3.2851e+00 -1.5387e+00 +2.4361e+00 +3.6438e-01 +5.7788e-01 -1.5889e+00
4293 +3.729920428e+04 +3.729920428e+04 +3.733920428e+04 +3.733920428e+04 +3.7288e+00 +3.0299e+00 -4.8937e+00 +4.5749e-01 +3.6220e+00 -2.4685e+00 -5.1582e-01 +2.2351e+00 -3.1386e+00 +4.1144e+00 +5.9737e-01 -3.5332e-01 +4.9532e-01 +2.2822e+00 -3.0505e+00 -1.6112e+00 +2.4227e+00 +3.6597e-01 +5.3255e-01 -1.3537e+00
5512 +2.441662705e+04 +2.441662705e+04 +2.445662705e+04 +2.445662705e+04 +3.7560e+00 +2.7559e+00 -4.8857e+00 +1.2225e+00 +3.7032e+00 -2.3393e+00 -7.8092e-01 +2.4158e+00 -3.2429e+00 +4.3938e+00 +2.8377e-01 -4.1868e-01 +7.3468e-01 +2.8198e+00 -3.0714e+00 -1.6629e+00 +2.8673e+00 +4.2755e-01 +4.0392e-01 -1.3708e+00
6101 +1.540158401e+04 +1.540158401e+04 +1.544158401e+04 +1.544158401e+04 +4.5430e+00 +2.6984e+00 -4.9103e+00 +1.7687e+00 +3.7562e+00 -2.3916e+00 -7.7687e-01 +2.3762e+00 -3.0784e+00 +4.3798e+00 -3.7498e-01 -5.2426e-01 +8.3240e-01 +3.4816e+00 -3.1122e+00 -1.7346e+00 +2.8295e+00 +5.4169e-01 +6.1501e-01 -1.4980e+00
10779 +9.797593853e+03 +9.797593853e+03 +9.837593853e+03 +9.837593853e+03 +4.7354e+00 +2.5864e+00 -4.8230e+00 +2.0545e+00 +4.2147e+00 -2.1125e+00 -9.5701e-01 +2.2081e+00 -1.7308e+00 +3.7591e+00 -3.5529e-01 -5.1234e-01 +8.4978e-01 +3.4194e+00 -3.2286e+00 -1.6210e+00 +2.9530e+00 +5.8665e-01 +3.4167e-01 -2.2374e+00
17374 +6.283949278e+03 +6.283949278e+03 +6.323949278e+03 +6.323949278e+03 +4.7344e+00 +2.1155e+00 -4.5319e+00 +2.0173e+00 +4.3256e+00 -1.7942e+00 -9.8623e-01 +2.2599e+00 -7.5644e-01 +3.1981e+00 -9.4184e-02 -4.7267e-01 +8.4404e-01 +3.2458e+00 -3.2202e+00 -1.9655e+00 +2.9796e+00 +6.7129e-01 +5.3320e-02 -2.3675e+00
24867 +3.970858830e+03 +3.970858830e+03 +4.010858830e+03 +4.010858830e+03 +4.7332e+00 +1.4180e+00 -4.2673e+00 +1.5842e+00 +4.4209e+00 -1.7801e+00 -9.9162e-01 +2.4659e+00 -1.0694e-02 +2.2071e+00 +1.2731e-01 -5.1158e-01 +3.0898e-01 +3.2449e+00 -3.2556e+00 -2.1499e+00 +2.9735e+00 +6.7577e-01 -4.1604e-01 -2.4356e+00
46251 +2.502023918e+03 +2.502023918e+03 +2.542023918e+03 +2.542023918e+03 +4.5080e+00 +5.8104e-01 -4.0028e+00 +8.9847e-01 +4.4977e+00 -2.1535e+00 -9.2144e-01 +2.4498e+00 +4.5979e-02 +1.2510e+00 +9.0033e-01 -4.9153e-01 +2.1170e-01 +3.2429e+00 -3.2970e+00 -2.5567e+00 +2.9518e+00 +6.3878e-01 -4.5819e-01 -2.3483e+00
57051 +1.582748515e+03 +1.582748515e+03 +1.622748515e+03 +1.622748515e+03 +4.6122e+00 +8.6163e-02 -3.9674e+00 +3.6725e-01 +4.4988e+00 -2.1542e+00 -1.0045e+00 +2.4469e+00 +3.4410e-02 +5.0396e-01 +1.1011e+00 -3.4224e-01 +2.0925e-01 +3.2404e+00 -3.4246e+00 -2.7729e+00 +2.9202e+00 +5.6497e-01 -6.1065e-01 -2.4485e+00
113308 +9.998634373e+02 +9.998634373e+02 +1.039863437e+03 +1.039863437e+03 +4.5587e+00 -2.5574e-01 -3.6797e+00 -9.7229e-03 +4.4862e+00 -2.0668e+00 -1.0604e+00 +2.1280e+00 +2.2509e-01 -2.0508e-01 +1.2797e+00 -2.0204e-01 -2.7595e-01 +2.7384e+00 -3.6743e+00 -2.7970e+00 +2.8763e+00 +4.3665e-01 -8.2722e-01 -2.6053e+00
% function evaluation | noise-free fitness - Fopt (1.142600000000e+02) | best noise-free fitness - Fopt | measured fitness | best measured fitness | x1 | x2...
1 +1.728204201e+07 +1.728204201e+07 +1.728215627e+07 +1.728215627e+07 -1.2205e+00 +2.5919e+00 +1.6115e+00 +4.1943e+00 +1.6346e+00 +8.1450e-01 -4.1464e+00 +2.8055e+00 +5.8336e-01 -1.3297e+00 -2.8255e+00 +2.3483e-01 +4.3830e+00 +1.1519e+00 -4.2438e+00 +3.1088e+00 -1.2462e-01 +3.8469e+00 +3.0580e+00 -4.9057e+00
5 +8.652630474e+06 +8.652630474e+06 +8.652744734e+06 +8.652744734e+06 -2.9683e+00 +1.6940e-01 +2.3873e-01 -6.2754e-01 +4.2588e+00 +1.5097e+00 +4.5714e+00 +1.6211e+00 -3.6605e+00 +3.4747e+00 -1.2570e+00 +2.2072e+00 +4.5282e+00 -1.1948e+00 +4.1433e-01 -3.9694e+00 +4.6821e+00 +1.7940e+00 +2.1115e+00 -1.8342e+00
31 +3.043269516e+06 +3.043269516e+06 +3.043383776e+06 +3.043383776e+06 +2.0878e+00 +4.2726e+00 +1.9521e+00 +1.6649e+00 +2.1104e+00 +1.7774e+00 +3.4793e+00 +3.4097e+00 +4.1163e-01 +1.4857e+00 -4.6515e+00 -1.0298e+00 -3.6404e-01 +2.2904e+00 -8.4561e-01 -2.1497e+00 +1.6869e+00 -3.6011e+00 -2.4024e+00 -9.3389e-01
61 +1.600248685e+06 +1.600248685e+06 +1.600362945e+06 +1.600362945e+06 +1.7886e+00 -2.7697e-01 +1.9196e+00 -6.3144e-01 +3.4585e+00 -4.3057e-01 -1.5640e+00 -5.6135e-01 -9.7248e-02 -2.8448e+00 -5.0000e+00 -6.8156e-01 +3.3244e+00 +3.2546e-01 +9.1130e-01 -1.2319e+00 +2.1762e+00 -5.0000e+00 -1.5326e+00 -2.4524e+00
95 +9.762195241e+05 +9.762195241e+05 +9.763337841e+05 +9.763337841e+05 +5.5966e-01 -5.3563e-01 +2.6883e-01 -5.0000e+00 +4.1945e+00 +1.2402e+00 +2.1662e+00 -1.7197e-01 -4.6773e+00 -1.6974e+00 -2.1056e-01 -6.6555e-01 +2.8436e+00 +2.8508e+00 -1.4468e-01 -1.0293e+00 -8.5290e-01 +6.3261e-01 -1.1939e+00 +3.0386e+00
414 +6.078034373e+05 +6.078034373e+05 +6.079176973e+05 +6.079176973e+05 +2.0007e+00 +1.3863e-01 +1.0747e+00 -5.0000e+00 +3.4219e+00 +3.2494e-01 +1.4541e-01 +1.0743e+00 -4.5581e+00 -2.8687e+00 +1.6498e+00 -1.2330e-01 +5.0000e+00 +3.5048e+00 -3.6677e-01 -1.8474e+00 +6.1225e-01 -2.5990e-01 -1.0220e+00 +8.3329e-01
748 +3.401213420e+05 +3.401213420e+05 +3.402356020e+05 +3.402356020e+05 +2.6362e+00 +1.1662e+00 +3.7678e+00 -4.7691e+00 +3.2530e+00 -1.0221e+00 +2.2192e+00 +5.6795e-01 -4.6344e+00 -2.0543e-02 +2.4539e+00 -2.6450e-01 +4.7430e+00 +1.0789e+00 -1.8538e+00 -1.8213e-01 +2.2322e-01 +5.1521e-01 +1.7155e-01 +1.4630e+00
1018 +1.904292935e+05 +1.904292935e+05 +1.905435535e+05 +1.905435535e+05 +2.5321e+00 +1.1276e+00 +9.2049e-01 -4.7329e+00 +1.9815e+00 -5.5806e-01 +1.5866e+00 +1.0260e+00 -4.6525e+00 -4.1424e-01 +3.3232e+00 -2.4990e+00 +4.7119e+00 +1.3214e+00 -2.9049e+00 +4.8625e-02 -1.4044e+00 +4.1742e-01 -2.3945e+00 +3.3022e-01
1334 +1.168362888e+05 +1.168362888e+05 +1.169505488e+05 +1.169505488e+05 +2.1400e+00 +1.5026e+00 -3.2442e-01 -4.6700e+00 +1.6826e+00 -1.8178e+00 -1.7044e+00 +3.3512e+00 -4.6608e+00 -1.1858e+00 +4.0808e+00 -2.8951e+00 +5.0000e+00 +2.2337e+00 -2.4090e+00 +5.4427e-02 +1.7619e-01 +1.1494e-01 -2.7922e+00 -1.9901e-01
1623 +8.484081167e+04 +8.484081167e+04 +8.495507167e+04 +8.495507167e+04 +2.8979e+00 +2.3811e+00 -7.5157e-01 -4.6779e+00 +9.6989e-01 -5.5694e-01 +2.0911e+00 +2.2706e+00 -4.2056e+00 +3.9800e-01 +4.2979e+00 +2.3670e-01 +5.0000e+00 +2.0582e+00 -2.5509e+00 -1.5520e-01 +1.4450e+00 +1.6461e+00 -6.9614e-01 -2.4001e-01
3264 +5.615697393e+04 +5.615697393e+04 +5.627123393e+04 +5.627123393e+04 +2.7447e+00 +2.7934e+00 -1.8893e+00 -4.7267e+00 +1.4764e+00 -1.1022e+00 +1.2383e+00 +2.7196e+00 -4.1925e+00 -3.4907e-02 +4.2332e+00 +4.7544e-01 +4.9992e+00 +1.7087e+00 -2.5916e+00 -6.7386e-02 +8.2371e-01 +1.8124e+00 -8.5632e-01 -5.6722e-01
3754 +3.001732621e+04 +3.001732621e+04 +3.013158621e+04 +3.013158621e+04 +2.5865e+00 +2.5963e+00 -2.7717e+00 -4.7144e+00 +1.0974e+00 -1.1274e+00 +9.4300e-01 +2.7670e+00 -4.1979e+00 +8.4885e-02 +4.2056e+00 +4.1087e-01 +4.9993e+00 +1.8953e+00 -2.6226e+00 -3.6601e-02 +1.4938e+00 +1.8412e+00 -9.9869e-01 -4.8309e-01
5256 +2.403203366e+04 +2.403203366e+04 +2.414629366e+04 +2.414629366e+04 +2.3249e+00 +2.5524e+00 -3.1044e+00 -4.6992e+00 +1.0959e+00 -1.0784e+00 +9.5198e-01 +2.7303e+00 -4.2042e+00 +2.8030e-02 +4.2226e+00 +5.1399e-01 +4.9992e+00 +2.0387e+00 -2.5012e+00 -1.1054e-01 +1.7337e+00 +1.7057e+00 -9.6745e-01 -1.2879e+00
8416 +1.580542513e+04 +1.580542513e+04 +1.591968513e+04 +1.591968513e+04 +1.8202e+00 +2.3420e+00 -3.3294e+00 -4.6188e+00 +8.5794e-01 -1.2650e+00 +8.6907e-01 +3.0057e+00 -4.2055e+00 +2.0159e-01 +4.2446e+00 +7.8324e-01 +4.9992e+00 +1.8433e+00 -1.9807e+00 +2.2759e-01 +1.6898e+00 +1.8303e+00 -1.0155e+00 -1.9385e+00
10468 +9.810700673e+03 +9.810700673e+03 +9.924960673e+03 +9.924960673e+03 +1.1946e+00 +1.6651e+00 -3.4027e+00 -4.3487e+00 +8.2827e-01 -1.2910e+00 +8.7630e-01 +2.7527e+00 -4.2527e+00 +4.2780e-01 +4.2458e+00 +8.1467e-01 +4.9993e+00 +1.4970e+00 -1.6454e+00 +3.0530e-01 +1.8378e+00 +1.6764e+00 -5.8935e-01 -2.2614e+00
16452 +6.303794085e+03 +6.303794085e+03 +6.418054085e+03 +6.418054085e+03 +7.9059e-01 +1.2522e+00 -3.3137e+00 -4.1290e+00 +8.3404e-01 -1.4907e+00 +9.1257e-01 +2.6255e+00 -4.1567e+00 +5.8317e-01 +4.2678e+00 +7.6291e-01 +4.9999e+00 +1.2896e+00 -1.4058e+00 +6.3752e-01 +1.8044e+00 +1.4425e+00 -4.9789e-01 -2.3172e+00
17478 +3.914115467e+03 +3.914115467e+03 +4.028375467e+03 +4.028375467e+03 +4.4464e-01 +9.6089e-01 -3.0933e+00 -3.9401e+00 +8.4153e-01 -1.4638e+00 +8.7861e-01 +2.8279e+00 -3.8552e+00 +5.7566e-01 +4.2912e+00 +7.4693e-01 +4.9998e+00 +8.0969e-01 -1.2378e+00 +6.6927e-01 +1.7308e+00 +1.4106e+00 -5.0579e-01 -2.2773e+00
24127 +2.505550497e+03 +2.505550497e+03 +2.619810497e+03 +2.619810497e+03 -1.5784e-01 +5.8607e-01 -2.6248e+00 -3.8585e+00 +8.3731e-01 -1.4300e+00 +9.4633e-01 +2.9958e+00 -3.7862e+00 +5.7681e-01 +4.4869e+00 +7.9357e-01 +4.9997e+00 +6.6587e-01 -8.8390e-01 +7.5448e-01 +1.6595e+00 +1.3456e+00 -3.6889e-01 -1.9065e+00
28176 +1.580117989e+03 +1.580117989e+03 +1.694377989e+03 +1.694377989e+03 -5.2016e-01 +3.2221e-01 -2.3811e+00 -3.8560e+00 +8.3820e-01 -1.3745e+00 +9.8928e-01 +3.2172e+00 -3.7465e+00 +5.8260e-01 +4.8448e+00 +6.3466e-01 +4.9987e+00 +6.4892e-01 -7.4060e-01 +7.7621e-01 +1.5784e+00 +1.3147e+00 -3.9645e-01 -1.3325e+00
42602 +9.987266712e+02 +9.987266712e+02 +1.112986671e+03 +1.112986671e+03 -8.2247e-01 +2.6756e-01 -2.1613e+00 -3.9209e+00 +8.4795e-01 -1.2839e+00 +1.0209e+00 +3.7267e+00 -3.5665e+00 +5.1017e-01 +4.9984e+00 +6.3707e-01 +4.9953e+00 +6.4627e-01 -5.1050e-01 +6.9888e-01 +1.4297e+00 +1.3434e+00 -5.3517e-01 -7.4748e-01
78087 +6.305187744e+02 +6.305187744e+02 +7.447787744e+02 +7.447787744e+02 -1.1312e+00 +2.6321e-02 -1.9412e+00 -4.1527e+00 +7.6545e-01 -1.2370e+00 +1.1518e+00 +4.1922e+00 -3.4502e+00 +2.8713e-01 +4.9998e+00 +4.9972e-01 +5.0000e+00 +6.5547e-01 -2.3456e-01 +7.0252e-01 +1.2158e+00 +1.3513e+00 -7.1064e-01 -2.0499e-01
105008 +3.980820812e+02 +3.980820812e+02 +5.123420812e+02 +5.123420812e+02 -1.2743e+00 -2.2535e-02 -1.9074e+00 -4.3499e+00 +7.1735e-01 -9.8634e-01 +1.1135e+00 +4.3630e+00 -3.4302e+00 +2.6862e-01 +4.9998e+00 +3.8237e-01 +5.0000e+00 +7.2142e-01 +1.7061e-03 +6.2151e-01 +1.1465e+00 +1.4103e+00 -8.0518e-01 +1.5384e-01
% function evaluation | noise-free fitness - Fopt (1.393000000000e+01) | best noise-free fitness - Fopt | measured fitness | best measured fitness | x1 | x2...
1 +2.088507636e+07 +2.088507636e+07 +2.088509029e+07 +2.088509029e+07 -9.1436e-01 -1.3583e+00 +4.0351e+00 +4.4583e+00 -4.4738e+00 +8.7481e-01 -4.2076e-01 -4.0202e+00 +3.1581e+00 -4.4482e+00 -4.8571e+00 -2.7900e+00 +8.2639e-01 -3.3399e+00 -3.3981e-01 -2.6628e+00 +2.4180e+00 -2.1335e+00 +1.5330e+00 -2.2729e+00
2 +1.323080080e+07 +1.323080080e+07 +1.323081473e+07 +1.323081473e+07 -8.1566e-01 -2.7870e+00 -1.5011e+00 +4.8093e+00 -4.0358e+00 +4.8973e+00 +2.1981e+00 -2.4055e+00 +1.2076e+00 +2.2645e+00 +4.6467e+00 +2.9470e+00 -2.4334e+00 +3.0025e+00 +2.0502e+00 +2.3147e+00 -3.4764e+00 -5.5441e-01 +2.4127e+00 -4.6323e+00
4 +9.506903088e+06 +9.506903088e+06 +9.506917018e+06 +9.506917018e+06 +6.5049e-01 -2.8403e-01 +1.5338e+00 -2.4749e+00 -3.7517e+00 +1.5110e+00 -6.5713e-01 +2.7063e+00 +3.3745e-01 -3.2491e+00 +3.8008e-01 +3.7883e+00 +2.6170e+00 +3.9586e+00 +4.7370e-01 +1.4379e+00 +2.3341e+00 -2.4416e+00 +1.4399e+00 -3.7245e+00
26 +5.289062652e+06 +5.289062652e+06 +5.289076582e+06 +5.289076582e+06 -2.5411e+00 +2.9663e+00 -4.6525e+00 +2.6756e+00 -3.0470e+00 -1.0278e+00 -3.7472e+00 -2.6056e+00 -8.8359e-01 -4.8581e+00 +2.5312e+00 +4.0650e+00 -4.5427e+00 -2.1719e+00 -1.5597e+00 -1.3453e+00 +8.0795e-01 -3.2896e-01 -2.5111e+00 -2.6118e+00
37 +2.938201083e+06 +2.938201083e+06 +2.938215013e+06 +2.938215013e+06 +4.3468e+00 +2.4227e+00 +4.1565e+00 +4.5769e+00 -3.6137e+00 -2.2701e+00 +2.9803e+00 +1.1870e-01 +3.5933e+00 +1.1499e+00 +6.9867e-01 -4.4037e+00 -3.2520e+00 +1.3099e+00 +3.0696e+00 +2.1373e+00 +2.0574e+00 +2.9313e-01 -3.0022e+00 -2.2116e+00
40 +1.524171934e+06 +1.524171934e+06 +1.524185864e+06 +1.524185864e+06 -2.8288e+00 +3.0479e+00 -3.4414e+00 +1.4608e+00 +2.1025e-01 -1.5205e+00 -4.8968e+00 +1.2227e+00 -8.6396e-01 -4.6207e-01 -1.3937e+00 +5.6824e-01 -1.9888e+00 -4.9861e+00 +5.4278e-01 +1.4741e+00 +6.3433e-01 -4.6646e+00 +3.4073e+00 -3.8228e+00
264 +8.122304569e+05 +8.122304569e+05 +8.122443869e+05 +8.122443869e+05 -3.3619e+00 -3.4508e-01 +3.9315e+00 -3.2667e+00 -3.4184e+00 +1.1192e+00 -4.3253e+00 -2.7774e-02 +2.5888e+00 +3.6956e+00 -5.5752e-01 -3.2665e+00 -9.4511e-01 +5.0000e+00 +5.0000e+00 +3.6792e+00 -5.9058e-01 +4.1253e+00 -3.4386e+00 -3.3672e+00
420 +6.294161907e+05 +6.294161907e+05 +6.294301207e+05 +6.294301207e+05 -4.3895e+00 +3.7185e-01 +4.8129e+00 -4.3070e+00 -3.1343e+00 +2.9942e+00 -5.0000e+00 -1.5001e+00 +3.2745e+00 +2.4194e+00 -5.6254e-01 -3.8222e+00 -5.9734e-02 +3.0721e+00 +4.6501e+00 +3.5925e+00 -8.5972e-02 +1.7891e+00 -1.4549e+00 -2.3014e+00
570 +3.035243958e+05 +3.035243958e+05 +3.035383258e+05 +3.035383258e+05 -4.5227e+00 +1.3418e-01 +4.8660e+00 -4.0560e+00 -3.2686e+00 +3.0566e+00 -4.9919e+00 -2.1146e+00 +3.2787e+00 +1.6449e+00 -9.4364e-01 -3.8305e+00 +5.2063e-02 +3.2591e+00 +4.6813e+00 +3.5295e+00 +2.4912e-01 +4.3714e+00 -3.9438e+00 -1.9622e+00
879 +1.737343597e+05 +1.737343597e+05 +1.737482897e+05 +1.737482897e+05 -5.0000e+00 +6.9848e-02 +4.3970e+00 -5.0000e+00 -4.2944e+00 +2.8777e+00 -4.9140e+00 -2.2222e-01 +3.8711e+00 +9.4838e-01 -3.3987e-01 -3.7358e+00 +3.3436e+00 +3.8257e+00 +4.6940e+00 +2.0779e+00 +4.7850e-01 +2.3643e+00 -2.2459e+00 +1.5010e+00
1845 +1.573614828e+05 +1.573614828e+05 +1.573754128e+05 +1.573754128e+05 -4.9989e+00 +1.5061e-01 +4.5802e+00 -5.0000e+00 -4.5065e+00 +2.4125e+00 -4.8999e+00 +9.0752e-01 +3.4919e+00 +1.0060e+00 -6.8613e-01 -3.8250e+00 +3.6433e+00 +3.7095e+00 +4.8035e+00 +2.2477e+00 +5.0231e-01 +2.4818e+00 -2.7080e+00 +1.3934e+00
5488 +9.889916520e+04 +9.889916520e+04 +9.891309520e+04 +9.891309520e+04 -4.9998e+00 +1.7521e+00 +5.0000e+00 -5.0000e+00 -3.4084e+00 +2.4632e+00 -4.9859e+00 +1.5215e+00 +2.9492e+00 -3.1610e-01 -9.1485e-01 -3.2728e+00 +4.2599e+00 +4.4038e+00 +4.8816e+00 +2.1140e+00 +3.1502e-02 +1.9858e+00 -2.4842e+00 +1.9917e+00
6673 +6.266624625e+04 +6.266624625e+04 +6.268017625e+04 +6.268017625e+04 -5.0000e+00 +2.2028e+00 +4.9999e+00 -5.0000e+00 -1.7844e+00 +2.5280e+00 -4.9543e+00 +1.8996e+00 +2.3990e+00 -2.1731e-03 -2.5257e+00 -3.0896e+00 +4.1704e+00 +4.2237e+00 +4.8088e+00 +1.8103e+00 -9.8656e-01 +1.9284e+00 -3.1247e+00 +1.2171e+00
18606 +3.980719267e+04 +3.980719267e+04 +3.982112267e+04 +3.982112267e+04 -5.0000e+00 +1.6519e+00 +5.0000e+00 -5.0000e+00 +8.1255e-01 +2.3195e+00 -4.2848e+00 +2.3603e+00 +1.6368e+00 +1.0341e+00 -4.1438e+00 -3.3977e+00 +3.3074e+00 +4.0701e+00 +4.9788e+00 +4.8505e-01 -1.4161e+00 +2.0878e+00 -1.5348e+00 +1.0926e+00
38961 +2.511833722e+04 +2.511833722e+04 +2.513226722e+04 +2.513226722e+04 -5.0000e+00 +2.9948e+00 +5.0000e+00 -5.0000e+00 +3.9967e+00 +1.2077e+00 -2.4236e+00 +2.4559e+00 +1.4632e+00 +2.6526e+00 -4.6408e+00 -3.2223e+00 +3.0678e+00 +4.6045e+00 +5.0000e+00 -3.0772e-01 -2.5179e+00 +1.4698e+00 +6.3126e-01 +1.0885e+00
74209 +1.584578751e+04 +1.584578751e+04 +1.585971751e+04 +1.585971751e+04 -3.5960e+00 +5.0000e+00 +5.0000e+00 -5.0000e+00 +4.9982e+00 -5.5858e-02 -9.6785e-01 +1.7779e+00 +1.4432e+00 +3.9441e+00 -4.8595e+00 -2.1436e+00 +3.1062e+00 +5.0000e+00 +5.0000e+00 -8.1382e-01 -3.3118e+00 +1.9252e-01 +7.5292e-01 +5.2780e-01
92383 +9.986057329e+03 +9.986057329e+03 +9.999987329e+03 +9.999987329e+03 -1.9273e+00 +5.0000e+00 +5.0000e+00 -5.0000e+00 +4.9996e+00 -9.5230e-01 -3.7051e-01 +8.1941e-01 +1.3739e+00 +3.7957e+00 -4.2338e+00 -3.8831e-01 +3.5924e+00 +4.9998e+00 +5.0000e+00 -2.2271e+00 -3.9020e+00 -3.4145e-01 +1.1224e+00 +8.7534e-01
% function evaluation | noise-free fitness - Fopt (-3.175000000000e+01) | best noise-free fitness - Fopt | measured fitness | best measured fitness | x1 | x2...
1 +2.008801021e+07 +2.008801021e+07 +2.008797846e+07 +2.008797846e+07 +1.0978e+00 +1.2922e+00 +7.1634e-01 +4.2096e+00 +2.9327e+00 +6.7891e-01 -2.4662e+00 -3.9862e-01 -5.0670e-01 -3.6522e+00 -2.6614e-02 -3.8380e+00 -1.7886e+00 +3.3764e+00 +4.1999e+00 +3.6011e+00 +3.9377e+00 +9.8430e-01 +4.7816e-01 -2.8362e+00
4 +7.715238328e+06 +7.715238328e+06 +7.715206578e+06 +7.715206578e+06 -6.0707e-01 -6.3683e-01 -8.8045e-01 -3.5599e+00 -3.7321e+00 +4.9517e-01 -4.9930e+00 +2.7618e+00 -4.3693e+00 +7.5512e-01 -3.0570e+00 -1.3867e+00 -4.2139e+00 -1.1776e+00 -1.3790e-01 +1.6518e+00 -1.9564e+00 +8.6302e-02 -2.6044e+00 +1.6893e+00
5 +5.624618725e+06 +5.624618725e+06 +5.624586975e+06 +5.624586975e+06 +4.6724e+00 +9.4445e-01 -4.2283e+00 +2.1285e+00 -2.3343e+00 -2.8430e+00 -2.4080e+00 +4.9801e+00 +1.1315e+00 -8.2291e-01 +4.5413e+00 -1.0132e+00 -3.7645e+00 +1.3366e+00 +2.4019e+00 +4.2168e+00 +1.3930e+00 -2.9690e+00 -4.2927e+00 +4.2699e+00
8 +2.969030925e+06 +2.969030925e+06 +2.968999175e+06 +2.968999175e+06 -4.1534e+00 +4.5379e+00 -1.8564e+00 -3.2215e+00 +3.4148e+00 -1.6534e+00 +1.4897e+00 -2.6508e+00 +2.7048e+00 -3.3370e+00 -1.0838e+00 -6.9965e-02 +2.2291e+00 -4.2150e+00 -4.9377e+00 +3.0154e+00 -1.9511e+00 +2.0517e-01 -4.1254e+00 +3.5071e+00
72 +2.288028416e+06 +2.288028416e+06 +2.287996666e+06 +2.287996666e+06 -1.3088e+00 +2.9702e+00 +4.0761e+00 -5.0000e+00 -9.8294e-01 -2.9019e+00 +3.4497e+00 -1.5283e+00 +1.5671e-01 -3.6927e-01 -5.4125e-01 -1.4320e+00 +1.5102e+00 -8.8960e-01 -4.3622e+00 +2.1913e+00 +2.6435e+00 -3.2386e+00 -7.5263e-01 +2.7623e+00
129 +1.345944269e+06 +1.345944269e+06 +1.345912519e+06 +1.345912519e+06 -5.0000e+00 +5.0000e+00 +2.0324e+00 -5.0000e+00 +3.0448e+00 -2.8948e+00 +1.3528e+00 -1.1269e+00 +0.0000e+00 -3.2665e+00 -3.7554e+00 +1.7734e-01 +3.3992e-01 -5.0000e+00 -5.0000e+00 +3.6891e+00 -1.6524e+00 -3.3305e-01 -3.3536e+00 +3.8493e+00
254 +9.618234576e+05 +9.618234576e+05 +9.617917076e+05 +9.617917076e+05 -4.5256e+00 +5.0000e+00 +8.0712e-01 -4.9707e+00 +3.3101e+00 -2.7196e+00 +1.0464e+00 -3.0598e-01 +2.3711e+00 -2.3490e+00 -3.8129e+00 +1.5267e+00 -1.5188e-01 -5.0000e+00 -5.0000e+00 +4.5336e+00 -1.2262e+00 +3.4710e+00 -4.1626e+00 +4.3489e+00
470 +5.463898422e+05 +5.463898422e+05 +5.463580922e+05 +5.463580922e+05 -5.0000e+00 +4.0085e+00 -8.8595e-01 -5.0000e+00 +7.2386e-01 -6.7930e-01 +1.3352e+00 -5.2314e-01 +3.7781e+00 +2.1598e+00 -5.0000e+00 -1.3070e+00 -6.2867e-01 -4.6626e+00 -5.0000e+00 +3.1369e+00 -3.5404e+00 -4.0122e+00 +3.8212e-01 -3.4433e-01
587 +3.671230070e+05 +3.671230070e+05 +3.670912570e+05 +3.670912570e+05 -4.9929e+00 +3.4800e+00 +1.3388e+00 -4.9760e+00 +6.4460e-01 -9.1878e-01 +2.1529e+00 +1.2241e-01 +1.9820e-01 +3.2489e+00 -3.9725e+00 -3.3237e-01 -9.2496e-02 -4.6835e+00 -5.0000e+00 +2.6924e+00 -2.1428e+00 -3.4914e+00 +3.5499e-01 -2.0921e+00
860 +1.926078814e+05 +1.926078814e+05 +1.925761314e+05 +1.925761314e+05 -4.9744e+00 +3.8914e+00 +4.5243e+00 -4.9570e+00 +2.8064e+00 -1.7339e+00 +1.6413e+00 +5.0122e-01 +4.0727e+00 +1.5595e+00 -5.0000e+00 +5.5966e-01 +1.7934e-01 -4.3465e+00 -4.9428e+00 +4.2335e+00 -5.0000e+00 -5.0000e+00 -6.4288e-01 -2.6221e+00
932 +1.427804672e+05 +1.427804672e+05 +1.427487172e+05 +1.427487172e+05 -4.9740e+00 +4.0984e+00 +2.8805e+00 -4.9350e+00 +2.9679e+00 -1.3977e+00 +2.1085e+00 +6.7642e-01 +4.8027e+00 +4.2497e-01 -5.0000e+00 +1.6589e+00 -7.3608e-01 -4.0028e+00 -5.0000e+00 +3.6643e+00 -3.8329e+00 -4.4144e+00 -7.7410e-01 -2.8027e+00
2004 +9.804473452e+04 +9.804473452e+04 +9.801298452e+04 +9.801298452e+04 -4.9690e+00 +3.7284e+00 +3.5784e+00 -4.9510e+00 +2.3093e+00 -1.2374e+00 +1.2813e+00 -2.0068e-01 +1.9653e+00 +1.6700e+00 -5.0000e+00 +9.1128e-01 -7.9520e-01 -3.9164e+00 -5.0000e+00 +3.3122e+00 -3.2861e+00 -4.2854e+00 -4.4537e-01 -3.8623e+00
2699 +6.138716451e+04 +6.138716451e+04 +6.135541451e+04 +6.135541451e+04 -4.9520e+00 +3.3723e+00 +4.2307e+00 -4.9613e+00 +2.1919e+00 -7.9759e-01 +5.0100e-01 +1.7275e-01 +2.6735e+00 +1.8872e+00 -5.0000e+00 +1.5174e+00 -7.7114e-01 -3.8012e+00 -5.0000e+00 +2.5792e+00 -3.4940e+00 -4.8146e+00 -1.9549e-01 -4.7272e+00
5109 +3.769114977e+04 +3.769114977e+04 +3.765939977e+04 +3.765939977e+04 -4.9443e+00 +4.2630e+00 +3.2301e+00 -4.9455e+00 +1.8717e+00 -1.8928e-01 -5.4123e-01 +2.8158e-01 +2.0467e+00 +2.3614e+00 -4.9926e+00 +6.6600e-01 -7.5387e-01 -3.5238e+00 -5.0000e+00 +2.7003e+00 -3.7012e+00 -4.4707e+00 -3.6060e-01 -4.9267e+00
5936 +2.473515162e+04 +2.473515162e+04 +2.470340162e+04 +2.470340162e+04 -4.3739e+00 +4.2830e+00 +3.0825e+00 -4.9823e+00 +2.0777e+00 -2.3279e-02 -1.2670e+00 -2.8719e-01 +1.2563e+00 +2.8359e+00 -4.9917e+00 +2.2916e-01 -8.4445e-01 -3.6354e+00 -5.0000e+00 +3.1108e+00 -3.5528e+00 -4.0611e+00 -1.8394e-01 -4.8799e+00
8957 +1.581428960e+04 +1.581428960e+04 +1.578253960e+04 +1.578253960e+04 -3.9592e+00 +4.5255e+00 +2.4891e+00 -4.9995e+00 +1.7195e+00 -8.2125e-02 -2.1629e+00 -8.1437e-01 +2.9822e-01 +3.3732e+00 -4.9907e+00 -4.2891e-01 -8.2770e-01 -3.5667e+00 -5.0000e+00 +2.7415e+00 -3.5133e+00 -3.5953e+00 -4.7901e-01 -4.3470e+00
10267 +9.994329511e+03 +9.994329511e+03 +9.962579511e+03 +9.962579511e+03 -3.9873e+00 +4.8710e+00 +2.0372e+00 -5.0000e+00 +1.7837e+00 -1.2781e-01 -2.2701e+00 -8.1667e-01 -2.5703e-01 +3.3851e+00 -4.9960e+00 -7.4790e-01 -9.2129e-01 -3.5420e+00 -5.0000e+00 +2.8185e+00 -3.2110e+00 -3.4817e+00 -3.5066e-01 -4.4216e+00
16264 +6.286953890e+03 +6.286953890e+03 +6.255203890e+03 +6.255203890e+03 -3.7517e+00 +4.9983e+00 +1.1002e+00 -5.0000e+00 +1.5404e+00 -1.1833e-01 -2.4172e+00 -6.7764e-01 -4.6153e-01 +3.3527e+00 -4.9968e+00 -9.2471e-01 -1.3657e+00 -3.1354e+00 -5.0000e+00 +2.8905e+00 -3.5276e+00 -3.5997e+00 +6.3948e-02 -4.3443e+00
25740 +3.969792820e+03 +3.969792820e+03 +3.938042820e+03 +3.938042820e+03 -3.8910e+00 +4.9997e+00 +1.2913e-01 -5.0000e+00 +1.2555e+00 +1.5592e-01 -3.0381e+00 -5.2225e-01 -8.3710e-01 +3.3081e+00 -4.9984e+00 -1.4243e+00 -1.6870e+00 -3.1096e+00 -5.0000e+00 +2.9263e+00 -3.4403e+00 -3.2773e+00 +1.9689e-01 -3.9362e+00
40460 +2.510678935e+03 +2.510678935e+03 +2.478928935e+03 +2.478928935e+03 -3.9772e+00 +5.0000e+00 -6.5557e-01 -5.0000e+00 +7.9445e-01 +8.0102e-01 -3.9664e+00 -2.1050e-01 -4.2774e-01 +3.3080e+00 -4.6733e+00 -1.5852e+00 -2.0203e+00 -3.0747e+00 -5.0000e+00 +2.9314e+00 -3.1475e+00 -3.1108e+00 -2.9305e-01 -3.9414e+00
78404 +1.584868426e+03 +1.584868426e+03 +1.553118426e+03 +1.553118426e+03 -4.1733e+00 +5.0000e+00 -9.7001e-01 -5.0000e+00 +2.3692e-01 +1.4771e+00 -4.5308e+00 -5.1307e-02 +1.2554e-02 +3.2862e+00 -4.6134e+00 -1.9060e+00 -2.0002e+00 -2.9050e+00 -5.0000e+00 +2.9099e+00 -3.2782e+00 -2.8846e+00 -3.1853e-01 -3.2690e+00
% function evaluation | noise-free fitness - Fopt (5.432000000000e+01) | best noise-free fitness - Fopt | measured fitness | best measured fitness | x1 | x2...
1 +9.657605974e+06 +9.657605974e+06 +9.657660294e+06 +9.657660294e+06 -3.4959e+00 +3.4765e+00 -2.5089e+00 -3.3566e+00 -3.5755e+00 -3.4975e-01 +4.5178e+00 +3.9753e+00 +2.5889e-01 +4.6673e-01 +2.6237e+00 -1.9861e+00 -2.0570e+00 +3.9294e+00 +2.6690e+00 +2.0451e+00 +8.8186e-01 -7.8166e-01 +2.6687e+00 +3.7779e+00
2 +3.607009517e+06 +3.607009517e+06 +3.607063837e+06 +3.607063837e+06 -3.4029e+00 -3.8780e+00 +1.7320e+00 +1.1395e+00 -2.4452e+00 -1.3339e+00 +4.9899e+00 -1.9817e+00 -3.4654e+00 +2.7836e+00 -3.2572e-01 +1.1214e+00 -4.0293e+00 -4.2268e+00 +2.4298e+00 +1.1341e+00 +4.8366e+00 -3.3168e+00 +1.9576e-01 +1.7409e+00
74 +2.319965332e+06 +2.319965332e+06 +2.320019652e+06 +2.320019652e+06 -3.2842e+00 -5.0000e+00 +5.0000e+00 +5.9931e-01 +4.7161e+00 -2.2190e-01 +5.0000e+00 -1.0880e+00 -1.6521e+00 +2.0715e-01 +1.9137e+00 +1.8128e+00 -5.0000e+00 -2.0837e+00 +5.0075e-01 +3.8640e+00 +2.5830e+00 -5.4349e-01 +2.1499e+00 -1.1671e+00
286 +1.318017783e+06 +1.318017783e+06 +1.318072103e+06 +1.318072103e+06 -2.9047e+00 -5.0000e+00 +2.7264e+00 +1.8265e-01 +3.5983e+00 +3.7763e+00 +8.9971e-03 -2.6800e+00 -2.3604e+00 +9.9025e-02 +2.7251e+00 +2.0239e+00 -4.5445e+00 -1.8842e+00 -2.3301e+00 +3.5506e+00 +1.8741e+00 +1.1504e-01 +4.6197e-02 -1.5153e+00
311 +9.212740659e+05 +9.212740659e+05 +9.213283859e+05 +9.213283859e+05 -2.5549e+00 -4.0494e+00 +2.5444e+00 +1.8841e+00 +1.8451e+00 +3.3655e+00 -1.0134e+00 -3.3089e+00 -1.5567e+00 -4.4157e-01 -6.2974e-01 +7.2444e-01 -4.5085e+00 -4.9964e+00 -8.2811e-01 -3.5374e-01 +1.3452e+00 +0.0000e+00 -3.3030e-01 +3.2588e+00
558 +5.669803651e+05 +5.669803651e+05 +5.670346851e+05 +5.670346851e+05 -2.7700e+00 -4.6870e+00 +2.5355e+00 +1.6148e-01 +3.8945e+00 +1.6582e+00 +1.0800e+00 -2.3951e+00 +1.0175e+00 +1.6371e-01 +3.2089e+00 +1.8698e+00 -4.1068e+00 -3.3083e+00 -5.0083e-01 +3.3163e+00 +2.3945e+00 +2.6915e+00 +9.6990e-01 -6.1283e-01
730 +3.683010839e+05 +3.683010839e+05 +3.683554039e+05 +3.683554039e+05 -3.8445e+00 -4.9983e+00 +3.1705e+00 +1.6737e-01 +3.5476e+00 +2.4434e+00 -1.7618e+00 -3.4053e+00 +1.0024e+00 -1.5719e-01 +9.2739e-01 -2.3331e-01 -4.0969e+00 -1.1135e+00 -3.5243e+00 +1.9155e+00 +1.3672e+00 +6.9325e-01 -2.4358e-01 -1.8771e+00
1206 +2.480394383e+05 +2.480394383e+05 +2.480937583e+05 +2.480937583e+05 -3.5731e+00 -5.0000e+00 +2.6928e+00 +1.2374e-01 +3.4649e+00 +3.6391e+00 -3.2193e+00 -3.9147e+00 +6.2060e-01 -1.1669e+00 +3.2266e+00 +1.9643e-01 -3.8065e+00 -9.0338e-01 -4.0540e+00 +1.7250e+00 +1.3063e+00 +2.4795e+00 -1.3832e+00 -1.2014e+00
1376 +1.548205311e+05 +1.548205311e+05 +1.548748511e+05 +1.548748511e+05 -3.0760e+00 -4.9987e+00 -2.0807e-02 -6.9009e-02 +4.1914e+00 +3.8910e+00 -1.3736e+00 -3.9266e+00 +2.9315e-01 -1.9594e+00 +3.3952e+00 +9.0370e-01 -4.0500e+00 -1.9409e+00 -4.6135e+00 +3.6637e-01 +9.1225e-01 +2.4433e+00 -3.8005e-01 -2.0994e-01
3000 +9.753266075e+04 +9.753266075e+04 +9.758698075e+04 +9.758698075e+04 -3.0880e+00 -4.9993e+00 +2.3791e-01 +7.1955e-01 +5.0000e+00 +3.8096e+00 -1.3517e+00 -3.9795e+00 +4.5097e-02 -1.9196e+00 +4.4127e+00 +1.0230e+00 -3.4099e+00 -1.5337e+00 -4.8509e+00 +1.1856e+00 +8.2817e-01 +1.9096e+00 -7.6945e-01 -1.6573e-01
4647 +6.245280195e+04 +6.245280195e+04 +6.250712195e+04 +6.250712195e+04 -3.4371e+00 -5.0000e+00 -1.7155e-01 +1.0084e+00 +4.9793e+00 +3.8306e+00 +2.9541e-01 -3.8913e+00 +1.6943e-01 -1.0519e+00 +4.8280e+00 +1.0163e+00 -2.2622e+00 -1.4089e+00 -4.8277e+00 +9.4471e-01 +1.0555e+00 +1.2377e+00 -7.2162e-01 -1.7416e-01
5913 +3.936554172e+04 +3.936554172e+04 +3.941986172e+04 +3.941986172e+04 -4.3238e+00 -5.0000e+00 -1.3302e+00 +1.3021e+00 +4.9834e+00 +3.9669e+00 +1.5081e+00 -4.3240e+00 +4.3660e-02 -9.0512e-01 +4.9156e+00 +1.4518e+00 -3.8888e-01 -1.4351e+00 -4.9680e+00 +3.1849e-01 +1.0025e+00 +7.1372e-01 -4.3866e-01 +5.2342e-01
6277 +2.386264373e+04 +2.386264373e+04 +2.391696373e+04 +2.391696373e+04 -4.7446e+00 -5.0000e+00 -3.3819e+00 +2.0499e+00 +4.9835e+00 +3.8939e+00 +1.7950e+00 -4.5771e+00 -1.5556e-02 -1.0089e+00 +4.8221e+00 +9.5242e-01 +1.3046e+00 -1.5449e+00 -4.9623e+00 +5.2882e-02 +9.8121e-01 +1.0521e+00 -2.8553e-01 +8.8926e-01
9114 +1.553314646e+04 +1.553314646e+04 +1.558746646e+04 +1.558746646e+04 -4.9992e+00 -5.0000e+00 -4.9994e+00 +2.2678e+00 +4.9790e+00 +3.9037e+00 +1.9280e+00 -4.6114e+00 +1.2864e-01 -1.0384e+00 +4.9266e+00 -5.0215e-02 +2.5959e+00 -1.4218e+00 -4.9533e+00 -7.6525e-02 +9.2773e-01 +1.5447e+00 -2.5145e-01 +1.1173e+00
28522 +9.969788530e+03 +9.969788530e+03 +1.002410853e+04 +1.002410853e+04 -5.0000e+00 -4.9999e+00 -4.9804e+00 +2.3182e+00 +4.3241e+00 +3.9672e+00 +2.0292e+00 -4.3226e+00 +8.1259e-01 -3.0085e-01 +5.0000e+00 -5.4026e-02 +2.8980e+00 -1.7962e+00 -3.5384e+00 -2.8973e-01 +1.1246e+00 +1.6307e+00 -3.8639e-01 +8.6441e-01
49240 +6.308164199e+03 +6.308164199e+03 +6.362484199e+03 +6.362484199e+03 -5.0000e+00 -5.0000e+00 -4.9993e+00 +2.2130e+00 +2.9862e+00 +3.9470e+00 +1.7202e+00 -4.7016e+00 +1.5342e+00 +3.2608e-01 +5.0000e+00 +5.2273e-01 +3.7430e+00 -1.8946e+00 -2.4470e+00 -9.6783e-01 +1.4191e+00 +1.6464e+00 -6.0318e-01 +2.6243e-01
188189 +3.980366991e+03 +3.980366991e+03 +4.034686991e+03 +4.034686991e+03 -5.0000e+00 -5.0000e+00 -4.1571e+00 +2.8569e+00 +2.0655e+00 +4.9964e+00 +5.7247e-01 -5.0000e+00 +1.4251e+00 +9.6858e-01 +5.0000e+00 +2.7222e+00 +5.0000e+00 -2.9239e+00 +8.9703e-02 -1.8065e+00 +1.9439e+00 +1.6452e+00 -1.6284e+00 -5.6180e-01
% function evaluation | noise-free fitness - Fopt (4.052000000000e+01) | best noise-free fitness - Fopt | measured fitness | best measured fitness | x1 | x2...
1 +5.274969186e+07 +5.274969186e+07 +5.274973238e+07 +5.274973238e+07 +4.3241e+00 +4.0284e+00 -6.3215e-03 -4.6791e+00 -2.7085e+00 -6.8867e-01 -1.2245e+00 +3.0704e-01 +4.3158e+00 -4.5751e+00 -2.7000e+00 +4.4691e+00 -3.3327e+00 +5.2468e-01 +3.9736e+00 -3.5963e+00 -4.4381e+00 -4.5149e+00 -4.8788e+00 -4.4426e+00
2 +1.477796215e+07 +1.477796215e+07 +1.477800267e+07 +1.477800267e+07 -3.0834e+00 -4.4119e+00 -3.4595e+00 -5.0341e-02 +2.6072e-01 -3.7202e+00 -4.0206e+00 -1.3512e+00 -3.7920e+00 -3.0897e+00 +1.0654e+00 -2.3997e+00 -1.1986e+00 -4.8765e+00 +7.4334e-01 -4.5449e+00 +2.5289e+00 -3.1826e+00 -9.8870e-01 -4.5252e+00
7 +6.601951363e+06 +6.601951363e+06 +6.601991883e+06 +6.601991883e+06 -1.8202e+00 +3.2326e+00 +1.6182e+00 -3.1262e+00 -3.8735e-02 -3.4188e+00 +3.8542e+00 -2.4612e+00 -3.5434e+00 -4.2066e+00 +2.1595e+00 +4.4079e+00 +2.1179e+00 -3.2495e+00 +9.5485e-01 +2.5915e-01 -4.3086e+00 -4.6072e+00 -1.1830e+00 +3.4320e+00
14 +5.514727846e+06 +5.514727846e+06 +5.514768366e+06 +5.514768366e+06 +3.2791e+00 +2.9298e+00 -3.6081e+00 -6.8316e-01 -1.6882e-01 +9.0966e-01 -9.0930e-01 -6.2119e-01 -3.4509e+00 +3.2418e+00 +2.0386e+00 +2.8755e-01 -4.3240e+00 -4.3996e+00 -2.2454e+00 -2.1994e+00 +1.6428e+00 -1.0198e+00 -1.1689e+00 +1.5008e+00
19 +2.319050634e+06 +2.319050634e+06 +2.319091154e+06 +2.319091154e+06 +4.5308e+00 -1.4434e+00 +4.8451e+00 +4.3744e+00 -7.2894e-01 +2.2275e+00 +3.0323e-01 -1.1696e+00 +4.6675e-01 -6.0892e-01 -1.2296e+00 +1.9638e+00 +6.3228e-01 -9.7014e-01 +1.6108e+00 +4.7426e-01 +4.4415e+00 -1.9884e+00 +2.8961e+00 +2.6488e+00
164 +8.725689730e+05 +8.725689730e+05 +8.726094930e+05 +8.726094930e+05 +4.6348e+00 -3.8844e+00 +1.9047e+00 +0.0000e+00 -2.1198e+00 -9.9418e-01 -1.1982e+00 -2.3940e+00 +0.0000e+00 +8.5949e-01 -2.7310e+00 +5.0000e+00 -1.1844e+00 -1.4209e+00 +1.6590e+00 +9.5531e-01 +3.7190e+00 -1.6519e+00 +2.7327e+00 +3.8728e+00
239 +5.292160967e+05 +5.292160967e+05 +5.292566167e+05 +5.292566167e+05 +4.9593e+00 -7.7806e-01 +3.3792e+00 -3.1574e-01 -3.4315e+00 -1.7654e+00 +1.6565e+00 -1.2092e+00 -2.0335e-01 +4.4562e+00 +3.5111e+00 +5.0000e+00 +2.7757e-01 -2.3695e+00 +1.1161e+00 +2.3789e+00 +3.3778e+00 -1.8845e+00 +1.6298e+00 +3.4179e+00
718 +3.548373106e+05 +3.548373106e+05 +3.548778306e+05 +3.548778306e+05 +4.9719e+00 -1.8947e+00 +5.0000e+00 -1.5113e+00 -2.6388e+00 -2.5887e+00 +1.5802e+00 +1.3798e-01 -6.9289e-02 +4.5624e+00 +3.8187e+00 +5.0000e+00 +2.8113e-01 -2.6323e+00 +1.0751e-01 +1.8716e+00 +1.9879e+00 -1.6703e+00 +1.1097e+00 +2.7134e+00
936 +2.263288989e+05 +2.263288989e+05 +2.263694189e+05 +2.263694189e+05 +4.8633e+00 -1.1231e+00 +5.0000e+00 +2.4079e-01 -1.2425e+00 -2.9060e+00 +2.0862e-01 -8.9477e-01 +4.5291e-01 +4.1040e+00 +4.5444e+00 +5.0000e+00 +1.0463e+00 -1.7772e+00 +9.2884e-01 +1.1876e+00 -2.0999e-03 -1.7513e+00 -8.4793e-01 +1.2269e+00
1609 +1.388269369e+05 +1.388269369e+05 +1.388674569e+05 +1.388674569e+05 +4.8858e+00 -1.9697e+00 +5.0000e+00 -6.7243e-01 +6.6249e-01 -3.0856e+00 +8.6686e-01 -1.1072e+00 +1.9965e-01 +4.1688e+00 +3.2714e+00 +4.9961e+00 +2.0643e+00 -1.7930e+00 +1.5950e+00 +2.0282e+00 -6.4911e-01 -1.8952e+00 -1.4280e+00 +1.2999e+00
3028 +9.214048536e+04 +9.214048536e+04 +9.218100536e+04 +9.218100536e+04 +4.9022e+00 -2.9086e+00 +5.0000e+00 +1.7337e-01 +1.2519e+00 -3.6547e+00 +8.9312e-01 -1.0315e+00 +6.7357e-01 +4.2868e+00 +3.0236e+00 +4.9956e+00 +2.7106e+00 -7.8901e-01 +0.0000e+00 +2.4861e+00 -1.2336e+00 -2.3889e+00 -2.0301e+00 +1.2420e+00
3313 +6.165801662e+04 +6.165801662e+04 +6.169853662e+04 +6.169853662e+04 +4.9108e+00 -2.9596e+00 +5.0000e+00 +5.0546e-01 +1.3312e+00 -3.5358e+00 +1.1234e+00 -7.1495e-01 +5.7236e-01 +4.5230e+00 +3.3671e+00 +4.9968e+00 +3.0435e+00 -1.1793e+00 -1.0460e-01 +2.7450e+00 -8.2912e-01 -2.7835e+00 -2.3861e+00 +9.4985e-01
3558 +3.622763326e+04 +3.622763326e+04 +3.626815326e+04 +3.626815326e+04 +4.9351e+00 -3.1080e+00 +5.0000e+00 +1.0362e+00 +1.1216e+00 -3.7379e+00 +1.3994e+00 -3.1708e-01 +8.9040e-01 +4.7281e+00 +3.5237e+00 +4.9985e+00 +3.8115e+00 -1.3736e+00 -1.7826e+00 +2.8531e+00 -5.5200e-01 -3.4900e+00 -2.4664e+00 +8.7621e-01
7152 +2.481289630e+04 +2.481289630e+04 +2.485341630e+04 +2.485341630e+04 +4.8959e+00 -3.3915e+00 +5.0000e+00 +1.0779e+00 +1.3140e+00 -3.8893e+00 +1.9223e+00 +5.3449e-02 +6.8730e-01 +4.2712e+00 +3.0379e+00 +4.9976e+00 +3.8587e+00 -1.6023e+00 -2.2651e+00 +3.1458e+00 -5.0068e-01 -3.3980e+00 -2.2192e+00 +7.2494e-01
10166 +1.577027682e+04 +1.577027682e+04 +1.581079682e+04 +1.581079682e+04 +4.9048e+00 -3.5596e+00 +5.0000e+00 +1.8169e+00 +1.6525e+00 -4.1168e+00 +2.1171e+00 +4.5525e-02 +1.1038e-01 +3.9060e+00 +3.5566e+00 +4.9955e+00 +4.4907e+00 -1.7220e+00 -3.4405e+00 +3.9474e+00 -7.3273e-01 -3.2612e+00 -2.2431e+00 +8.7667e-01
24495 +9.991128260e+03 +9.991128260e+03 +1.003164826e+04 +1.003164826e+04 +4.6768e+00 -2.7809e+00 +5.0000e+00 +2.0942e+00 +1.7201e+00 -4.2582e+00 +2.1353e+00 -2.6129e-01 -4.5565e-01 +4.0123e+00 +3.5210e+00 +4.1753e+00 +4.7001e+00 -2.4214e+00 -3.4944e+00 +3.7359e+00 -1.6422e+00 -3.4589e+00 -1.7370e+00 +9.9240e-01
50408 +6.309050311e+03 +6.309050311e+03 +6.349570311e+03 +6.349570311e+03 +4.6207e+00 -1.6567e+00 +5.0000e+00 +2.5020e+00 +1.3116e+00 -3.9308e+00 +2.4081e+00 -5.3193e-01 -4.8222e-01 +3.9356e+00 +3.3213e+00 +2.9396e+00 +4.7738e+00 -4.2964e+00 -3.4475e+00 +2.7104e+00 -1.7379e+00 -3.5171e+00 -1.0077e+00 +1.0127e+00
179417 +3.980334149e+03 +3.980334149e+03 +4.020854149e+03 +4.020854149e+03 +4.0571e+00 -8.7944e-01 +5.0000e+00 +2.3865e+00 +7.6021e-01 -3.5977e+00 +3.4285e+00 -1.3898e+00 -1.4439e+00 +3.3248e+00 +2.0909e+00 +1.2064e+00 +4.5295e+00 -5.0000e+00 -2.5857e+00 +1.4991e+00 -1.2123e+00 -4.1073e+00 -6.9164e-01 +1.1013e+00
% function evaluation | noise-free fitness - Fopt (-1.184900000000e+02) | best noise-free fitness - Fopt | measured fitness | best measured fitness | x1 | x2...
1 +2.142503100e+07 +2.142503100e+07 +2.142491251e+07 +2.142491251e+07 +2.3348e+00 -1.1533e+00 +1.7512e+00 -3.7502e+00 -2.7440e+00 +4.6023e+00 -2.1217e+00 +1.0049e+00 +9.1027e-02 +2.6710e+00 +2.4903e+00 +3.5161e+00 -4.4809e+00 +3.0129e+00 -4.3655e+00 -4.7378e+00 -3.3727e+00 +3.8878e+00 -1.5580e+00 +2.1863e-01
6 +1.491726519e+07 +1.491726519e+07 +1.491714670e+07 +1.491714670e+07 -5.2912e-01 -4.7762e+00 +9.6262e-01 -4.3044e+00 +2.2581e+00 -1.7920e+00 -3.2082e+00 +3.7954e+00 -2.5246e+00 -1.0930e+00 -3.7413e-01 -1.9867e+00 +1.5997e+00 -2.4798e+00 +2.6217e+00 +4.8722e+00 -3.1943e+00 -3.5899e+00 -4.0639e+00 +8.1413e-01
11 +7.663600808e+06 +7.663600808e+06 +7.663482318e+06 +7.663482318e+06 -3.6593e+00 -2.4322e+00 -2.6489e-02 -2.1127e+00 -3.1314e+00 +3.7240e+00 +3.5847e+00 +4.2563e-01 -3.0384e+00 -3.1226e-01 +4.6761e+00 +3.4653e-01 +8.7916e-01 -1.0881e+00 -1.9217e+00 +1.9561e+00 -4.3729e+00 +2.4500e+00 -1.5539e+00 +2.2738e+00
29 +5.390655607e+06 +5.390655607e+06 +5.390537117e+06 +5.390537117e+06 -2.7900e+00 +1.3833e+00 +6.1862e-01 -2.6010e+00 -4.4594e+00 +2.6988e+00 -3.8697e+00 -1.0383e+00 -4.2433e+00 -2.1554e+00 +3.2863e-01 -3.9197e+00 +1.5389e+00 +1.2789e-01 -3.8221e+00 +2.8902e-01 -2.9608e+00 +3.3662e-01 -1.9464e+00 +3.1407e+00
34 +2.645894535e+06 +2.645894535e+06 +2.645776045e+06 +2.645776045e+06 -2.1060e+00 +7.2637e-01 +4.9963e+00 +2.4093e-01 +3.2119e+00 +3.3082e+00 +2.7669e+00 -1.1409e+00 -2.1457e+00 -3.9228e+00 +8.6682e-01 +6.4030e-01 -2.3766e+00 -4.5961e+00 -4.5312e+00 +1.2657e+00 +2.9467e+00 -1.0357e-01 +3.0634e+00 -3.7118e+00
62 +2.248054751e+06 +2.248054751e+06 +2.247936261e+06 +2.247936261e+06 -1.9909e+00 +2.9649e+00 +8.7022e-01 +5.0000e+00 +3.3503e+00 +1.2005e+00 +2.4380e+00 -1.4930e+00 -1.2731e+00 -5.0000e+00 +1.5508e+00 +2.0640e+00 -3.1328e-02 -2.2449e-01 -6.4659e-01 +3.3158e+00 +7.2797e-02 -6.0238e-01 +1.5225e+00 -7.3746e-01
159 +1.374235912e+06 +1.374235912e+06 +1.374117422e+06 +1.374117422e+06 -3.2562e+00 +5.0000e+00 +0.0000e+00 +3.6817e+00 +5.0000e+00 +3.0951e+00 -1.6841e+00 -1.6783e+00 -1.2154e+00 -4.8256e+00 +3.1929e+00 +1.8099e+00 +2.4518e-01 -1.4938e+00 -3.1455e+00 +5.0000e+00 +2.1533e+00 -2.3896e-01 +5.9308e-01 -1.2694e+00
256 +8.961579678e+05 +8.961579678e+05 +8.960394778e+05 +8.960394778e+05 -5.0000e+00 +4.8898e+00 +1.7175e+00 +3.6230e+00 +3.2818e+00 +4.1234e+00 -6.9098e-01 -1.1127e+00 -1.1025e+00 -3.0674e+00 +3.1528e+00 +8.8009e-01 +5.9867e-01 -7.2849e-03 -2.7317e+00 +3.8693e+00 +7.4440e-01 +1.4875e+00 -1.7877e+00 +4.5363e-01
381 +3.469453701e+05 +3.469453701e+05 +3.468268801e+05 +3.468268801e+05 -5.0000e+00 +4.5337e+00 +1.1718e+00 +4.2372e+00 +2.1937e+00 +4.5620e+00 -1.3433e+00 +1.1618e-01 -2.4551e+00 -2.6423e+00 +3.7403e+00 +1.1945e+00 +5.0000e+00 +6.9968e-01 -5.2437e-01 +4.1923e+00 +1.3041e+00 +1.8293e+00 -7.7847e-01 +1.7544e+00
866 +2.507566360e+05 +2.507566360e+05 +2.506381460e+05 +2.506381460e+05 -4.6502e+00 +4.2138e+00 +1.0684e+00 +4.8516e+00 +3.2230e+00 +4.8113e+00 -2.1954e+00 +4.9776e-01 -1.0898e+00 -1.4103e+00 +3.9086e+00 +4.8470e+00 +5.0000e+00 +6.4993e-01 -2.7040e+00 +3.9952e+00 -1.4604e+00 +1.6865e+00 -1.2169e+00 +4.4254e-01
881 +1.559875971e+05 +1.559875971e+05 +1.558691071e+05 +1.558691071e+05 -4.7665e+00 +4.2638e+00 +7.2732e-01 +4.5074e+00 +2.7691e+00 +5.0000e+00 -2.5943e+00 -7.0386e-01 -2.1500e+00 -1.6042e+00 +4.0649e+00 +2.7177e+00 +5.0000e+00 -1.1978e-01 -2.4110e+00 +3.9826e+00 +1.4630e-01 +8.4190e-01 +4.2439e-01 +1.6447e+00
1702 +9.635576761e+04 +9.635576761e+04 +9.623727761e+04 +9.623727761e+04 -4.7835e+00 +4.6570e+00 +1.1539e+00 +4.8257e+00 +2.5405e+00 +4.9226e+00 -2.8369e+00 +8.1734e-01 -1.5675e+00 -9.7247e-01 +3.9086e+00 +3.7969e+00 +4.9960e+00 +1.5121e+00 -2.5833e+00 +4.2715e+00 +3.8019e-01 +8.3354e-01 +8.0651e-01 +1.8082e+00
2510 +5.983617587e+04 +5.983617587e+04 +5.971768587e+04 +5.971768587e+04 -4.8016e+00 +4.5422e+00 +7.6092e-01 +4.4730e+00 +2.9355e+00 +4.8857e+00 -2.7308e+00 +8.6950e-01 -2.2026e+00 -1.1547e+00 +3.8288e+00 +4.1252e+00 +5.0000e+00 +2.0723e+00 -2.6290e+00 +3.2461e+00 -2.5934e-01 +1.0180e+00 +1.8120e+00 +2.2093e+00
5005 +3.964176167e+04 +3.964176167e+04 +3.952327167e+04 +3.952327167e+04 -4.5536e+00 +3.6579e+00 +4.2050e-01 +4.9602e+00 +1.9532e+00 +4.8257e+00 -3.0362e+00 +8.5788e-01 -2.0536e+00 -1.0087e+00 +3.9665e+00 +4.0359e+00 +5.0000e+00 +1.9978e+00 -2.1491e+00 +3.7889e+00 -1.1188e+00 +1.4446e+00 +1.3388e+00 +1.8065e+00
6857 +2.500465582e+04 +2.500465582e+04 +2.488616582e+04 +2.488616582e+04 -4.8812e+00 +3.2211e+00 -1.3348e+00 +4.9541e+00 +8.8279e-01 +4.7806e+00 -3.1225e+00 +5.4658e-01 -2.0149e+00 -1.1054e+00 +3.9542e+00 +4.0300e+00 +5.0000e+00 +2.2129e+00 -2.2444e+00 +3.4014e+00 -1.7386e+00 +1.2118e+00 +1.8001e+00 +1.9439e+00
8364 +1.525841509e+04 +1.525841509e+04 +1.513992509e+04 +1.513992509e+04 -5.0000e+00 +2.9498e+00 -2.8113e+00 +4.9641e+00 -7.8842e-02 +4.6434e+00 -3.0979e+00 +6.0762e-01 -1.8148e+00 -1.1765e+00 +4.0221e+00 +4.0145e+00 +5.0000e+00 +2.2306e+00 -2.2341e+00 +3.5136e+00 -1.7043e+00 +8.5224e-01 +2.8965e+00 +1.8739e+00
8959 +9.931863021e+03 +9.931863021e+03 +9.813373021e+03 +9.813373021e+03 -5.0000e+00 +2.6926e+00 -3.6554e+00 +4.9686e+00 -6.8874e-01 +4.6072e+00 -3.1571e+00 +5.8180e-01 -1.8276e+00 -1.1215e+00 +4.0710e+00 +3.6713e+00 +5.0000e+00 +2.3267e+00 -2.1068e+00 +3.6202e+00 -1.7970e+00 +5.8014e-01 +3.0719e+00 +1.9182e+00
15112 +6.257381359e+03 +6.257381359e+03 +6.138891359e+03 +6.138891359e+03 -5.0000e+00 +2.6649e+00 -5.0000e+00 +4.9867e+00 -8.8094e-01 +4.4909e+00 -3.1756e+00 +3.4793e-01 -1.8032e+00 -1.3322e+00 +4.1590e+00 +3.6480e+00 +5.0000e+00 +2.4056e+00 -1.8303e+00 +3.4808e+00 -1.8575e+00 -3.7360e-01 +3.4448e+00 +1.9511e+00
37780 +3.979792623e+03 +3.979792623e+03 +3.861302623e+03 +3.861302623e+03 -5.0000e+00 +2.0159e+00 -5.0000e+00 +5.0000e+00 -6.7894e-01 +4.0339e+00 -3.0942e+00 -5.7350e-01 -1.7325e+00 -1.8207e+00 +3.4177e+00 +3.3825e+00 +5.0000e+00 +2.2646e+00 -2.0077e+00 +3.5351e+00 -1.7939e+00 -2.0066e-01 +2.5260e+00 +2.1408e+00
77381 +2.511280911e+03 +2.511280911e+03 +2.392790911e+03 +2.392790911e+03 -5.0000e+00 +1.0857e+00 -5.0000e+00 +5.0000e+00 -8.4286e-01 +3.7071e+00 -3.0160e+00 -1.4488e+00 -1.9547e+00 -2.2927e+00 +2.8211e+00 +2.9270e+00 +5.0000e+00 +1.8515e+00 -2.0035e+00 +3.5437e+00 -1.7371e+00 +1.8583e-01 +1.6682e+00 +2.3444e+00
126908 +1.584201225e+03 +1.584201225e+03 +1.465711225e+03 +1.465711225e+03 -5.0000e+00 +3.6483e-01 -5.0000e+00 +5.0000e+00 -6.9672e-01 +3.3981e+00 -3.0573e+00 -2.2902e+00 -1.9200e+00 -2.9010e+00 +2.1723e+00 +2.7477e+00 +5.0000e+00 +1.6897e+00 -2.0479e+00 +3.4363e+00 -1.5780e+00 +3.5628e-01 +6.1649e-01 +2.4972e+00
% function evaluation | noise-free fitness - Fopt (2.810000000000e+01) | best noise-free fitness - Fopt | measured fitness | best measured fitness | x1 | x2...
1 +1.666799667e+07 +1.666799667e+07 +1.666802477e+07 +1.666802477e+07 +2.7711e+00 -4.3340e-01 -4.7793e+00 -6.5531e-01 +2.3213e-01 +3.6758e+00 -1.8554e+00 +3.5178e-01 -4.7874e+00 +2.3380e+00 -1.8176e+00 -4.2306e+00 +5.2920e-01 +9.8657e-01 +1.7617e+00 +1.8199e+00 +4.7972e+00 +4.7708e+00 -3.0637e+00 +7.5831e-01
2 +8.770390300e+06 +8.770390300e+06 +8.770418400e+06 +8.770418400e+06 +1.5380e+00 -4.5549e-01 -4.6572e+00 -1.7131e+00 +1.5348e+00 -4.1131e+00 +6.4456e-01 +4.6296e+00 -1.6083e+00 -3.4389e+00 +8.6425e-03 +1.1555e-01 +3.0437e+00 -2.9029e+00 +3.0593e-01 +2.5996e+00 +2.7464e-01 -2.0141e-01 +2.1617e+00 +1.5847e+00
6 +3.437416081e+06 +3.437416081e+06 +3.437444181e+06 +3.437444181e+06 +8.4867e-01 -2.1259e+00 +2.7769e+00 -4.2485e+00 +2.0869e+00 +1.1048e+00 -3.7198e+00 +4.7004e+00 -1.6726e-01 +2.7218e+00 +9.4640e-01 +9.5321e-01 +2.4994e+00 -8.3975e-01 +8.5127e-01 -2.8677e+00 +2.4530e+00 -3.4467e+00 -4.5561e-01 +2.6205e+00
11 +1.827612420e+06 +1.827612420e+06 +1.827640520e+06 +1.827640520e+06 -1.4110e+00 +3.5739e-01 +9.5548e-01 +9.1725e-01 -4.1309e+00 -1.1225e+00 +9.5361e-01 +3.5255e+00 -3.9248e+00 +4.7297e-01 -1.3988e+00 -3.1239e+00 -2.9036e-01 -2.0180e+00 -5.2040e-01 -2.1832e+00 -2.2625e+00 +2.7713e+00 +4.1534e+00 +1.9692e+00
179 +5.804562856e+05 +5.804562856e+05 +5.804843856e+05 +5.804843856e+05 +2.5300e-02 +1.2111e+00 -6.3702e-01 +0.0000e+00 -5.0000e+00 +0.0000e+00 +2.4120e+00 +2.7763e+00 -5.0000e+00 -6.0052e-01 -1.0859e+00 -2.1798e+00 +2.2280e+00 -2.5343e+00 -1.4010e+00 -4.2209e+00 -2.5260e+00 -1.2495e-01 +1.4938e+00 +3.5121e-01
273 +3.923745853e+05 +3.923745853e+05 +3.924026853e+05 +3.924026853e+05 -1.5739e-01 +1.5087e+00 -1.3892e+00 -7.0078e-01 -5.0000e+00 +5.5044e-01 +1.9316e+00 +2.7975e+00 -5.0000e+00 +0.0000e+00 +3.7520e-01 -3.1261e+00 +2.5839e+00 -2.5392e+00 -1.7646e+00 -7.6125e-01 -1.9400e+00 -1.6496e+00 +9.9494e-01 -2.4690e+00
574 +1.574380754e+05 +1.574380754e+05 +1.574661754e+05 +1.574661754e+05 -4.3513e-01 +1.9969e+00 -1.4135e+00 -7.9796e-02 -5.0000e+00 +8.6880e-01 +1.4038e+00 +2.5275e+00 -5.0000e+00 -4.1786e-01 +5.2367e-01 -2.5883e+00 +2.7678e+00 -2.4779e+00 -3.0761e+00 -1.7318e+00 -1.4873e+00 -9.6763e-01 +8.4255e-01 -7.9072e-01
924 +9.806421669e+04 +9.806421669e+04 +9.809231669e+04 +9.809231669e+04 -4.9482e-01 +2.1166e+00 -1.2035e+00 +1.1085e-02 -5.0000e+00 +1.4748e+00 +9.3497e-01 +1.8629e+00 -5.0000e+00 -4.3951e-01 +5.2645e-01 -2.5604e+00 +3.0191e+00 -2.2732e+00 -9.0304e-01 -2.2403e+00 -1.5773e+00 -1.5322e+00 +1.0508e+00 -4.4774e-01
3080 +5.850672496e+04 +5.850672496e+04 +5.853482496e+04 +5.853482496e+04 -5.0042e-01 +2.2618e+00 -1.0589e+00 +1.5183e-01 -4.9980e+00 +1.4381e+00 +8.3348e-01 +1.7244e+00 -5.0000e+00 +1.0887e-01 +4.8060e-01 -2.5271e+00 +3.2642e+00 -2.0826e+00 +2.2337e-01 -1.9027e+00 -1.2736e+00 -1.3980e+00 +9.8484e-01 +3.9587e-01
5161 +3.922420670e+04 +3.922420670e+04 +3.925230670e+04 +3.925230670e+04 -3.5541e-01 +2.1631e+00 -1.0797e+00 +1.1771e+00 -4.9980e+00 +1.0258e+00 +4.6315e-01 +1.6089e+00 -4.9984e+00 +1.5007e-01 +4.4762e-01 -2.0838e+00 +3.2362e+00 -1.8284e+00 -5.2381e-01 -1.1947e+00 -3.6390e-01 -1.5560e+00 +9.1595e-01 +9.5320e-01
6205 +2.425096138e+04 +2.425096138e+04 +2.427906138e+04 +2.427906138e+04 -1.5743e-01 +2.3058e+00 -9.7177e-01 +1.3270e+00 -4.9969e+00 +2.5687e-01 -3.2416e-01 +1.3511e+00 -4.9977e+00 +6.1882e-02 +5.0275e-01 -1.6547e+00 +2.7862e+00 -2.0362e+00 -8.6553e-01 -7.0752e-01 -1.9381e-01 -1.5830e+00 +8.4278e-01 +1.0700e+00
8317 +1.580028738e+04 +1.580028738e+04 +1.582838738e+04 +1.582838738e+04 -5.4971e-02 +2.2907e+00 -9.2973e-01 +9.8912e-01 -5.0000e+00 -7.8549e-01 -1.1450e+00 +1.2345e+00 -4.9980e+00 +1.8029e-01 +4.8122e-01 -1.3603e+00 +2.8373e+00 -2.1250e+00 -9.7669e-01 -2.9219e-01 -6.3799e-01 -1.5320e+00 +8.5314e-01 +1.3221e+00
13224 +9.966698892e+03 +9.966698892e+03 +9.994798892e+03 +9.994798892e+03 +1.6470e-01 +2.6325e+00 -1.1463e+00 +8.7347e-01 -4.9998e+00 -1.7422e+00 -2.0893e+00 +1.1222e+00 -5.0000e+00 -7.1106e-02 +2.7756e-01 -1.3230e+00 +2.2065e+00 -2.5060e+00 -1.3599e+00 -7.6946e-02 -4.3873e-01 -1.5355e+00 +6.9444e-01 +1.3633e+00
14431 +6.260572408e+03 +6.260572408e+03 +6.288672408e+03 +6.288672408e+03 +4.2483e-01 +2.6707e+00 -1.1309e+00 +9.8616e-01 -4.9999e+00 -2.0630e+00 -2.2668e+00 +1.1480e+00 -4.9999e+00 -5.4706e-02 +4.0003e-01 -1.3282e+00 +1.9114e+00 -2.4109e+00 -1.6135e+00 +2.0129e-01 -4.9611e-01 -1.5368e+00 +6.3514e-01 +1.3838e+00
18070 +3.945589421e+03 +3.945589421e+03 +3.973689421e+03 +3.973689421e+03 +4.9625e-01 +3.1283e+00 -1.2119e+00 +1.3093e+00 -4.9999e+00 -2.2397e+00 -2.6701e+00 +1.1685e+00 -5.0000e+00 -4.9647e-02 +5.2687e-01 -1.3296e+00 +1.7645e+00 -2.3250e+00 -1.8196e+00 +5.4245e-01 -6.5831e-01 -1.5342e+00 +3.1482e-01 +1.4010e+00
25176 +2.509999348e+03 +2.509999348e+03 +2.538099348e+03 +2.538099348e+03 +4.9983e-01 +3.6196e+00 -1.5334e+00 +1.3434e+00 -4.9999e+00 -3.0937e+00 -3.1008e+00 +1.3833e+00 -4.9994e+00 -1.3640e-01 +5.3453e-01 -1.3292e+00 +1.5095e+00 -2.3696e+00 -1.9782e+00 +1.1046e+00 -6.6087e-01 -1.5423e+00 +1.2370e-01 +1.3600e+00
33084 +1.581098221e+03 +1.581098221e+03 +1.609198221e+03 +1.609198221e+03 +4.8010e-01 +3.8914e+00 -1.8697e+00 +1.3456e+00 -4.9999e+00 -3.8024e+00 -3.1523e+00 +1.5021e+00 -5.0000e+00 -3.5471e-01 +3.9498e-01 -1.3295e+00 +1.4243e+00 -2.1943e+00 -1.9328e+00 +1.4702e+00 -7.0664e-01 -1.5017e+00 +2.7164e-02 +1.1221e+00
41161 +9.956005203e+02 +9.956005203e+02 +1.023700520e+03 +1.023700520e+03 +4.0891e-01 +4.1225e+00 -2.1087e+00 +1.3617e+00 -4.9999e+00 -3.9733e+00 -3.1711e+00 +1.5557e+00 -5.0000e+00 -6.0249e-01 +3.1876e-01 -1.3516e+00 +1.1680e+00 -2.2755e+00 -1.9828e+00 +1.5031e+00 -7.1711e-01 -1.4229e+00 -9.2775e-02 +1.0055e+00
52489 +6.289080088e+02 +6.289080088e+02 +6.570080088e+02 +6.570080088e+02 +4.1169e-01 +4.3063e+00 -2.3426e+00 +1.4189e+00 -4.9999e+00 -4.1695e+00 -3.2936e+00 +1.6154e+00 -5.0000e+00 -8.4833e-01 +2.7639e-01 -1.3581e+00 +9.5211e-01 -2.2595e+00 -2.1424e+00 +1.6291e+00 -8.0646e-01 -1.3474e+00 -1.9403e-01 +7.6867e-01
69359 +3.979562395e+02 +3.979562395e+02 +4.260562395e+02 +4.260562395e+02 +4.1112e-01 +4.5148e+00 -2.5232e+00 +1.4281e+00 -5.0000e+00 -4.3621e+00 -3.4685e+00 +1.6887e+00 -5.0000e+00 -1.0234e+00 +2.3937e-01 -1.3873e+00 +7.7376e-01 -2.2835e+00 -2.2017e+00 +1.6941e+00 -9.0601e-01 -1.3030e+00 -2.5193e-01 +6.4882e-01
145309 +2.511289799e+02 +2.511289799e+02 +2.792289799e+02 +2.792289799e+02 +3.5917e-01 +4.6590e+00 -2.6748e+00 +1.3359e+00 -5.0000e+00 -4.7303e+00 -3.4101e+00 +1.6477e+00 -5.0000e+00 -1.1855e+00 -4.9900e-02 -1.4703e+00 +4.7411e-01 -2.3135e+00 -2.2151e+00 +1.8212e+00 -8.3280e-01 -1.0522e+00 -3.6804e-01 +4.8264e-01
