% function evaluation | noise-free fitness - Fopt (1.491500000000e+02) | best noise-free fitness - Fopt | measured fitness | best measured fitness | x1 | x2...
1 +2.057691347e+02 +2.057691347e+02 +3.549191347e+02 +3.549191347e+02 -2.4012e+00 -9.7416e-01
6 +9.446085429e+01 +9.446085429e+01 +2.436108543e+02 +2.436108543e+02 -3.7969e-01 -1.8859e+00
12 +2.919007638e+01 +2.919007638e+01 +1.783400764e+02 +1.783400764e+02 -2.4012e+00 +9.2768e-01
57 +1.285877929e+01 +1.285877929e+01 +1.620087793e+02 +1.620087793e+02 -3.0139e+00 +2.2632e+00
95 +2.759133807e+00 +2.759133807e+00 +1.519091338e+02 +1.519091338e+02 -1.3225e+00 -1.1920e+00
116 +2.048067661e+00 +2.048067661e+00 +1.511980677e+02 +1.511980677e+02 -1.4854e+00 -1.1807e+00
138 +4.996713091e-01 +4.996713091e-01 +1.496496713e+02 +1.496496713e+02 -5.2959e-01 -1.1469e+00
144 +1.750787352e-01 +1.750787352e-01 +1.493250787e+02 +1.493250787e+02 -3.2778e-01 -8.0991e-01
182 +3.157267618e-03 +3.157267618e-03 +1.491531573e+02 +1.491531573e+02 -2.3533e-02 -3.0182e-01
430 +2.294005200e-03 +2.294005200e-03 +1.491522940e+02 +1.491522940e+02 -9.0288e-03 -2.7760e-01
495 +1.328459343e-03 +1.328459343e-03 +1.491513285e+02 +1.491513285e+02 -2.4812e-02 -3.0709e-01
574 +3.739339145e-04 +3.739339145e-04 +1.491503739e+02 +1.491503739e+02 -3.6251e-02 -3.3293e-01
623 +5.458325705e-05 +5.458325705e-05 +1.491500546e+02 +1.491500546e+02 -4.7820e-02 -3.5595e-01
640 +3.634209548e-06 +3.634209548e-06 +1.491500036e+02 +1.491500036e+02 -5.4868e-02 -3.6995e-01
736 +6.437675495e-07 +6.437675495e-07 +1.491500006e+02 +1.491500006e+02 -5.6001e-02 -3.7240e-01
897 +4.470900308e-07 +4.470900308e-07 +1.491500004e+02 +1.491500004e+02 -5.5588e-02 -3.7152e-01
976 +2.396560603e-07 +2.396560603e-07 +1.491500002e+02 +1.491500002e+02 -5.5520e-02 -3.7148e-01
1030 +1.744510314e-08 +1.744510314e-08 +1.491500000e+02 +1.491500000e+02 -5.5294e-02 -3.7100e-01
1038 +4.028890999e-09 +4.028890999e-09 +1.491500000e+02 +1.491500000e+02 -5.5148e-02 -3.7069e-01
% function evaluation | noise-free fitness - Fopt (-1.000000000000e+03) | best noise-free fitness - Fopt | measured fitness | best measured fitness | x1 | x2...
1 +5.486209802e+03 +5.486209802e+03 +4.486209802e+03 +4.486209802e+03 -1.4786e+00 -1.6142e+00
2 +2.277090438e+01 +2.277090438e+01 -9.772290956e+02 -9.772290956e+02 -4.2969e+00 +8.3261e-01
22 +5.937665621e-01 +5.937665621e-01 -9.994062334e+02 -9.994062334e+02 -3.1602e+00 +7.2039e-01
91 +2.871647505e-01 +2.871647505e-01 -9.997128352e+02 -9.997128352e+02 -3.3444e+00 +4.1015e-01
157 +2.451730863e-01 +2.451730863e-01 -9.997548269e+02 -9.997548269e+02 -3.3387e+00 +4.4300e-01
224 +1.362949048e-01 +1.362949048e-01 -9.998637051e+02 -9.998637051e+02 -3.2174e+00 +5.7419e-01
260 +5.244399531e-02 +5.244399531e-02 -9.999475560e+02 -9.999475560e+02 -3.0558e+00 +7.9477e-01
331 +2.211354199e-02 +2.211354199e-02 -9.999778865e+02 -9.999778865e+02 -2.9869e+00 +9.2372e-01
387 +9.145883470e-03 +9.145883470e-03 -9.999908541e+02 -9.999908541e+02 -2.9376e+00 +1.0024e+00
533 +5.442174656e-03 +5.442174656e-03 -9.999945578e+02 -9.999945578e+02 -2.9170e+00 +1.0411e+00
550 +3.716411134e-03 +3.716411134e-03 -9.999962836e+02 -9.999962836e+02 -2.9031e+00 +1.0672e+00
558 +2.414424028e-03 +2.414424028e-03 -9.999975856e+02 -9.999975856e+02 -2.8714e+00 +1.1264e+00
635 +1.375652555e-03 +1.375652555e-03 -9.999986243e+02 -9.999986243e+02 -2.8853e+00 +1.1037e+00
649 +7.309653780e-04 +7.309653780e-04 -9.999992690e+02 -9.999992690e+02 -2.8633e+00 +1.1443e+00
730 +1.174090470e-04 +1.174090470e-04 -9.999998826e+02 -9.999998826e+02 -2.8590e+00 +1.1552e+00
737 +7.154389402e-05 +7.154389402e-05 -9.999999285e+02 -9.999999285e+02 -2.8504e+00 +1.1731e+00
818 +2.767578712e-05 +2.767578712e-05 -9.999999723e+02 -9.999999723e+02 -2.8466e+00 +1.1793e+00
821 +9.592130027e-06 +9.592130027e-06 -9.999999904e+02 -9.999999904e+02 -2.8470e+00 +1.1793e+00
991 +4.025463340e-07 +4.025463340e-07 -9.999999996e+02 -9.999999996e+02 -2.8476e+00 +1.1778e+00
1122 +3.863578968e-07 +3.863578968e-07 -9.999999996e+02 -9.999999996e+02 -2.8478e+00 +1.1775e+00
1178 +9.437871995e-08 +9.437871995e-08 -9.999999999e+02 -9.999999999e+02 -2.8483e+00 +1.1764e+00
1272 +2.647880137e-08 +2.647880137e-08 -1.000000000e+03 -1.000000000e+03 -2.8483e+00 +1.1764e+00
1282 +1.604973932e-08 +1.604973932e-08 -1.000000000e+03 -1.000000000e+03 -2.8483e+00 +1.1763e+00
1312 +3.675609150e-09 +3.675609150e-09 -1.000000000e+03 -1.000000000e+03 -2.8482e+00 +1.1766e+00
% function evaluation | noise-free fitness - Fopt (9.862000000000e+01) | best noise-free fitness - Fopt | measured fitness | best measured fitness | x1 | x2...
1 +1.395460902e+04 +1.395460902e+04 +1.405322902e+04 +1.405322902e+04 -4.9048e+00 -4.3459e+00
2 +3.218024097e+03 +3.218024097e+03 +3.316644097e+03 +3.316644097e+03 -4.1905e+00 -2.1209e+00
3 +4.724360280e+02 +4.724360280e+02 +5.710560280e+02 +5.710560280e+02 -4.6044e+00 +3.5474e+00
5 +3.423098962e+02 +3.423098962e+02 +4.409298962e+02 +4.409298962e+02 +1.1925e+00 +4.9994e+00
6 +7.597975961e+00 +7.597975961e+00 +1.062179760e+02 +1.062179760e+02 -1.0925e+00 -1.9141e+00
151 +2.217231545e+00 +2.217231545e+00 +1.008372315e+02 +1.008372315e+02 -2.2935e+00 -1.9141e+00
163 +3.596724711e-01 +3.596724711e-01 +9.897967247e+01 +9.897967247e+01 -1.3701e+00 -1.9786e+00
557 +2.439902932e-01 +2.439902932e-01 +9.886399029e+01 +9.886399029e+01 -1.2483e+00 -1.8595e+00
672 +1.559493298e-01 +1.559493298e-01 +9.877594933e+01 +9.877594933e+01 -1.1963e+00 -1.7715e+00
711 +9.886680241e-02 +9.886680241e-02 +9.871886680e+01 +9.871886680e+01 -1.1099e+00 -1.6721e+00
790 +6.306931518e-02 +6.306931518e-02 +9.868306932e+01 +9.868306932e+01 -1.0562e+00 -1.5861e+00
813 +3.276981942e-02 +3.276981942e-02 +9.865276982e+01 +9.865276982e+01 -9.7590e-01 -1.4661e+00
936 +2.481896063e-02 +2.481896063e-02 +9.864481896e+01 +9.864481896e+01 -9.5480e-01 -1.4296e+00
994 +1.288320232e-02 +1.288320232e-02 +9.863288320e+01 +9.863288320e+01 -9.0188e-01 -1.3259e+00
1002 +5.412219987e-03 +5.412219987e-03 +9.862541222e+01 +9.862541222e+01 -8.6646e-01 -1.2706e+00
1008 +3.235265928e-03 +3.235265928e-03 +9.862323527e+01 +9.862323527e+01 -8.4877e-01 -1.2367e+00
1027 +1.073913348e-04 +1.073913348e-04 +9.862010739e+01 +9.862010739e+01 -8.1556e-01 -1.1684e+00
1087 +5.480500398e-05 +5.480500398e-05 +9.862005481e+01 +9.862005481e+01 -8.0205e-01 -1.1422e+00
1251 +2.921815812e-05 +2.921815812e-05 +9.862002922e+01 +9.862002922e+01 -8.1020e-01 -1.1580e+00
1273 +1.268268140e-05 +1.268268140e-05 +9.862001268e+01 +9.862001268e+01 -8.0447e-01 -1.1460e+00
1305 +6.517874425e-06 +6.517874425e-06 +9.862000652e+01 +9.862000652e+01 -8.0667e-01 -1.1505e+00
1400 +5.628138950e-06 +5.628138950e-06 +9.862000563e+01 +9.862000563e+01 -8.0715e-01 -1.1518e+00
1414 +1.533422505e-06 +1.533422505e-06 +9.862000153e+01 +9.862000153e+01 -8.0488e-01 -1.1470e+00
1461 +1.836963719e-07 +1.836963719e-07 +9.862000018e+01 +9.862000018e+01 -8.0558e-01 -1.1486e+00
1463 +5.926773383e-08 +5.926773383e-08 +9.862000006e+01 +9.862000006e+01 -8.0509e-01 -1.1476e+00
1525 +2.322636306e-08 +2.322636306e-08 +9.862000002e+01 +9.862000002e+01 -8.0535e-01 -1.1481e+00
1554 +8.867530710e-09 +8.867530710e-09 +9.862000001e+01 +9.862000001e+01 -8.0524e-01 -1.1479e+00
% function evaluation | noise-free fitness - Fopt (-4.715000000000e+01) | best noise-free fitness - Fopt | measured fitness | best measured fitness | x1 | x2...
1 +1.282059743e+03 +1.282059743e+03 +1.234909743e+03 +1.234909743e+03 +5.1205e-01 -1.9852e+00
6 +1.360854115e+01 +1.360854115e+01 -3.354145885e+01 -3.354145885e+01 -3.2755e+00 +1.7596e+00
20 +4.716001123e+00 +4.716001123e+00 -4.243399888e+01 -4.243399888e+01 -9.7728e-01 -1.4689e+00
61 +1.669517729e+00 +1.669517729e+00 -4.548048227e+01 -4.548048227e+01 -9.7728e-01 -1.5643e+00
145 +1.024317301e+00 +1.024317301e+00 -4.612568270e+01 -4.612568270e+01 -1.2135e+00 -1.8368e+00
151 +8.553498874e-01 +8.553498874e-01 -4.629465011e+01 -4.629465011e+01 -1.2135e+00 -1.8148e+00
192 +5.874110919e-01 +5.874110919e-01 -4.656258891e+01 -4.656258891e+01 -1.0905e+00 -1.7533e+00
322 +3.666959701e-01 +3.666959701e-01 -4.678330403e+01 -4.678330403e+01 -8.3325e-01 -1.5199e+00
365 +2.393966929e-01 +2.393966929e-01 -4.691060331e+01 -4.691060331e+01 -1.1590e-01 -3.6947e-01
466 +9.683879443e-02 +9.683879443e-02 -4.705316121e+01 -4.705316121e+01 -1.5163e-01 -4.3650e-01
492 +5.375268573e-02 +5.375268573e-02 -4.709624731e+01 -4.709624731e+01 -1.5163e-01 -3.9630e-01
556 +3.494973105e-02 +3.494973105e-02 -4.711505027e+01 -4.711505027e+01 -1.4685e-01 -3.9630e-01
705 +2.441029839e-02 +2.441029839e-02 -4.712558970e+01 -4.712558970e+01 -1.7481e-01 -4.6635e-01
763 +1.272431674e-02 +1.272431674e-02 -4.713727568e+01 -4.713727568e+01 -2.1820e-01 -5.6452e-01
780 +8.853385211e-03 +8.853385211e-03 -4.714114661e+01 -4.714114661e+01 -2.6654e-01 -6.7568e-01
801 +4.676795861e-03 +4.676795861e-03 -4.714532320e+01 -4.714532320e+01 -2.6654e-01 -6.7118e-01
833 +3.457170800e-03 +3.457170800e-03 -4.714654283e+01 -4.714654283e+01 -2.8351e-01 -7.0812e-01
906 +2.077256222e-03 +2.077256222e-03 -4.714792274e+01 -4.714792274e+01 -2.8983e-01 -7.1984e-01
919 +1.276198204e-03 +1.276198204e-03 -4.714872380e+01 -4.714872380e+01 -2.9962e-01 -7.3985e-01
921 +8.350735033e-04 +8.350735033e-04 -4.714916493e+01 -4.714916493e+01 -3.0472e-01 -7.4986e-01
947 +2.929176240e-04 +2.929176240e-04 -4.714970708e+01 -4.714970708e+01 -3.1383e-01 -7.6751e-01
988 +9.809469589e-05 +9.809469589e-05 -4.714990191e+01 -4.714990191e+01 -3.2094e-01 -7.8181e-01
994 +6.756957347e-06 +6.756957347e-06 -4.714999324e+01 -4.714999324e+01 -3.2826e-01 -7.9642e-01
1002 +1.455999836e-06 +1.455999836e-06 -4.714999854e+01 -4.714999854e+01 -3.3025e-01 -8.0041e-01
1175 +8.120578698e-07 +8.120578698e-07 -4.714999919e+01 -4.714999919e+01 -3.3147e-01 -8.0271e-01
1184 +1.433708121e-07 +1.433708121e-07 -4.714999986e+01 -4.714999986e+01 -3.3037e-01 -8.0051e-01
1332 +5.284987736e-08 +5.284987736e-08 -4.714999995e+01 -4.714999995e+01 -3.3063e-01 -8.0104e-01
1359 +2.232638963e-09 +2.232638963e-09 -4.715000000e+01 -4.715000000e+01 -3.3059e-01 -8.0097e-01
% function evaluation | noise-free fitness - Fopt (3.752000000000e+01) | best noise-free fitness - Fopt | measured fitness | best measured fitness | x1 | x2...
1 +2.399599008e+03 +2.399599008e+03 +2.437119008e+03 +2.437119008e+03 +4.6051e+00 +1.8405e+00
5 +1.452128958e+03 +1.452128958e+03 +1.489648958e+03 +1.489648958e+03 +8.3073e-01 +1.2725e+00
8 +4.471844867e+02 +4.471844867e+02 +4.847044867e+02 +4.847044867e+02 +3.7865e+00 +4.4153e+00
10 +1.894015547e+01 +1.894015547e+01 +5.646015547e+01 +5.646015547e+01 +3.2116e+00 -4.3457e-01
13 +1.316264062e+00 +1.316264062e+00 +3.883626406e+01 +3.883626406e+01 +3.5382e+00 +1.2725e+00
50 +1.731958893e-01 +1.731958893e-01 +3.769319589e+01 +3.769319589e+01 +2.8949e+00 -9.8592e-01
208 +1.121969620e-01 +1.121969620e-01 +3.763219696e+01 +3.763219696e+01 +2.7868e+00 -1.3032e+00
269 +8.303561082e-02 +8.303561082e-02 +3.760303561e+01 +3.760303561e+01 +2.6971e+00 -1.4921e+00
369 +1.082148583e-02 +1.082148583e-02 +3.753082149e+01 +3.753082149e+01 +2.5924e+00 -1.7557e+00
420 +7.145142714e-03 +7.145142714e-03 +3.752714514e+01 +3.752714514e+01 +2.5218e+00 -1.8969e+00
464 +3.489885965e-03 +3.489885965e-03 +3.752348989e+01 +3.752348989e+01 +2.5421e+00 -1.8651e+00
503 +1.845576258e-03 +1.845576258e-03 +3.752184558e+01 +3.752184558e+01 +2.5317e+00 -1.8851e+00
652 +9.518236910e-04 +9.518236910e-04 +3.752095182e+01 +3.752095182e+01 +2.5183e+00 -1.9131e+00
670 +6.273755119e-04 +6.273755119e-04 +3.752062738e+01 +3.752062738e+01 +2.5099e+00 -1.9306e+00
720 +3.392910241e-04 +3.392910241e-04 +3.752033929e+01 +3.752033929e+01 +2.5055e+00 -1.9390e+00
786 +2.955509188e-07 +2.955509188e-07 +3.752000030e+01 +3.752000030e+01 +2.4895e+00 -1.9702e+00
984 +2.196193236e-07 +2.196193236e-07 +3.752000022e+01 +3.752000022e+01 +2.4896e+00 -1.9701e+00
1019 +1.489934149e-07 +1.489934149e-07 +3.752000015e+01 +3.752000015e+01 +2.4897e+00 -1.9698e+00
1048 +5.946304782e-09 +5.946304782e-09 +3.752000001e+01 +3.752000001e+01 +2.4900e+00 -1.9692e+00
% function evaluation | noise-free fitness - Fopt (-4.464000000000e+01) | best noise-free fitness - Fopt | measured fitness | best measured fitness | x1 | x2...
1 +1.097793258e+04 +1.097793258e+04 +1.093329258e+04 +1.093329258e+04 +3.7007e+00 -3.6528e+00
2 +2.010869004e+02 +2.010869004e+02 +1.564469004e+02 +1.564469004e+02 +6.5313e-01 -3.7447e+00
9 +1.537655897e+02 +1.537655897e+02 +1.091255897e+02 +1.091255897e+02 -2.5879e-01 -2.3361e-01
24 +5.164087172e+00 +5.164087172e+00 -3.947591283e+01 -3.947591283e+01 +4.6749e-01 -2.0952e+00
29 +3.793366075e+00 +3.793366075e+00 -4.084663393e+01 -4.084663393e+01 -2.5879e-01 -1.4354e+00
197 +2.278419119e+00 +2.278419119e+00 -4.236158088e+01 -4.236158088e+01 +7.1052e-01 -2.4456e+00
242 +4.571523472e-01 +4.571523472e-01 -4.418284765e+01 -4.418284765e+01 +1.0179e+00 -2.1975e+00
284 +3.591425321e-01 +3.591425321e-01 -4.428085747e+01 -4.428085747e+01 +1.0846e+00 -2.1733e+00
356 +2.463341473e-01 +2.463341473e-01 -4.439366585e+01 -4.439366585e+01 +1.2440e+00 -2.0318e+00
422 +1.523681238e-01 +1.523681238e-01 -4.448763188e+01 -4.448763188e+01 +1.2894e+00 -1.9475e+00
535 +9.787952959e-02 +9.787952959e-02 -4.454212047e+01 -4.454212047e+01 +1.3980e+00 -1.8229e+00
623 +4.366561463e-02 +4.366561463e-02 -4.459633439e+01 -4.459633439e+01 +1.4681e+00 -1.7049e+00
648 +3.649613508e-02 +3.649613508e-02 -4.460350386e+01 -4.460350386e+01 +1.4998e+00 -1.6583e+00
679 +2.095965568e-02 +2.095965568e-02 -4.461904034e+01 -4.461904034e+01 +1.5688e+00 -1.5421e+00
711 +1.159344261e-02 +1.159344261e-02 -4.462840656e+01 -4.462840656e+01 +1.6027e+00 -1.4786e+00
742 +6.586322760e-03 +6.586322760e-03 -4.463341368e+01 -4.463341368e+01 +1.6148e+00 -1.4534e+00
776 +5.017140113e-03 +5.017140113e-03 -4.463498286e+01 -4.463498286e+01 +1.6457e+00 -1.3954e+00
782 +1.064484555e-03 +1.064484555e-03 -4.463893552e+01 -4.463893552e+01 +1.6597e+00 -1.3645e+00
811 +7.876034876e-04 +7.876034876e-04 -4.463921240e+01 -4.463921240e+01 +1.6692e+00 -1.3456e+00
981 +3.314665958e-04 +3.314665958e-04 -4.463966853e+01 -4.463966853e+01 +1.6603e+00 -1.3593e+00
1007 +2.182475858e-04 +2.182475858e-04 -4.463978175e+01 -4.463978175e+01 +1.6757e+00 -1.3312e+00
1065 +1.409350192e-04 +1.409350192e-04 -4.463985906e+01 -4.463985906e+01 +1.6644e+00 -1.3518e+00
1085 +4.573007614e-05 +4.573007614e-05 -4.463995427e+01 -4.463995427e+01 +1.6734e+00 -1.3350e+00
1117 +4.495591220e-06 +4.495591220e-06 -4.463999550e+01 -4.463999550e+01 +1.6751e+00 -1.3308e+00
1162 +3.843954957e-06 +3.843954957e-06 -4.463999616e+01 -4.463999616e+01 +1.6768e+00 -1.3276e+00
1204 +1.226608596e-06 +1.226608596e-06 -4.463999877e+01 -4.463999877e+01 +1.6758e+00 -1.3296e+00
1303 +9.100915648e-07 +9.100915648e-07 -4.463999909e+01 -4.463999909e+01 +1.6748e+00 -1.3317e+00
1314 +1.860559706e-07 +1.860559706e-07 -4.463999981e+01 -4.463999981e+01 +1.6748e+00 -1.3316e+00
1334 +1.227154698e-07 +1.227154698e-07 -4.463999988e+01 -4.463999988e+01 +1.6755e+00 -1.3303e+00
1448 +6.179341483e-09 +6.179341483e-09 -4.463999999e+01 -4.463999999e+01 +1.6752e+00 -1.3308e+00
% function evaluation | noise-free fitness - Fopt (-1.731000000000e+02) | best noise-free fitness - Fopt | measured fitness | best measured fitness | x1 | x2...
1 +2.686289323e+05 +2.686289323e+05 +2.684558323e+05 +2.684558323e+05 +3.5836e+00 +3.2159e+00
3 +1.180543757e+05 +1.180543757e+05 +1.178812757e+05 +1.178812757e+05 +1.7656e+00 -3.3308e+00
4 +9.144998714e+04 +9.144998714e+04 +9.127688714e+04 +9.127688714e+04 +1.9422e+00 +2.8316e+00
7 +5.655033775e+03 +5.655033775e+03 +5.481933775e+03 +5.481933775e+03 -9.6852e-01 -1.6349e-01
9 +7.527190756e+02 +7.527190756e+02 +5.796190756e+02 +5.796190756e+02 -4.2260e+00 +1.4091e+00
13 +1.510177954e+02 +1.510177954e+02 -2.208220462e+01 -2.208220462e+01 -4.1095e+00 -1.6349e-01
23 +3.430300851e+00 +3.430300851e+00 -1.696696991e+02 -1.696696991e+02 -2.1664e+00 +1.5240e+00
84 +1.330998206e-01 +1.330998206e-01 -1.729669002e+02 -1.729669002e+02 -2.5927e+00 +3.5686e-01
128 +1.948279203e-02 +1.948279203e-02 -1.730805172e+02 -1.730805172e+02 -3.0685e+00 -6.7792e-01
278 +1.373336878e-02 +1.373336878e-02 -1.730862666e+02 -1.730862666e+02 -3.0410e+00 -6.2395e-01
316 +8.340712439e-03 +8.340712439e-03 -1.730916593e+02 -1.730916593e+02 -3.0194e+00 -5.9087e-01
335 +3.106760312e-03 +3.106760312e-03 -1.730968932e+02 -1.730968932e+02 -2.9828e+00 -5.1900e-01
349 +1.952275694e-03 +1.952275694e-03 -1.730980477e+02 -1.730980477e+02 -2.9637e+00 -4.8144e-01
351 +8.835555460e-04 +8.835555460e-04 -1.730991164e+02 -1.730991164e+02 -2.9322e+00 -4.1938e-01
505 +2.062906333e-04 +2.062906333e-04 -1.730997937e+02 -1.730997937e+02 -2.9163e+00 -3.9066e-01
526 +1.224431003e-04 +1.224431003e-04 -1.730998776e+02 -1.730998776e+02 -2.9194e+00 -3.9667e-01
535 +7.347137128e-05 +7.347137128e-05 -1.730999265e+02 -1.730999265e+02 -2.9218e+00 -4.0156e-01
587 +4.998534024e-05 +4.998534024e-05 -1.730999500e+02 -1.730999500e+02 -2.9234e+00 -4.0470e-01
624 +9.920775710e-06 +9.920775710e-06 -1.730999901e+02 -1.730999901e+02 -2.9306e+00 -4.1948e-01
665 +5.643842456e-06 +5.643842456e-06 -1.730999944e+02 -1.730999944e+02 -2.9283e+00 -4.1443e-01
667 +2.662966153e-06 +2.662966153e-06 -1.730999973e+02 -1.730999973e+02 -2.9288e+00 -4.1560e-01
686 +1.309715856e-07 +1.309715856e-07 -1.730999999e+02 -1.730999999e+02 -2.9303e+00 -4.1850e-01
813 +3.124131354e-08 +3.124131354e-08 -1.731000000e+02 -1.731000000e+02 -2.9303e+00 -4.1851e-01
1004 +2.025575441e-08 +2.025575441e-08 -1.731000000e+02 -1.731000000e+02 -2.9303e+00 -4.1852e-01
1068 +6.755357163e-09 +6.755357163e-09 -1.731000000e+02 -1.731000000e+02 -2.9304e+00 -4.1871e-01
% function evaluation | noise-free fitness - Fopt (2.990000000000e+01) | best noise-free fitness - Fopt | measured fitness | best measured fitness | x1 | x2...
1 +1.074391293e+05 +1.074391293e+05 +1.074690293e+05 +1.074690293e+05 -4.1508e+00 -4.3822e+00
2 +1.840968120e+03 +1.840968120e+03 +1.870868120e+03 +1.870868120e+03 -8.3257e-01 -2.0042e-01
3 +3.236462496e+02 +3.236462496e+02 +3.535462496e+02 +3.535462496e+02 +5.2949e-01 -1.3157e+00
8 +1.665416316e+02 +1.665416316e+02 +1.964416316e+02 +1.964416316e+02 +2.8290e+00 +1.5228e+00
12 +1.286100030e+02 +1.286100030e+02 +1.585100030e+02 +1.585100030e+02 +3.5252e-01 +1.8537e+00
50 +9.503887222e+01 +9.503887222e+01 +1.249388722e+02 +1.249388722e+02 -3.6690e-01 +3.3714e+00
72 +1.548490194e+01 +1.548490194e+01 +4.538490194e+01 +4.538490194e+01 -3.8709e-02 +1.8537e+00
102 +5.088856492e+00 +5.088856492e+00 +3.498885649e+01 +3.498885649e+01 -3.8709e-02 +1.4830e+00
114 +5.422602646e-02 +5.422602646e-02 +2.995422603e+01 +2.995422603e+01 +2.1503e+00 +1.0452e+00
266 +2.556887554e-02 +2.556887554e-02 +2.992556888e+01 +2.992556888e+01 +2.0920e+00 +8.9738e-01
344 +1.924319918e-03 +1.924319918e-03 +2.990192432e+01 +2.990192432e+01 +2.2037e+00 +1.1324e+00
502 +5.787576707e-04 +5.787576707e-04 +2.990057876e+01 +2.990057876e+01 +2.1491e+00 +1.0189e+00
567 +2.321573461e-04 +2.321573461e-04 +2.990023216e+01 +2.990023216e+01 +2.1846e+00 +1.0895e+00
647 +1.418235404e-04 +1.418235404e-04 +2.990014182e+01 +2.990014182e+01 +2.1828e+00 +1.0863e+00
690 +6.338756907e-05 +6.338756907e-05 +2.990006339e+01 +2.990006339e+01 +2.1781e+00 +1.0777e+00
692 +2.212075113e-05 +2.212075113e-05 +2.990002212e+01 +2.990002212e+01 +2.1682e+00 +1.0570e+00
723 +8.190190172e-06 +8.190190172e-06 +2.990000819e+01 +2.990000819e+01 +2.1685e+00 +1.0581e+00
805 +1.623029949e-06 +1.623029949e-06 +2.990000162e+01 +2.990000162e+01 +2.1719e+00 +1.0650e+00
898 +4.382800185e-07 +4.382800185e-07 +2.990000044e+01 +2.990000044e+01 +2.1720e+00 +1.0651e+00
902 +3.394765891e-07 +3.394765891e-07 +2.990000034e+01 +2.990000034e+01 +2.1719e+00 +1.0648e+00
913 +1.855548568e-07 +1.855548568e-07 +2.990000019e+01 +2.990000019e+01 +2.1717e+00 +1.0645e+00
986 +9.451618510e-08 +9.451618510e-08 +2.990000009e+01 +2.990000009e+01 +2.1717e+00 +1.0644e+00
1035 +4.629178463e-08 +4.629178463e-08 +2.990000005e+01 +2.990000005e+01 +2.1716e+00 +1.0642e+00
1045 +1.800769667e-08 +1.800769667e-08 +2.990000002e+01 +2.990000002e+01 +2.1715e+00 +1.0641e+00
1065 +8.154884767e-09 +8.154884767e-09 +2.990000001e+01 +2.990000001e+01 +2.1715e+00 +1.0639e+00
% function evaluation | noise-free fitness - Fopt (3.843000000000e+02) | best noise-free fitness - Fopt | measured fitness | best measured fitness | x1 | x2...
1 +8.214804844e+02 +8.214804844e+02 +1.205780484e+03 +1.205780484e+03 +1.3911e+00 -4.8355e+00
2 +2.132947129e+02 +2.132947129e+02 +5.975947129e+02 +5.975947129e+02 +7.2179e-01 -3.5449e-01
3 +3.898523957e+01 +3.898523957e+01 +4.232852396e+02 +4.232852396e+02 +2.2516e+00 -1.4876e+00
9 +2.638313781e+00 +2.638313781e+00 +3.869383138e+02 +3.869383138e+02 +1.2793e+00 -2.1408e+00
27 +5.082159958e-01 +5.082159958e-01 +3.848082160e+02 +3.848082160e+02 +1.7365e+00 -1.7598e+00
114 +3.906525457e-01 +3.906525457e-01 +3.846906525e+02 +3.846906525e+02 +1.6495e+00 -1.7601e+00
166 +1.980589312e-01 +1.980589312e-01 +3.844980589e+02 +3.844980589e+02 +1.7372e+00 -1.6969e+00
189 +1.539809287e-01 +1.539809287e-01 +3.844539809e+02 +3.844539809e+02 +1.7856e+00 -1.6470e+00
237 +6.660489484e-02 +6.660489484e-02 +3.843666049e+02 +3.843666049e+02 +1.9752e+00 -1.3962e+00
268 +5.061191664e-02 +5.061191664e-02 +3.843506119e+02 +3.843506119e+02 +1.9767e+00 -1.3879e+00
320 +3.433385842e-02 +3.433385842e-02 +3.843343339e+02 +3.843343339e+02 +2.0101e+00 -1.3155e+00
355 +1.955369790e-02 +1.955369790e-02 +3.843195537e+02 +3.843195537e+02 +2.0456e+00 -1.2676e+00
369 +1.064521584e-02 +1.064521584e-02 +3.843106452e+02 +3.843106452e+02 +2.0748e+00 -1.2114e+00
398 +4.357673183e-03 +4.357673183e-03 +3.843043577e+02 +3.843043577e+02 +2.1126e+00 -1.1415e+00
408 +3.202874343e-03 +3.202874343e-03 +3.843032029e+02 +3.843032029e+02 +2.1363e+00 -1.0937e+00
427 +4.818597699e-05 +4.818597699e-05 +3.843000482e+02 +3.843000482e+02 +2.1728e+00 -1.0267e+00
764 +3.950297821e-05 +3.950297821e-05 +3.843000395e+02 +3.843000395e+02 +2.1782e+00 -1.0148e+00
773 +2.185133997e-05 +2.185133997e-05 +3.843000219e+02 +3.843000219e+02 +2.1744e+00 -1.0234e+00
817 +3.805455549e-06 +3.805455549e-06 +3.843000038e+02 +3.843000038e+02 +2.1781e+00 -1.0155e+00
836 +2.457095434e-06 +2.457095434e-06 +3.843000025e+02 +3.843000025e+02 +2.1785e+00 -1.0146e+00
884 +8.645259300e-07 +8.645259300e-07 +3.843000009e+02 +3.843000009e+02 +2.1788e+00 -1.0142e+00
894 +2.701510198e-07 +2.701510198e-07 +3.843000003e+02 +3.843000003e+02 +2.1784e+00 -1.0150e+00
945 +1.891462489e-07 +1.891462489e-07 +3.843000002e+02 +3.843000002e+02 +2.1776e+00 -1.0166e+00
968 +3.986752972e-08 +3.986752972e-08 +3.843000000e+02 +3.843000000e+02 +2.1779e+00 -1.0160e+00
984 +2.924963383e-08 +2.924963383e-08 +3.843000000e+02 +3.843000000e+02 +2.1779e+00 -1.0161e+00
1061 +2.178705927e-08 +2.178705927e-08 +3.843000000e+02 +3.843000000e+02 +2.1779e+00 -1.0161e+00
1093 +1.218887746e-08 +1.218887746e-08 +3.843000000e+02 +3.843000000e+02 +2.1779e+00 -1.0160e+00
1111 +6.283244147e-09 +6.283244147e-09 +3.843000000e+02 +3.843000000e+02 +2.1780e+00 -1.0159e+00
% function evaluation | noise-free fitness - Fopt (1.751800000000e+02) | best noise-free fitness - Fopt | measured fitness | best measured fitness | x1 | x2...
1 +9.322222879e+02 +9.322222879e+02 +1.107402288e+03 +1.107402288e+03 +1.1763e-01 +4.9390e+00
10 +1.234052798e+02 +1.234052798e+02 +2.985852798e+02 +2.985852798e+02 +1.0450e+00 +4.0146e+00
41 +1.195013807e+01 +1.195013807e+01 +1.871301381e+02 +1.871301381e+02 +1.0450e+00 +2.5580e+00
43 +2.013819886e+00 +2.013819886e+00 +1.771938199e+02 +1.771938199e+02 +2.0774e+00 +5.9625e+00
68 +1.279997369e+00 +1.279997369e+00 +1.764599974e+02 +1.764599974e+02 +1.5971e+00 +4.4240e+00
96 +2.549442536e-01 +2.549442536e-01 +1.754349443e+02 +1.754349443e+02 +1.1878e+00 +3.1650e+00
148 +1.649243177e-01 +1.649243177e-01 +1.753449243e+02 +1.753449243e+02 +1.4292e+00 +3.8199e+00
166 +1.369061898e-01 +1.369061898e-01 +1.753169062e+02 +1.753169062e+02 +1.2591e+00 +3.4121e+00
212 +5.823737491e-02 +5.823737491e-02 +1.752382374e+02 +1.752382374e+02 +1.2150e+00 +3.2925e+00
232 +1.812732297e-02 +1.812732297e-02 +1.751981273e+02 +1.751981273e+02 +1.1483e+00 +3.1303e+00
369 +6.729338473e-03 +6.729338473e-03 +1.751867293e+02 +1.751867293e+02 +1.1014e+00 +3.0166e+00
445 +3.864112921e-03 +3.864112921e-03 +1.751838641e+02 +1.751838641e+02 +1.0912e+00 +2.9970e+00
517 +4.091063942e-04 +4.091063942e-04 +1.751804091e+02 +1.751804091e+02 +1.0136e+00 +2.8417e+00
571 +3.021460992e-04 +3.021460992e-04 +1.751803021e+02 +1.751803021e+02 +1.0162e+00 +2.8466e+00
610 +2.183775719e-04 +2.183775719e-04 +1.751802184e+02 +1.751802184e+02 +1.0185e+00 +2.8511e+00
631 +1.556317141e-04 +1.556317141e-04 +1.751801556e+02 +1.751801556e+02 +1.0207e+00 +2.8552e+00
832 +4.844966338e-05 +4.844966338e-05 +1.751800484e+02 +1.751800484e+02 +1.0271e+00 +2.8682e+00
870 +2.924492492e-06 +2.924492492e-06 +1.751800029e+02 +1.751800029e+02 +1.0316e+00 +2.8768e+00
953 +1.365211972e-06 +1.365211972e-06 +1.751800014e+02 +1.751800014e+02 +1.0320e+00 +2.8777e+00
1153 +7.663339261e-07 +7.663339261e-07 +1.751800008e+02 +1.751800008e+02 +1.0336e+00 +2.8809e+00
1161 +3.136451880e-07 +3.136451880e-07 +1.751800003e+02 +1.751800003e+02 +1.0335e+00 +2.8806e+00
1220 +1.300577424e-09 +1.300577424e-09 +1.751800000e+02 +1.751800000e+02 +1.0332e+00 +2.8800e+00
% function evaluation | noise-free fitness - Fopt (-1.185700000000e+02) | best noise-free fitness - Fopt | measured fitness | best measured fitness | x1 | x2...
1 +1.202669259e+04 +1.202669259e+04 +1.190812259e+04 +1.190812259e+04 +3.2386e+00 +3.9787e+00
2 +4.759473276e+01 +4.759473276e+01 -7.097526724e+01 -7.097526724e+01 -3.1778e+00 +2.3150e+00
10 +1.313160372e+01 +1.313160372e+01 -1.054383963e+02 -1.054383963e+02 -2.5878e+00 -7.7171e-01
25 +6.117893806e+00 +6.117893806e+00 -1.124521062e+02 -1.124521062e+02 +4.5781e-01 -6.6344e-01
195 +1.258763881e+00 +1.258763881e+00 -1.173112361e+02 -1.173112361e+02 -3.4860e-01 -2.7160e+00
245 +7.246719529e-01 +7.246719529e-01 -1.178453280e+02 -1.178453280e+02 -3.3777e-01 -2.6732e+00
314 +6.338794476e-02 +6.338794476e-02 -1.185066121e+02 -1.185066121e+02 +2.4704e-01 -1.4813e+00
522 +5.575669825e-02 +5.575669825e-02 -1.185142433e+02 -1.185142433e+02 +1.6798e-01 -1.6847e+00
667 +3.372966971e-02 +3.372966971e-02 -1.185362703e+02 -1.185362703e+02 +1.7505e-01 -1.6568e+00
734 +2.494716686e-02 +2.494716686e-02 -1.185450528e+02 -1.185450528e+02 +1.5061e-01 -1.7129e+00
808 +1.361000696e-02 +1.361000696e-02 -1.185563900e+02 -1.185563900e+02 +1.0448e-01 -1.8077e+00
810 +8.960936352e-03 +8.960936352e-03 -1.185610391e+02 -1.185610391e+02 +8.8018e-02 -1.8456e+00
811 +4.646271130e-03 +4.646271130e-03 -1.185653537e+02 -1.185653537e+02 +6.6515e-02 -1.8960e+00
821 +1.139751927e-03 +1.139751927e-03 -1.185688602e+02 -1.185688602e+02 +3.1651e-02 -1.9676e+00
846 +1.261774705e-04 +1.261774705e-04 -1.185698738e+02 -1.185698738e+02 -1.0705e-02 -2.0547e+00
864 +9.820258612e-05 +9.820258612e-05 -1.185699018e+02 -1.185699018e+02 +5.1870e-03 -2.0216e+00
913 +4.239113041e-05 +4.239113041e-05 -1.185699576e+02 -1.185699576e+02 -7.1207e-03 -2.0467e+00
1008 +1.067303634e-05 +1.067303634e-05 -1.185699893e+02 -1.185699893e+02 +1.7207e-03 -2.0292e+00
1178 +9.623311271e-06 +9.623311271e-06 -1.185699904e+02 -1.185699904e+02 -4.2447e-03 -2.0412e+00
1182 +1.296638075e-06 +1.296638075e-06 -1.185699987e+02 -1.185699987e+02 -1.1328e-03 -2.0350e+00
1442 +2.241289110e-07 +2.241289110e-07 -1.185699998e+02 -1.185699998e+02 -1.2909e-03 -2.0354e+00
1466 +4.167041823e-08 +4.167041823e-08 -1.185700000e+02 -1.185700000e+02 -1.3777e-03 -2.0356e+00
1473 +2.563822932e-08 +2.563822932e-08 -1.185700000e+02 -1.185700000e+02 -1.3082e-03 -2.0354e+00
1505 +7.142361369e-09 +7.142361369e-09 -1.185700000e+02 -1.185700000e+02 -1.2694e-03 -2.0353e+00
% function evaluation | noise-free fitness - Fopt (-1.022300000000e+02) | best noise-free fitness - Fopt | measured fitness | best measured fitness | x1 | x2...
1 +6.920035310e+03 +6.920035310e+03 +6.817805310e+03 +6.817805310e+03 -2.3053e-01 +9.7125e-01
3 +9.905149285e+02 +9.905149285e+02 +8.882849285e+02 +8.882849285e+02 -4.8051e+00 +1.0621e+00
7 +4.582105163e+01 +4.582105163e+01 -5.640894837e+01 -5.640894837e+01 -4.2128e+00 +3.1400e+00
32 +6.819197865e+00 +6.819197865e+00 -9.541080214e+01 -9.541080214e+01 -3.0256e+00 +9.6057e-01
57 +9.935319668e-01 +9.935319668e-01 -1.012364680e+02 -1.012364680e+02 -2.3614e+00 +1.8050e+00
91 +8.248581042e-02 +8.248581042e-02 -1.021475142e+02 -1.021475142e+02 -2.3614e+00 +1.7100e+00
221 +5.551446386e-02 +5.551446386e-02 -1.021744855e+02 -1.021744855e+02 -2.2887e+00 +1.8086e+00
254 +2.669760787e-02 +2.669760787e-02 -1.022033024e+02 -1.022033024e+02 -2.2124e+00 +1.9529e+00
299 +2.230249628e-02 +2.230249628e-02 -1.022076975e+02 -1.022076975e+02 -2.1881e+00 +1.9962e+00
310 +3.533156343e-04 +3.533156343e-04 -1.022296467e+02 -1.022296467e+02 -2.0927e+00 +2.1650e+00
315 +2.510957639e-04 +2.510957639e-04 -1.022297489e+02 -1.022297489e+02 -2.0741e+00 +2.2000e+00
499 +8.210428703e-05 +8.210428703e-05 -1.022299179e+02 -1.022299179e+02 -2.0702e+00 +2.2103e+00
506 +1.995570818e-05 +1.995570818e-05 -1.022299800e+02 -1.022299800e+02 -2.0780e+00 +2.1940e+00
532 +1.032146599e-07 +1.032146599e-07 -1.022299999e+02 -1.022299999e+02 -2.0743e+00 +2.2012e+00
727 +7.137150249e-08 +7.137150249e-08 -1.022299999e+02 -1.022299999e+02 -2.0743e+00 +2.2011e+00
873 +7.828660387e-09 +7.828660387e-09 -1.022300000e+02 -1.022300000e+02 -2.0741e+00 +2.2015e+00
% function evaluation | noise-free fitness - Fopt (-1.762200000000e+02) | best noise-free fitness - Fopt | measured fitness | best measured fitness | x1 | x2...
1 +6.964030586e+02 +6.964030586e+02 +5.201830586e+02 +5.201830586e+02 +3.1835e-01 +6.5171e-01
6 +5.157421707e+02 +5.157421707e+02 +3.395221707e+02 +3.395221707e+02 -3.1301e-01 -1.8273e+00
12 +3.394464305e+02 +3.394464305e+02 +1.632264305e+02 +1.632264305e+02 -2.4215e+00 -1.4412e+00
13 +6.822638015e+00 +6.822638015e+00 -1.693973620e+02 -1.693973620e+02 -7.4887e-01 -8.0025e-01
72 +2.723703445e-01 +2.723703445e-01 -1.759476297e+02 -1.759476297e+02 -7.3629e-01 -1.0280e+00
123 +8.455427674e-02 +8.455427674e-02 -1.761354457e+02 -1.761354457e+02 -1.0260e+00 -1.8302e+00
229 +4.516889182e-02 +4.516889182e-02 -1.761748311e+02 -1.761748311e+02 -1.1857e+00 -2.1974e+00
305 +2.444923922e-02 +2.444923922e-02 -1.761955508e+02 -1.761955508e+02 -1.0935e+00 -1.9725e+00
335 +1.520311584e-02 +1.520311584e-02 -1.762047969e+02 -1.762047969e+02 -1.1565e+00 -2.1060e+00
351 +9.895936335e-03 +9.895936335e-03 -1.762101041e+02 -1.762101041e+02 -1.1541e+00 -2.1060e+00
381 +1.512489505e-03 +1.512489505e-03 -1.762184875e+02 -1.762184875e+02 -1.2282e+00 -2.2689e+00
412 +6.626595141e-04 +6.626595141e-04 -1.762193373e+02 -1.762193373e+02 -1.2242e+00 -2.2573e+00
429 +3.193553479e-04 +3.193553479e-04 -1.762196806e+02 -1.762196806e+02 -1.2321e+00 -2.2735e+00
449 +1.777929982e-04 +1.777929982e-04 -1.762198222e+02 -1.762198222e+02 -1.2367e+00 -2.2827e+00
492 +8.880907535e-05 +8.880907535e-05 -1.762199112e+02 -1.762199112e+02 -1.2410e+00 -2.2920e+00
526 +1.162872448e-05 +1.162872448e-05 -1.762199884e+02 -1.762199884e+02 -1.2464e+00 -2.3026e+00
674 +5.688254646e-06 +5.688254646e-06 -1.762199943e+02 -1.762199943e+02 -1.2479e+00 -2.3055e+00
733 +3.169214921e-06 +3.169214921e-06 -1.762199968e+02 -1.762199968e+02 -1.2495e+00 -2.3090e+00
858 +2.289973054e-06 +2.289973054e-06 -1.762199977e+02 -1.762199977e+02 -1.2483e+00 -2.3064e+00
894 +7.246679559e-07 +7.246679559e-07 -1.762199993e+02 -1.762199993e+02 -1.2491e+00 -2.3081e+00
1002 +1.133237504e-07 +1.133237504e-07 -1.762199999e+02 -1.762199999e+02 -1.2496e+00 -2.3091e+00
1119 +3.494116640e-08 +3.494116640e-08 -1.762200000e+02 -1.762200000e+02 -1.2500e+00 -2.3098e+00
1145 +1.713510756e-08 +1.713510756e-08 -1.762200000e+02 -1.762200000e+02 -1.2499e+00 -2.3096e+00
1202 +5.693010507e-09 +5.693010507e-09 -1.762200000e+02 -1.762200000e+02 -1.2499e+00 -2.3095e+00
% function evaluation | noise-free fitness - Fopt (-5.721600000000e+02) | best noise-free fitness - Fopt | measured fitness | best measured fitness | x1 | x2...
1 +1.650126258e+04 +1.650126258e+04 +1.592910258e+04 +1.592910258e+04 -4.6449e+00 +4.4216e+00
2 +2.551422148e+02 +2.551422148e+02 -3.170177852e+02 -3.170177852e+02 +1.4357e-01 +3.9239e+00
12 +2.546693530e+01 +2.546693530e+01 -5.466930647e+02 -5.466930647e+02 -1.2132e+00 +1.4201e+00
17 +1.001221291e+01 +1.001221291e+01 -5.621477871e+02 -5.621477871e+02 +2.7035e-02 +1.8305e+00
21 +2.590258487e+00 +2.590258487e+00 -5.695697415e+02 -5.695697415e+02 -1.1992e+00 +1.8305e+00
50 +4.177869583e-01 +4.177869583e-01 -5.717422130e+02 -5.717422130e+02 -2.3966e-01 +1.8677e+00
111 +4.946452025e-02 +4.946452025e-02 -5.721105355e+02 -5.721105355e+02 +4.2982e-01 +2.9054e+00
121 +2.997016446e-02 +2.997016446e-02 -5.721300298e+02 -5.721300298e+02 +4.2982e-01 +2.8745e+00
246 +1.924593785e-02 +1.924593785e-02 -5.721407541e+02 -5.721407541e+02 +1.8579e-01 +2.3925e+00
259 +2.347830449e-03 +2.347830449e-03 -5.721576522e+02 -5.721576522e+02 +3.4309e-01 +2.7032e+00
331 +9.705129107e-04 +9.705129107e-04 -5.721590295e+02 -5.721590295e+02 +2.7787e-01 +2.5697e+00
510 +3.943876746e-04 +3.943876746e-04 -5.721596056e+02 -5.721596056e+02 +2.8913e-01 +2.5905e+00
569 +2.436740401e-04 +2.436740401e-04 -5.721597563e+02 -5.721597563e+02 +2.9392e-01 +2.6010e+00
589 +1.153159762e-04 +1.153159762e-04 -5.721598847e+02 -5.721598847e+02 +3.0641e-01 +2.6242e+00
597 +2.257115125e-05 +2.257115125e-05 -5.721599774e+02 -5.721599774e+02 +3.1306e-01 +2.6385e+00
636 +1.326222650e-05 +1.326222650e-05 -5.721599867e+02 -5.721599867e+02 +3.1057e-01 +2.6338e+00
782 +4.787203807e-07 +4.787203807e-07 -5.721599995e+02 -5.721599995e+02 +3.0829e-01 +2.6289e+00
841 +2.985391347e-07 +2.985391347e-07 -5.721599997e+02 -5.721599997e+02 +3.0891e-01 +2.6302e+00
872 +5.523668278e-08 +5.523668278e-08 -5.721599999e+02 -5.721599999e+02 +3.0861e-01 +2.6296e+00
1043 +6.356799531e-09 +6.356799531e-09 -5.721600000e+02 -5.721600000e+02 +3.0846e-01 +2.6293e+00
% function evaluation | noise-free fitness - Fopt (1.161600000000e+02) | best noise-free fitness - Fopt | measured fitness | best measured fitness | x1 | x2...
1 +1.881784691e+03 +1.881784691e+03 +1.997944691e+03 +1.997944691e+03 -1.3653e+00 -2.7371e+00
17 +6.687221236e+02 +6.687221236e+02 +7.848821236e+02 +7.848821236e+02 -7.7870e-01 +4.8627e+00
31 +2.478369905e+01 +2.478369905e+01 +1.409436991e+02 +1.409436991e+02 -2.7862e-01 +3.8933e+00
66 +1.881513010e+00 +1.881513010e+00 +1.180415130e+02 +1.180415130e+02 -3.9640e-01 +2.9532e+00
88 +5.200541020e-01 +5.200541020e-01 +1.166800541e+02 +1.166800541e+02 -1.0219e+00 +1.8511e+00
226 +3.281156753e-01 +3.281156753e-01 +1.164881157e+02 +1.164881157e+02 -1.0113e+00 +1.8818e+00
236 +1.141537514e-01 +1.141537514e-01 +1.162741538e+02 +1.162741538e+02 -5.4993e-01 +2.6948e+00
308 +3.703436640e-02 +3.703436640e-02 +1.161970344e+02 +1.161970344e+02 -5.5571e-01 +2.7313e+00
364 +1.993684423e-02 +1.993684423e-02 +1.161799368e+02 +1.161799368e+02 -5.2247e-01 +2.7945e+00
384 +1.147018378e-02 +1.147018378e-02 +1.161714702e+02 +1.161714702e+02 -5.7748e-01 +2.6753e+00
431 +6.015432499e-03 +6.015432499e-03 +1.161660154e+02 +1.161660154e+02 -6.0603e-01 +2.6134e+00
472 +3.947825072e-03 +3.947825072e-03 +1.161639478e+02 +1.161639478e+02 -5.8798e-01 +2.6433e+00
502 +2.467893611e-03 +2.467893611e-03 +1.161624679e+02 +1.161624679e+02 -6.1058e-01 +2.5943e+00
512 +2.821242474e-04 +2.821242474e-04 +1.161602821e+02 +1.161602821e+02 -6.3414e-01 +2.5483e+00
542 +1.233739717e-04 +1.233739717e-04 +1.161601234e+02 +1.161601234e+02 -6.4439e-01 +2.5274e+00
573 +9.961772739e-05 +9.961772739e-05 +1.161600996e+02 +1.161600996e+02 -6.5425e-01 +2.5096e+00
696 +4.058939555e-05 +4.058939555e-05 +1.161600406e+02 +1.161600406e+02 -6.4441e-01 +2.5279e+00
702 +2.115296385e-05 +2.115296385e-05 +1.161600212e+02 +1.161600212e+02 -6.5315e-01 +2.5110e+00
710 +5.386779961e-06 +5.386779961e-06 +1.161600054e+02 +1.161600054e+02 -6.4948e-01 +2.5185e+00
790 +1.344743026e-06 +1.344743026e-06 +1.161600013e+02 +1.161600013e+02 -6.4786e-01 +2.5214e+00
818 +3.503843260e-07 +3.503843260e-07 +1.161600004e+02 +1.161600004e+02 -6.4851e-01 +2.5201e+00
867 +1.583309484e-07 +1.583309484e-07 +1.161600002e+02 +1.161600002e+02 -6.4899e-01 +2.5192e+00
1012 +8.972341448e-08 +8.972341448e-08 +1.161600001e+02 +1.161600001e+02 -6.4887e-01 +2.5194e+00
1055 +5.824361438e-08 +5.824361438e-08 +1.161600001e+02 +1.161600001e+02 -6.4879e-01 +2.5196e+00
1077 +2.997049364e-08 +2.997049364e-08 +1.161600000e+02 +1.161600000e+02 -6.4876e-01 +2.5197e+00
1105 +2.498654794e-08 +2.498654794e-08 +1.161600000e+02 +1.161600000e+02 -6.4864e-01 +2.5199e+00
1111 +1.678500894e-09 +1.678500894e-09 +1.161600000e+02 +1.161600000e+02 -6.4864e-01 +2.5199e+00
