% function evaluation | noise-free fitness - Fopt (9.294000000000e+01) | best noise-free fitness - Fopt | measured fitness | best measured fitness | x1 | x2...
1 +4.100124672e+03 +4.100124672e+03 +4.193064672e+03 +4.193064672e+03 -1.5935e+00 +2.8836e+00 -2.7468e+00 +2.2494e+00 -3.3338e+00 -8.2566e-01 -1.7219e+00 +2.4109e+00 -1.8863e+00 +1.9118e+00 -3.1568e+00 +4.4983e+00 -2.5715e+00 -4.5723e+00 +1.8407e+00 -2.3059e+00 -2.4861e+00 +4.8870e+00 +1.2514e+00 -4.3019e+00
2 +3.484700597e+03 +3.484700597e+03 +3.577640597e+03 +3.577640597e+03 +3.2288e+00 +1.7925e-01 -1.2235e+00 +1.5802e+00 +4.0352e+00 -3.8305e+00 +2.0348e+00 +4.3539e+00 +1.5460e+00 +3.0095e+00 -1.9391e+00 +1.9673e-01 -2.8470e+00 +2.5771e+00 +3.4109e+00 +2.9857e+00 -1.1015e+00 +2.7933e+00 +4.5094e+00 -1.0600e+00
3 +2.392020036e+03 +2.392020036e+03 +2.484960036e+03 +2.484960036e+03 +4.3946e+00 +1.4202e+00 +4.8242e-01 -8.2807e-01 +2.2816e+00 +4.3240e+00 +2.8694e+00 +4.1760e+00 +1.3178e+00 +3.2924e+00 +4.1855e+00 +4.6190e+00 -3.2468e+00 +2.6844e-01 -2.6114e+00 +4.5733e+00 +2.7914e+00 +8.3301e-01 -8.7435e-01 -9.2553e-02
50 +1.089586420e+03 +1.089586420e+03 +1.182526420e+03 +1.182526420e+03 +4.7912e+00 +1.5777e+00 +5.0000e+00 -1.4899e+00 -3.2910e-01 +5.0000e+00 +6.5775e-01 -9.6404e-01 +3.2127e+00 -7.5119e-01 +2.8069e+00 +3.1712e-01 +2.7779e+00 -1.9735e+00 -8.6894e-02 -1.2001e+00 -6.0464e-01 -1.1481e-01 -3.9610e+00 -3.5588e+00
52 +8.734017387e+02 +8.734017387e+02 +9.663417387e+02 +9.663417387e+02 -6.7887e-01 +1.4804e+00 +1.6745e+00 -3.5552e+00 +5.5681e-01 +5.0000e+00 +1.1229e+00 +1.1866e+00 +3.8446e-01 -5.8142e-01 +5.0000e+00 -2.0717e+00 -2.0273e+00 +1.0550e+00 -4.6923e+00 -1.7013e-01 +3.6383e+00 -6.0324e-01 -1.1968e+00 -1.9084e+00
121 +5.558872261e+02 +5.558872261e+02 +6.488272261e+02 +6.488272261e+02 +2.2036e+00 +1.4634e+00 -1.5480e+00 -4.3885e+00 +4.0971e+00 +5.0000e+00 +1.4944e+00 -8.3395e-01 +4.6684e+00 -9.5872e-02 +5.0000e+00 -5.0000e+00 -1.1034e+00 +2.3017e+00 -7.0181e-01 -1.9669e+00 +3.2029e+00 -5.0000e+00 -5.0000e+00 +7.5907e-01
204 +3.821517797e+02 +3.821517797e+02 +4.750917797e+02 +4.750917797e+02 +2.9819e+00 +1.1363e-01 -2.1465e+00 +5.0000e+00 +3.8968e+00 +5.0000e+00 +2.7743e+00 -5.0000e+00 +4.9562e+00 +2.8157e+00 +3.2165e+00 -5.8186e-01 -3.3304e+00 +4.5532e+00 -2.7419e+00 +1.0334e+00 +4.8806e+00 -4.1576e+00 -5.0000e+00 +2.1615e+00
284 +2.365783812e+02 +2.365783812e+02 +3.295183812e+02 +3.295183812e+02 +1.3665e+00 +3.7491e+00 -1.0398e-01 +4.2955e+00 +7.3887e-01 +5.0000e+00 +5.0000e+00 -5.0000e+00 -7.6961e-02 +1.9573e+00 +4.7993e+00 -3.9297e+00 +5.4576e-01 +1.7307e+00 -2.4504e+00 +2.0104e+00 +4.6298e+00 -4.1325e+00 -5.0000e+00 +1.4823e+00
404 +1.563491775e+02 +1.563491775e+02 +2.492891775e+02 +2.492891775e+02 +5.0039e-01 +2.6087e+00 -4.4383e-01 +4.2163e+00 +1.8126e+00 +5.0000e+00 +5.0000e+00 -4.9657e+00 +4.7083e-01 +1.9114e+00 +4.7326e+00 -2.2501e+00 -3.3895e+00 +2.1198e+00 -2.0194e+00 +8.7832e-01 +4.3561e+00 -4.2153e+00 -5.0000e+00 +8.4460e-01
1561 +9.764399445e+01 +9.764399445e+01 +1.905839945e+02 +1.905839945e+02 +2.0232e-01 +1.1509e+00 +3.5717e-01 +3.8327e+00 +3.9277e+00 +4.9308e+00 +4.9977e+00 -4.5075e+00 +5.7224e-01 +1.4400e+00 +3.9556e+00 -3.5582e+00 -2.7772e+00 +1.1050e+00 -1.3524e+00 +4.5882e+00 +4.9628e+00 -4.4161e+00 -5.0000e+00 -1.0509e+00
2674 +5.979039049e+01 +5.979039049e+01 +1.527303905e+02 +1.527303905e+02 -6.4934e-02 +1.3194e+00 -5.4708e-01 +3.4059e+00 +2.0544e+00 +4.9069e+00 +4.9995e+00 -4.5158e+00 +4.9587e-01 +1.7490e+00 +3.2669e+00 -3.7177e+00 -2.0829e+00 +9.5533e-01 -6.3193e-01 +3.1997e+00 +4.7413e+00 -4.4074e+00 -5.0000e+00 +7.4772e-01
10069 +3.937348055e+01 +3.937348055e+01 +1.323134805e+02 +1.323134805e+02 +4.5624e-01 +2.2342e+00 -8.4536e-01 +3.1168e+00 +1.7451e+00 +4.8210e+00 +4.9990e+00 -4.1518e+00 +1.2201e+00 +1.8460e+00 +2.1472e+00 -3.5176e+00 -2.1097e+00 +1.1639e+00 +2.8038e-01 +1.3590e+00 +4.5377e+00 -4.3825e+00 -5.0000e+00 +2.2767e-01
% function evaluation | noise-free fitness - Fopt (3.535000000000e+01) | best noise-free fitness - Fopt | measured fitness | best measured fitness | x1 | x2...
1 +6.771624358e+03 +6.771624358e+03 +6.806974358e+03 +6.806974358e+03 -9.9356e-01 +4.5609e+00 -3.3322e+00 +3.1011e+00 -2.1126e+00 -1.5510e-01 +2.7280e+00 +2.2795e+00 +3.5091e+00 +1.5651e+00 +2.9754e+00 +1.8078e+00 -4.9238e+00 -1.9003e+00 +8.8963e-01 -4.9208e+00 -2.1381e+00 +3.2739e+00 +4.1057e+00 -1.2237e+00
2 +5.094986418e+03 +5.094986418e+03 +5.130336418e+03 +5.130336418e+03 -2.5261e-01 -4.0260e+00 -3.2419e-01 -2.3715e+00 +2.9312e+00 -4.0900e-01 +9.4047e-01 +4.7016e-01 -3.4236e+00 +3.6963e+00 -1.7803e+00 -1.6079e+00 -1.8024e+00 -4.5525e+00 +3.1381e+00 +1.5792e+00 +2.4844e+00 -2.4934e+00 +1.6386e+00 +1.8293e-01
3 +2.972275671e+03 +2.972275671e+03 +3.007625671e+03 +3.007625671e+03 -3.0347e+00 -3.9420e-01 +4.7895e+00 +4.3865e+00 +3.0025e-02 -3.7055e+00 -4.5147e+00 -4.0727e+00 -3.1381e+00 -2.9282e+00 +3.9515e+00 -2.4552e-01 +3.2522e+00 -1.8682e+00 +3.3545e+00 +6.1410e-01 +3.1865e+00 +2.8462e-01 -4.1250e+00 -4.7613e+00
12 +1.424433511e+03 +1.424433511e+03 +1.459783511e+03 +1.459783511e+03 -1.4946e+00 -1.0402e+00 +3.3184e+00 +1.6864e+00 +3.2037e+00 +3.7317e+00 -1.9083e+00 +1.9850e+00 -2.8588e-01 +4.0019e+00 +4.3654e+00 +3.0645e+00 +2.8519e+00 -2.3969e+00 -4.3534e+00 +3.2653e+00 +3.4533e+00 +3.1341e+00 +4.9147e+00 +3.5993e+00
44 +9.282363886e+02 +9.282363886e+02 +9.635863886e+02 +9.635863886e+02 -3.7912e+00 +5.8647e-01 +4.5592e+00 +3.4580e+00 +5.9263e-01 +7.2919e-01 +2.4685e+00 +8.4927e-01 +2.5978e+00 +1.8391e+00 +1.1128e+00 +8.4358e-01 +2.4841e+00 -1.6870e+00 -2.9087e+00 +1.9601e-01 +3.5901e+00 +2.3056e+00 +2.2050e+00 -3.7631e+00
124 +6.266166186e+02 +6.266166186e+02 +6.619666186e+02 +6.619666186e+02 -6.7592e-01 -5.4503e-01 +2.4179e+00 +3.6521e+00 +5.2372e-01 -6.9143e-01 +2.4685e+00 +0.0000e+00 +4.5701e+00 +4.3199e+00 +9.4995e-01 +4.0466e+00 -1.4614e-01 +2.7452e+00 -3.9286e+00 +3.9905e+00 +3.7088e+00 +1.4206e+00 +4.6238e+00 +5.0000e+00
172 +3.923509140e+02 +3.923509140e+02 +4.277009140e+02 +4.277009140e+02 -2.0792e-02 +6.9343e-01 +3.1936e+00 +4.8697e+00 -4.2270e+00 -1.8906e+00 +2.4991e+00 -8.7896e-01 +5.9969e-01 +4.8775e+00 +2.9415e+00 +4.8016e+00 +1.3057e+00 +1.6225e+00 -4.5793e+00 +2.9291e+00 +3.6664e+00 +4.4268e+00 +4.5337e+00 +4.8757e+00
320 +2.217445101e+02 +2.217445101e+02 +2.570945101e+02 +2.570945101e+02 +1.0930e+00 +1.2467e+00 +3.5162e+00 +2.9076e+00 -3.1754e+00 -2.5915e-01 +3.8788e+00 +4.7017e-02 +3.1043e-01 +4.8148e+00 +1.3855e+00 +4.9017e+00 +2.8098e+00 +3.2557e+00 -4.4015e+00 +1.6608e+00 +4.2875e+00 +3.5628e+00 +4.7850e+00 +4.7644e+00
1048 +1.418897965e+02 +1.418897965e+02 +1.772397965e+02 +1.772397965e+02 +2.2997e+00 +3.0768e+00 +4.7691e+00 +4.5280e+00 -3.3794e+00 +1.0519e+00 +3.0909e+00 +1.9257e-01 +8.6460e-01 +4.7000e+00 -2.8477e-01 +4.8140e+00 +3.5678e+00 +1.4542e+00 -4.3741e+00 +3.4463e+00 +3.8613e+00 +3.5599e+00 +4.7899e+00 +4.8110e+00
2610 +9.555398745e+01 +9.555398745e+01 +1.309039875e+02 +1.309039875e+02 +2.0116e+00 +2.6552e+00 +4.9836e+00 +4.3295e+00 -3.3254e+00 -5.5531e-01 +3.5031e+00 +6.8652e-01 +2.5745e+00 +4.6231e+00 -4.9388e-01 +2.2228e+00 +3.0768e+00 +1.0269e+00 -4.1610e+00 +3.3454e+00 +3.2188e+00 +3.9863e+00 +4.5048e+00 +4.9082e+00
3773 +6.297202843e+01 +6.297202843e+01 +9.832202843e+01 +9.832202843e+01 +2.1584e+00 +1.5205e+00 +4.8318e+00 +3.3605e+00 -2.8706e+00 -7.1134e-01 +4.3785e+00 +1.0287e+00 +1.7487e+00 +3.2532e+00 -5.6941e-01 +2.1414e+00 +3.1278e+00 +5.9573e-01 -4.2895e+00 +3.6556e+00 +2.6883e+00 +4.1491e+00 +4.7307e+00 +4.9680e+00
4613 +3.979704536e+01 +3.979704536e+01 +7.514704536e+01 +7.514704536e+01 +2.4097e+00 +2.0494e+00 +4.7893e+00 +1.9569e+00 -2.8198e+00 -6.9497e-01 +4.1433e+00 +7.5199e-01 +9.5062e-01 +2.1508e+00 -1.3359e+00 +1.4419e+00 +2.9071e+00 +1.7093e+00 -2.8282e+00 +4.7629e+00 +3.1724e+00 +3.1427e+00 +4.8117e+00 +4.9190e+00
41063 +2.458123160e+01 +2.458123160e+01 +5.993123160e+01 +5.993123160e+01 +2.6455e+00 +1.7777e+00 +4.0442e+00 +2.0434e+00 -2.5489e+00 -8.8031e-01 +4.0814e+00 +9.2863e-01 +9.5311e-01 +1.8954e+00 -8.8015e-01 +2.8638e-01 +3.1555e+00 +1.8692e+00 -2.6429e+00 +4.5386e+00 +3.1796e+00 +2.9654e+00 +4.4928e+00 +4.7889e+00
% function evaluation | noise-free fitness - Fopt (3.820000000000e+00) | best noise-free fitness - Fopt | measured fitness | best measured fitness | x1 | x2...
1 +2.011389666e+03 +2.011389666e+03 +2.015209666e+03 +2.015209666e+03 -2.2210e+00 +4.1144e+00 +2.4527e+00 -2.6809e+00 -1.2881e+00 -2.9138e+00 -3.9543e+00 -2.2464e+00 +2.9722e-01 +4.2866e+00 -2.5703e+00 +6.4857e-01 -2.9060e+00 -4.3042e+00 +4.8194e+00 -4.2918e+00 +1.2960e+00 -4.2016e+00 -4.6159e+00 -4.7537e+00
2 +1.443047315e+03 +1.443047315e+03 +1.446867315e+03 +1.446867315e+03 +4.8825e+00 +2.9690e+00 -4.9280e+00 +3.7644e+00 -1.9047e+00 -3.4315e+00 +2.5891e+00 -5.6381e-01 -2.3756e+00 +2.3010e+00 +4.2672e+00 -1.0284e+00 +6.4047e-01 -5.9608e-01 +2.5195e+00 -4.4245e+00 +3.3503e+00 -1.9405e+00 +1.3139e+00 +4.4814e+00
22 +6.420693545e+02 +6.420693545e+02 +6.458893545e+02 +6.458893545e+02 +4.6387e+00 +8.5973e-01 +5.1671e-01 -2.1117e+00 +3.1588e+00 -3.1838e+00 -5.9871e-01 -3.8445e+00 +2.3336e+00 -1.5240e-01 +1.1170e+00 +3.7980e+00 +8.4554e-01 -2.8981e-01 -1.3341e+00 -3.4203e+00 -3.0699e+00 -2.4909e+00 +1.0324e+00 +3.3986e+00
69 +4.516641982e+02 +4.516641982e+02 +4.554841982e+02 +4.554841982e+02 +5.0000e+00 +1.7131e+00 +4.7084e-02 -4.3672e-01 -6.8150e-01 -4.8680e+00 +1.3408e-01 -1.4215e+00 -6.4521e-01 -6.6273e-01 -1.0083e+00 +2.0370e+00 -2.2755e+00 -1.4922e+00 -2.2881e+00 +4.6250e+00 +3.7152e+00 +2.7593e+00 -1.4166e+00 +5.0000e+00
99 +3.618095157e+02 +3.618095157e+02 +3.656295157e+02 +3.656295157e+02 +4.1763e+00 +5.0000e+00 +4.0259e+00 -4.5037e-01 -1.3339e+00 -5.0000e+00 -2.4053e-01 -5.0000e+00 +2.8347e+00 -2.9543e+00 -2.6558e+00 -8.3077e-01 -4.1150e+00 -3.7481e+00 -1.5211e+00 -1.6913e+00 -4.6776e+00 +4.8426e+00 -9.2909e-01 +4.2306e+00
323 +2.488710766e+02 +2.488710766e+02 +2.526910766e+02 +2.526910766e+02 +2.9186e+00 +3.2532e-01 +3.1380e+00 -2.3559e+00 +8.2768e-01 -5.0000e+00 -1.4010e+00 -4.7653e+00 +1.0612e+00 -7.9433e-01 +1.4767e+00 -1.3350e+00 -3.5352e+00 -3.4500e+00 -3.6722e+00 +7.4081e-01 +3.9412e-01 +4.9679e+00 +2.2944e+00 -6.4349e-01
382 +1.582074132e+02 +1.582074132e+02 +1.620274132e+02 +1.620274132e+02 +3.5035e+00 -1.5915e-01 +2.6227e+00 -3.0616e+00 +1.0601e-01 -3.9551e+00 -4.9098e-01 -4.0938e+00 +1.6178e+00 -3.5651e+00 +2.9993e+00 -7.7148e-01 -3.2705e+00 -5.0000e+00 -4.4516e+00 -9.1619e-01 +4.9994e-01 +4.5490e+00 +1.0029e+00 +2.8231e-01
588 +7.135064348e+01 +7.135064348e+01 +7.517064348e+01 +7.517064348e+01 +3.1184e+00 +1.4539e+00 +4.4589e+00 -3.3547e+00 -3.4320e-01 -2.4240e+00 +2.2169e-01 -4.6212e+00 +5.3553e-01 -4.3802e+00 +2.4682e+00 +0.0000e+00 -2.7520e+00 -5.0000e+00 -3.7213e+00 +3.2936e+00 +5.0000e+00 +4.3662e+00 +1.0260e+00 +7.9802e-01
939 +5.352534904e+01 +5.352534904e+01 +5.734534904e+01 +5.734534904e+01 +2.8610e+00 +2.1252e+00 +4.6917e+00 -3.2726e+00 -7.0788e-01 -1.7963e+00 -9.8171e-01 -4.6210e+00 +1.5189e+00 -4.4565e+00 +2.6881e+00 +5.5901e-01 -2.4540e+00 -5.0000e+00 -3.9153e+00 +2.5092e+00 +5.0000e+00 +3.9074e+00 +1.0569e+00 +8.6667e-01
1630 +3.740642200e+01 +3.740642200e+01 +4.122642200e+01 +4.122642200e+01 +2.9815e+00 +1.7869e+00 +4.6177e+00 -3.1683e+00 -6.0519e-01 -2.2247e+00 -7.2019e-01 -4.8937e+00 +1.5137e+00 -4.2704e+00 +3.1603e+00 +4.1424e-01 -2.2185e+00 -5.0000e+00 -3.2112e+00 +2.8731e+00 +4.6278e+00 +3.5451e+00 +4.1126e-01 +1.2528e+00
4849 +2.474061708e+01 +2.474061708e+01 +2.856061708e+01 +2.856061708e+01 +3.7857e+00 +1.8887e+00 +4.2550e+00 -3.0483e+00 -1.1023e+00 -1.7843e+00 -1.5184e+00 -4.9846e+00 +1.7884e+00 -3.9282e+00 +2.8614e+00 +1.7353e+00 -1.4955e+00 -5.0000e+00 -3.1677e+00 +2.7313e+00 +4.9769e+00 +4.0876e+00 +3.9022e-01 +1.5321e+00
61920 +1.582748252e+01 +1.582748252e+01 +1.964748252e+01 +1.964748252e+01 +3.8998e+00 +1.8044e+00 +4.0477e+00 -3.0329e+00 -2.1103e-01 -1.3445e+00 -8.6011e-01 -5.0000e+00 +2.2559e+00 -3.0443e+00 +2.6961e+00 +3.0793e+00 -1.2226e+00 -5.0000e+00 -2.8625e+00 +2.1856e+00 +5.0000e+00 +3.6471e+00 +4.1106e-01 +1.8867e+00
% function evaluation | noise-free fitness - Fopt (2.175000000000e+01) | best noise-free fitness - Fopt | measured fitness | best measured fitness | x1 | x2...
1 +3.184116824e+03 +3.184116824e+03 +3.205866824e+03 +3.205866824e+03 -2.5935e+00 +1.0247e-01 +2.5886e+00 +1.6738e+00 -2.6205e+00 -7.4436e-01 +1.4171e+00 +4.5980e+00 -2.5692e+00 -4.7893e+00 -1.7016e+00 +3.5826e+00 +2.8769e+00 +3.9057e+00 +4.6866e+00 -3.8695e+00 +2.4861e+00 -2.6584e+00 -5.0116e-01 +1.5447e+00
3 +2.072219410e+03 +2.072219410e+03 +2.093969410e+03 +2.093969410e+03 -9.9750e-01 +8.1225e-01 +2.1338e+00 -1.4292e+00 -4.3242e+00 +4.8615e-01 +2.7591e+00 +3.5493e+00 +3.2813e+00 -4.8680e+00 +4.2627e+00 -3.0509e+00 +6.8991e-01 -4.0369e+00 +2.6034e+00 -1.0052e+00 +2.3999e+00 +3.2981e+00 -4.7350e+00 -3.3620e+00
12 +9.296459041e+02 +9.296459041e+02 +9.513959041e+02 +9.513959041e+02 +1.5190e+00 +9.1294e-02 -6.0479e-01 +2.3887e+00 +2.5091e+00 -1.8113e+00 -2.5945e+00 -2.6376e+00 -2.6828e+00 +4.3921e+00 -1.9617e+00 +2.4760e+00 -9.9535e-01 -1.3274e+00 +8.3388e-01 -4.8401e+00 +2.1937e-01 -2.5324e+00 -4.6149e+00 +1.7412e+00
67 +6.252940575e+02 +6.252940575e+02 +6.470440575e+02 +6.470440575e+02 +4.1393e+00 +7.9736e-01 -2.3096e-01 +4.0225e+00 -2.4934e+00 +1.2061e+00 +2.0437e+00 -1.8536e+00 +2.6773e+00 +5.2686e-01 -1.6658e-01 +7.0896e-01 +1.8531e+00 +2.4696e+00 +2.7662e+00 -1.5926e+00 -1.5909e+00 -2.2377e+00 -4.6325e+00 +5.3313e-01
91 +3.897583891e+02 +3.897583891e+02 +4.115083891e+02 +4.115083891e+02 +4.5718e+00 +4.3222e+00 -6.7869e-01 -6.8634e-01 -9.7640e-01 +0.0000e+00 +5.0000e+00 +1.6306e-01 -3.0381e+00 +2.9401e-01 -3.5540e+00 +3.6180e-01 +5.0000e+00 -5.8749e-01 -8.8874e-01 -3.5036e+00 -1.6912e+00 -4.9459e+00 -3.6243e+00 +3.4836e-01
161 +1.816266716e+02 +1.816266716e+02 +2.033766716e+02 +2.033766716e+02 +4.7643e+00 -1.1112e+00 -6.0831e-01 +1.3747e+00 +7.0330e-02 +1.9175e+00 +1.1083e+00 +0.0000e+00 +4.7247e+00 +3.7878e+00 +4.3153e+00 +1.1027e+00 +2.0505e+00 +5.2375e-01 +1.7398e+00 -3.1159e+00 +4.8582e-01 -7.4163e-01 -2.6958e+00 +1.6565e+00
314 +1.480193646e+02 +1.480193646e+02 +1.697693646e+02 +1.697693646e+02 +5.0000e+00 +3.3117e-01 -1.9139e-01 +2.4666e+00 -6.4868e-01 +7.8054e-01 +3.8647e-01 -1.3234e+00 +3.3860e+00 +3.4724e+00 +4.8383e+00 +6.8319e-01 +2.4345e+00 -2.7176e+00 +2.0086e+00 -4.1317e-01 -2.0449e+00 -6.2197e-01 -3.3768e+00 +2.5764e+00
558 +9.996254131e+01 +9.996254131e+01 +1.217125413e+02 +1.217125413e+02 +4.8997e+00 -3.8175e-01 -2.7173e+00 +3.5133e+00 -1.9386e+00 +6.2350e-01 +6.9075e-01 +0.0000e+00 +5.0000e+00 +3.1838e+00 +4.7880e+00 -1.1284e+00 +4.3559e+00 -1.6998e+00 +1.3355e+00 -3.3641e+00 -8.0445e-01 +8.9023e-01 -3.5303e+00 +3.0093e+00
1328 +6.200997500e+01 +6.200997500e+01 +8.375997500e+01 +8.375997500e+01 +4.9735e+00 -1.2191e+00 -2.2362e+00 +2.7603e+00 -1.9935e+00 +6.2838e-01 +4.3960e-01 +7.2394e-01 +4.2249e+00 +3.2215e+00 +4.7853e+00 -2.1322e+00 +4.9644e+00 -2.7661e+00 +2.9166e-01 -2.2920e+00 -6.0240e-01 +9.2460e-01 -3.8814e+00 +5.8999e-01
2041 +3.093987105e+01 +3.093987105e+01 +5.268987105e+01 +5.268987105e+01 +4.9442e+00 -9.8960e-01 -2.1016e+00 +2.7272e+00 -2.6518e+00 +2.7662e-01 +1.1554e+00 +1.1701e+00 +4.0889e+00 +3.2185e+00 +4.7077e+00 -2.7553e+00 +4.4143e+00 -2.1298e+00 -1.4761e-01 -1.5026e+00 -6.6171e-01 +1.1781e+00 -5.0000e+00 +4.4431e-01
4182 +1.995667253e+01 +1.995667253e+01 +4.170667253e+01 +4.170667253e+01 +4.9379e+00 -8.3847e-01 -1.6707e+00 +2.5569e+00 -2.4362e+00 -2.3078e-01 +1.9828e+00 +1.4550e+00 +3.9324e+00 +3.4704e+00 +4.7019e+00 -2.9176e+00 +4.5005e+00 -2.1800e+00 -3.7968e-01 -1.1403e+00 -1.2213e+00 +1.3160e+00 -4.6236e+00 +3.5820e-01
4571 +1.531834867e+01 +1.531834867e+01 +3.706834867e+01 +3.706834867e+01 +4.9384e+00 -8.0742e-01 -1.4332e+00 +2.3636e+00 -2.6090e+00 -8.7598e-01 +1.9548e+00 +1.7913e+00 +3.9946e+00 +3.4542e+00 +4.7359e+00 -3.5105e+00 +4.9488e+00 -2.0407e+00 -6.0900e-01 -4.9519e-01 -9.0333e-01 +1.9860e+00 -4.0565e+00 +2.7872e-01
7954 +9.726387233e+00 +9.726387233e+00 +3.147638723e+01 +3.147638723e+01 +4.9308e+00 -7.2031e-01 -7.2905e-01 +2.3107e+00 -2.3236e+00 -1.2933e+00 +2.1332e+00 +1.9756e+00 +4.0833e+00 +3.4749e+00 +4.2135e+00 -2.7028e+00 +4.9314e+00 -2.0923e+00 -6.9137e-01 -9.7380e-01 -8.1828e-01 +1.8544e+00 -3.6671e+00 +3.5040e-01
% function evaluation | noise-free fitness - Fopt (6.479000000000e+01) | best noise-free fitness - Fopt | measured fitness | best measured fitness | x1 | x2...
1 +2.305537250e+03 +2.305537250e+03 +2.370327250e+03 +2.370327250e+03 -2.5070e+00 -9.8045e-01 +2.5425e+00 +4.9935e+00 +2.8993e+00 +4.6451e+00 +3.7494e+00 -2.2727e+00 +2.9401e+00 -2.7626e+00 +4.4181e+00 -3.7725e+00 -2.8366e-01 +1.4205e+00 -3.6776e+00 -4.2237e+00 +3.9631e+00 -3.7520e+00 -4.4278e+00 -1.0775e+00
4 +1.534397684e+03 +1.534397684e+03 +1.599187684e+03 +1.599187684e+03 -3.1629e+00 +1.6347e-01 -8.8160e-01 +3.3681e+00 -1.9960e+00 +4.3827e+00 -2.2731e+00 +4.9158e+00 +1.9563e+00 +3.0298e+00 +2.7432e+00 +6.8662e-01 +1.7436e+00 -3.8594e+00 +2.8180e+00 +3.5098e+00 +1.6557e+00 +3.5950e+00 -2.7384e+00 -2.6408e+00
18 +4.846874987e+02 +4.846874987e+02 +5.494774987e+02 +5.494774987e+02 +2.1765e+00 +1.4854e+00 -3.1506e+00 -3.4793e+00 +3.8198e+00 -3.4083e+00 -3.0491e+00 +4.3766e+00 -4.0944e+00 +3.9794e+00 +1.2766e+00 -2.9134e+00 -1.6035e+00 +2.9842e+00 +4.7070e+00 -7.5088e-02 +3.6756e+00 +5.7634e-01 +4.1194e+00 -3.8192e+00
176 +3.811054321e+02 +3.811054321e+02 +4.458954321e+02 +4.458954321e+02 +1.0485e+00 +2.1539e+00 -1.9614e+00 -1.3009e+00 +1.1809e+00 -1.5480e+00 -4.3699e+00 +4.7524e+00 -5.0000e+00 +3.9034e+00 +2.9006e+00 -4.3320e+00 -5.0000e+00 +2.3721e+00 +4.4935e+00 -1.7812e+00 +4.9716e+00 +3.9862e+00 +1.4499e-01 -3.8830e+00
318 +2.067240273e+02 +2.067240273e+02 +2.715140273e+02 +2.715140273e+02 -1.3528e+00 +1.7857e+00 -7.0253e-01 -1.3893e+00 +8.1616e-01 -1.6496e+00 -4.7252e+00 +4.2335e+00 -3.3972e+00 +3.3827e+00 +1.2952e+00 -3.7214e+00 -2.0944e+00 +1.0033e+00 +4.2228e+00 -1.5534e-02 +3.2406e+00 +3.9676e+00 -2.4009e+00 -3.1433e+00
671 +1.516032471e+02 +1.516032471e+02 +2.163932471e+02 +2.163932471e+02 -2.7553e+00 +1.0745e+00 -6.9584e-01 -1.1286e+00 +8.8300e-01 -1.8794e+00 -4.8360e+00 +3.9570e+00 -4.8035e+00 +2.9767e+00 +2.9726e-01 -5.0000e+00 -5.6051e-01 +1.3108e+00 +4.7758e+00 -1.2541e-01 +3.0863e-01 +4.4206e+00 -3.6077e+00 -4.3860e+00
1659 +9.884396619e+01 +9.884396619e+01 +1.636339662e+02 +1.636339662e+02 -2.0216e+00 -1.2637e+00 -1.7401e+00 -1.2990e+00 +2.6591e-01 -2.9358e+00 -4.9022e+00 +3.9800e+00 -4.7024e+00 +2.0887e+00 -1.4632e-01 -4.9076e+00 +1.8433e-01 +2.6052e+00 +4.0236e+00 -1.0905e+00 +1.9669e+00 +3.7270e+00 -2.0796e+00 -3.6304e+00
2850 +6.276079168e+01 +6.276079168e+01 +1.275507917e+02 +1.275507917e+02 -3.4135e+00 -2.7995e+00 -1.2473e+00 +7.8588e-02 -2.1790e-01 -1.7530e+00 -4.4252e+00 +3.4005e+00 -4.9272e+00 +2.0021e+00 +4.5199e-01 -4.5769e+00 -1.3106e+00 +3.9626e+00 +3.7276e+00 -3.2832e-01 +1.9224e+00 +6.9937e-01 -1.1182e+00 -2.7118e+00
4423 +3.908230504e+01 +3.908230504e+01 +1.038723050e+02 +1.038723050e+02 -2.9504e+00 -2.9071e+00 -1.6148e+00 +4.7533e-01 -1.6038e-01 -1.8820e+00 -4.2444e+00 +2.8036e+00 -4.7609e+00 +1.3311e+00 +1.1294e+00 -4.8623e+00 -1.0956e+00 +3.6599e+00 +2.5981e+00 -8.7047e-01 +1.8302e+00 +2.1007e+00 -1.0486e+00 -1.9193e+00
6410 +2.459422499e+01 +2.459422499e+01 +8.938422499e+01 +8.938422499e+01 -2.4867e+00 -2.7184e+00 -1.1697e+00 +7.0156e-01 -3.8909e-01 -1.6245e+00 -4.4818e+00 +1.9212e+00 -4.9075e+00 +1.8230e+00 +1.5406e+00 -4.9527e+00 -1.9135e+00 +2.7249e+00 +1.7888e+00 -3.3421e-01 +1.9114e+00 +1.9232e+00 -7.2455e-01 -1.0564e+00
7443 +1.559125933e+01 +1.559125933e+01 +8.038125933e+01 +8.038125933e+01 -2.5343e+00 -2.6741e+00 -3.4449e-01 +7.1854e-01 -4.4937e-02 -1.4962e+00 -4.4680e+00 +1.3546e+00 -4.9110e+00 +2.0884e+00 +1.9310e+00 -4.9646e+00 -6.3472e-02 +1.8767e+00 +3.5502e-01 +3.6190e-02 +1.7397e+00 +2.0344e+00 -1.7727e+00 -4.9936e-01
15620 +9.715268384e+00 +9.715268384e+00 +7.450526838e+01 +7.450526838e+01 -2.5829e+00 -2.5681e+00 -3.9104e-01 +6.8139e-01 +1.7556e-01 -1.6857e+00 -4.2299e+00 +6.9974e-01 -4.9185e+00 +1.8972e+00 +2.0512e+00 -5.0000e+00 -8.0204e-02 +1.8861e+00 +1.8839e-01 +7.1405e-01 +1.4730e+00 +1.9010e+00 -1.8451e+00 -6.6528e-01
22289 +6.263429368e+00 +6.263429368e+00 +7.105342937e+01 +7.105342937e+01 -2.4542e+00 -3.0222e+00 -3.7203e-01 +7.4180e-01 +2.4665e-01 -1.9961e+00 -4.1912e+00 +6.7142e-01 -4.9126e+00 +2.0439e+00 +2.1362e+00 -4.9993e+00 -1.7982e-01 +1.6157e+00 +4.0698e-01 +1.0977e+00 +1.8912e+00 +1.5552e+00 -1.7157e+00 -1.1443e+00
% function evaluation | noise-free fitness - Fopt (5.407000000000e+01) | best noise-free fitness - Fopt | measured fitness | best measured fitness | x1 | x2...
1 +5.095151423e+03 +5.095151423e+03 +5.149221423e+03 +5.149221423e+03 -4.7754e+00 -3.4195e+00 +4.7797e+00 -3.9279e+00 -4.9785e+00 +7.7112e-01 +1.3336e+00 +2.4598e+00 +4.3365e+00 +3.8050e+00 +1.2577e-01 -4.8977e+00 -4.5197e+00 -3.3784e+00 +3.6097e+00 +4.7881e+00 -1.6505e+00 +4.1538e+00 -3.7252e+00 -3.1165e+00
2 +1.447661438e+03 +1.447661438e+03 +1.501731438e+03 +1.501731438e+03 +7.8197e-02 +2.5038e+00 -1.9438e-01 -8.1128e-01 -3.8550e+00 +1.3565e+00 +2.3677e+00 +4.6419e+00 -3.2861e+00 -4.2372e+00 +2.9011e+00 +2.3922e+00 +4.1448e+00 +3.4857e+00 +3.6383e+00 +1.2032e+00 +4.1596e+00 +3.2300e+00 -1.8702e+00 -2.8775e+00
9 +5.525284766e+02 +5.525284766e+02 +6.065984766e+02 +6.065984766e+02 -1.6294e+00 -3.1538e+00 -5.4733e-01 -1.5183e+00 -2.4042e+00 -5.6995e-01 -2.3576e+00 +3.9998e+00 -5.7617e-01 -3.1963e+00 -2.7145e+00 +7.8909e-01 +1.9098e+00 -1.9484e+00 +7.5742e-01 -3.5691e+00 +4.6994e-01 +5.9634e-01 +7.6386e-01 -1.8350e+00
147 +2.919460794e+02 +2.919460794e+02 +3.460160794e+02 +3.460160794e+02 +9.4239e-01 -5.0000e+00 +1.6730e+00 -4.8842e+00 -4.7402e+00 -2.8473e+00 +4.2809e+00 +5.0000e+00 +1.5277e+00 -5.0000e+00 -2.0513e+00 +2.9847e+00 +2.6919e+00 -3.1650e+00 +9.0946e-01 -5.0000e+00 -5.2878e-01 +7.4780e-02 -1.7267e+00 -1.1423e+00
208 +2.487232596e+02 +2.487232596e+02 +3.027932596e+02 +3.027932596e+02 +1.3964e+00 -3.5712e+00 +1.5896e+00 -2.9003e+00 -4.9618e+00 -2.0016e+00 +5.0000e+00 +4.7991e+00 +1.8921e-01 -3.3501e+00 -3.1570e+00 +4.9213e+00 +2.9262e+00 -2.8153e-01 +2.1726e+00 -4.3026e+00 -2.9713e-01 +2.6480e+00 -1.9523e+00 -1.3582e+00
443 +1.231056742e+02 +1.231056742e+02 +1.771756742e+02 +1.771756742e+02 +9.3275e-01 -2.8679e+00 +1.6761e+00 -1.0822e+00 -4.3020e+00 -3.2693e-02 +4.2574e+00 +5.0000e+00 +1.4854e+00 -5.0000e+00 -2.2508e+00 +1.7602e+00 +3.6267e+00 -1.3432e+00 +1.0429e+00 -4.4485e+00 +5.0871e-01 +1.6513e+00 -2.2866e+00 +2.7855e-01
977 +9.026090623e+01 +9.026090623e+01 +1.443309062e+02 +1.443309062e+02 +6.4924e-01 -2.3134e+00 +2.0649e+00 +1.0298e+00 -4.3276e+00 +2.9755e-03 +4.1517e+00 +5.0000e+00 -2.4123e-02 -5.0000e+00 -2.2079e+00 +1.7382e+00 +4.0800e+00 -1.4035e+00 +1.4295e+00 -3.2755e+00 +5.6568e-01 +8.2295e-01 -2.2580e+00 -3.8436e-01
1738 +5.838335784e+01 +5.838335784e+01 +1.124533578e+02 +1.124533578e+02 +4.5488e-01 -2.3414e+00 +2.8640e+00 +8.9818e-01 -3.9964e+00 +2.4251e-01 +3.9934e+00 +5.0000e+00 -7.3116e-01 -5.0000e+00 -2.8608e+00 +2.6555e+00 +2.7284e+00 +1.7398e-01 +2.1052e+00 -3.6034e+00 +3.3792e-01 +1.4733e+00 -2.7138e+00 -2.8381e-01
3336 +3.934629109e+01 +3.934629109e+01 +9.341629109e+01 +9.341629109e+01 +9.6224e-01 -3.3468e+00 +4.5554e+00 +1.4422e+00 -4.0819e+00 +2.1460e-01 +4.1907e+00 +5.0000e+00 -1.3663e+00 -5.0000e+00 -2.8160e+00 +1.4298e+00 +2.3562e+00 -9.4496e-01 +2.7689e+00 -3.7459e+00 +5.9448e-01 -9.3277e-01 -2.6983e+00 -4.8657e-01
13328 +2.451682366e+01 +2.451682366e+01 +7.858682366e+01 +7.858682366e+01 +5.8290e-01 -3.1070e+00 +4.9778e+00 +1.4305e+00 -4.2254e+00 -1.4183e-01 +4.1885e+00 +5.0000e+00 -1.0486e+00 -5.0000e+00 -3.1605e+00 +1.4896e+00 +1.8737e+00 -1.1357e+00 +2.7959e+00 -4.3524e+00 +8.5139e-01 -9.1128e-01 -2.1158e+00 -7.3366e-01
% function evaluation | noise-free fitness - Fopt (-9.152000000000e+01) | best noise-free fitness - Fopt | measured fitness | best measured fitness | x1 | x2...
1 +3.926160272e+03 +3.926160272e+03 +3.834640272e+03 +3.834640272e+03 +3.3980e+00 +2.8481e-01 -3.7326e+00 +9.9549e-01 -3.6949e+00 +2.3861e+00 -3.3908e+00 +5.6402e-01 -3.6961e+00 -4.6826e+00 -8.1967e-01 -6.7263e-01 +1.7795e+00 +4.9245e+00 -4.6935e+00 -2.9374e+00 -8.5623e-01 -3.1167e+00 -8.5172e-01 -1.0950e+00
2 +2.497552954e+03 +2.497552954e+03 +2.406032954e+03 +2.406032954e+03 -4.9477e-01 -1.6714e+00 +4.0640e+00 -1.1371e+00 +5.7398e-01 +5.0708e-01 -4.2126e+00 +4.9994e+00 +1.1700e+00 +3.4592e+00 +3.4322e+00 +2.1555e+00 -4.8021e+00 -3.0778e+00 +2.1946e+00 +2.8396e+00 +1.6624e+00 -3.3752e+00 -3.0357e+00 -4.9207e+00
4 +1.202216568e+03 +1.202216568e+03 +1.110696568e+03 +1.110696568e+03 -2.3354e+00 +8.9889e-01 +2.0674e+00 -3.4488e+00 +5.6996e-01 +4.9531e+00 -2.3553e+00 +6.0083e-01 +8.2517e-01 +1.3491e+00 -3.3496e+00 +2.1809e+00 -1.4373e+00 -2.9399e+00 -1.1742e+00 -4.0807e+00 -9.1176e-01 +3.6560e+00 +1.0602e-02 -4.4979e+00
51 +8.508858444e+02 +8.508858444e+02 +7.593658444e+02 +7.593658444e+02 +4.6775e-01 -5.0000e+00 +3.8149e+00 +3.5518e+00 +2.4160e+00 +2.0330e+00 +4.4054e+00 -1.9080e+00 -2.7508e-01 -3.2573e+00 -5.9478e-01 +8.2573e-01 +2.4985e+00 -3.2238e+00 +9.3255e-01 -2.5133e+00 +1.0541e+00 +2.3231e+00 -1.4555e+00 -1.9640e+00
124 +5.907576929e+02 +5.907576929e+02 +4.992376929e+02 +4.992376929e+02 -2.8727e+00 -2.5440e-01 +1.7414e+00 +5.0000e+00 -1.3209e+00 +1.4316e+00 -2.6699e-01 -3.7672e+00 +2.6688e+00 +2.5461e+00 -2.7037e+00 +2.5053e+00 -2.9567e+00 +1.4812e+00 -3.0001e+00 -2.4416e+00 +5.0897e-01 +3.2506e+00 -2.1094e+00 -5.0000e+00
205 +3.707145690e+02 +3.707145690e+02 +2.791945690e+02 +2.791945690e+02 -4.6951e+00 -7.9112e-01 -1.2938e+00 +2.3571e+00 +3.4660e+00 +5.0000e+00 +2.5913e+00 -4.4120e+00 +1.0633e+00 +1.5633e+00 +1.2300e+00 +3.5423e+00 -7.5948e-01 -5.0000e+00 +0.0000e+00 -3.1757e+00 +4.0484e-01 +3.4233e+00 -2.5721e+00 -5.0000e+00
411 +2.297214408e+02 +2.297214408e+02 +1.382014408e+02 +1.382014408e+02 -4.9073e+00 -1.3705e+00 -1.4577e+00 +5.1713e-01 +4.0073e+00 +4.5129e+00 +9.2874e-02 -3.4082e+00 +8.7301e-01 +1.3028e+00 -1.0494e+00 +1.9229e+00 -1.2115e+00 +5.0653e-01 -4.8169e+00 -3.3058e+00 +1.0800e+00 +3.8823e+00 -3.6271e+00 -3.4803e+00
571 +1.568158573e+02 +1.568158573e+02 +6.529585728e+01 +6.529585728e+01 -4.9237e+00 +1.7781e+00 -1.4302e+00 +1.1189e+00 +4.1272e+00 +4.2429e+00 -1.0635e+00 -3.8769e+00 -8.3594e-02 +8.4182e-01 +6.9985e-01 +3.6887e+00 -7.2590e-01 +7.1727e-01 -4.7413e+00 -2.9230e+00 -1.8058e-01 +3.9514e+00 -3.7250e+00 -3.9147e+00
1889 +8.495690969e+01 +8.495690969e+01 -6.563090306e+00 -6.563090306e+00 -3.8777e+00 +2.3120e+00 -1.7398e+00 +1.4955e+00 +2.6627e+00 +3.1989e+00 -5.5808e-01 -2.0206e+00 -1.6553e-02 +6.1605e-03 -2.4440e-02 +4.1041e+00 -2.9686e+00 +1.9348e+00 -4.9984e+00 -3.0014e+00 +1.0969e+00 +4.9432e+00 -1.8024e+00 -3.2833e+00
3445 +6.165775601e+01 +6.165775601e+01 -2.986224399e+01 -2.986224399e+01 -4.2272e+00 +2.8054e+00 -1.6345e+00 +1.6633e+00 +1.7903e+00 +1.5624e+00 -9.9440e-01 -3.2986e-01 +1.7513e-01 +1.8213e+00 -1.3558e-01 +4.6116e+00 -3.2871e+00 +2.0053e+00 -4.9919e+00 -3.4892e-02 +9.4180e-01 +4.7951e+00 +6.2523e-02 -4.5267e+00
5962 +3.970492666e+01 +3.970492666e+01 -5.181507334e+01 -5.181507334e+01 -3.4237e+00 +3.0829e+00 -1.7540e+00 +1.5453e+00 +1.7986e+00 +9.0035e-01 +1.3205e-01 -6.4651e-01 -8.1062e-02 +1.7539e+00 +6.5638e-01 +4.6389e+00 -3.4346e+00 +2.3071e+00 -4.9987e+00 -9.9015e-01 +3.5692e-01 +4.9802e+00 -2.6814e-01 -3.2494e+00
8766 +2.451144575e+01 +2.451144575e+01 -6.700855425e+01 -6.700855425e+01 -2.9683e+00 +2.8966e+00 -1.6718e+00 +1.6811e+00 +1.7929e+00 +6.6048e-01 +1.3414e+00 -7.4233e-01 -5.7372e-01 +1.5579e+00 +7.2089e-01 +4.5515e+00 -3.5203e+00 +1.9432e+00 -3.3691e+00 -3.7140e-01 +3.6189e-01 +4.9600e+00 -9.6541e-02 -2.2738e+00
10922 +1.531929260e+01 +1.531929260e+01 -7.620070740e+01 -7.620070740e+01 -2.8954e+00 +2.8974e+00 -1.6900e+00 +1.6796e+00 +1.6544e+00 +5.9241e-01 +1.4469e+00 -4.3046e-01 -7.7714e-01 +1.7604e+00 +1.2890e+00 +3.8638e+00 -3.7513e+00 +1.7400e+00 -2.5680e+00 -2.9677e-03 +5.0212e-01 +4.9829e+00 +2.0230e-01 -2.1880e+00
% function evaluation | noise-free fitness - Fopt (2.263000000000e+01) | best noise-free fitness - Fopt | measured fitness | best measured fitness | x1 | x2...
1 +2.351109206e+03 +2.351109206e+03 +2.373739206e+03 +2.373739206e+03 -8.2679e-02 -4.2816e+00 -1.0621e+00 +4.6734e+00 +3.8535e+00 +1.4248e+00 +4.0313e+00 -7.3165e-01 +1.7736e+00 +4.3489e+00 -4.9143e+00 -3.5755e+00 -2.6189e+00 -4.2759e+00 -1.0416e+00 +2.6680e+00 -1.7280e+00 -2.9931e+00 -1.7117e+00 +2.2128e+00
19 +7.678594211e+02 +7.678594211e+02 +7.904894211e+02 +7.904894211e+02 +1.2793e+00 -3.6241e+00 +1.2358e+00 -8.5714e-02 -1.4853e+00 +8.6608e-02 +4.0027e+00 +1.4660e+00 -5.0840e-01 -1.2720e+00 -4.4615e+00 +1.1070e+00 +3.7225e+00 -6.6797e-01 -3.0617e-01 +3.6625e+00 +3.9309e+00 -2.6140e+00 +2.0777e-01 -1.7218e+00
137 +6.251416617e+02 +6.251416617e+02 +6.477716617e+02 +6.477716617e+02 +3.0997e+00 -5.0000e+00 +5.0000e+00 -2.7514e-01 +1.3376e+00 +1.7720e+00 +3.1815e+00 -7.4133e-01 +5.0000e+00 -3.2879e+00 -4.3862e+00 -2.0105e-01 +5.0000e+00 -4.0365e+00 -5.0000e+00 +4.1291e+00 +1.8049e+00 -6.0401e-01 +1.4989e+00 -2.7832e+00
180 +3.881406246e+02 +3.881406246e+02 +4.107706246e+02 +4.107706246e+02 +3.6273e+00 -3.7555e+00 +5.0000e+00 +1.2268e+00 +1.3608e+00 +0.0000e+00 +3.1114e+00 -3.5496e+00 +1.8482e+00 -2.7205e+00 -2.4222e+00 -1.5965e+00 +3.9919e+00 -1.6641e+00 +0.0000e+00 +1.7083e+00 +2.7162e-01 -1.6728e+00 +7.4017e-01 -2.8553e+00
245 +2.036307135e+02 +2.036307135e+02 +2.262607135e+02 +2.262607135e+02 +3.5468e+00 -4.5392e+00 +5.0000e+00 +9.0755e-01 +6.1051e-01 -1.0400e+00 +1.7924e+00 -1.2048e+00 +3.0276e+00 +0.0000e+00 -2.9304e+00 +1.2413e+00 +3.7741e+00 -1.8573e+00 +3.2993e+00 +2.1486e+00 +2.0316e-01 +2.0447e-01 +6.0270e-01 -2.7463e-01
580 +9.437104730e+01 +9.437104730e+01 +1.170010473e+02 +1.170010473e+02 +3.1870e+00 -2.8772e+00 +5.0000e+00 +8.3283e-01 +9.9050e-01 +4.1656e+00 +4.0736e+00 -1.0872e+00 +4.0343e+00 +1.3632e-01 -2.6527e+00 +1.7725e+00 +3.9374e+00 -2.0477e+00 +1.9781e+00 +2.2915e+00 +5.6347e-01 -9.7813e-01 -3.0601e+00 +1.4599e-01
952 +5.926663137e+01 +5.926663137e+01 +8.189663137e+01 +8.189663137e+01 +3.5512e+00 -4.7569e+00 +5.0000e+00 +1.9008e+00 +1.1122e+00 +4.1432e+00 +3.9439e+00 +1.3853e+00 +2.9244e+00 +9.8462e-01 -2.7025e+00 +1.4116e+00 +3.5496e+00 -2.7192e+00 +2.6395e+00 +1.7420e+00 +1.7201e+00 -1.0655e+00 -3.1676e+00 +1.8483e+00
1805 +3.810708292e+01 +3.810708292e+01 +6.073708292e+01 +6.073708292e+01 +2.8773e+00 -5.0000e+00 +5.0000e+00 +1.9166e+00 -2.7938e-01 +4.7137e+00 +3.9230e+00 +9.8100e-01 +4.4350e+00 +1.6232e+00 -3.3102e-01 +1.6324e+00 +2.7634e+00 -2.7725e+00 +2.1036e+00 +2.8657e+00 +1.2493e+00 -1.1326e+00 -3.9615e+00 +3.4155e+00
2191 +2.238179807e+01 +2.238179807e+01 +4.501179807e+01 +4.501179807e+01 +2.4053e+00 -3.9843e+00 +5.0000e+00 +2.0660e+00 +1.4447e+00 +4.1564e+00 +3.8362e+00 +2.3230e+00 +4.0168e+00 +4.6249e-01 -5.7461e-02 +1.9250e+00 +3.0904e+00 -2.7645e+00 +2.0781e+00 +8.4081e-01 +1.8933e+00 -9.2428e-01 -3.1644e+00 +3.3037e+00
2921 +1.438470701e+01 +1.438470701e+01 +3.701470701e+01 +3.701470701e+01 +2.7463e+00 -4.4245e+00 +5.0000e+00 +2.2088e+00 +1.9070e+00 +4.3640e+00 +3.5199e+00 +1.1504e+00 +4.2448e+00 +8.5802e-01 +7.3215e-01 +1.8820e+00 +2.9014e+00 -2.2607e+00 +1.8619e+00 +7.7036e-01 +1.7081e+00 -1.4722e+00 -4.1380e+00 +3.5327e+00
4479 +9.987479568e+00 +9.987479568e+00 +3.261747957e+01 +3.261747957e+01 +2.6904e+00 -4.4052e+00 +5.0000e+00 +2.1600e+00 +1.8226e+00 +4.2360e+00 +3.5412e+00 +8.2376e-01 +4.2010e+00 +1.2364e+00 +7.3552e-01 +1.7394e+00 +2.9224e+00 -2.4540e+00 +1.8164e+00 +1.2380e+00 +1.1625e+00 -1.4664e+00 -4.1332e+00 +3.1970e+00
9473 +6.074341497e+00 +6.074341497e+00 +2.870434150e+01 +2.870434150e+01 +2.6593e+00 -4.2747e+00 +5.0000e+00 +2.0425e+00 +2.2131e+00 +4.1154e+00 +3.5319e+00 +9.7482e-01 +4.1678e+00 +1.6409e+00 +1.6594e+00 +1.7101e+00 +2.1696e+00 -2.5684e+00 +1.8391e+00 +1.2346e+00 +1.1884e+00 -1.6085e+00 -3.9493e+00 +3.0996e+00
% function evaluation | noise-free fitness - Fopt (1.554000000000e+01) | best noise-free fitness - Fopt | measured fitness | best measured fitness | x1 | x2...
1 +1.945812787e+03 +1.945812787e+03 +1.961352787e+03 +1.961352787e+03 -3.7712e+00 -1.2145e+00 -2.1850e+00 +1.3771e+00 +2.9309e+00 -4.7355e+00 -1.8788e-03 +5.0411e-01 +2.0781e+00 -3.4568e+00 -3.0988e+00 +2.6109e+00 +1.3014e+00 +2.7427e+00 -4.3624e+00 +2.0662e+00 -4.1652e+00 -4.5552e+00 +5.8635e-01 +3.8077e+00
3 +1.469977710e+03 +1.469977710e+03 +1.485517710e+03 +1.485517710e+03 -1.9239e+00 -1.1179e+00 +6.7953e-02 -9.0112e-01 -2.0219e+00 +4.1645e-01 +8.4130e-01 +9.1289e-01 +5.8948e-02 -3.8000e+00 -3.5976e+00 +3.1654e+00 +1.8214e+00 -1.5509e+00 -1.0467e+00 -7.5338e-01 -2.3859e+00 +3.2193e+00 -2.4812e+00 -5.4915e-01
20 +9.736441202e+02 +9.736441202e+02 +9.891841202e+02 +9.891841202e+02 -2.4782e+00 -2.4202e+00 +1.9802e-01 +8.3987e-01 -2.1482e+00 -3.5346e+00 +4.8763e+00 -1.5546e+00 -2.2698e+00 -3.3929e+00 +3.0045e+00 +4.1356e+00 +2.8085e+00 +3.8090e-01 -1.3536e+00 -1.6048e+00 -3.5181e+00 -7.8536e-01 +3.4245e+00 -8.9504e-01
54 +5.991544458e+02 +5.991544458e+02 +6.146944458e+02 +6.146944458e+02 +1.2818e+00 -5.0000e+00 +9.5921e-01 -2.6013e+00 +1.0902e+00 -3.7501e+00 -1.7251e+00 -2.4726e+00 +1.6957e+00 -3.5508e+00 +1.7524e+00 +3.2695e+00 +2.7365e+00 +1.0189e+00 -2.9389e+00 -2.0055e+00 -5.0000e+00 -3.6109e+00 +3.6095e-01 +3.9964e-01
150 +3.635525149e+02 +3.635525149e+02 +3.790925149e+02 +3.790925149e+02 +1.0686e+00 -3.7795e+00 +1.7257e+00 -5.0000e+00 +4.5001e-02 -5.0000e+00 -1.6390e+00 -3.4644e+00 +6.6578e-01 -2.5537e+00 +0.0000e+00 +2.9295e+00 +4.7487e+00 +6.6025e-01 -3.0090e+00 -1.2822e+00 -4.9575e+00 +8.0661e-01 -5.4811e-01 +1.4352e+00
393 +2.289262224e+02 +2.289262224e+02 +2.444662224e+02 +2.444662224e+02 -1.2050e+00 -2.9583e+00 +7.7204e-01 -1.5858e+00 -1.9759e+00 -4.9568e+00 -1.9219e+00 -3.3759e+00 +1.5713e+00 -4.5055e+00 +1.8649e+00 +3.1862e+00 +3.9408e+00 +1.7347e+00 -3.9612e+00 -3.5257e+00 -4.9974e+00 +1.1630e+00 -1.8374e+00 +1.2509e+00
927 +1.433067601e+02 +1.433067601e+02 +1.588467601e+02 +1.588467601e+02 -6.1361e-01 -3.5556e+00 +2.1962e+00 -4.6466e+00 -4.9636e+00 -2.8213e+00 +2.7532e-01 -8.3322e-01 +1.9707e+00 -3.2344e+00 -3.6576e-01 +1.8228e+00 -2.2431e-01 +2.2060e+00 -4.3743e+00 -3.7806e+00 -4.8473e+00 -6.0106e-01 -1.0373e+00 +3.1957e+00
1474 +9.388955060e+01 +9.388955060e+01 +1.094295506e+02 +1.094295506e+02 -1.5235e+00 -2.6490e+00 +1.2845e+00 -3.8239e+00 -4.5103e+00 -2.9272e+00 -1.3173e-01 +1.6911e-01 +1.4333e+00 -3.3345e+00 -6.8647e-02 -2.1376e+00 -5.8054e-01 +2.2457e+00 -4.3797e+00 -3.1535e+00 -4.9928e+00 -3.0840e-01 -6.5906e-01 +4.5429e+00
1951 +5.880281863e+01 +5.880281863e+01 +7.434281863e+01 +7.434281863e+01 -1.9356e+00 -3.2748e+00 +1.6798e+00 -1.2803e+00 -4.4967e+00 -3.1340e+00 +1.9149e-01 +2.3524e+00 +4.0997e+00 -4.1502e+00 +2.0148e+00 -1.8300e+00 -4.0102e-01 +1.9157e+00 -3.8291e+00 -2.4442e+00 -4.2039e+00 -5.7177e-01 -1.1757e+00 +3.8184e+00
2261 +3.910063240e+01 +3.910063240e+01 +5.464063240e+01 +5.464063240e+01 -2.1012e+00 -1.4488e+00 +1.7888e+00 +5.1514e-02 -4.5872e+00 -2.7399e+00 +1.6154e-01 +1.2550e+00 +4.2840e+00 -3.6106e+00 +2.4098e+00 -2.4703e+00 -4.8644e-01 +2.2677e+00 -3.9156e+00 -1.6600e+00 -4.2892e+00 +2.5965e-01 -1.0700e+00 +4.3536e+00
4291 +2.287809094e+01 +2.287809094e+01 +3.841809094e+01 +3.841809094e+01 -1.8461e+00 -1.9684e+00 +9.9350e-01 +2.9348e-01 -4.3012e+00 -2.4546e+00 +2.9782e-01 +1.0375e+00 +4.2417e+00 -4.8718e+00 +2.1555e+00 -2.1114e+00 -3.1347e-01 +1.8047e+00 -3.9359e+00 -2.2382e+00 -4.2861e+00 +1.7359e-01 -1.3328e+00 +3.5189e+00
9799 +1.584613208e+01 +1.584613208e+01 +3.138613208e+01 +3.138613208e+01 -1.2867e+00 -1.9252e+00 +1.4546e+00 -2.1818e-01 -4.2725e+00 -2.5546e+00 +2.7476e-01 +1.0921e+00 +3.7549e+00 -4.1223e+00 +1.8734e+00 -2.1429e+00 -5.8936e-01 +1.3922e+00 -3.9013e+00 -2.2482e+00 -4.1955e+00 -2.4769e-02 -7.8766e-01 +3.3975e+00
% function evaluation | noise-free fitness - Fopt (-3.765100000000e+02) | best noise-free fitness - Fopt | measured fitness | best measured fitness | x1 | x2...
1 +4.191972104e+03 +4.191972104e+03 +3.815462104e+03 +3.815462104e+03 +2.4904e-01 -3.0741e+00 +1.1112e+00 -1.3909e-01 +3.0665e-01 +2.9061e+00 -4.4307e+00 -4.1703e-01 -4.3806e+00 +3.7898e+00 +4.1802e+00 +4.1981e+00 -3.1002e+00 -3.5079e+00 +3.5999e+00 -2.8515e+00 -4.9649e+00 +1.4435e+00 +9.0795e-01 +3.4626e+00
2 +2.302657560e+03 +2.302657560e+03 +1.926147560e+03 +1.926147560e+03 +6.0547e-02 -2.5490e+00 +4.1372e+00 +3.6915e+00 -3.1013e+00 -3.5537e+00 -1.3458e+00 +8.9576e-01 -3.1430e+00 -9.8484e-01 +4.7752e+00 +2.5054e+00 -1.4088e+00 -6.4750e-01 +4.2750e+00 +3.5475e+00 +1.6421e-01 -2.2389e+00 -4.9885e+00 -3.3360e+00
6 +1.151754880e+03 +1.151754880e+03 +7.752448802e+02 +7.752448802e+02 -7.4079e-01 +1.1919e+00 +7.9918e-01 +1.4882e+00 -3.0897e+00 +1.0985e+00 +2.2262e+00 -4.7626e+00 -6.9547e-01 -5.9279e-01 +7.5887e-01 +4.7886e+00 -1.2211e+00 +2.3081e+00 +1.5587e+00 +3.1930e+00 +2.5289e+00 -8.0570e-01 +1.5431e+00 -3.9387e+00
47 +4.736260424e+02 +4.736260424e+02 +9.711604235e+01 +9.711604235e+01 -5.0000e+00 +3.7082e+00 +6.9404e-01 +2.5727e+00 +1.9289e+00 -4.1597e+00 +3.1853e+00 -3.0184e+00 +1.9121e+00 +2.4449e+00 -4.0059e-01 -1.4465e+00 -1.9850e+00 -6.3322e-03 -2.9955e+00 +9.8490e-01 +5.0000e+00 -6.2043e-01 +3.2126e+00 -3.0765e+00
118 +3.507080552e+02 +3.507080552e+02 -2.580194484e+01 -2.580194484e+01 -3.4046e+00 +5.0000e+00 +4.4788e+00 +5.0000e+00 +2.9109e+00 -2.3204e+00 +4.9867e+00 -1.4419e+00 +1.0133e+00 -4.4900e-01 -2.7806e+00 -2.3506e+00 -2.7682e+00 -1.9416e+00 -4.7193e+00 +1.5712e+00 +1.4500e+00 +1.0966e+00 +3.1954e+00 -5.0000e+00
219 +2.422786609e+02 +2.422786609e+02 -1.342313391e+02 -1.342313391e+02 -1.9725e+00 +4.0356e+00 +5.0000e+00 +4.8465e+00 +1.8825e+00 -1.2505e+00 +4.9694e+00 -2.0002e+00 +2.8424e+00 -2.1487e+00 -2.3027e+00 -2.8215e+00 -5.0823e-01 -2.9559e+00 -3.8599e+00 -8.2930e-01 +2.0551e+00 +2.1653e+00 +3.9023e+00 -5.0000e+00
431 +1.383531089e+02 +1.383531089e+02 -2.381568911e+02 -2.381568911e+02 -2.5944e+00 +5.0000e+00 +3.9662e+00 +5.0000e+00 +2.5734e+00 +2.8727e-01 +4.7295e+00 -5.0000e+00 +1.7501e+00 -3.8085e+00 -9.0334e-01 -3.2613e+00 +9.4958e-01 -2.9764e+00 -2.9893e+00 +2.0721e+00 +3.5001e+00 +4.6220e+00 +1.8606e+00 -4.9668e+00
1117 +9.748642437e+01 +9.748642437e+01 -2.790235756e+02 -2.790235756e+02 -2.4345e+00 +5.0000e+00 +3.9148e+00 +5.0000e+00 +2.8438e+00 +6.6833e-01 +4.4726e+00 -3.3307e+00 +3.0418e+00 -2.4473e+00 +2.9927e-01 -3.9276e+00 +5.2889e-01 -3.3605e+00 -2.6582e+00 +1.5869e+00 +3.1190e+00 +5.0000e+00 +2.1194e+00 -4.9766e+00
4802 +6.188061477e+01 +6.188061477e+01 -3.146293852e+02 -3.146293852e+02 -2.3843e+00 +4.8104e+00 +1.6486e+00 +4.9959e+00 +3.0532e+00 +8.9802e-01 +4.4459e+00 -2.1725e+00 +2.1673e+00 -2.7796e+00 +1.1993e-01 -4.8083e+00 +9.3820e-01 -1.3711e+00 -1.2839e+00 +2.9252e-01 +2.6012e+00 +4.6784e+00 +1.3422e+00 -4.9577e+00
% function evaluation | noise-free fitness - Fopt (3.960400000000e+02) | best noise-free fitness - Fopt | measured fitness | best measured fitness | x1 | x2...
1 +3.224650747e+03 +3.224650747e+03 +3.620690747e+03 +3.620690747e+03 -1.6343e+00 -3.9407e+00 +1.9187e+00 -7.1054e-01 +2.4038e+00 -4.5107e+00 +1.2643e+00 -4.7425e+00 -2.0055e+00 -1.2503e+00 -1.4420e+00 +1.7070e+00 -3.2923e+00 -5.8089e-01 -9.4883e-01 -5.9528e-03 +1.3161e+00 +1.9977e+00 -1.2104e+00 -9.6211e-01
2 +1.879050155e+03 +1.879050155e+03 +2.275090155e+03 +2.275090155e+03 +1.8973e+00 -3.0899e+00 -4.9181e+00 +4.9418e+00 +2.3134e+00 +4.0689e-01 -3.0294e-01 +1.7186e-01 -2.6011e+00 +4.7067e+00 -5.1859e-01 +4.1144e+00 -3.4319e+00 +4.2647e+00 -3.5535e+00 +1.0021e+00 +3.8330e+00 +1.9144e+00 +4.2386e+00 +2.4557e+00
10 +1.274379648e+03 +1.274379648e+03 +1.670419648e+03 +1.670419648e+03 +1.1250e+00 +3.7418e+00 -9.7684e-01 +2.1878e-01 -1.9898e+00 +2.1209e+00 +3.0620e+00 +2.9912e+00 +3.2372e+00 +4.5084e+00 +2.3150e-01 -4.2759e+00 +1.7137e+00 -4.1394e+00 +1.4439e+00 -2.8547e+00 -3.3713e+00 -2.5252e+00 +2.2089e+00 +4.6030e+00
12 +7.382778652e+02 +7.382778652e+02 +1.134317865e+03 +1.134317865e+03 -1.2169e+00 -4.2676e-02 -4.3542e+00 +2.7166e+00 +4.6475e+00 +4.0286e+00 -4.6852e+00 -6.7142e-02 +6.7792e-01 +2.2513e+00 -9.5697e-01 -4.1262e+00 -3.0017e-01 +1.3741e+00 -2.8475e+00 +3.7942e+00 -3.9847e-04 -1.5092e+00 -3.9164e+00 -9.4177e-01
60 +5.531847566e+02 +5.531847566e+02 +9.492247566e+02 +9.492247566e+02 -1.5904e+00 +7.3315e-01 -5.0000e+00 +5.0000e+00 -2.5833e-01 +9.1945e-01 -5.0000e+00 +1.4702e+00 +2.3818e+00 +3.2454e+00 -1.3537e+00 -1.4101e+00 -4.0119e+00 +1.2615e+00 +9.1146e-01 +2.3513e+00 -6.2834e-02 +6.9402e-01 -1.3372e+00 -2.0829e+00
156 +2.996678720e+02 +2.996678720e+02 +6.957078720e+02 +6.957078720e+02 +8.6370e-01 +9.2951e-01 -3.5903e+00 +4.9936e+00 +9.2767e-01 +7.5274e-01 -4.1012e+00 -4.2539e-02 +6.5784e-01 +3.3403e+00 -1.7555e+00 -7.6429e-01 +0.0000e+00 -1.1698e+00 -1.3742e+00 +7.8092e-01 -2.4417e-01 +1.3224e+00 -1.6582e+00 -5.2570e-01
229 +2.326589431e+02 +2.326589431e+02 +6.286989431e+02 +6.286989431e+02 +1.1529e+00 +1.1175e+00 -4.2257e+00 +8.9266e-01 -1.4016e+00 +7.0322e-01 -2.9850e+00 +8.2373e-01 -5.2024e-01 +3.7169e+00 -7.3941e-01 +2.3860e-01 +0.0000e+00 -1.5224e+00 -1.0348e+00 +1.4116e+00 -8.2352e-01 +2.8267e+00 -2.6037e+00 +1.2447e-01
678 +1.533406768e+02 +1.533406768e+02 +5.493806768e+02 +5.493806768e+02 -1.5595e+00 +3.5641e-01 -3.1123e+00 +3.0299e+00 -3.6098e+00 +1.1728e+00 -3.5122e+00 -5.6469e-01 +2.2727e-01 +2.9622e+00 -2.0166e+00 +7.8266e-01 -1.5533e+00 -1.0341e+00 -6.2095e-01 +1.4576e+00 -4.4015e-01 -2.7581e+00 -2.7954e+00 -1.7296e+00
1513 +9.246401852e+01 +9.246401852e+01 +4.885040185e+02 +4.885040185e+02 -2.1452e+00 +4.7799e-01 -2.1028e+00 +3.0657e+00 -3.9585e+00 +8.9722e-01 -3.1483e+00 +9.9429e-01 +1.2542e+00 +4.1115e+00 -2.4276e+00 +7.2148e-01 +6.3228e-01 -2.0795e+00 -9.8280e-02 +8.4630e-01 -1.4970e+00 +1.2246e+00 -3.8990e+00 -1.5626e-01
2612 +5.940911710e+01 +5.940911710e+01 +4.554491171e+02 +4.554491171e+02 -1.8252e+00 -1.1013e+00 -1.5096e+00 +3.1487e+00 -3.8552e+00 +2.0416e+00 -2.7541e+00 +2.5896e+00 +1.4625e+00 +3.1711e+00 -3.9242e+00 +3.9433e-01 -1.1439e-01 -2.0390e+00 +9.5223e-02 +9.5048e-01 -1.1469e+00 +4.4776e-01 -3.9163e+00 +2.4911e-01
3113 +3.726257339e+01 +3.726257339e+01 +4.333025734e+02 +4.333025734e+02 -9.6222e-01 -2.5374e+00 -1.7256e+00 +3.2218e+00 -3.9273e+00 +2.4000e+00 -2.4012e+00 +2.9699e+00 +9.7204e-01 +3.1718e+00 -3.4896e+00 -6.7090e-01 +3.3816e-01 -2.5602e+00 +1.9532e-01 +5.7125e-01 -9.4795e-01 +2.1698e+00 -4.0688e+00 +9.3378e-01
3870 +2.396742204e+01 +2.396742204e+01 +4.200074220e+02 +4.200074220e+02 -1.0355e+00 -3.2237e+00 -1.8514e+00 +3.2463e+00 -4.0021e+00 +1.6061e+00 -1.7474e+00 +2.7120e+00 +9.3456e-01 +2.7274e+00 -3.5872e+00 -5.1570e-01 +5.0244e-01 -2.8184e+00 -3.1746e-01 +3.1785e-01 -7.5525e-01 +2.4636e+00 -4.2878e+00 +1.2274e+00
9578 +1.479477460e+01 +1.479477460e+01 +4.108347746e+02 +4.108347746e+02 -1.3197e+00 -3.6240e+00 -1.4148e+00 +2.8664e+00 -3.9083e+00 +1.5069e+00 -2.0740e+00 +2.6130e+00 +9.8447e-01 +2.6812e+00 -3.5790e+00 -5.1678e-01 +1.0550e+00 -2.8459e+00 -1.2327e-01 +1.9926e-01 -3.4623e-01 +2.6764e+00 -4.2555e+00 +1.6609e+00
43945 +8.235047443e+00 +8.235047443e+00 +4.042750474e+02 +4.042750474e+02 -2.0890e+00 -3.7869e+00 -1.2060e+00 +3.1812e+00 -4.1526e+00 +1.6844e+00 -3.7785e+00 +3.4630e+00 +2.4067e+00 +1.8271e+00 -3.6145e+00 -5.4907e-01 +1.2828e+00 -2.4561e+00 -1.0061e-01 -2.7769e-01 +5.8062e-01 +2.9194e+00 -4.7833e+00 +1.8179e+00
48705 +6.295610232e+00 +6.295610232e+00 +4.023356102e+02 +4.023356102e+02 -2.1419e+00 -3.5183e+00 -1.4083e+00 +3.1977e+00 -4.1325e+00 +1.7574e+00 -3.8630e+00 +3.3904e+00 +2.3846e+00 +1.8833e+00 -3.4528e+00 -8.7575e-01 +9.5636e-01 -2.3836e+00 -1.3031e-02 -5.6864e-01 +4.5158e-01 +2.5155e+00 -4.5895e+00 +1.8234e+00
% function evaluation | noise-free fitness - Fopt (1.281100000000e+02) | best noise-free fitness - Fopt | measured fitness | best measured fitness | x1 | x2...
1 +1.679592661e+03 +1.679592661e+03 +1.807702661e+03 +1.807702661e+03 -2.8401e+00 -3.7625e+00 -4.5868e+00 -2.8129e+00 +1.2007e+00 +1.6766e+00 -1.7241e+00 -3.8010e+00 +3.6971e+00 -4.7433e+00 +3.6810e+00 -1.1603e+00 -1.5447e-01 -1.6283e+00 +2.9699e+00 +2.7460e+00 -2.8394e+00 -1.3573e+00 -3.6953e+00 +2.4165e+00
2 +1.068082554e+03 +1.068082554e+03 +1.196192554e+03 +1.196192554e+03 -3.2373e+00 +4.1720e+00 -1.3265e+00 -4.1494e+00 +4.1517e-01 -4.4037e+00 +3.0328e+00 -3.5588e+00 -1.1612e+00 -6.2835e-01 -2.8741e+00 +2.6892e+00 -1.9549e+00 -2.2157e+00 +3.9538e+00 -3.9626e+00 +4.2711e+00 -3.4431e-01 -3.2705e+00 -3.1317e+00
6 +9.968945129e+02 +9.968945129e+02 +1.125004513e+03 +1.125004513e+03 +3.4525e+00 +2.0644e+00 -1.7602e+00 -4.2267e+00 +2.3389e+00 +1.8519e+00 +2.5757e+00 -9.7272e-01 +2.4709e+00 -4.9461e+00 -4.2418e+00 +5.0841e-01 -2.4998e-01 -5.1419e-01 -4.8147e-01 +2.3288e+00 -4.9842e+00 +1.5446e+00 +9.2601e-03 +4.3257e-01
36 +5.306348961e+02 +5.306348961e+02 +6.587448961e+02 +6.587448961e+02 -4.7420e-01 -2.9209e+00 -3.5690e-02 +1.4726e+00 -3.7510e+00 +1.7617e+00 -1.2056e+00 -2.8618e+00 -4.8259e+00 +1.7031e+00 -5.3441e-01 +4.0321e+00 +2.5227e+00 +4.0475e+00 -6.8927e-01 -6.3285e-01 +2.1102e+00 +4.4850e+00 +3.6004e+00 -4.3586e+00
85 +2.815468106e+02 +2.815468106e+02 +4.096568106e+02 +4.096568106e+02 -3.4137e+00 -3.6503e+00 -1.8817e+00 +4.3284e+00 -3.0400e+00 +0.0000e+00 -3.7615e+00 +5.7452e-01 -1.7810e+00 +0.0000e+00 -7.0877e-01 -1.3249e+00 +2.8680e+00 +3.7141e+00 +1.2814e+00 +4.1254e-01 +0.0000e+00 +4.0223e+00 +6.0644e-01 -3.3081e+00
140 +2.069528639e+02 +2.069528639e+02 +3.350628639e+02 +3.350628639e+02 -2.0755e+00 -3.9765e-01 +0.0000e+00 +1.1507e+00 -1.4821e+00 +1.7795e+00 -1.6925e+00 +5.3216e-01 -1.1067e+00 +2.7960e+00 -5.5676e-01 -5.4446e-01 +0.0000e+00 +2.3488e+00 +1.6188e+00 +1.1488e+00 +5.1758e-01 +4.5875e+00 +6.8837e-01 -2.4765e+00
231 +1.270815609e+02 +1.270815609e+02 +2.551915609e+02 +2.551915609e+02 -3.8029e+00 +6.6265e-01 -1.7988e+00 +9.5487e-01 +3.1722e+00 +1.1910e+00 +0.0000e+00 -4.8992e-01 -6.5843e-01 +3.4234e+00 -5.3038e-01 -1.1167e+00 -1.1570e+00 +2.1168e+00 +5.1934e-01 +1.6966e+00 +8.0113e-01 +4.8005e+00 +7.0092e-01 -2.0203e+00
307 +9.758028219e+01 +9.758028219e+01 +2.256902822e+02 +2.256902822e+02 -4.4327e+00 +1.4920e+00 -1.4076e+00 +5.2375e-01 +4.3870e+00 +9.4606e-04 -7.5472e-01 -7.4745e-01 -1.6136e-01 +1.0689e+00 -6.9044e-01 -7.2075e-01 -1.4895e+00 +2.0200e+00 +1.0050e+00 +2.1176e+00 +9.3321e-01 +3.4351e+00 +1.6645e+00 +0.0000e+00
751 +6.078106465e+01 +6.078106465e+01 +1.888910647e+02 +1.888910647e+02 -2.8687e+00 +2.0845e+00 +6.9587e-01 +5.6129e-01 +3.0060e+00 +1.8363e+00 -1.2954e+00 -2.0556e+00 -1.2991e-01 +2.2057e+00 -9.6235e-01 -3.6211e-01 +1.5154e-01 +1.4200e+00 +1.4269e+00 +2.3926e+00 +2.7486e+00 +2.0305e+00 +1.9626e+00 +1.4098e+00
1311 +3.558896773e+01 +3.558896773e+01 +1.636989677e+02 +1.636989677e+02 -3.0669e+00 +8.8603e-01 -1.6423e+00 +6.2509e-01 +2.8419e+00 +2.8955e+00 -2.3183e+00 -2.5642e+00 -2.5621e-01 +1.9905e+00 -4.9235e-01 -2.7020e-01 +1.9444e-01 +1.6566e+00 -4.4291e-01 +2.3366e+00 +2.7853e+00 +2.0249e+00 +2.1930e+00 +2.0586e+00
2502 +2.256259366e+01 +2.256259366e+01 +1.506725937e+02 +1.506725937e+02 -2.6788e+00 +1.1377e+00 -1.1025e+00 +5.8536e-01 +2.3146e+00 +2.8743e+00 -1.6519e+00 -2.0868e+00 -4.7993e-01 +2.1494e+00 +1.4484e-01 +5.2476e-01 +2.7417e-01 +1.4294e+00 -4.2968e-01 +2.3075e+00 +2.5931e+00 +1.6757e+00 +1.9996e+00 +2.2981e+00
4145 +1.579958602e+01 +1.579958602e+01 +1.439095860e+02 +1.439095860e+02 -2.7112e+00 +8.8465e-01 -1.3574e+00 +5.6276e-01 +2.6706e+00 +2.5133e+00 -1.6058e+00 -1.8760e+00 -4.1155e-01 +2.1609e+00 +3.4429e-01 +3.6550e-01 +2.3625e-01 +1.5457e+00 -6.5531e-02 +2.2424e+00 +2.5963e+00 +1.7681e+00 +2.1092e+00 +1.9937e+00
% function evaluation | noise-free fitness - Fopt (-2.923500000000e+02) | best noise-free fitness - Fopt | measured fitness | best measured fitness | x1 | x2...
1 +6.458771462e+03 +6.458771462e+03 +6.166421462e+03 +6.166421462e+03 -1.4553e-01 -2.6245e+00 -2.3776e+00 +3.7722e+00 -2.2842e+00 -3.0516e+00 -2.4872e+00 +1.0152e+00 -4.1277e+00 -9.5518e-01 -2.3430e+00 -4.0118e+00 +3.7626e+00 +3.6434e+00 -3.0443e+00 -1.3763e+00 -4.6608e+00 +2.2049e+00 +3.8255e+00 +1.4645e+00
2 +1.820739789e+03 +1.820739789e+03 +1.528389789e+03 +1.528389789e+03 -2.2581e+00 -1.7248e+00 -7.4000e-01 -2.8897e+00 -1.7454e-01 +2.2181e+00 +2.2663e+00 +4.4042e+00 -4.2736e+00 -2.3573e+00 -1.6808e-01 -1.3255e+00 -2.3152e-01 +4.6735e+00 +4.2326e+00 -2.8576e+00 +4.5990e+00 -1.7130e+00 -1.8030e+00 +2.2999e+00
6 +9.436338647e+02 +9.436338647e+02 +6.512838647e+02 +6.512838647e+02 +1.5849e-02 -1.2033e+00 +1.3588e+00 +2.5176e+00 +2.1038e+00 -4.8510e+00 -2.9797e+00 -1.2452e+00 -2.6217e+00 -7.0153e-01 +3.9024e+00 -1.8647e+00 -3.3069e+00 +3.2166e+00 -8.3163e-01 +2.8505e+00 +1.4354e+00 -3.4844e+00 -2.1265e+00 -2.5150e+00
111 +3.026543517e+02 +3.026543517e+02 +1.030435172e+01 +1.030435172e+01 -5.6181e-01 -2.9469e+00 -5.3669e-01 +2.1336e+00 +2.6668e+00 -5.3918e-01 +4.3994e-01 +6.9764e-01 -1.4246e+00 -3.4982e+00 +4.0626e+00 +2.0580e+00 -1.6575e+00 +3.4429e+00 +2.5472e+00 +7.8566e-01 +2.3049e+00 -1.9792e+00 -3.0589e+00 -3.8087e+00
252 +2.475290429e+02 +2.475290429e+02 -4.482095709e+01 -4.482095709e+01 -3.5215e-02 -4.5311e+00 -1.7848e+00 +4.1010e-01 +2.2895e+00 +5.3757e-01 -1.8705e+00 -1.3268e-01 -3.1588e+00 -4.6708e+00 +3.4809e+00 +1.3778e+00 -1.0846e+00 +4.4155e+00 +5.6454e-01 -3.3505e-01 +1.7121e+00 -2.5711e+00 -3.3767e+00 -3.2385e+00
660 +1.377354646e+02 +1.377354646e+02 -1.546145354e+02 -1.546145354e+02 -4.3777e+00 -3.9911e+00 +2.0575e+00 +1.8257e+00 +3.8274e-01 -4.9925e-01 +1.1768e-01 +1.4649e+00 +1.3834e+00 -4.9580e+00 +2.2668e+00 +2.3179e+00 +5.7057e-01 +4.4629e+00 -9.3778e-01 -9.6785e-01 +3.2383e+00 +6.8672e-01 -2.8259e+00 -4.5265e+00
998 +9.532995056e+01 +9.532995056e+01 -1.970200494e+02 -1.970200494e+02 -2.9050e+00 -3.8123e+00 -7.0319e-01 +2.0310e+00 +8.2960e-01 -4.4410e-01 -3.3884e+00 -1.0044e+00 +1.4891e+00 -4.9317e+00 +2.4984e+00 +4.2459e+00 +1.2952e+00 +4.6972e+00 -1.2048e+00 +3.1090e-01 +3.1439e+00 +1.4526e+00 -2.4800e+00 -4.8614e+00
1320 +6.110509721e+01 +6.110509721e+01 -2.312449028e+02 -2.312449028e+02 -1.2446e+00 -4.3124e+00 +8.9694e-01 +1.8996e+00 +1.7825e+00 +3.5944e-01 -5.5163e-01 +1.1581e+00 +1.0619e+00 -4.9800e+00 +5.0000e+00 +4.2091e+00 +1.2520e+00 +2.6645e+00 +2.5993e-02 +2.2284e+00 +2.8981e+00 +1.4478e-01 -4.3264e+00 -4.8523e+00
1814 +3.547446932e+01 +3.547446932e+01 -2.568755307e+02 -2.568755307e+02 -2.5583e+00 -4.4902e+00 +8.6752e-01 +2.7901e+00 +2.8985e+00 +5.3589e-01 -1.6421e+00 +4.4603e-01 -5.1382e-01 -4.9229e+00 +5.0000e+00 +4.0534e+00 +1.6208e+00 +2.4030e+00 +1.6803e-01 +1.9409e+00 +1.5147e+00 +3.9103e-01 -2.8533e+00 -4.8574e+00
3043 +2.139089945e+01 +2.139089945e+01 -2.709591006e+02 -2.709591006e+02 -1.2512e+00 -4.5084e+00 +1.0186e+00 +1.1189e+00 +3.2134e+00 +4.3795e-01 -1.4010e+00 -4.3838e-01 +2.4854e-01 -4.9485e+00 +4.3734e+00 +4.2295e+00 +1.3916e+00 +3.2040e+00 +1.5675e-01 +2.6297e+00 +3.1919e+00 +5.5048e-01 -2.7414e+00 -4.7684e+00
3728 +1.541748555e+01 +1.541748555e+01 -2.769325145e+02 -2.769325145e+02 -1.5940e+00 -4.5116e+00 +9.1496e-01 +1.4275e+00 +3.2334e+00 +4.3856e-01 -1.6027e+00 +2.5079e-01 +1.0286e-01 -4.9572e+00 +4.2136e+00 +4.2513e+00 +1.3192e+00 +3.1775e+00 +2.7700e-01 +2.6568e+00 +3.4444e+00 +8.0900e-01 -2.7925e+00 -4.8369e+00
8693 +9.984175955e+00 +9.984175955e+00 -2.823658240e+02 -2.823658240e+02 -1.8900e+00 -4.5055e+00 +3.1355e-01 +1.0511e+00 +3.4553e+00 +7.1178e-01 -2.7589e+00 -5.0638e-01 +1.1131e-01 -4.9643e+00 +4.1381e+00 +3.9991e+00 +1.1671e+00 +3.3961e+00 +6.6084e-01 +2.8201e+00 +3.3860e+00 +6.5620e-01 -2.5927e+00 -4.9700e+00
% function evaluation | noise-free fitness - Fopt (3.110100000000e+02) | best noise-free fitness - Fopt | measured fitness | best measured fitness | x1 | x2...
1 +2.344467348e+03 +2.344467348e+03 +2.655477348e+03 +2.655477348e+03 -1.0232e+00 -3.5789e+00 -1.4454e-01 +4.1710e+00 +2.8547e+00 -3.0009e+00 -2.5599e+00 +1.5359e+00 +1.5757e+00 +3.0298e+00 -3.2141e+00 -4.2383e+00 -1.3267e+00 +4.4447e+00 -1.4196e+00 -4.6010e+00 -4.4809e+00 -2.6166e+00 -1.5484e+00 +2.0536e+00
17 +1.531207953e+03 +1.531207953e+03 +1.842217953e+03 +1.842217953e+03 +2.2129e+00 -2.7313e-01 +2.4993e+00 +4.6268e-01 +4.5989e+00 +4.3828e+00 -4.0688e+00 -2.8307e-01 +2.0860e+00 -2.8978e+00 +6.8286e-01 +4.2771e+00 -1.0356e-01 -3.0601e+00 +3.4820e+00 +3.4171e+00 -2.2050e+00 -5.0704e-01 +2.9865e+00 +4.4339e+00
72 +5.431341407e+02 +5.431341407e+02 +8.541441407e+02 +8.541441407e+02 +2.3513e+00 -5.0000e+00 -1.4145e-01 +1.7532e-01 +4.8821e+00 -2.9399e+00 -1.7822e+00 -4.1741e-01 +2.0397e+00 -1.3096e+00 -7.3913e-01 +8.3828e-01 -5.0000e+00 -1.0942e+00 +3.1742e+00 -4.5925e+00 -4.4928e+00 +4.9409e-01 -3.6096e+00 -5.0000e+00
232 +3.942793935e+02 +3.942793935e+02 +7.052893935e+02 +7.052893935e+02 +2.3464e+00 -2.9250e+00 +6.5882e-01 +9.1383e-01 +4.7986e+00 -2.8812e+00 -1.4308e+00 +2.2042e+00 +5.0000e+00 -1.6512e+00 -1.9698e+00 +4.3057e+00 -5.0000e+00 -2.5872e+00 +4.2538e+00 -3.7237e-01 -4.1803e+00 -1.4245e+00 -1.1301e+00 -5.2481e-01
439 +2.226889314e+02 +2.226889314e+02 +5.336989314e+02 +5.336989314e+02 +1.1759e+00 -3.6692e+00 -2.8089e+00 +3.4721e+00 +4.3554e+00 -2.9955e+00 +3.5138e-01 +2.7197e+00 +5.5991e-01 -2.0361e+00 -3.9031e+00 +4.4916e+00 -4.2430e+00 -3.4400e+00 +4.5916e+00 +2.0673e+00 -2.3008e+00 -9.6136e-01 +7.8364e-01 +1.5829e+00
468 +1.478886951e+02 +1.478886951e+02 +4.588986951e+02 +4.588986951e+02 +1.3145e+00 -2.7971e+00 -2.5872e+00 +4.1044e+00 +4.3625e+00 -2.9594e+00 +6.9924e-01 +2.8398e+00 +2.7174e-01 -1.4589e+00 +0.0000e+00 +3.7631e+00 -3.7944e+00 -3.6200e+00 +4.7121e+00 +1.0860e+00 -2.4174e+00 -2.0695e+00 +4.4728e-01 +6.0326e-01
959 +8.311474977e+01 +8.311474977e+01 +3.941247498e+02 +3.941247498e+02 +2.9097e+00 -2.7251e+00 -1.9950e+00 +3.1834e+00 +4.2563e+00 -2.8444e+00 +1.2220e+00 +2.0791e+00 +9.7168e-01 -2.0499e+00 -2.8237e+00 +3.5487e+00 -4.0356e+00 -2.0170e+00 +4.7939e+00 +2.9659e+00 +8.1184e-01 -3.7022e+00 -7.9163e-01 +1.3254e+00
1309 +5.926835578e+01 +5.926835578e+01 +3.702783558e+02 +3.702783558e+02 +1.5716e+00 -2.5296e+00 -3.1765e+00 +2.9981e+00 +4.3822e+00 -2.4413e+00 +1.1825e+00 +2.1488e+00 -1.5251e+00 -4.9947e-01 -2.2256e+00 +2.8509e+00 -4.0898e+00 -1.1846e+00 +4.8378e+00 +3.1088e+00 +2.7289e+00 -3.7557e+00 -1.1340e+00 +8.6129e-01
5982 +3.747281159e+01 +3.747281159e+01 +3.484828116e+02 +3.484828116e+02 +9.8211e-01 -2.5024e+00 -3.5566e+00 +2.9674e+00 +3.7744e+00 -2.0292e+00 +1.2594e+00 +2.5796e+00 -1.2335e+00 -1.7893e+00 -2.8296e+00 +2.9921e+00 -4.0603e+00 -8.9167e-01 +4.9820e+00 +2.6925e+00 +2.2581e+00 -4.3602e+00 -4.5440e-01 +2.1175e+00
7867 +2.429864754e+01 +2.429864754e+01 +3.353086475e+02 +3.353086475e+02 +9.9539e-01 -2.4636e+00 -3.7658e+00 +3.2263e+00 +3.4281e+00 -1.8965e+00 +1.5619e+00 +3.0292e+00 -1.8756e+00 -1.4703e+00 -2.4392e+00 +3.1561e+00 -3.2047e+00 -1.4391e+00 +3.4735e+00 +2.1543e+00 +2.2887e+00 -4.3062e+00 -1.8217e+00 +1.8446e+00
15676 +1.533806563e+01 +1.533806563e+01 +3.263480656e+02 +3.263480656e+02 +6.8036e-01 -2.5872e+00 -4.1490e+00 +2.9711e+00 +3.4980e+00 -1.8142e+00 +2.3135e+00 +3.2695e+00 -1.5980e+00 -1.6134e+00 -2.6613e+00 +2.6541e+00 -3.0617e+00 -1.2058e+00 +2.1886e+00 +2.7575e+00 +1.9392e+00 -4.0101e+00 -2.4647e+00 +1.9913e+00
% function evaluation | noise-free fitness - Fopt (-8.051800000000e+02) | best noise-free fitness - Fopt | measured fitness | best measured fitness | x1 | x2...
1 +2.811174133e+03 +2.811174133e+03 +2.005994133e+03 +2.005994133e+03 -2.1010e+00 -3.1646e+00 -1.8541e+00 -2.8000e+00 +4.9509e+00 +9.3072e-01 +2.7293e+00 +3.7056e-01 -3.5956e+00 -1.9786e+00 -2.4224e+00 -1.1849e+00 +4.6208e+00 +4.1518e+00 +4.4792e+00 -7.2040e-01 +3.9412e+00 -1.6325e+00 +2.6882e+00 +3.7160e+00
2 +1.527209130e+03 +1.527209130e+03 +7.220291297e+02 +7.220291297e+02 +7.6387e-01 +1.5036e+00 -4.6350e+00 +3.3493e+00 -2.5051e+00 -3.4166e+00 -4.5760e+00 -1.4454e+00 +2.6715e+00 +6.5278e-01 +1.8673e+00 +8.9905e-02 +2.4250e+00 -3.0519e+00 -2.0802e+00 +6.2714e-01 +2.2994e+00 -3.7713e+00 -1.1525e-01 +3.0022e+00
12 +9.068775051e+02 +9.068775051e+02 +1.016975051e+02 +1.016975051e+02 +1.4632e+00 -3.8606e+00 -2.5511e+00 +1.9102e+00 +5.7831e-01 -2.2586e+00 -3.0395e-01 -2.1396e+00 -4.1487e-01 +7.7778e-01 +1.4964e+00 +1.7020e+00 -1.7166e-01 -1.2978e+00 -4.5991e-01 -3.6085e+00 +3.1436e+00 -4.7177e+00 -1.7867e+00 -2.6890e+00
45 +5.399464652e+02 +5.399464652e+02 -2.652335348e+02 -2.652335348e+02 +1.7083e+00 -1.2667e-01 +3.6179e+00 -3.8438e+00 +3.0623e+00 +6.1406e-01 -1.7178e-01 -5.0000e+00 +1.8494e+00 +3.1173e+00 -9.5579e-01 +2.2379e+00 +9.0732e-01 -3.9352e-01 +4.4016e-02 +5.0000e+00 -4.8608e+00 -5.0000e+00 +1.1339e+00 -3.3321e+00
108 +3.835821944e+02 +3.835821944e+02 -4.215978056e+02 -4.215978056e+02 +4.7532e+00 +4.4381e-01 +4.9306e+00 +1.4265e+00 +4.0855e+00 +1.1996e+00 -2.1871e+00 -5.0000e+00 +3.5066e+00 -2.3327e+00 -4.2041e+00 +5.0000e+00 +1.2449e+00 -5.0000e+00 +3.0837e+00 +5.0000e+00 -4.7293e+00 -5.0000e+00 -4.2081e+00 +0.0000e+00
216 +2.295567437e+02 +2.295567437e+02 -5.756232563e+02 -5.756232563e+02 +4.9597e+00 -1.2874e+00 +4.3649e+00 -1.0828e+00 +4.0331e+00 +6.9240e-01 -6.2614e-01 -1.7928e+00 +4.9469e+00 -1.1496e+00 -2.6906e+00 +2.7697e+00 +3.7665e+00 -3.1963e+00 +5.0000e+00 +4.0535e+00 -3.6940e+00 -4.1860e+00 -5.0000e+00 +9.1861e-01
274 +1.036440470e+02 +1.036440470e+02 -7.015359530e+02 -7.015359530e+02 +5.0000e+00 -3.5528e+00 +4.7563e+00 +1.9901e-01 +2.5951e+00 +1.0431e+00 +1.7022e-01 -9.4007e-01 +5.0000e+00 -2.8688e-01 -2.3713e+00 +2.9714e+00 +9.1249e-03 -4.2273e+00 +6.1794e-01 +3.5743e+00 -3.3764e+00 -5.0000e+00 -4.1276e+00 -1.9056e+00
673 +9.885823651e+01 +9.885823651e+01 -7.063217635e+02 -7.063217635e+02 +5.0000e+00 -3.6504e+00 +4.6359e+00 -1.7165e-01 +2.7714e+00 +3.3092e-02 -6.2498e-01 -5.8905e-01 +5.0000e+00 -2.7304e-01 -2.3666e+00 +2.3171e+00 +9.6970e-03 -4.4729e+00 +3.3060e-01 +3.6093e+00 -3.6341e+00 -5.0000e+00 -4.2447e+00 -1.9040e+00
1534 +5.821111822e+01 +5.821111822e+01 -7.469688818e+02 -7.469688818e+02 +4.4656e+00 -3.3832e+00 +4.9951e+00 -1.1881e+00 +2.7813e+00 +3.1653e-01 -1.3570e+00 -5.9705e-01 +4.2848e+00 +1.6532e+00 -1.9575e+00 +3.7607e+00 +5.6865e-01 -3.0102e+00 +1.4177e+00 +3.5090e+00 -2.7531e+00 -5.0000e+00 -4.8024e+00 -1.5534e+00
4897 +3.846370765e+01 +3.846370765e+01 -7.667162923e+02 -7.667162923e+02 +4.6414e+00 -3.0744e+00 +4.8651e+00 -1.5885e+00 +1.4607e+00 -1.1113e+00 -2.7294e+00 -2.8205e-01 +3.2584e+00 +2.7052e+00 -1.2426e+00 +1.4913e+00 +1.5382e+00 -3.3053e-01 +2.0902e+00 +2.1602e+00 -3.1008e+00 -5.0000e+00 -4.5310e+00 -1.0195e+00
7166 +2.492534993e+01 +2.492534993e+01 -7.802546501e+02 -7.802546501e+02 +4.6469e+00 -3.3592e+00 +4.6558e+00 -1.3580e+00 +2.5206e+00 -7.9013e-02 -2.9461e+00 -7.8691e-01 +3.3037e+00 +2.2848e+00 -1.3000e+00 +1.9788e+00 +1.5141e+00 -1.2121e-01 +2.1527e+00 +1.8456e+00 -3.2619e+00 -5.0000e+00 -4.4181e+00 -1.2109e+00
34596 +1.545058101e+01 +1.545058101e+01 -7.897294190e+02 -7.897294190e+02 +4.5499e+00 -3.2875e+00 +3.5429e+00 -1.4421e+00 +2.4212e+00 -9.3645e-02 -3.1140e+00 -6.3326e-01 +1.7889e+00 +2.4637e+00 -1.5473e+00 +1.6979e+00 +6.7399e-01 -5.3529e-01 +2.5201e+00 +1.8993e+00 -3.0171e+00 -5.0000e+00 -4.7965e+00 -1.4665e+00
