% function evaluation | noise-free fitness - Fopt (-5.494000000000e+01) | best noise-free fitness - Fopt | measured fitness | best measured fitness | x1 | x2...
1 +8.397820553e+06 +8.397820553e+06 +8.397765613e+06 +8.397765613e+06 +3.5063e+00 +1.0426e+00 -2.7099e+00 +4.3305e+00 +3.8212e+00 -3.5700e+00 +4.1072e+00 -4.7118e+00 +1.3588e+00 -4.8654e+00 -3.7507e+00 -3.1052e-01 +4.1748e+00 -4.3820e+00 +9.3245e-01 +2.4773e+00 +2.1953e-01 +1.4654e-01 +2.5775e+00 +5.5370e-01
6 +3.059232697e+06 +3.059232697e+06 +3.059177757e+06 +3.059177757e+06 -4.5211e+00 -1.6158e+00 -7.1003e-01 -1.6221e+00 -4.7779e+00 -3.1348e+00 +1.6907e+00 +2.3473e+00 -1.5833e+00 +4.3723e-01 +1.7855e+00 -2.8774e+00 -4.7051e+00 -8.2675e-01 +2.8799e+00 -1.6607e+00 +1.9166e+00 +3.9409e+00 -1.8922e+00 -2.1169e+00
64 +2.324509396e+06 +2.324509396e+06 +2.324454456e+06 +2.324454456e+06 -1.5687e+00 +9.6455e-01 -2.9666e+00 +4.1897e+00 -5.0000e+00 -2.5756e+00 +3.5752e+00 +6.5452e-01 -2.9267e+00 -1.2345e+00 -3.5677e+00 -2.1795e+00 -6.8576e-01 -2.1288e+00 +2.6370e+00 -9.3244e-01 -1.3478e+00 +3.5142e+00 -4.1863e+00 -2.6526e+00
165 +1.154701910e+06 +1.154701910e+06 +1.154646970e+06 +1.154646970e+06 -8.4461e-01 -4.1353e-01 -3.6113e+00 +1.2587e+00 -2.4745e+00 -4.4441e+00 +3.6169e+00 +2.1583e+00 +1.3825e+00 -1.5531e+00 -2.2835e+00 -2.7073e-01 -7.2588e-01 -2.4724e+00 +1.0003e+00 +1.2208e+00 +2.7585e-02 +3.4050e+00 -3.4893e+00 -1.6887e+00
285 +8.857526752e+05 +8.857526752e+05 +8.856977352e+05 +8.856977352e+05 -2.6876e+00 -2.5246e+00 -4.3053e+00 +2.7368e+00 -2.5681e+00 -4.3338e+00 +3.5101e+00 +2.0777e+00 +0.0000e+00 +1.0313e+00 -2.4929e-01 +1.0185e+00 -8.7203e-01 -3.2560e+00 +6.3628e-01 +3.2296e+00 +0.0000e+00 +2.8250e+00 -2.8225e+00 -1.7120e+00
495 +6.287224307e+05 +6.287224307e+05 +6.286674907e+05 +6.286674907e+05 -2.8905e+00 -4.3500e+00 -4.1284e+00 +3.4779e+00 +2.7738e-01 -4.8321e+00 +2.6849e+00 +4.6233e-01 +1.4135e+00 +2.8651e+00 +1.9501e+00 +2.0052e+00 -1.0259e+00 -3.2779e+00 +1.6564e+00 +1.2928e+00 -3.0479e-01 +2.8863e+00 -6.8462e-02 -6.1946e-01
854 +3.745496581e+05 +3.745496581e+05 +3.744947181e+05 +3.744947181e+05 -3.0897e+00 -4.3298e+00 -4.2401e+00 +2.2329e+00 +1.1876e-01 -4.9208e+00 +3.0696e+00 +3.6663e+00 +1.8198e+00 -2.0553e-01 +1.4180e+00 +2.1757e+00 -7.0824e-02 -4.0178e+00 +1.9191e+00 +6.7127e-01 -8.8685e-01 +3.2446e+00 +1.4490e-01 -5.7919e-01
1811 +2.308168604e+05 +2.308168604e+05 +2.307619204e+05 +2.307619204e+05 -4.0788e+00 -4.0505e+00 -3.7221e+00 +1.0409e+00 +1.3133e+00 -4.9678e+00 +2.5090e+00 +9.9144e-01 +1.7949e+00 -7.5727e-01 +2.5343e+00 +1.6209e+00 +2.4349e+00 -3.7281e+00 +1.8248e+00 +1.1982e+00 -8.6160e-02 +2.0133e+00 +1.7427e+00 +1.0031e-01
2225 +1.468730248e+05 +1.468730248e+05 +1.468180848e+05 +1.468180848e+05 -3.7626e+00 -3.0090e+00 -4.0047e+00 +1.8112e+00 +9.5946e-02 -4.9685e+00 +3.0695e+00 +4.2096e-01 +1.7038e+00 +1.8759e-01 +1.2021e+00 +1.5144e+00 +3.1862e+00 -3.4999e+00 +1.9478e+00 +2.5099e+00 +1.6054e-01 +2.1147e+00 +1.2470e+00 -1.1307e-01
5322 +9.883127897e+04 +9.883127897e+04 +9.877633897e+04 +9.877633897e+04 -3.7140e+00 -2.7807e+00 -3.9778e+00 +2.2078e+00 +2.1530e-01 -4.9664e+00 +3.3829e+00 -2.1369e-01 +1.4953e+00 +4.5817e-01 +1.4384e+00 +1.5383e+00 +3.1689e+00 -3.4152e+00 +2.0915e+00 +1.6360e+00 +6.1130e-01 +1.8910e+00 +1.8226e+00 +2.7415e-01
12803 +6.283936875e+04 +6.283936875e+04 +6.278442875e+04 +6.278442875e+04 -4.3082e+00 -2.3815e+00 -2.9651e+00 +1.2315e+00 +8.7934e-01 -4.9069e+00 +3.1911e+00 -3.4587e-01 +1.6092e+00 +7.6089e-01 +1.2699e+00 +1.5636e+00 +3.9351e+00 -3.6294e+00 +2.1093e+00 +1.6343e+00 +1.1089e+00 +1.7722e+00 +3.4016e+00 +7.5814e-01
17181 +3.885971769e+04 +3.885971769e+04 +3.880477769e+04 +3.880477769e+04 -4.1639e+00 -3.0123e+00 -2.1321e+00 +1.2692e+00 +8.0829e-01 -4.8934e+00 +2.6556e+00 -2.7664e-01 +1.0787e+00 +2.2391e+00 +1.0513e+00 +1.6004e+00 +4.0188e+00 -3.6759e+00 +2.1492e+00 +2.1123e+00 +5.0966e-01 +1.7414e+00 +4.5995e+00 +1.0578e+00
26467 +2.478350732e+04 +2.478350732e+04 +2.472856732e+04 +2.472856732e+04 -4.2469e+00 -2.4081e+00 -2.1166e+00 +1.4196e+00 +7.2236e-01 -4.9234e+00 +2.2864e+00 -3.7974e-01 +9.7549e-01 +2.4605e+00 +6.5426e-01 +6.8106e-01 +4.0503e+00 -4.3166e+00 +2.4567e+00 +2.4490e+00 +7.7746e-01 +1.7503e+00 +4.9491e+00 +1.2718e+00
44497 +1.583940943e+04 +1.583940943e+04 +1.578446943e+04 +1.578446943e+04 -4.2369e+00 -2.3942e+00 -1.3510e+00 +1.4997e+00 +4.3251e-01 -4.8772e+00 +2.1908e+00 -2.0164e-01 +7.0468e-01 +3.5634e+00 +7.7056e-01 +6.4211e-01 +4.1441e+00 -4.9057e+00 +2.5460e+00 +2.9785e+00 +8.9102e-01 +1.5557e+00 +4.9926e+00 +1.7272e+00
60593 +9.954970406e+03 +9.954970406e+03 +9.900030406e+03 +9.900030406e+03 -4.0904e+00 -2.3575e+00 -1.0701e+00 +1.5195e+00 +6.2092e-02 -4.8997e+00 +1.8767e+00 -1.6227e-01 +5.4012e-01 +4.3992e+00 +4.9923e-01 +5.2965e-01 +4.1456e+00 -4.9662e+00 +2.3596e+00 +3.1843e+00 +1.0034e+00 +1.5097e+00 +5.0000e+00 +2.0318e+00
106067 +6.308899158e+03 +6.308899158e+03 +6.253959158e+03 +6.253959158e+03 -3.9221e+00 -2.2073e+00 -9.3829e-01 +2.1335e+00 -5.8611e-02 -4.7433e+00 +1.7236e+00 -2.0838e-01 -7.3623e-02 +4.8648e+00 -7.4280e-02 +3.1989e-01 +3.8737e+00 -5.0000e+00 +2.3060e+00 +3.2803e+00 +1.0265e+00 +1.1689e+00 +5.0000e+00 +2.1707e+00
116011 +3.896261001e+03 +3.896261001e+03 +3.841321001e+03 +3.841321001e+03 -3.8159e+00 -2.1781e+00 -7.3407e-01 +2.4689e+00 -1.8551e-02 -4.2350e+00 +1.7058e+00 -2.2008e-01 -4.9250e-01 +4.8812e+00 -1.1471e-01 +2.8713e-01 +3.6514e+00 -5.0000e+00 +2.4342e+00 +3.2991e+00 +1.0058e+00 +1.0223e+00 +5.0000e+00 +2.2909e+00
174178 +2.511387092e+03 +2.511387092e+03 +2.456447092e+03 +2.456447092e+03 -3.7447e+00 -2.0649e+00 -4.9038e-01 +2.7127e+00 +2.7701e-02 -3.5931e+00 +1.6927e+00 -2.8408e-01 -7.6124e-01 +4.8915e+00 -2.7135e-01 +8.5589e-02 +3.6788e+00 -5.0000e+00 +2.4620e+00 +3.6604e+00 +1.0590e+00 +9.4404e-01 +5.0000e+00 +2.5511e+00
% function evaluation | noise-free fitness - Fopt (5.913000000000e+01) | best noise-free fitness - Fopt | measured fitness | best measured fitness | x1 | x2...
1 +3.050029129e+07 +3.050029129e+07 +3.050035042e+07 +3.050035042e+07 -3.4553e+00 +3.7990e+00 +4.4624e+00 +2.1203e+00 +2.9166e+00 +7.5856e-01 -1.7727e+00 -1.8442e+00 -3.4430e+00 +1.1323e+00 -4.0682e+00 +2.2357e+00 -1.4532e+00 -4.7374e+00 -7.1068e-01 -3.0806e+00 -4.9839e+00 -1.9910e+00 -9.9095e-01 -7.6227e-01
2 +9.004164592e+06 +9.004164592e+06 +9.004223722e+06 +9.004223722e+06 +1.7188e+00 +1.9113e+00 -1.5263e+00 -1.9359e-01 -3.3619e+00 +2.0260e+00 +4.4145e-01 -2.5580e+00 -8.0777e-01 +1.0021e+00 -4.0326e+00 +1.1141e+00 -3.0986e-01 -4.0243e+00 -3.9716e+00 +4.5451e+00 +9.0492e-01 -1.0798e+00 +8.2993e-01 -2.5622e+00
5 +2.831951410e+06 +2.831951410e+06 +2.832010540e+06 +2.832010540e+06 -1.2797e+00 -2.2075e+00 -2.8101e+00 -5.0224e-02 +2.7770e+00 -1.2749e+00 +8.9026e-01 -2.2636e-01 -1.1635e+00 -4.7314e+00 +4.5853e+00 -3.9841e+00 -1.5412e+00 -1.9929e+00 -2.2258e+00 +4.0140e+00 +4.1133e+00 -4.8966e-01 -1.0141e-01 -4.5437e+00
52 +1.227651782e+06 +1.227651782e+06 +1.227710912e+06 +1.227710912e+06 -3.2812e+00 -3.0887e+00 -3.8689e+00 +3.1400e+00 +1.6381e+00 +6.0210e-01 -2.1396e+00 -8.9207e-01 +7.8009e-01 -3.9979e+00 +9.6745e-01 -3.8859e+00 -7.6616e-02 -2.0867e+00 -4.0350e+00 +5.0000e+00 +3.7361e+00 +2.7729e+00 +1.0345e+00 -5.0000e+00
260 +6.572605983e+05 +6.572605983e+05 +6.573197283e+05 +6.573197283e+05 -4.7589e-01 +6.8125e-01 +8.2719e-02 +3.5229e+00 -2.6448e+00 +6.6014e-01 -1.2113e+00 -3.4128e+00 +1.4415e+00 -1.6957e+00 +4.0061e+00 -5.0000e+00 -9.3032e-01 -2.5191e+00 -3.5930e+00 +4.4409e+00 +3.3995e+00 +1.1420e+00 +2.5385e+00 -4.3261e+00
329 +6.198402824e+05 +6.198402824e+05 +6.198994124e+05 +6.198994124e+05 -7.6173e-02 +4.2916e+00 +1.2096e+00 +2.3529e+00 -2.0380e+00 +1.3602e+00 -2.4604e+00 -1.4810e+00 +4.5634e-01 -1.5407e+00 +5.0000e+00 -5.0000e+00 -1.0023e+00 -5.0000e+00 -3.2611e+00 +4.5889e+00 +3.6146e+00 +5.0637e-01 +1.3067e+00 -4.5862e+00
595 +3.614788935e+05 +3.614788935e+05 +3.615380235e+05 +3.615380235e+05 -9.2221e-01 +2.3610e+00 +1.5778e+00 +3.8158e+00 +3.2087e+00 +2.0563e+00 -8.5680e-01 +3.9923e-01 +1.0481e+00 -4.5764e+00 +4.7524e+00 -3.7319e+00 -7.1777e-01 -3.7399e+00 -2.9761e+00 +4.4769e+00 +3.6632e+00 +2.4348e+00 +3.2996e+00 -4.7068e+00
939 +1.828615333e+05 +1.828615333e+05 +1.829206633e+05 +1.829206633e+05 -4.2540e-01 +2.0007e+00 +1.1274e+00 +1.3615e+00 +2.9284e-01 -2.2837e+00 -8.4637e-02 +1.1921e+00 +9.7058e-01 -2.2633e+00 +4.7992e+00 -3.2518e+00 +8.3434e-01 -3.0717e+00 -1.4578e+00 +4.2827e+00 +3.7308e+00 +2.1085e+00 +3.1238e+00 -4.7605e+00
1353 +1.442864682e+05 +1.442864682e+05 +1.443455982e+05 +1.443455982e+05 -1.1188e+00 +1.3637e+00 +2.3975e+00 +2.3557e+00 +1.8770e+00 -7.3992e-01 +4.1194e-02 +3.3457e+00 +1.6459e+00 -3.2803e+00 +4.5835e+00 -3.3977e+00 +1.1635e+00 -3.5275e+00 -1.6712e+00 +4.4039e+00 +4.5863e+00 +5.0000e+00 +4.0890e+00 -4.8399e+00
3294 +8.997719672e+04 +8.997719672e+04 +9.003632672e+04 +9.003632672e+04 -9.1061e-01 +4.2544e-01 +1.4580e+00 +1.7214e+00 +3.3430e+00 -1.4288e+00 -8.8743e-02 +2.5981e+00 +1.1317e+00 -3.7085e+00 +4.7151e+00 -3.0314e+00 +1.7116e+00 -3.2678e+00 +7.4940e-01 +4.4254e+00 +4.6780e+00 +2.5608e+00 +2.3209e+00 -4.9344e+00
3628 +5.314160084e+04 +5.314160084e+04 +5.320073084e+04 +5.320073084e+04 -7.4744e-01 +1.4478e+00 +1.4068e+00 +2.2528e+00 +2.5197e+00 -1.7793e+00 -2.8346e-01 +1.5271e+00 +1.2764e+00 -3.6988e+00 +4.6177e+00 -3.1853e+00 +1.5323e+00 -3.3806e+00 +6.7359e-01 +3.9081e+00 +4.4862e+00 +3.2683e+00 +3.5768e+00 -4.9593e+00
5191 +3.950220982e+04 +3.950220982e+04 +3.956133982e+04 +3.956133982e+04 -9.1366e-01 +8.4209e-01 +1.4499e+00 +1.8948e+00 +2.4544e+00 -1.3560e+00 -7.4832e-01 +2.4217e+00 +1.2160e+00 -3.6658e+00 +4.5975e+00 -3.2059e+00 +1.5687e+00 -3.3841e+00 +5.8727e-01 +4.0171e+00 +4.5938e+00 +2.7152e+00 +3.3415e+00 -4.9559e+00
9391 +2.409623671e+04 +2.409623671e+04 +2.415536671e+04 +2.415536671e+04 -5.6077e-01 +8.4154e-01 +1.3389e+00 +1.5425e+00 +2.4147e+00 -1.5604e+00 -6.0100e-01 +2.3809e+00 +1.3321e+00 -3.5425e+00 +4.7543e+00 -3.3970e+00 +2.3163e+00 -3.4893e+00 +7.0344e-01 +3.9719e+00 +4.6031e+00 +2.5792e+00 +3.0876e+00 -4.9837e+00
31378 +1.584352527e+04 +1.584352527e+04 +1.590265527e+04 +1.590265527e+04 -4.4927e-01 +8.1839e-01 +4.5726e-01 +1.3189e+00 +1.9245e+00 -1.7488e+00 -8.1878e-01 +2.8906e+00 +1.5508e+00 -3.6574e+00 +4.7499e+00 -3.2518e+00 +2.4766e+00 -4.0356e+00 +2.0144e+00 +3.6525e+00 +4.2988e+00 +2.4478e+00 +2.1978e+00 -4.9740e+00
61304 +9.968040928e+03 +9.968040928e+03 +1.002717093e+04 +1.002717093e+04 -3.6809e-01 +5.7713e-01 +1.8026e-01 +1.1171e+00 +1.8869e+00 -2.1026e+00 -1.2273e+00 +2.8671e+00 +1.5296e+00 -4.1886e+00 +4.8064e+00 -3.0615e+00 +2.5052e+00 -4.2353e+00 +2.9868e+00 +2.9512e+00 +4.2406e+00 +2.3779e+00 +1.7148e+00 -4.1469e+00
126320 +6.284958179e+03 +6.284958179e+03 +6.344088179e+03 +6.344088179e+03 -2.7962e-01 +2.3723e-01 +5.5218e-02 +1.0845e+00 +1.5447e+00 -2.5786e+00 -1.4594e+00 +3.0037e+00 +1.4162e+00 -4.3405e+00 +4.9292e+00 -2.4959e+00 +2.5049e+00 -4.1786e+00 +3.5246e+00 +2.4479e+00 +4.0584e+00 +2.1985e+00 +1.4517e+00 -2.7648e+00
% function evaluation | noise-free fitness - Fopt (-4.915300000000e+02) | best noise-free fitness - Fopt | measured fitness | best measured fitness | x1 | x2...
1 +1.836811611e+07 +1.836811611e+07 +1.836762458e+07 +1.836762458e+07 +4.6318e+00 -1.7906e+00 -1.1335e+00 -3.2067e+00 -7.8755e-01 +3.1690e+00 +4.3477e+00 -1.9979e+00 -3.5423e+00 +1.9263e+00 -7.2336e-02 -2.5823e+00 +2.9499e+00 +7.4200e-01 +1.0365e+00 -7.5212e-01 +8.6128e-01 +8.3062e-01 +4.3870e+00 +2.3913e+00
2 +1.100864619e+07 +1.100864619e+07 +1.100815466e+07 +1.100815466e+07 +4.4593e+00 -2.1519e+00 +2.3096e+00 +2.5540e-01 -3.9515e+00 +1.2190e+00 -4.2582e-01 -1.9555e+00 -7.9787e-01 +2.5521e+00 +1.0625e+00 +6.6501e-01 +3.3242e+00 -4.2833e+00 -4.4449e+00 -4.6236e+00 -2.4645e+00 +3.0123e+00 +3.3295e+00 +3.0045e+00
7 +4.303619586e+06 +4.303619586e+06 +4.303128056e+06 +4.303128056e+06 -2.1098e+00 +4.1012e+00 +2.4642e+00 +2.2679e+00 +3.9211e+00 +1.6518e+00 +1.0879e+00 -1.2497e+00 +4.7459e+00 +3.8257e+00 -4.0692e+00 +3.7300e+00 -3.9002e+00 -2.0256e+00 -1.3032e+00 +3.6131e+00 +2.9532e+00 +1.0176e+00 +2.2305e+00 -4.3097e+00
34 +3.888252355e+06 +3.888252355e+06 +3.887760825e+06 +3.887760825e+06 -9.3312e-01 -1.5438e-01 +2.8312e+00 -3.8821e+00 -6.0616e-01 +2.9183e+00 +1.6303e+00 -1.0063e+00 +3.2387e-01 +4.9384e+00 +3.5442e+00 +3.3237e+00 -2.0641e+00 -7.7999e-01 +1.5004e+00 -3.3400e+00 +3.1488e+00 +1.5007e+00 -1.3112e+00 -1.1742e+00
102 +1.520976725e+06 +1.520976725e+06 +1.520485195e+06 +1.520485195e+06 -2.6537e+00 +5.0000e+00 -2.1938e+00 +2.6826e+00 -2.1730e+00 +9.2888e-01 +5.0000e+00 -4.7516e+00 -6.7189e-01 -5.0000e+00 +1.9865e+00 +2.2007e+00 -1.7643e+00 +1.3327e+00 +1.5038e+00 -2.1900e+00 -4.0719e+00 -1.5248e+00 -2.4414e+00 -5.0000e+00
158 +7.591269955e+05 +7.591269955e+05 +7.586354655e+05 +7.586354655e+05 -1.7334e+00 +5.0000e+00 -6.4757e-01 +1.6900e+00 -5.6443e-01 +4.2404e+00 +6.0018e-02 -5.0000e+00 -3.9352e+00 -5.0000e+00 +4.0965e+00 +1.8988e+00 -2.1044e+00 +4.2478e+00 -2.5451e+00 -5.0000e+00 -1.9617e+00 -9.5402e-01 +5.0000e+00 -4.1405e+00
321 +5.324617185e+05 +5.324617185e+05 +5.319701885e+05 +5.319701885e+05 -1.1550e+00 +4.9789e+00 +3.5709e+00 +7.0505e-02 -1.0887e+00 +3.4439e+00 +3.6343e-01 -5.0000e+00 -3.3351e+00 -4.8434e+00 +4.7700e+00 +1.1465e+00 +0.0000e+00 +1.7981e+00 -2.9306e+00 -5.0000e+00 -2.4616e+00 +0.0000e+00 +5.0000e+00 -2.2416e+00
666 +3.023711091e+05 +3.023711091e+05 +3.018795791e+05 +3.018795791e+05 -3.2283e+00 +4.9807e+00 +1.0412e+00 -1.7103e+00 -1.5674e+00 +3.9169e+00 +1.6784e+00 -3.9760e+00 -1.7428e+00 -4.1169e+00 +4.5901e+00 +1.9035e+00 +1.9824e+00 +4.4583e+00 -3.6390e+00 -4.0926e+00 -4.2834e-01 -8.2224e-01 +3.9858e+00 -5.0000e+00
1882 +2.097240244e+05 +2.097240244e+05 +2.092324944e+05 +2.092324944e+05 -3.4881e+00 +4.9887e+00 +7.6618e-01 -7.8852e-01 +1.4881e-01 +3.6175e+00 +2.3396e+00 -3.6708e+00 -4.3354e-01 -3.9270e+00 +4.5243e+00 +1.1277e+00 +9.8301e-01 +4.4038e+00 -4.5607e+00 -3.7188e+00 -8.8484e-01 -2.9893e-01 +4.0686e+00 -4.8340e+00
3039 +1.580798573e+05 +1.580798573e+05 +1.575883273e+05 +1.575883273e+05 -3.6312e+00 +4.9997e+00 +2.5648e-01 -1.6915e-02 +6.6772e-01 +3.7868e+00 +2.2741e+00 -4.3507e+00 -6.3267e-01 -3.5245e+00 +4.6292e+00 +8.6477e-01 +6.9227e-01 +4.4550e+00 -4.9887e+00 -3.4390e+00 -1.4970e+00 -2.4340e-01 +2.8529e+00 -4.8599e+00
8237 +9.851688914e+04 +9.851688914e+04 +9.802535914e+04 +9.802535914e+04 -2.8644e+00 +5.0000e+00 +5.5040e-01 +4.1980e-01 +7.8766e-01 +4.6209e+00 +2.0482e+00 -4.5000e+00 +1.6363e-01 -2.3219e+00 +5.0000e+00 +1.2612e+00 -5.5905e-01 +3.8311e+00 -4.9838e+00 -3.7048e+00 -1.1214e+00 -1.1247e+00 +2.9404e+00 -4.0079e+00
17024 +6.278225960e+04 +6.278225960e+04 +6.229072960e+04 +6.229072960e+04 -2.1494e+00 +5.0000e+00 +3.9626e-01 +7.2419e-01 +1.6532e+00 +4.1393e+00 +3.1391e+00 -4.4434e+00 +2.1402e+00 -1.6891e+00 +4.7761e+00 +1.8594e+00 -1.2489e+00 +4.3042e+00 -5.0000e+00 -3.5124e+00 -1.4658e+00 -1.6034e+00 +3.3413e+00 -2.1233e+00
27019 +3.977696601e+04 +3.977696601e+04 +3.928543601e+04 +3.928543601e+04 -1.7398e+00 +5.0000e+00 -2.3691e-01 +2.0545e+00 +1.7693e+00 +4.1714e+00 +3.3502e+00 -4.6030e+00 +2.2442e+00 -8.2762e-01 +4.7934e+00 +1.1852e+00 +8.5596e-02 +4.1562e+00 -5.0000e+00 -3.4410e+00 -1.7395e+00 -2.3985e+00 +3.4332e+00 -1.2457e+00
62519 +2.508824763e+04 +2.508824763e+04 +2.459671763e+04 +2.459671763e+04 -7.5557e-01 +5.0000e+00 -1.2993e+00 +2.3247e+00 +1.3684e+00 +4.3129e+00 +3.0225e+00 -4.1901e+00 +2.5161e+00 -2.6939e-01 +4.8509e+00 +1.2568e+00 -9.1831e-02 +2.8265e+00 -4.9951e+00 -2.9762e+00 -1.6371e+00 -3.0431e+00 +2.8289e+00 -7.4166e-01
181388 +1.584370272e+04 +1.584370272e+04 +1.535217272e+04 +1.535217272e+04 -3.8282e-01 +5.0000e+00 -3.2374e+00 +3.2708e+00 +5.4295e-01 +4.2064e+00 +2.9783e+00 -3.4559e+00 +3.5877e+00 -2.2666e-01 +4.9999e+00 +1.1788e+00 +4.6741e-01 +2.2330e+00 -5.0000e+00 -2.6506e+00 -9.2035e-01 -4.0506e+00 +1.5994e+00 -6.4466e-01
% function evaluation | noise-free fitness - Fopt (-1.702000000000e+02) | best noise-free fitness - Fopt | measured fitness | best measured fitness | x1 | x2...
1 +6.181363834e+07 +6.181363834e+07 +6.181346814e+07 +6.181346814e+07 -1.3352e-01 +4.2787e+00 +2.8018e+00 +2.1263e+00 -4.0702e+00 -4.7667e+00 +3.2304e+00 -3.9705e+00 -1.5060e+00 -2.3622e+00 +3.9973e+00 -3.6058e+00 +4.2198e+00 -2.7100e+00 -6.7765e-01 +1.8420e+00 +3.2422e+00 +3.7622e+00 +1.7435e+00 +1.0554e+00
2 +9.036842543e+06 +9.036842543e+06 +9.036672343e+06 +9.036672343e+06 -2.0266e+00 -2.2820e+00 -3.2407e+00 -3.8827e+00 -9.3677e-01 -4.8007e+00 -1.9005e+00 +6.3548e-01 +1.5423e-01 -1.9831e-01 -3.1415e+00 -1.9911e+00 +2.6537e+00 +3.1876e+00 -1.1264e+00 -3.5608e+00 -1.9579e+00 +4.2889e+00 +1.3255e+00 -1.8682e+00
54 +2.482050826e+06 +2.482050826e+06 +2.481880626e+06 +2.481880626e+06 -6.7990e-01 +1.3605e-01 -3.0811e+00 +1.3541e+00 +3.0283e+00 -1.1651e+00 -8.6145e-01 +4.4298e+00 +5.0000e+00 +2.5028e+00 -4.6883e+00 +3.1854e+00 +8.2470e-01 -1.6827e+00 -9.3729e-01 +5.9613e-01 -2.9498e-01 +5.7989e-01 -2.7641e-01 -3.8897e-01
109 +1.218555448e+06 +1.218555448e+06 +1.218385248e+06 +1.218385248e+06 -2.4638e+00 -6.9699e-01 -3.0512e+00 +2.2695e+00 +1.6635e+00 +2.2570e+00 -1.8050e-01 +1.6640e+00 +3.0533e+00 +3.0016e+00 -5.0000e+00 +2.8289e+00 +2.1330e+00 +7.8602e-02 -2.2414e-01 -6.7849e-01 -2.0381e+00 +8.6936e-01 -1.3505e+00 +2.5404e+00
285 +6.974878863e+05 +6.974878863e+05 +6.973176863e+05 +6.973176863e+05 +1.4098e+00 -2.8374e+00 -2.8579e+00 +3.3205e+00 +2.0836e+00 +2.0974e+00 -1.6300e-01 -1.6308e+00 +2.5914e+00 +3.3207e+00 -5.0000e+00 +0.0000e+00 +1.4682e+00 +7.5546e-01 +3.8496e-02 -4.0817e+00 -2.2617e+00 +3.6747e+00 -2.5634e+00 +1.7119e+00
356 +6.305349653e+05 +6.305349653e+05 +6.303647653e+05 +6.303647653e+05 +1.7706e+00 +6.8869e-01 -2.7294e+00 +5.0000e+00 +4.3626e+00 +1.1925e+00 -7.3742e-01 -2.5099e+00 +1.2745e+00 +3.9413e+00 -5.0000e+00 +1.2593e+00 +2.8118e-01 +9.3048e-02 +7.2715e-01 -5.0000e+00 -2.6332e+00 +5.0000e+00 +3.9048e-01 +6.0589e-01
437 +3.802482771e+05 +3.802482771e+05 +3.800780771e+05 +3.800780771e+05 -3.0933e+00 -9.0371e-01 -3.2026e+00 +2.9036e+00 +4.8592e+00 -2.7767e-01 -2.4096e+00 -2.2096e+00 +2.6851e+00 +2.2896e+00 -2.8593e+00 +1.0992e+00 -1.4082e+00 -9.5887e-01 -2.2518e+00 -1.9601e+00 -1.2458e+00 +2.3017e+00 -4.0896e-02 +1.3584e+00
939 +2.373334803e+05 +2.373334803e+05 +2.371632803e+05 +2.371632803e+05 +5.4456e-01 -4.6475e+00 -2.6549e+00 +2.7376e+00 +2.9868e+00 +2.0639e+00 -1.4753e+00 -3.0296e+00 +3.4174e+00 +3.6299e+00 -4.1490e+00 -9.7443e-01 -1.6875e+00 +1.6192e+00 -2.0017e+00 -4.0872e+00 -1.9203e+00 +3.5461e+00 +9.5122e-01 +1.7477e+00
1256 +1.490226687e+05 +1.490226687e+05 +1.488524687e+05 +1.488524687e+05 +4.1078e-02 -3.3461e+00 -3.1891e+00 +1.9995e+00 +3.9023e+00 +1.9440e+00 -2.7535e+00 -1.7518e+00 +2.1231e+00 +2.3429e+00 -4.6496e+00 -1.2749e+00 -1.7369e+00 +1.5572e-01 -4.8613e+00 -1.9597e+00 -1.7127e+00 +2.9739e+00 +4.9412e-01 +2.3607e+00
1582 +8.248202125e+04 +8.248202125e+04 +8.231182125e+04 +8.231182125e+04 +1.1654e+00 -4.0049e+00 -3.4629e+00 +2.9337e+00 +3.4058e+00 +1.9862e+00 +3.6108e-01 -1.0425e+00 +6.0508e-01 +2.8770e+00 -4.8799e+00 -1.4660e+00 -1.9242e+00 +1.2883e-01 -3.7386e+00 -1.0398e+00 -2.7335e+00 +3.8009e+00 +4.8318e-01 -1.5154e-01
4408 +5.031956775e+04 +5.031956775e+04 +5.014936775e+04 +5.014936775e+04 +1.8314e+00 -3.4841e+00 -2.6485e+00 +3.3611e+00 +3.4750e+00 +2.8993e+00 +5.2940e-01 -4.4659e-01 +7.1157e-01 +4.1244e+00 -4.9020e+00 -1.6998e+00 -2.1250e+00 +1.1598e+00 -3.1321e+00 -1.1913e+00 -4.0410e+00 +4.0761e+00 +1.9138e+00 +7.4324e-01
4864 +3.713219534e+04 +3.713219534e+04 +3.696199534e+04 +3.696199534e+04 +1.9702e+00 -3.5100e+00 -2.4635e+00 +3.0038e+00 +3.5228e+00 +2.9023e+00 +1.7424e-01 -1.9250e-01 +9.2019e-02 +4.0962e+00 -4.9018e+00 -1.6548e+00 -2.0713e+00 +5.9945e-01 -3.1552e+00 -9.5435e-01 -4.0371e+00 +4.1618e+00 +2.0220e+00 +7.7652e-01
7933 +2.502422527e+04 +2.502422527e+04 +2.485402527e+04 +2.485402527e+04 +1.5412e+00 -3.5126e+00 -2.4471e+00 +2.9432e+00 +3.3808e+00 +2.7234e+00 +3.7511e-01 +5.3524e-02 -2.9509e-01 +4.1598e+00 -4.8962e+00 -1.6817e+00 -2.1478e+00 +3.4550e-01 -3.1479e+00 -9.7975e-01 -4.2808e+00 +4.7272e+00 +2.0132e+00 +7.1473e-01
22852 +1.572485228e+04 +1.572485228e+04 +1.555465228e+04 +1.555465228e+04 +1.0358e+00 -3.6671e+00 -1.9495e+00 +3.1547e+00 +3.4071e+00 +2.4990e+00 +1.3601e-01 +1.0479e-01 -6.6593e-01 +4.1813e+00 -4.7865e+00 -1.6328e+00 -2.2481e+00 -2.4204e-01 -2.9405e+00 -1.0371e+00 -4.2694e+00 +4.8872e+00 +2.0470e+00 +2.5003e-01
39152 +9.855787306e+03 +9.855787306e+03 +9.685587306e+03 +9.685587306e+03 +3.9193e-01 -4.2746e+00 -1.5355e+00 +3.0987e+00 +3.3983e+00 +2.4271e+00 +5.0966e-01 +1.1912e-01 -1.4031e+00 +4.1264e+00 -4.3271e+00 -1.4778e+00 -2.1447e+00 -5.2037e-01 -2.4301e+00 -9.0260e-01 -4.1795e+00 +4.9931e+00 +2.2348e+00 +1.3666e-01
58364 +6.065376252e+03 +6.065376252e+03 +5.895176252e+03 +5.895176252e+03 +5.6653e-02 -4.1249e+00 -1.5049e+00 +2.9992e+00 +3.3385e+00 +2.2669e+00 +7.8725e-01 +1.3543e+00 -1.5141e+00 +4.1402e+00 -3.2572e+00 -1.4651e+00 -2.1556e+00 -5.3692e-01 -2.2688e+00 -3.1107e-01 -4.1146e+00 +4.9914e+00 +2.3156e+00 +3.7502e-02
72735 +3.978074983e+03 +3.978074983e+03 +3.807874983e+03 +3.807874983e+03 -2.2337e-01 -4.1091e+00 -1.4714e+00 +3.0311e+00 +3.3431e+00 +2.3443e+00 +1.0369e+00 +1.6424e+00 -1.6673e+00 +4.1456e+00 -2.9094e+00 -1.4539e+00 -2.1557e+00 -6.1131e-01 -2.3501e+00 -1.7368e-01 -4.0904e+00 +4.9999e+00 +2.3617e+00 +7.1279e-02
129627 +2.511432215e+03 +2.511432215e+03 +2.341232215e+03 +2.341232215e+03 -4.6925e-01 -4.0640e+00 -1.2865e+00 +3.1311e+00 +3.3790e+00 +1.9452e+00 +1.2906e+00 +1.7074e+00 -2.2911e+00 +4.3120e+00 -2.7824e+00 -1.3680e+00 -1.8830e+00 -6.7746e-01 -2.6896e+00 +1.9338e-01 -3.9641e+00 +5.0000e+00 +2.4652e+00 -2.3400e-02
% function evaluation | noise-free fitness - Fopt (-4.697500000000e+02) | best noise-free fitness - Fopt | measured fitness | best measured fitness | x1 | x2...
1 +2.449033441e+07 +2.449033441e+07 +2.448986466e+07 +2.448986466e+07 -6.7685e-01 +2.1890e+00 -1.5282e+00 -3.2432e+00 -1.5416e+00 -2.5565e+00 +3.0605e+00 +4.8532e+00 +4.2131e+00 +8.5940e-01 +4.8955e-01 -2.6702e+00 +2.5418e+00 +4.2581e+00 -6.5105e-01 -4.4317e+00 +4.1998e+00 +9.8757e-01 +3.0491e+00 -3.8077e+00
2 +4.003466951e+06 +4.003466951e+06 +4.002997201e+06 +4.002997201e+06 +3.5595e+00 -8.1710e-01 +2.7184e+00 -1.0160e+00 +6.3537e-02 -4.3695e-02 +4.3236e+00 -3.6466e+00 +3.9153e-01 +4.0069e+00 -4.2676e+00 +7.4340e-01 -6.2378e-01 -6.2133e-01 +1.5096e+00 -1.5035e-01 +1.1089e+00 -4.1281e+00 -2.5649e+00 -3.7729e+00
110 +3.705487818e+06 +3.705487818e+06 +3.705018068e+06 +3.705018068e+06 +3.0337e+00 -5.0000e+00 +5.0000e+00 -3.9176e+00 +1.7902e+00 +2.6310e+00 +1.5169e-01 +4.0415e-01 +2.6385e+00 +5.0000e+00 -5.0000e+00 -1.6159e+00 -4.6923e+00 -1.8868e+00 +5.0000e+00 +2.3834e+00 +5.0000e+00 -5.0000e+00 -3.9822e+00 -1.7697e+00
122 +1.854584247e+06 +1.854584247e+06 +1.854114497e+06 +1.854114497e+06 +3.8606e+00 -5.0000e+00 +5.0000e+00 +0.0000e+00 +5.6157e-01 +3.1500e+00 +5.0000e+00 -3.7093e+00 -2.3827e-01 +5.0000e+00 -4.6746e+00 -1.6445e+00 -1.9158e+00 -3.4521e+00 +5.0000e+00 -2.6898e+00 +4.9803e+00 -4.4133e+00 -2.3164e+00 -4.2507e+00
165 +1.219538364e+06 +1.219538364e+06 +1.219068614e+06 +1.219068614e+06 +4.4347e+00 -5.0000e+00 +5.0000e+00 -4.4804e+00 -2.4716e+00 +2.2963e+00 +5.0000e+00 -2.3860e+00 +3.9391e+00 +4.2439e+00 -4.2844e+00 -2.5959e+00 -2.1454e+00 -4.9565e+00 +3.5598e+00 -5.3499e-01 +5.0000e+00 -2.9264e+00 -3.8601e+00 -5.0000e+00
210 +9.930934757e+05 +9.930934757e+05 +9.926237257e+05 +9.926237257e+05 +2.8592e+00 -5.0000e+00 +5.0000e+00 -1.5008e+00 +2.5809e+00 +3.3902e+00 +5.0000e+00 -4.4045e+00 +3.9814e+00 +4.4287e+00 -4.0014e+00 -8.0007e-01 +9.0733e-01 -5.0000e+00 +2.9339e+00 -3.8137e+00 +4.9712e+00 -2.7547e+00 -3.4816e+00 -5.0000e+00
369 +6.025067874e+05 +6.025067874e+05 +6.020370374e+05 +6.020370374e+05 +4.4374e+00 -2.7257e+00 +5.0000e+00 -2.1574e+00 +7.3881e-01 +3.1514e+00 +5.0000e+00 -4.1294e+00 +3.6784e+00 +3.6498e+00 -2.7072e+00 -6.7366e-02 +2.3609e+00 -4.5394e+00 +2.9532e-01 -3.1972e+00 +3.5263e+00 -1.6808e+00 -3.6340e+00 -4.8341e+00
532 +3.866682002e+05 +3.866682002e+05 +3.861984502e+05 +3.861984502e+05 +3.8071e+00 -5.0000e+00 +5.0000e+00 -2.3688e+00 -9.1253e-01 +3.2515e+00 +5.0000e+00 -4.5030e+00 +1.6579e+00 +3.8891e+00 -2.5957e+00 +1.4569e-01 +1.8597e+00 -1.0314e+00 -6.2618e-01 -2.6578e+00 +2.8659e+00 -3.2064e+00 -3.5167e+00 -4.2908e+00
802 +1.578329969e+05 +1.578329969e+05 +1.573632469e+05 +1.573632469e+05 +5.0000e+00 -4.9008e+00 +5.0000e+00 +1.2545e+00 +1.3172e+00 +3.2337e+00 +5.0000e+00 -4.5111e+00 +1.0111e+00 +4.1313e+00 -2.6092e+00 -9.6772e-01 +1.4729e+00 -1.8818e-01 -1.2072e+00 -3.4291e+00 -6.7741e-01 -3.1291e+00 -5.0000e+00 -4.1065e+00
1497 +7.637906419e+04 +7.637906419e+04 +7.590931419e+04 +7.590931419e+04 +4.9674e+00 -4.8815e+00 +5.0000e+00 +1.8754e+00 +1.4024e+00 +3.5638e+00 +5.0000e+00 -4.3330e+00 +1.3617e+00 +4.9204e+00 -1.8579e+00 -2.9807e-01 +1.6918e+00 +8.7750e-02 -1.3528e+00 -2.7001e+00 -5.0910e-01 -3.6464e+00 -4.9495e+00 -3.5558e+00
2447 +6.282881875e+04 +6.282881875e+04 +6.235906875e+04 +6.235906875e+04 +4.9234e+00 -4.8832e+00 +5.0000e+00 +2.5698e+00 +1.2702e+00 +3.5199e+00 +5.0000e+00 -4.2894e+00 +1.9270e+00 +4.8304e+00 -1.8458e+00 -1.2937e-01 +1.6464e+00 +1.5537e-01 -1.7628e-01 -2.7538e+00 -1.4865e-01 -3.6125e+00 -4.9924e+00 -3.4449e+00
4801 +3.847537283e+04 +3.847537283e+04 +3.800562283e+04 +3.800562283e+04 +4.8860e+00 -4.8910e+00 +5.0000e+00 +4.9894e+00 +1.4093e+00 +2.9889e+00 +5.0000e+00 -3.0960e+00 +1.9862e+00 +4.8653e+00 -1.7381e+00 +4.4842e-01 +1.3667e+00 -6.4666e-01 -4.7851e-01 -2.7994e+00 +2.7839e-01 -2.8048e+00 -4.8999e+00 -3.2176e+00
7975 +2.462773859e+04 +2.462773859e+04 +2.415798859e+04 +2.415798859e+04 +4.8859e+00 -4.8930e+00 +5.0000e+00 +4.9178e+00 +1.2205e+00 +3.3554e+00 +5.0000e+00 -3.2473e+00 +2.2841e+00 +4.8399e+00 -1.1031e+00 +3.5513e-01 +1.3261e+00 -3.6338e-01 -1.2570e+00 -2.8882e+00 +1.6309e+00 -2.4120e+00 -4.8146e+00 -3.1302e+00
15468 +1.584000560e+04 +1.584000560e+04 +1.537025560e+04 +1.537025560e+04 +4.9607e+00 -4.6968e+00 +5.0000e+00 +4.9658e+00 +1.5603e+00 +3.4741e+00 +5.0000e+00 -3.2268e+00 +1.8785e+00 +4.7789e+00 -9.9250e-01 +2.4809e-01 +1.4955e+00 -1.5829e-01 -1.6886e+00 -2.8509e+00 +1.0065e+00 -2.2190e+00 -4.9217e+00 -2.9407e+00
30304 +9.971365309e+03 +9.971365309e+03 +9.501615309e+03 +9.501615309e+03 +4.9987e+00 -3.9253e+00 +5.0000e+00 +4.9932e+00 +1.8120e+00 +3.4419e+00 +5.0000e+00 -3.2446e+00 +1.8108e+00 +4.6422e+00 -9.2798e-01 +5.1778e-01 +1.6758e+00 -2.3806e-01 -1.8571e+00 -2.8361e+00 +9.2984e-01 -1.6031e+00 -4.7562e+00 -2.9738e+00
50411 +6.215472109e+03 +6.215472109e+03 +5.745722109e+03 +5.745722109e+03 +4.9996e+00 -3.3137e+00 +5.0000e+00 +5.0000e+00 +1.9430e+00 +3.3449e+00 +5.0000e+00 -3.6608e+00 +1.8546e+00 +4.5426e+00 -8.7514e-01 +4.2069e-01 +1.7734e+00 +4.0422e-02 -1.5075e+00 -3.1021e+00 +3.5493e-01 -8.9990e-01 -4.5527e+00 -3.0999e+00
77304 +3.978952208e+03 +3.978952208e+03 +3.509202208e+03 +3.509202208e+03 +4.9969e+00 -3.0027e+00 +5.0000e+00 +5.0000e+00 +2.0421e+00 +3.2309e+00 +5.0000e+00 -3.6593e+00 +1.8283e+00 +4.2899e+00 -8.2694e-01 +3.3787e-01 +1.9643e+00 +1.1195e-01 -1.2641e+00 -3.0468e+00 -8.4234e-02 -4.8911e-01 -4.0320e+00 -3.2518e+00
140454 +2.506430201e+03 +2.506430201e+03 +2.036680201e+03 +2.036680201e+03 +4.8641e+00 -2.8513e+00 +5.0000e+00 +5.0000e+00 +2.2388e+00 +2.9440e+00 +5.0000e+00 -3.5567e+00 +1.8194e+00 +4.0698e+00 -1.0642e+00 +2.5793e-01 +2.0659e+00 -7.0434e-02 -1.0704e+00 -3.0524e+00 -5.3275e-01 -4.8897e-02 -3.7515e+00 -3.3480e+00
% function evaluation | noise-free fitness - Fopt (-1.280000000000e+01) | best noise-free fitness - Fopt | measured fitness | best measured fitness | x1 | x2...
1 +3.563821693e+07 +3.563821693e+07 +3.563820413e+07 +3.563820413e+07 -3.3215e+00 +4.9627e+00 -3.8334e+00 +3.5560e-01 -1.4757e+00 +3.6655e+00 -2.1651e+00 -2.2556e+00 -4.7490e+00 +4.2222e+00 -2.6089e+00 +4.8308e-02 -6.0741e-01 -2.6206e+00 -2.6441e+00 -3.3018e+00 -4.6222e+00 -2.4103e+00 -3.3304e+00 -2.4516e+00
5 +5.465167446e+06 +5.465167446e+06 +5.465154646e+06 +5.465154646e+06 -2.2164e+00 +4.8011e-01 -1.9420e+00 +8.5841e-01 -4.1459e+00 -3.3109e+00 +1.1435e+00 +3.0122e+00 +1.6558e+00 +9.1571e-01 -7.7622e-01 +5.1430e-01 +2.4779e+00 -4.8323e-01 +4.2710e+00 -1.4172e+00 +2.5703e+00 +4.3955e+00 -1.9265e+00 +1.2216e-01
9 +2.615153485e+06 +2.615153485e+06 +2.615140685e+06 +2.615140685e+06 +1.2039e-01 -3.9063e+00 +4.7209e-01 +3.8347e+00 +3.3215e+00 -2.8928e+00 -2.1532e+00 -3.7453e-01 -1.5890e+00 +3.7551e+00 +4.4848e+00 -2.4445e+00 +1.0650e-02 -2.8768e+00 +3.5310e+00 -2.7324e+00 -1.7324e-01 +4.0972e+00 -3.6896e+00 -3.5212e+00
92 +1.559630346e+06 +1.559630346e+06 +1.559617546e+06 +1.559617546e+06 -2.3214e+00 -2.0028e+00 +3.6499e+00 +5.6813e-01 +2.4792e+00 -2.6679e+00 -4.0494e+00 -2.8485e-01 +1.2240e+00 -3.5991e+00 +6.1595e-01 -5.4332e-01 +2.0101e+00 -4.2338e+00 +6.4466e-02 -9.7638e-01 +2.3930e+00 +4.8560e+00 -9.2312e-01 -2.2399e+00
293 +6.439513277e+05 +6.439513277e+05 +6.439385277e+05 +6.439385277e+05 +1.9747e+00 -2.9833e+00 -2.6295e-01 +2.8631e+00 -2.4096e+00 -3.3106e+00 -3.4927e+00 -1.2895e+00 +3.3605e+00 +0.0000e+00 +3.6544e+00 -1.9053e+00 +5.4792e-01 -2.4902e+00 +1.9420e+00 +4.0226e-01 -3.3266e+00 -3.3781e+00 +5.2988e-03 -4.5624e+00
417 +4.754813091e+05 +4.754813091e+05 +4.754685091e+05 +4.754685091e+05 +0.0000e+00 -4.5245e+00 +3.6052e+00 +4.8119e+00 +1.3978e+00 -4.4278e+00 -3.2198e+00 -2.2314e+00 +5.0000e+00 -2.8666e+00 +4.0648e+00 -3.5952e+00 +3.4500e+00 -1.9603e+00 +1.6861e+00 -3.3615e+00 -1.6033e+00 +1.8127e+00 -3.3795e+00 -2.4241e+00
466 +3.603851841e+05 +3.603851841e+05 +3.603723841e+05 +3.603723841e+05 -1.1516e-01 -5.0000e+00 +5.0000e+00 +3.0603e+00 +1.8754e+00 -3.5510e+00 -3.4770e+00 -1.3805e+00 +4.3075e+00 -2.9719e+00 +3.9612e+00 -4.3549e+00 +2.9695e+00 -2.2908e+00 +1.5280e+00 -3.6559e+00 -1.0822e+00 +1.4013e-01 -3.0172e+00 -1.7838e+00
785 +2.011989304e+05 +2.011989304e+05 +2.011861304e+05 +2.011861304e+05 -4.9927e-02 -4.6720e+00 +4.4710e+00 +5.0000e+00 +1.6451e+00 -4.2121e+00 -3.0858e+00 -2.3698e+00 +5.0000e+00 -9.3324e-01 +3.9429e+00 -4.4698e+00 +4.1478e+00 -1.3126e+00 +1.3719e+00 -3.5062e+00 -7.2963e-01 +7.4237e-01 -3.2255e+00 -1.2588e+00
1382 +1.416558857e+05 +1.416558857e+05 +1.416430857e+05 +1.416430857e+05 -7.7822e-02 -4.6128e+00 +5.0000e+00 +5.0000e+00 +1.2156e+00 -4.3222e+00 -3.1449e+00 -3.1169e+00 +5.0000e+00 -9.8518e-01 +4.1178e+00 -4.2588e+00 +3.9900e+00 -1.1841e+00 +1.0939e+00 -3.4433e+00 -7.7989e-01 +1.3838e-01 -3.4407e+00 -2.4884e-01
3123 +9.970624294e+04 +9.970624294e+04 +9.969344294e+04 +9.969344294e+04 -7.3119e-02 -4.5802e+00 +4.9886e+00 +5.0000e+00 +1.2028e+00 -3.8554e+00 -3.1741e+00 -3.7547e+00 +5.0000e+00 -4.3534e-01 +4.0227e+00 -4.4689e+00 +3.7637e+00 -1.1967e+00 +1.0728e+00 -2.8494e+00 -8.8199e-01 +3.2005e-01 -3.2933e+00 +3.4763e-01
8862 +6.277910721e+04 +6.277910721e+04 +6.276630721e+04 +6.276630721e+04 -2.8640e-01 -4.2924e+00 +4.9944e+00 +4.9665e+00 +1.6547e+00 -2.2929e+00 -3.1448e+00 -4.2798e+00 +5.0000e+00 +1.7482e-01 +3.6551e+00 -4.4690e+00 +3.8579e+00 -1.1680e+00 +1.8423e+00 -1.7475e+00 -4.5944e-01 -2.0708e-04 -3.7144e+00 +1.0663e+00
14031 +3.977453823e+04 +3.977453823e+04 +3.976173823e+04 +3.976173823e+04 -2.0724e-01 -4.1542e+00 +4.9957e+00 +4.9954e+00 +1.9164e+00 -1.6473e+00 -1.8835e+00 -4.2247e+00 +5.0000e+00 +2.4782e-01 +2.2259e+00 -4.1073e+00 +3.8140e+00 -6.7331e-01 +1.9694e+00 -1.5720e+00 -4.8466e-01 -1.1100e-01 -3.4862e+00 +2.2075e-01
19985 +2.475505031e+04 +2.475505031e+04 +2.474225031e+04 +2.474225031e+04 +3.9947e-04 -3.8129e+00 +4.9996e+00 +4.9722e+00 +2.7638e+00 -1.7624e+00 -1.3954e+00 -4.6063e+00 +5.0000e+00 +1.5657e-02 +6.4058e-01 -4.3626e+00 +3.8682e+00 -6.3941e-01 +1.8216e+00 -1.6876e+00 -6.2755e-01 -6.2368e-01 -3.5141e+00 +5.1430e-01
25411 +1.572841114e+04 +1.572841114e+04 +1.571561114e+04 +1.571561114e+04 +7.9264e-02 -3.7498e+00 +4.9998e+00 +4.9817e+00 +2.7267e+00 -1.6468e+00 -6.4411e-01 -4.3123e+00 +5.0000e+00 -1.2389e-02 +2.3721e-01 -4.2565e+00 +3.9111e+00 -5.4167e-02 +1.7911e+00 -1.5217e+00 -8.6666e-01 -9.2989e-01 -3.4884e+00 -3.6574e-02
37441 +9.962794724e+03 +9.962794724e+03 +9.949994724e+03 +9.949994724e+03 +7.4319e-02 -3.6124e+00 +4.9993e+00 +4.9644e+00 +2.5210e+00 -1.4584e+00 -1.3653e-01 -4.5317e+00 +5.0000e+00 -1.3633e-01 -7.3422e-02 -4.5589e+00 +3.8696e+00 +4.1417e-01 +1.7881e+00 -1.4491e+00 -1.2049e+00 -1.4989e+00 -3.5784e+00 -3.5650e-01
48313 +6.274880284e+03 +6.274880284e+03 +6.262080284e+03 +6.262080284e+03 +2.1699e-01 -3.1544e+00 +5.0000e+00 +4.8640e+00 +2.6134e+00 -1.4494e+00 +2.9122e-01 -4.5802e+00 +5.0000e+00 -5.3674e-01 -2.7742e-01 -4.8451e+00 +3.7732e+00 +3.6688e-01 +1.7903e+00 -1.2896e+00 -1.1897e+00 -1.5385e+00 -3.5784e+00 -7.2609e-01
63633 +3.978076738e+03 +3.978076738e+03 +3.965276738e+03 +3.965276738e+03 +2.1591e-01 -2.9941e+00 +4.9999e+00 +4.7896e+00 +2.6639e+00 -1.2244e+00 +4.5550e-01 -4.6404e+00 +5.0000e+00 -7.1562e-01 -6.3672e-01 -4.9784e+00 +3.6486e+00 +4.2560e-01 +1.8763e+00 -1.0775e+00 -1.2884e+00 -2.0868e+00 -3.5874e+00 -8.8705e-01
180763 +2.506796895e+03 +2.506796895e+03 +2.493996895e+03 +2.493996895e+03 +4.6797e-01 -2.0597e+00 +5.0000e+00 +4.3182e+00 +2.7064e+00 -1.0751e+00 +8.0130e-01 -4.3795e+00 +5.0000e+00 -1.0558e+00 -1.0106e+00 -4.9999e+00 +3.5939e+00 +4.3330e-01 +2.0431e+00 -7.0566e-01 -1.3338e+00 -2.2188e+00 -3.6501e+00 -1.0676e+00
% function evaluation | noise-free fitness - Fopt (-3.856900000000e+02) | best noise-free fitness - Fopt | measured fitness | best measured fitness | x1 | x2...
1 +4.284176787e+07 +4.284176787e+07 +4.284138218e+07 +4.284138218e+07 -1.9479e+00 -1.9095e+00 +8.6992e-01 -2.3633e+00 +2.2464e+00 -1.6258e+00 -1.7609e+00 -4.5504e+00 +2.8603e+00 -1.4211e+00 +2.8146e+00 +5.8944e-01 +1.2008e+00 -1.4023e+00 -3.3823e+00 -3.4958e+00 -1.1353e+00 +1.0812e+00 +1.4670e+00 +4.5906e+00
2 +3.411667813e+06 +3.411667813e+06 +3.411282123e+06 +3.411282123e+06 -2.9679e+00 +4.3450e+00 +9.4660e-01 -3.5148e+00 +2.7128e+00 -4.6958e+00 +4.2612e+00 +2.4353e+00 +4.9952e+00 -4.4614e+00 +1.6376e+00 +3.6470e+00 +1.4324e+00 -3.2535e+00 -4.7188e+00 +3.7024e+00 +3.7314e+00 -2.4317e+00 +1.2752e+00 -4.2699e+00
105 +1.771113735e+06 +1.771113735e+06 +1.770728045e+06 +1.770728045e+06 -5.0000e+00 +4.5084e+00 -3.2549e+00 -3.9511e+00 +5.0000e+00 -5.0000e+00 +4.3011e+00 -3.1689e+00 -2.4949e+00 -4.0982e+00 +0.0000e+00 +5.0000e+00 +2.0872e+00 -5.0000e+00 -5.0000e+00 +2.2852e+00 +3.3958e+00 -4.0486e+00 +5.0000e+00 -2.9438e+00
123 +1.129288309e+06 +1.129288309e+06 +1.128902619e+06 +1.128902619e+06 -5.0000e+00 +5.0000e+00 -2.9457e+00 -2.0785e+00 +4.5886e+00 -4.0296e+00 +1.1707e+00 -1.3037e+00 +3.0963e+00 -5.0000e+00 +4.9774e+00 +5.0000e+00 +4.4197e+00 -2.6713e+00 -5.0000e+00 +3.7478e+00 +4.4250e+00 -4.2750e+00 -3.7870e-01 -4.8580e+00
130 +8.892362167e+05 +8.892362167e+05 +8.888505267e+05 +8.888505267e+05 -5.0000e+00 +4.5793e+00 +1.2367e-01 -2.4714e+00 +4.6281e+00 -4.9754e+00 +4.3910e+00 +1.9828e+00 +0.0000e+00 +1.3178e+00 +0.0000e+00 +5.0000e+00 +5.0000e+00 -5.0000e+00 -5.0000e+00 +5.0000e+00 +5.3916e-01 +4.0590e+00 +5.0000e+00 -4.0484e+00
363 +5.982325715e+05 +5.982325715e+05 +5.978468815e+05 +5.978468815e+05 -5.0000e+00 +3.7522e+00 +2.4849e+00 +1.0021e+00 +4.6371e+00 -4.7963e+00 +4.7104e+00 -1.0888e+00 +5.8916e-01 +1.8144e+00 +2.9236e+00 +3.0468e+00 +4.6048e+00 -5.0000e+00 -2.2169e+00 +4.9327e+00 +2.4873e+00 +2.4135e+00 +2.5259e+00 -4.3431e+00
383 +3.787571207e+05 +3.787571207e+05 +3.783714307e+05 +3.783714307e+05 -5.0000e+00 +4.2683e+00 +1.9870e+00 -2.2775e+00 +4.6684e+00 -4.1042e+00 +3.8822e+00 +1.9249e-01 +1.7350e+00 -5.8306e-01 +4.5273e+00 +2.1225e+00 +5.0000e+00 -4.9716e+00 -2.0464e+00 +4.3239e+00 +3.7227e+00 +1.2167e+00 +2.3558e+00 -4.6994e+00
1742 +1.871182407e+05 +1.871182407e+05 +1.867325507e+05 +1.867325507e+05 -5.0000e+00 +4.4286e+00 -4.7487e-01 -2.6503e+00 +4.9394e+00 -4.0059e+00 +2.0220e+00 -2.2573e+00 -6.8395e-02 +1.2870e+00 +4.1317e+00 +2.5302e+00 +4.8826e+00 -4.8645e+00 -2.2363e+00 +3.5876e+00 +2.9659e+00 +2.1220e+00 +1.9209e+00 -3.6825e+00
2212 +1.360115663e+05 +1.360115663e+05 +1.356258763e+05 +1.356258763e+05 -5.0000e+00 +4.3939e+00 -1.0440e+00 -2.6866e+00 +4.8812e+00 -3.7298e+00 +6.9918e-01 -2.9438e-01 -1.4692e-01 +1.3091e+00 +4.2352e+00 +3.3100e+00 +4.8165e+00 -4.8347e+00 -2.4264e+00 +3.4374e+00 +2.3092e+00 +2.4454e+00 +1.5015e+00 -2.6205e+00
4783 +9.793621040e+04 +9.793621040e+04 +9.755052040e+04 +9.755052040e+04 -5.0000e+00 +4.3652e+00 -1.3836e+00 -2.2979e+00 +4.8562e+00 -3.9789e+00 -4.8714e-01 -3.9060e-01 -5.9069e-01 +2.3012e+00 +4.5454e+00 +3.3195e+00 +4.6196e+00 -4.8327e+00 -2.2663e+00 +3.1073e+00 +2.1522e+00 +2.9767e+00 +1.9147e+00 -2.7533e+00
7723 +5.997483991e+04 +5.997483991e+04 +5.958914991e+04 +5.958914991e+04 -5.0000e+00 +4.3457e+00 -9.0928e-01 -2.3461e+00 +5.0000e+00 -4.0497e+00 +1.7439e-01 -9.6818e-01 -2.8621e-01 +3.7476e+00 +4.9940e+00 +3.2693e+00 +4.3773e+00 -4.8447e+00 -3.6942e+00 +3.0847e+00 +2.3953e+00 +3.3146e+00 +1.9623e+00 -2.5359e+00
12799 +3.915783975e+04 +3.915783975e+04 +3.877214975e+04 +3.877214975e+04 -5.0000e+00 +3.3106e+00 -9.2310e-01 -2.4057e+00 +5.0000e+00 -3.4421e+00 +1.0793e-01 -9.6110e-01 -8.9513e-01 +4.6308e+00 +4.9896e+00 +3.3056e+00 +4.9914e+00 -4.8235e+00 -4.4731e+00 +2.6374e+00 +2.4760e+00 +3.9825e+00 +1.8965e+00 -2.5007e+00
21904 +2.505499311e+04 +2.505499311e+04 +2.466930311e+04 +2.466930311e+04 -5.0000e+00 +2.6690e+00 -9.7948e-01 -1.9443e+00 +4.9998e+00 -3.2249e+00 -4.8900e-01 -9.4647e-01 -1.3503e+00 +4.9870e+00 +5.0000e+00 +3.3246e+00 +4.9993e+00 -4.9085e+00 -4.2673e+00 +2.3658e+00 +2.3053e+00 +4.0228e+00 +1.9472e+00 -2.1433e+00
31647 +1.555843147e+04 +1.555843147e+04 +1.517274147e+04 +1.517274147e+04 -5.0000e+00 +2.2479e+00 -8.2973e-01 -1.9640e+00 +5.0000e+00 -2.3081e+00 -6.9492e-01 -1.2586e+00 -1.4438e+00 +4.9998e+00 +4.9996e+00 +3.3749e+00 +4.9946e+00 -4.2426e+00 -4.9965e+00 +2.0202e+00 +2.2993e+00 +3.4920e+00 +1.0896e+00 -2.0004e+00
42305 +9.983341328e+03 +9.983341328e+03 +9.597651328e+03 +9.597651328e+03 -5.0000e+00 +1.4849e+00 -9.0447e-01 -1.6512e+00 +5.0000e+00 -2.1257e+00 -1.0096e+00 -1.3641e+00 -1.5306e+00 +4.9997e+00 +5.0000e+00 +3.6060e+00 +5.0000e+00 -4.1557e+00 -4.9770e+00 +1.7430e+00 +2.1919e+00 +3.4329e+00 +8.1820e-01 -1.9654e+00
62913 +6.092342095e+03 +6.092342095e+03 +5.706652095e+03 +5.706652095e+03 -5.0000e+00 +8.2585e-01 -4.5540e-01 -1.6290e+00 +5.0000e+00 -1.5451e+00 -1.2532e+00 -1.1264e+00 -1.5458e+00 +4.9930e+00 +5.0000e+00 +3.6335e+00 +5.0000e+00 -4.1699e+00 -4.6459e+00 +1.2729e+00 +2.1261e+00 +2.9795e+00 +3.7200e-01 -1.9931e+00
94503 +3.968423640e+03 +3.968423640e+03 +3.582733640e+03 +3.582733640e+03 -5.0000e+00 +5.3707e-01 -3.5961e-01 -1.5408e+00 +5.0000e+00 -1.3983e+00 -1.6595e+00 -1.0122e+00 -1.6575e+00 +5.0000e+00 +5.0000e+00 +3.6797e+00 +5.0000e+00 -4.1401e+00 -4.3818e+00 +9.8464e-01 +2.0117e+00 +2.8699e+00 +2.2816e-01 -1.8480e+00
140610 +2.510546479e+03 +2.510546479e+03 +2.124856479e+03 +2.124856479e+03 -5.0000e+00 -1.0102e-01 -3.6807e-01 -1.3214e+00 +5.0000e+00 -1.3085e+00 -1.9897e+00 -9.7262e-01 -1.6561e+00 +5.0000e+00 +5.0000e+00 +3.9791e+00 +5.0000e+00 -4.0767e+00 -4.3068e+00 +5.9931e-01 +1.9592e+00 +2.8382e+00 +1.2156e-03 -1.9280e+00
% function evaluation | noise-free fitness - Fopt (4.000000000000e+01) | best noise-free fitness - Fopt | measured fitness | best measured fitness | x1 | x2...
1 +4.285957964e+06 +4.285957964e+06 +4.285997964e+06 +4.285997964e+06 -3.9407e+00 +4.1487e+00 +1.3369e+00 -3.1860e+00 +3.3181e+00 +2.3228e+00 +6.2676e-01 -2.3297e+00 -2.5484e+00 +9.1236e-01 +3.7988e+00 +8.7109e-01 -4.7302e+00 +2.0239e+00 -3.2255e+00 -1.0426e+00 +6.6066e-01 +1.1190e+00 +3.7596e+00 +3.9587e+00
53 +2.650224376e+06 +2.650224376e+06 +2.650264376e+06 +2.650264376e+06 -5.0000e+00 +3.2826e-02 -2.2166e-01 -4.7444e+00 -7.6024e-01 +1.6306e+00 +2.1367e+00 -2.4122e+00 -1.6741e+00 +1.6749e-02 +5.0000e+00 -3.1531e-01 -1.9788e+00 +1.0686e+00 +1.2571e+00 +2.8639e+00 -1.2975e-03 +4.7801e+00 -5.0000e+00 +9.3676e-01
93 +1.837601120e+06 +1.837601120e+06 +1.837641120e+06 +1.837641120e+06 +1.0744e+00 +5.0000e+00 -8.1329e-01 -1.1471e+00 +2.1981e+00 +2.6218e-01 -1.1524e+00 -3.9287e+00 -1.3347e+00 -1.4426e+00 +2.2000e-01 +4.4497e-01 -4.8653e+00 +5.0000e+00 -3.3973e+00 -2.9449e-01 -8.1729e-01 +4.2685e+00 -6.1448e-01 -1.1953e-01
128 +1.310819425e+06 +1.310819425e+06 +1.310859425e+06 +1.310859425e+06 +1.9363e+00 +1.3782e+00 -2.0755e+00 -1.6632e+00 +1.7150e+00 -2.0815e+00 -1.0003e+00 -5.0000e+00 -4.3570e+00 +2.1710e-01 +5.0000e+00 +1.4363e+00 -4.2519e+00 -3.6967e-01 -2.7114e+00 +5.2399e-01 +1.8228e+00 +1.3688e+00 +0.0000e+00 +1.3855e-01
227 +6.912927529e+05 +6.912927529e+05 +6.913327529e+05 +6.913327529e+05 +1.9134e+00 +2.0401e+00 -2.1805e+00 +4.0137e-01 +7.1261e-01 +6.4616e-02 -1.6031e+00 -5.0000e+00 -4.3224e+00 +2.6862e+00 +2.0295e+00 +8.5961e-01 -3.6557e+00 +4.0492e-01 -2.5825e+00 -9.1023e-01 +2.3825e+00 +2.7171e+00 +4.1407e-01 -5.2567e-02
456 +6.153533049e+05 +6.153533049e+05 +6.153933049e+05 +6.153933049e+05 +0.0000e+00 +1.5292e+00 -1.5553e+00 +9.7937e-01 +2.4572e-01 -3.8727e-02 -1.4478e+00 -5.0000e+00 -4.8425e+00 +1.4285e+00 +1.9518e+00 +1.9199e+00 -3.6631e+00 +3.4847e-01 -2.7864e+00 -7.7704e-01 +2.4102e+00 +1.1061e+00 -1.8045e+00 +2.1669e+00
817 +2.726527505e+05 +2.726527505e+05 +2.726927505e+05 +2.726927505e+05 -2.0019e+00 +3.0652e+00 -1.4087e+00 +7.3352e-01 +1.7954e+00 +2.9058e-01 -4.7776e+00 -4.9289e+00 -4.9193e+00 +1.2773e+00 +4.5565e+00 +1.3966e+00 -3.6893e+00 -4.8187e-01 -2.8175e+00 -2.2435e+00 +3.2480e+00 +9.5101e-01 +7.5512e-02 +1.9925e+00
907 +1.563394840e+05 +1.563394840e+05 +1.563794840e+05 +1.563794840e+05 -2.7016e+00 +3.2080e+00 -4.4796e-01 +1.2242e+00 +3.1574e+00 +1.2772e+00 -5.0000e+00 -4.9211e+00 -4.8738e+00 +1.9044e+00 +4.7240e+00 +1.8341e+00 -3.5418e+00 -1.0788e-01 -2.7434e+00 -2.2758e+00 +3.5505e+00 -4.7663e-02 +8.0557e-01 +2.0945e+00
1636 +9.286748991e+04 +9.286748991e+04 +9.290748991e+04 +9.290748991e+04 -1.8426e+00 +3.3019e+00 -1.1372e+00 +7.8366e-01 +3.2963e+00 +9.3657e-01 -5.0000e+00 -4.9342e+00 -4.8510e+00 +2.1067e+00 +4.7900e+00 +1.6696e+00 -3.5574e+00 -1.4731e-01 -3.0318e+00 -2.3211e+00 +3.3233e+00 +4.6197e-01 +2.0040e+00 +1.5639e+00
3417 +6.155571104e+04 +6.155571104e+04 +6.159571104e+04 +6.159571104e+04 -2.2375e+00 +2.7076e+00 -2.3513e-01 +6.3145e-01 +3.0173e+00 +8.2436e-01 -5.0000e+00 -4.9349e+00 -4.8693e+00 +2.3824e+00 +4.4568e+00 +2.0038e+00 -3.2531e+00 -3.9119e-01 -2.6887e+00 -2.3565e+00 +3.3638e+00 -5.5029e-01 +1.6302e+00 +1.5813e+00
8028 +3.858085058e+04 +3.858085058e+04 +3.862085058e+04 +3.862085058e+04 -2.5338e+00 +2.3621e+00 -1.7752e-01 +3.4360e-02 +2.9089e+00 +1.2143e+00 -5.0000e+00 -4.4913e+00 -4.8298e+00 +2.1608e+00 +4.7524e+00 +2.1747e+00 -3.2874e+00 -7.9287e-01 -2.9256e+00 -2.5086e+00 +3.3626e+00 -7.9525e-01 +1.6702e+00 +1.2038e+00
14064 +2.486585257e+04 +2.486585257e+04 +2.490585257e+04 +2.490585257e+04 -2.7374e+00 +2.4877e+00 -1.9750e-01 -2.2875e-01 +2.8545e+00 +1.3173e+00 -5.0000e+00 -3.2212e+00 -4.1271e+00 +2.4641e+00 +4.7077e+00 +2.4407e+00 -3.4931e+00 -4.0965e-01 -3.1078e+00 -2.4543e+00 +3.4380e+00 -8.2762e-01 +9.8430e-01 +1.2216e+00
21513 +1.505828336e+04 +1.505828336e+04 +1.509828336e+04 +1.509828336e+04 -2.9565e+00 +2.4416e+00 -2.6521e-01 -3.5511e-01 +3.0025e+00 +1.5125e+00 -5.0000e+00 -1.8346e+00 -3.0688e+00 +2.3975e+00 +4.3725e+00 +2.5920e+00 -3.7801e+00 +5.1158e-01 -3.1552e+00 -2.3327e+00 +3.3975e+00 -1.0035e+00 +1.9496e-01 +1.2990e+00
33357 +9.875160719e+03 +9.875160719e+03 +9.915160719e+03 +9.915160719e+03 -2.9633e+00 +2.5228e+00 -8.5847e-02 -1.7758e-01 +3.1531e+00 +1.3764e+00 -5.0000e+00 -1.2139e+00 -2.3262e+00 +2.4700e+00 +4.5867e+00 +2.8493e+00 -3.5573e+00 +8.5823e-01 -3.2641e+00 -2.2948e+00 +3.4247e+00 -1.1686e+00 -2.3446e-01 +1.2339e+00
60130 +6.303552470e+03 +6.303552470e+03 +6.343552470e+03 +6.343552470e+03 -2.9534e+00 +2.5809e+00 -3.1008e-02 -2.4306e-01 +3.0916e+00 +1.0828e+00 -5.0000e+00 -6.4074e-01 -2.0969e+00 +2.1875e+00 +4.5656e+00 +3.2629e+00 -3.3702e+00 +1.4666e+00 -3.6075e+00 -2.3174e+00 +3.3698e+00 -1.1500e+00 -7.1828e-01 +1.1585e+00
83528 +3.973650045e+03 +3.973650045e+03 +4.013650045e+03 +4.013650045e+03 -2.8410e+00 +2.6704e+00 -4.0470e-02 -9.3966e-02 +3.1384e+00 +9.3516e-01 -5.0000e+00 -8.0169e-02 -1.6563e+00 +2.1293e+00 +4.3052e+00 +3.3519e+00 -3.4469e+00 +2.0851e+00 -3.6743e+00 -2.3482e+00 +3.3881e+00 -1.0856e+00 -9.5138e-01 +1.1444e+00
% function evaluation | noise-free fitness - Fopt (1.142600000000e+02) | best noise-free fitness - Fopt | measured fitness | best measured fitness | x1 | x2...
1 +1.435445201e+08 +1.435445201e+08 +1.435446344e+08 +1.435446344e+08 -3.4814e+00 +8.2310e-01 +4.1105e+00 -2.4395e-01 -1.2415e+00 -1.9833e+00 -3.2679e+00 -2.8333e+00 +3.4524e+00 -1.3180e+00 -4.7171e+00 -4.6912e+00 -4.6358e+00 +4.5648e+00 +4.0537e+00 -1.1056e+00 -3.6521e+00 +2.4770e+00 +1.8956e+00 -4.9803e+00
2 +2.152768796e+07 +2.152768796e+07 +2.152780222e+07 +2.152780222e+07 +1.8012e+00 +1.2664e+00 -9.6850e-01 +1.5964e+00 -1.6940e+00 +2.5028e+00 +2.1242e+00 -1.7376e+00 -1.2270e+00 -2.3827e+00 -2.3721e+00 -2.0567e+00 +3.5243e+00 +1.8728e+00 +4.7433e+00 +4.1074e+00 +4.9266e-01 +6.6534e-01 +5.7368e-01 +3.9145e+00
5 +1.346719432e+07 +1.346719432e+07 +1.346730858e+07 +1.346730858e+07 -2.7155e+00 -3.8928e-01 +1.6385e+00 +3.6564e+00 +4.6216e+00 +4.1181e+00 -2.8175e+00 +1.0858e+00 +4.8676e+00 -2.0629e+00 +4.5329e+00 -4.5584e+00 +2.4765e+00 +2.4119e+00 -3.8694e+00 -1.2239e+00 -1.2237e+00 -3.4197e+00 -4.2572e+00 -4.2383e+00
13 +2.857327399e+06 +2.857327399e+06 +2.857441659e+06 +2.857441659e+06 +2.2625e+00 +2.1752e+00 +3.6376e+00 +3.8322e+00 +3.9555e+00 -2.0184e+00 -2.5988e+00 +1.7356e+00 +1.9859e+00 -3.5032e+00 -3.9727e+00 -4.5831e+00 +1.7920e+00 -4.1464e+00 -4.2288e+00 -1.5555e+00 -2.4632e-01 -2.9225e+00 -1.1113e+00 +4.3934e+00
89 +1.633081174e+06 +1.633081174e+06 +1.633195434e+06 +1.633195434e+06 -2.5714e+00 -1.8146e+00 +8.2054e-01 +1.6101e+00 +4.9801e+00 -5.0000e+00 -2.3960e+00 +5.7023e-01 -3.6218e+00 -7.9381e-02 +3.1108e+00 -1.8604e+00 +1.2652e+00 -2.2029e+00 -9.6284e-01 +1.5089e+00 -9.4546e-01 -2.4144e-01 +3.0776e-01 +5.0000e+00
243 +1.508180969e+06 +1.508180969e+06 +1.508295229e+06 +1.508295229e+06 -5.0000e+00 +1.0127e+00 -4.9150e-01 +1.6343e+00 +4.9356e+00 -4.2799e+00 -5.0000e+00 -1.4486e+00 -4.6967e+00 +3.9562e+00 +4.7835e+00 -1.7604e+00 +1.9117e+00 -5.0000e+00 -3.8127e+00 +5.1796e-01 +5.0929e-01 -5.6125e-01 +2.7791e+00 +4.6612e+00
275 +6.501245806e+05 +6.501245806e+05 +6.502388406e+05 +6.502388406e+05 -4.0309e+00 +5.0000e+00 -5.0000e+00 -5.0000e+00 -2.0335e-01 +0.0000e+00 -2.2576e+00 +1.4804e+00 -5.0000e+00 +3.3748e+00 +5.0000e+00 -2.1669e+00 -1.5603e+00 -5.0000e+00 +1.2511e+00 -1.3367e-01 +5.0000e+00 +1.5283e+00 +4.6119e+00 +4.4387e+00
470 +4.066037786e+05 +4.066037786e+05 +4.067180386e+05 +4.067180386e+05 -4.5346e+00 +4.4088e+00 -4.4980e+00 -4.6766e+00 -8.7446e-01 +1.4443e+00 -1.4718e+00 +1.7477e+00 -5.0000e+00 +3.1532e+00 +5.0000e+00 +9.4013e-01 -2.8590e-01 -4.6605e+00 +2.5698e+00 -1.2170e-01 +4.7351e+00 +2.3813e+00 +5.0000e+00 +5.0000e+00
525 +3.862717033e+05 +3.862717033e+05 +3.863859633e+05 +3.863859633e+05 -4.8824e+00 +4.9600e+00 -4.9058e+00 -4.9562e+00 -1.0265e+00 +1.6817e+00 -4.8559e-01 +5.2859e-02 -5.0000e+00 +3.2928e+00 +5.0000e+00 +2.4423e+00 -3.7003e-01 -4.5705e+00 +1.5939e+00 +5.2667e-01 +4.7023e+00 +4.1764e+00 +4.4348e+00 +5.0000e+00
764 +2.095461044e+05 +2.095461044e+05 +2.096603644e+05 +2.096603644e+05 -4.9799e+00 +3.9356e+00 -4.0373e+00 -4.9127e+00 +5.7203e-02 +8.6187e-01 -2.0857e+00 +3.5121e+00 -4.1806e+00 +2.8290e-01 +5.0000e+00 +1.0866e+00 +1.6114e+00 -4.5324e+00 +1.0364e+00 +2.7130e-01 +3.3191e+00 +5.0000e+00 +4.3265e+00 +4.9995e+00
1086 +6.485071770e+04 +6.485071770e+04 +6.496497770e+04 +6.496497770e+04 -4.2345e+00 +3.5115e+00 -3.7168e+00 -4.5355e+00 -8.9373e-01 +9.3400e-01 -1.4124e+00 +3.7240e+00 -4.0038e+00 +2.1575e-01 +4.4915e+00 +1.4909e+00 +2.4302e-01 -5.0000e+00 +1.5661e+00 +1.6370e-01 +3.3218e+00 +5.0000e+00 +2.4882e+00 +4.9992e+00
1832 +6.084111383e+04 +6.084111383e+04 +6.095537383e+04 +6.095537383e+04 -4.2392e+00 +3.4967e+00 -3.7078e+00 -4.5150e+00 -8.5120e-01 +9.3125e-01 -8.1699e-01 +3.7242e+00 -4.0104e+00 +2.0244e-01 +3.8475e+00 +1.4763e+00 -3.9441e-01 -4.9993e+00 +1.7794e+00 +2.9939e-02 +3.3319e+00 +5.0000e+00 +2.4926e+00 +4.9993e+00
3318 +3.960982422e+04 +3.960982422e+04 +3.972408422e+04 +3.972408422e+04 -4.0605e+00 +3.7970e+00 -3.0118e+00 -4.7649e+00 -6.1818e-01 +6.6816e-01 -1.1940e+00 +3.5669e+00 -4.1476e+00 +2.8386e-01 +3.8604e+00 +1.3540e+00 +9.2886e-02 -4.9818e+00 +1.5522e+00 -3.9493e-02 +3.0980e+00 +4.9999e+00 +2.1845e+00 +4.9997e+00
5098 +2.370880749e+04 +2.370880749e+04 +2.382306749e+04 +2.382306749e+04 -4.1224e+00 +3.6383e+00 -2.8027e+00 -4.1814e+00 -7.9272e-01 +7.5496e-01 -5.0563e-01 +3.4042e+00 -4.2242e+00 +5.6074e-01 +3.8839e+00 +1.4022e+00 -1.2110e-01 -4.9933e+00 +1.6983e+00 +4.9083e-02 +2.5574e+00 +4.9995e+00 +2.1644e+00 +4.9997e+00
8312 +1.502595156e+04 +1.502595156e+04 +1.514021156e+04 +1.514021156e+04 -3.8603e+00 +3.5420e+00 -2.5369e+00 -3.8382e+00 -5.9125e-01 +6.3405e-01 -2.3063e-01 +3.4071e+00 -4.2247e+00 +5.6001e-01 +3.8542e+00 +1.3854e+00 +9.1266e-02 -4.9964e+00 +1.3210e+00 -8.3791e-02 +2.0975e+00 +4.9997e+00 +2.0426e+00 +4.9998e+00
19983 +9.998959091e+03 +9.998959091e+03 +1.011321909e+04 +1.011321909e+04 -3.5680e+00 +3.3202e+00 -2.6293e+00 -3.7098e+00 -5.1000e-01 +5.3619e-01 -1.2841e-03 +3.3784e+00 -4.2747e+00 +5.4365e-01 +3.5926e+00 +1.0229e+00 +6.8549e-02 -4.9867e+00 +1.2164e+00 -5.9607e-02 +1.5724e+00 +4.9994e+00 +1.5489e+00 +5.0000e+00
40073 +6.287145647e+03 +6.287145647e+03 +6.401405647e+03 +6.401405647e+03 -3.5868e+00 +3.0889e+00 -2.4298e+00 -3.2313e+00 -4.0742e-01 +4.4226e-01 +4.6046e-01 +3.8370e+00 -4.1883e+00 +4.1512e-01 +4.1517e+00 +1.0067e+00 +1.2022e-01 -4.9987e+00 +9.0052e-01 -2.8245e-01 +1.1023e+00 +4.9986e+00 +1.3045e+00 +5.0000e+00
53365 +3.922359926e+03 +3.922359926e+03 +4.036619926e+03 +4.036619926e+03 -3.5597e+00 +2.9889e+00 -2.2858e+00 -2.9818e+00 -3.3393e-01 +4.3669e-01 +6.3108e-01 +3.9785e+00 -4.1550e+00 +3.2519e-01 +4.1010e+00 +9.9887e-01 +2.4546e-01 -4.9945e+00 +7.0885e-01 -4.3703e-01 +7.8589e-01 +4.9987e+00 +1.2242e+00 +5.0000e+00
122584 +2.493660591e+03 +2.493660591e+03 +2.607920591e+03 +2.607920591e+03 -3.4784e+00 +3.0826e+00 -1.9453e+00 -3.0345e+00 -2.9948e-01 +2.1241e-01 +8.7522e-01 +4.4845e+00 -4.1113e+00 -1.6215e-01 +3.9900e+00 +1.0438e+00 +2.9902e-01 -5.0000e+00 +4.7947e-01 -5.5937e-01 +4.1589e-01 +5.0000e+00 +1.1236e+00 +5.0000e+00
% function evaluation | noise-free fitness - Fopt (1.393000000000e+01) | best noise-free fitness - Fopt | measured fitness | best measured fitness | x1 | x2...
1 +4.895030932e+07 +4.895030932e+07 +4.895032325e+07 +4.895032325e+07 +4.1500e+00 -3.3420e-01 +3.8142e+00 +2.2652e+00 -3.9576e+00 +7.1540e-01 -1.6311e+00 +2.2064e+00 -3.9248e+00 -5.6397e-01 +2.0527e+00 -9.6418e-01 -2.0416e+00 +2.3548e+00 +1.5102e+00 -1.0032e+00 +3.7049e+00 -4.4166e-01 -3.4684e+00 +3.7021e+00
2 +1.000498053e+06 +1.000498053e+06 +1.000511983e+06 +1.000511983e+06 -4.0196e+00 +4.4609e+00 +1.7450e-01 -3.5853e+00 +2.5256e+00 -2.6073e+00 -3.3177e-02 +1.6416e+00 +3.6322e+00 +3.3606e+00 +1.4692e+00 -3.7048e+00 +1.2482e+00 -4.1143e-01 +1.5680e+00 +2.3612e+00 -1.2511e+00 +3.5044e-01 +4.4202e+00 +7.7452e-01
65 +6.122873529e+05 +6.122873529e+05 +6.123012829e+05 +6.123012829e+05 +1.1583e+00 +1.0363e+00 +2.8380e+00 -1.0019e+00 +6.8760e-01 -3.9855e+00 -4.6838e+00 -1.0357e+00 +2.1197e+00 +4.8618e+00 +2.2182e+00 -2.1597e+00 +5.0375e-01 +2.4585e+00 +2.5584e+00 +1.0431e+00 -5.3372e-02 -1.2786e-01 +5.0000e+00 +2.5395e-01
440 +3.961538950e+05 +3.961538950e+05 +3.961678250e+05 +3.961678250e+05 -4.9620e+00 +1.1842e+00 +5.0000e+00 -1.9741e+00 +9.0435e-01 -2.8839e+00 -4.7132e+00 +1.1857e+00 +1.5165e+00 +4.4539e+00 +2.4246e+00 -1.1270e+00 -4.7356e-01 +1.9720e+00 +2.3441e+00 +9.5321e-01 -7.1371e-01 +1.5668e+00 +4.1908e+00 +2.2507e-01
1023 +1.876476791e+05 +1.876476791e+05 +1.876616091e+05 +1.876616091e+05 -5.0000e+00 +2.1684e-01 +3.2181e+00 -3.0913e+00 +1.3198e+00 -2.7783e+00 -4.6183e+00 +6.0339e-01 +2.3896e+00 +4.4044e+00 +1.5144e+00 +7.0481e-01 -1.5421e-01 +1.8381e+00 +2.6206e+00 +5.7593e-01 -1.6394e+00 +2.0688e+00 +4.2657e+00 -2.4267e-01
1495 +1.551511113e+05 +1.551511113e+05 +1.551650413e+05 +1.551650413e+05 -5.0000e+00 +1.4733e-02 +4.2245e+00 -1.2860e+00 +1.0569e+00 -2.7402e+00 -4.3734e+00 +5.0555e-01 +1.8732e+00 +4.6007e+00 +2.1956e+00 +1.5887e+00 -1.1614e-01 +1.5082e+00 +3.7171e+00 -5.9390e-02 -1.6949e+00 +1.6201e+00 +4.1776e+00 -5.9437e-01
2686 +9.943787624e+04 +9.943787624e+04 +9.945180624e+04 +9.945180624e+04 -4.9997e+00 +1.0742e-02 +5.0000e+00 -1.8079e+00 +1.0512e+00 -2.8119e+00 -4.9892e+00 +5.7627e-01 +1.4128e+00 +4.5713e+00 +2.0045e+00 +1.1335e+00 -2.3570e-01 +1.5281e+00 +3.6125e+00 +4.5058e-02 -1.4311e+00 +1.6722e+00 +4.1537e+00 -9.3804e-01
9053 +6.224088745e+04 +6.224088745e+04 +6.225481745e+04 +6.225481745e+04 -4.9787e+00 +1.8984e-01 +4.4658e+00 -6.9671e-01 +6.2786e-01 -1.4167e+00 -4.9554e+00 +1.2037e+00 +1.1410e+00 +4.6304e+00 +1.6468e-01 +1.4991e-01 +1.4552e-01 +1.6191e+00 +3.6947e+00 -1.6979e-01 -9.6547e-01 +1.5860e+00 +4.0725e+00 -1.0459e+00
29527 +3.975210210e+04 +3.975210210e+04 +3.976603210e+04 +3.976603210e+04 -4.7918e+00 +2.5184e-01 +4.3877e+00 -2.1962e-01 +1.6349e+00 -9.7598e-01 -4.7964e+00 +2.4349e+00 +9.7727e-01 +4.9999e+00 -6.5023e-01 -1.3331e-01 +3.4595e-01 +1.9422e+00 +4.6097e+00 -5.7329e-01 -9.8076e-01 +2.5919e+00 +3.7660e+00 -1.5333e+00
34799 +2.330907623e+04 +2.330907623e+04 +2.332300623e+04 +2.332300623e+04 -2.4072e+00 +8.1451e-01 +4.3247e+00 +7.3786e-01 +1.8387e+00 -1.1446e+00 -4.7050e+00 +2.4052e+00 +4.9721e-01 +5.0000e+00 -6.6392e-01 -7.7608e-01 +9.2243e-01 +2.1573e+00 +4.7576e+00 -5.0436e-01 -1.0741e+00 +2.3458e+00 +4.1467e+00 -1.6722e+00
48372 +1.522035774e+04 +1.522035774e+04 +1.523428774e+04 +1.523428774e+04 -2.1985e+00 +9.8701e-01 +4.4710e+00 +1.1183e+00 +1.3089e+00 -1.2296e+00 -4.4622e+00 +2.5581e+00 +3.5776e-01 +5.0000e+00 -7.9534e-01 -3.8185e-01 +1.2381e+00 +2.4408e+00 +4.7146e+00 -8.2827e-01 -8.9567e-01 +2.1005e+00 +4.4287e+00 -1.5588e+00
59838 +9.937984946e+03 +9.937984946e+03 +9.951914946e+03 +9.951914946e+03 -1.0770e+00 +1.1788e+00 +4.5555e+00 +1.3559e+00 +1.2499e+00 -1.5864e+00 -4.5056e+00 +2.6044e+00 -2.0699e-01 +5.0000e+00 -9.4690e-01 -3.4702e-01 +1.2801e+00 +2.4190e+00 +4.7307e+00 -9.2425e-01 -9.3495e-01 +1.6102e+00 +4.5788e+00 -1.7594e+00
69958 +6.189165940e+03 +6.189165940e+03 +6.203095940e+03 +6.203095940e+03 -5.4003e-01 +1.1944e+00 +4.5385e+00 +1.5570e+00 +1.2228e+00 -1.5374e+00 -4.4228e+00 +2.5904e+00 -4.1396e-01 +5.0000e+00 -1.2424e+00 -3.4192e-01 +1.4640e+00 +2.4191e+00 +4.8456e+00 -1.1453e+00 -9.5074e-01 +1.6711e+00 +4.4759e+00 -1.8636e+00
89555 +3.974515174e+03 +3.974515174e+03 +3.988445174e+03 +3.988445174e+03 -2.0172e-01 +1.3887e+00 +4.5177e+00 +1.9624e+00 +1.2547e+00 -1.4016e+00 -4.1769e+00 +2.5023e+00 -4.7177e-01 +5.0000e+00 -1.6264e+00 -2.9142e-01 +1.6345e+00 +2.4081e+00 +4.9440e+00 -1.3614e+00 -9.8582e-01 +1.6809e+00 +4.2598e+00 -1.9561e+00
138188 +2.510791984e+03 +2.510791984e+03 +2.524721984e+03 +2.524721984e+03 +5.1791e-01 +1.6045e+00 +4.4783e+00 +2.4565e+00 +1.1986e+00 -1.2700e+00 -3.9914e+00 +1.7645e+00 -5.3736e-01 +5.0000e+00 -1.5819e+00 -2.2001e-01 +1.7071e+00 +2.2536e+00 +4.9999e+00 -1.6229e+00 -1.0578e+00 +1.3485e+00 +4.2485e+00 -2.0403e+00
% function evaluation | noise-free fitness - Fopt (-3.175000000000e+01) | best noise-free fitness - Fopt | measured fitness | best measured fitness | x1 | x2...
1 +1.397612544e+07 +1.397612544e+07 +1.397609369e+07 +1.397609369e+07 +2.7959e+00 +4.4437e+00 +5.8203e-01 -3.6649e-02 -4.1803e+00 +1.9581e+00 -3.7320e+00 +3.7812e+00 -1.1519e+00 -3.5081e+00 +1.8648e+00 -4.4837e+00 -1.9187e+00 -2.9744e+00 +9.1600e-01 +3.7995e+00 +4.8313e+00 -3.9496e+00 -4.4087e+00 +4.3175e+00
3 +7.241755339e+06 +7.241755339e+06 +7.241723589e+06 +7.241723589e+06 +3.8454e+00 +2.4774e+00 +1.4423e+00 -1.3752e+00 -1.5791e+00 +4.2479e+00 -4.8048e+00 +4.3472e+00 +4.9791e+00 +1.3287e+00 +3.2363e+00 -3.5035e+00 +4.1380e+00 -6.8879e-01 -4.6695e+00 +5.3261e-01 +2.2741e+00 -1.1526e+00 +3.0077e-01 +4.6975e+00
9 +1.565806056e+06 +1.565806056e+06 +1.565774306e+06 +1.565774306e+06 -1.7317e+00 +8.6250e-01 +2.8525e+00 +3.4654e+00 +6.4641e-01 +4.0054e+00 +1.0978e+00 +3.1610e+00 +4.5602e+00 -9.2237e-01 -1.2495e+00 +2.3532e+00 +2.9649e-01 -1.5041e+00 +4.4819e+00 -1.3068e+00 -2.0821e+00 +8.9581e-01 +2.4079e+00 +4.1935e+00
418 +6.386459690e+05 +6.386459690e+05 +6.386142190e+05 +6.386142190e+05 -1.9245e+00 +4.1324e+00 +3.0198e+00 +1.5978e+00 -2.4817e+00 +3.3351e+00 -6.1616e-01 +4.3589e+00 +4.2754e+00 +1.3456e+00 +1.3653e+00 -1.4028e+00 -1.7207e+00 -4.8273e+00 +3.1342e+00 +8.3849e-01 -2.1377e+00 +2.4627e+00 -4.8093e-01 +1.1362e+00
459 +5.435836282e+05 +5.435836282e+05 +5.435518782e+05 +5.435518782e+05 -1.6725e+00 +4.4033e+00 +2.4340e+00 +3.6939e+00 -7.2105e-02 +4.3906e+00 -3.3515e-01 +4.7642e+00 +3.5734e+00 +1.4221e+00 +2.5202e-01 -1.2897e+00 -2.3306e+00 -4.6954e+00 +4.6421e+00 +2.4780e-01 -1.7229e+00 +1.8874e+00 -5.5645e-01 +8.6624e-01
763 +3.011752120e+05 +3.011752120e+05 +3.011434620e+05 +3.011434620e+05 -1.6018e+00 +4.9725e+00 +2.0933e+00 +4.5656e+00 +1.4040e-01 +4.0695e+00 +1.1749e+00 +4.8944e+00 +2.6325e+00 +9.0370e-01 +6.2724e-01 -2.9893e+00 -2.7115e+00 -4.8451e+00 +3.2610e+00 +4.0285e+00 -3.7603e+00 +3.6320e-01 +3.0780e+00 -8.2971e-01
828 +2.402380338e+05 +2.402380338e+05 +2.402062838e+05 +2.402062838e+05 -1.7516e+00 +4.1563e+00 +2.2589e+00 +4.6680e+00 +1.6796e-01 +4.6011e+00 -1.0187e+00 +4.9574e+00 +2.5574e+00 +2.7346e-01 +1.2029e+00 -3.0629e+00 -2.3237e+00 -5.0000e+00 +3.8048e+00 +4.1771e+00 -2.6386e+00 +1.1544e+00 +3.0513e+00 +1.4004e-01
1397 +1.490452859e+05 +1.490452859e+05 +1.490135359e+05 +1.490135359e+05 -9.0538e-01 +3.4059e+00 +6.7173e-01 +4.6744e+00 +1.4197e-01 +4.9121e+00 -1.0868e+00 +4.9705e+00 +3.3719e+00 -3.8913e-01 +3.2033e+00 -3.3383e+00 -1.3938e+00 -5.0000e+00 +3.5779e+00 +2.7221e+00 -1.0610e+00 +1.1510e+00 +3.4291e+00 +6.5860e-01
2270 +7.815777899e+04 +7.815777899e+04 +7.812602899e+04 +7.812602899e+04 -1.3469e+00 +3.1985e+00 +4.4913e-01 +3.8652e+00 -2.7664e-01 +3.9310e+00 -4.9064e-01 +4.8727e+00 +3.0269e+00 +4.7511e-01 +1.5138e+00 -2.5227e+00 -2.5965e+00 -5.0000e+00 +2.6981e+00 +4.6186e+00 -3.2034e+00 +1.9215e+00 +2.8105e+00 +1.1259e+00
3937 +6.277245154e+04 +6.277245154e+04 +6.274070154e+04 +6.274070154e+04 -1.5957e+00 +2.4426e+00 +1.9922e+00 +4.5211e+00 -1.7785e-01 +4.1932e+00 -5.9368e-02 +4.9363e+00 +2.1625e+00 +2.7227e-01 +1.7422e+00 -2.4883e+00 -1.7820e+00 -4.9676e+00 +3.2945e+00 +3.3153e+00 -2.6069e+00 +1.6386e+00 +3.4554e+00 +1.1677e+00
7374 +3.898349773e+04 +3.898349773e+04 +3.895174773e+04 +3.895174773e+04 -1.9061e+00 +2.7797e+00 +2.4597e+00 +4.4966e+00 -6.0703e-01 +3.8356e+00 -1.3528e-01 +5.0000e+00 +3.9383e+00 +3.5780e-01 +1.9638e+00 -2.5797e+00 -1.9276e+00 -4.9935e+00 +3.4681e+00 +3.8091e+00 -3.5429e+00 +1.6601e+00 +2.4149e+00 +1.0032e+00
18789 +2.492458189e+04 +2.492458189e+04 +2.489283189e+04 +2.489283189e+04 -1.9664e+00 +2.5162e+00 +3.8458e+00 +4.4851e+00 -3.4386e-01 +3.6109e+00 -1.9719e-01 +4.9648e+00 +3.3292e+00 +3.6854e-01 +2.2933e+00 -2.7678e+00 -1.4522e+00 -4.9864e+00 +3.5644e+00 +3.6289e+00 -3.0854e+00 +8.9650e-01 +2.3576e+00 -9.5237e-02
23329 +1.578543498e+04 +1.578543498e+04 +1.575368498e+04 +1.575368498e+04 -1.9613e+00 +2.7721e+00 +3.9806e+00 +4.7440e+00 -3.8535e-01 +3.7130e+00 -2.0043e-01 +4.9979e+00 +3.0155e+00 +3.5480e-01 +2.2505e+00 -2.7882e+00 -1.4810e+00 -4.9420e+00 +3.6852e+00 +3.3212e+00 -2.9452e+00 +8.7473e-01 +2.8564e+00 -4.8318e-01
27305 +9.957580370e+03 +9.957580370e+03 +9.925830370e+03 +9.925830370e+03 -2.0594e+00 +2.6734e+00 +3.8216e+00 +4.5070e+00 -4.1874e-01 +3.5781e+00 -3.7388e-01 +4.9370e+00 +2.4926e+00 +4.3193e-01 +2.1536e+00 -2.9893e+00 -1.4126e+00 -4.7719e+00 +3.6376e+00 +3.0183e+00 -2.8123e+00 +8.5396e-01 +3.0093e+00 -4.7768e-01
34853 +6.243055032e+03 +6.243055032e+03 +6.211305032e+03 +6.211305032e+03 -1.9813e+00 +2.5648e+00 +4.1067e+00 +4.3209e+00 -6.0765e-01 +3.2946e+00 -5.6580e-01 +4.9155e+00 +1.8684e+00 +3.6340e-01 +2.1428e+00 -3.1069e+00 -1.5900e+00 -4.4767e+00 +3.6506e+00 +2.8132e+00 -2.8695e+00 +7.8980e-01 +3.3524e+00 -5.9082e-01
43005 +3.970246906e+03 +3.970246906e+03 +3.938496906e+03 +3.938496906e+03 -2.2302e+00 +2.6789e+00 +3.8186e+00 +4.3621e+00 -6.2213e-01 +3.5740e+00 -9.2278e-01 +4.9264e+00 +1.4523e+00 +3.1966e-01 +2.1380e+00 -3.1713e+00 -1.4594e+00 -4.4368e+00 +3.5508e+00 +2.6665e+00 -2.5840e+00 +9.1623e-01 +3.3716e+00 -7.9457e-01
74643 +2.490271386e+03 +2.490271386e+03 +2.458521386e+03 +2.458521386e+03 -2.0813e+00 +2.6251e+00 +3.9056e+00 +4.4685e+00 -5.7479e-01 +3.2548e+00 -8.6082e-01 +4.8202e+00 +8.3495e-01 +2.1528e-01 +2.1956e+00 -3.1781e+00 -1.4423e+00 -4.3327e+00 +3.5437e+00 +2.5352e+00 -2.4456e+00 +8.5681e-01 +3.5872e+00 -9.0776e-01
94044 +1.584778999e+03 +1.584778999e+03 +1.553028999e+03 +1.553028999e+03 -1.9966e+00 +2.6314e+00 +3.9383e+00 +4.5155e+00 -5.4209e-01 +3.0582e+00 -7.4977e-01 +4.7033e+00 +5.2900e-01 +1.7879e-01 +2.1618e+00 -3.1541e+00 -1.4574e+00 -4.2907e+00 +3.5275e+00 +2.3842e+00 -2.4347e+00 +8.6468e-01 +3.7945e+00 -9.1416e-01
% function evaluation | noise-free fitness - Fopt (5.432000000000e+01) | best noise-free fitness - Fopt | measured fitness | best measured fitness | x1 | x2...
1 +6.878135487e+06 +6.878135487e+06 +6.878189807e+06 +6.878189807e+06 -1.5782e-01 +4.9964e+00 +3.0833e+00 +4.4500e+00 -1.3273e+00 +7.6716e-02 -3.9718e+00 -3.3403e+00 +3.3985e+00 -4.1014e+00 -2.7900e+00 -4.1526e+00 -1.2115e+00 +7.8098e-01 -4.2845e+00 +3.5501e+00 -1.8759e+00 +7.0161e-01 -1.4713e+00 +1.9749e+00
3 +5.705240341e+06 +5.705240341e+06 +5.705294661e+06 +5.705294661e+06 +6.4864e-01 -1.7226e+00 +3.3854e+00 +4.7363e+00 +1.8282e+00 -2.0574e+00 -2.2975e+00 -4.8342e+00 -3.0307e+00 -3.2588e+00 -2.6205e+00 -6.4974e-02 +6.6875e-01 -4.0408e+00 +3.5950e+00 -4.9520e+00 -4.3904e+00 -4.9113e+00 +3.0506e+00 +2.0088e+00
42 +2.941223787e+06 +2.941223787e+06 +2.941278107e+06 +2.941278107e+06 +1.6211e+00 +2.6445e+00 +3.8631e+00 -3.6747e+00 +2.4145e-01 -2.6371e+00 +1.5728e+00 -1.4114e+00 +2.2384e-02 +4.7553e+00 +4.3005e+00 -3.5815e+00 +3.6604e+00 +2.2372e+00 -3.9660e+00 -3.7955e+00 +3.9336e+00 +1.0573e+00 +3.8324e-01 +2.6144e+00
62 +1.913460811e+06 +1.913460811e+06 +1.913515131e+06 +1.913515131e+06 +1.4216e+00 +2.9625e-01 +5.0000e+00 -4.6310e+00 -2.3618e-01 -1.3685e+00 -1.9956e+00 -3.0089e+00 +2.1597e-01 +7.5514e-01 +2.1395e+00 -5.0000e+00 +2.3702e+00 -8.7120e-02 -2.3705e+00 -4.1304e+00 +3.2863e+00 +4.0357e+00 -1.4771e+00 -1.3834e+00
68 +9.804795305e+05 +9.804795305e+05 +9.805338505e+05 +9.805338505e+05 +3.8216e+00 +3.8515e+00 +5.0000e+00 -9.0844e-01 -1.4336e+00 +4.6832e-01 +3.9454e+00 +1.6037e+00 +1.6306e+00 +4.4075e-01 +2.4015e+00 -2.2661e+00 -2.0918e+00 -4.4841e+00 +2.4200e+00 -3.8556e+00 +2.7774e-01 +2.3591e+00 +2.6940e+00 +5.6765e-01
206 +5.010606012e+05 +5.010606012e+05 +5.011149212e+05 +5.011149212e+05 +3.0240e+00 +4.9606e+00 +3.1944e+00 -2.1937e+00 +0.0000e+00 +1.5624e+00 +4.6914e+00 +3.6915e+00 +4.0966e+00 +0.0000e+00 +4.0880e+00 -1.5647e+00 -4.3163e+00 +0.0000e+00 +4.1267e-01 -3.6386e+00 -3.4497e+00 -1.1722e+00 +4.5897e+00 -1.6250e+00
936 +2.983275388e+05 +2.983275388e+05 +2.983818588e+05 +2.983818588e+05 +3.7913e-01 +3.1800e+00 +3.9582e+00 -2.3471e+00 +1.2071e+00 +1.5879e+00 +0.0000e+00 +2.8713e+00 +3.9055e+00 -4.5627e+00 +4.2131e+00 -1.3842e+00 -2.4972e+00 -4.5553e-01 +2.0622e-01 -3.3133e+00 -3.9107e+00 +2.2341e+00 +3.3224e+00 -3.2285e+00
1071 +1.884108923e+05 +1.884108923e+05 +1.884652123e+05 +1.884652123e+05 +5.5433e-01 +3.5187e+00 +4.4930e+00 -2.2101e+00 +1.1442e+00 +1.6970e+00 +6.8334e-01 +2.1808e+00 +4.8053e+00 -4.8095e+00 +5.0000e+00 -7.5233e-01 -3.4367e+00 -1.5293e+00 -5.9946e-01 -3.4906e+00 -3.9388e+00 +1.5678e+00 +3.0077e+00 -2.1227e+00
1948 +1.344722318e+05 +1.344722318e+05 +1.345265518e+05 +1.345265518e+05 +5.7011e-01 +3.3024e+00 +4.4598e+00 -2.6923e+00 +4.7285e-01 +1.6804e+00 +2.6855e-01 +1.7791e+00 +4.8287e+00 -4.9048e+00 +4.9212e+00 +2.8319e-01 -3.3564e+00 -1.2943e+00 -3.7405e-01 -3.0092e+00 -3.9173e+00 +1.6714e+00 +3.1350e+00 -2.1890e+00
2662 +8.933644071e+04 +8.933644071e+04 +8.939076071e+04 +8.939076071e+04 +6.0493e-01 +2.7025e+00 +4.6124e+00 -2.5715e+00 +1.3887e+00 +1.9081e+00 +2.9773e-04 +1.9926e+00 +3.7636e+00 -4.9045e+00 +4.8413e+00 +4.7545e-01 -2.7865e+00 -1.5861e+00 +2.1776e-01 -2.8788e+00 -3.7306e+00 +2.0422e+00 +3.1757e+00 -1.8784e+00
3104 +6.063026766e+04 +6.063026766e+04 +6.068458766e+04 +6.068458766e+04 +1.4783e+00 +2.4593e+00 +4.5598e+00 -2.5671e+00 +9.7690e-01 +1.7713e+00 -8.9919e-02 +1.6456e+00 +3.6957e+00 -4.8402e+00 +4.8266e+00 +7.7667e-01 -3.2493e+00 -1.3254e+00 -3.1793e-01 -2.7210e+00 -3.8642e+00 +1.8922e+00 +3.1120e+00 -2.3032e+00
4768 +3.641815957e+04 +3.641815957e+04 +3.647247957e+04 +3.647247957e+04 +1.4327e+00 +2.4608e+00 +4.4831e+00 -1.3599e+00 +1.3069e+00 +1.8287e+00 -1.0034e-01 +1.1311e+00 +3.9673e+00 -4.9694e+00 +4.8177e+00 +1.3655e+00 -2.9398e+00 -1.6199e+00 -8.2714e-01 -2.6343e+00 -3.7682e+00 +2.4869e+00 +3.0957e+00 -2.3245e+00
8319 +2.490064542e+04 +2.490064542e+04 +2.495496542e+04 +2.495496542e+04 +1.3714e+00 +1.8512e+00 +4.6626e+00 -1.4375e+00 +1.4425e+00 +1.8099e+00 -1.9277e-01 +1.1850e+00 +3.9893e+00 -4.9393e+00 +4.8293e+00 +1.4261e+00 -2.8781e+00 -1.5192e+00 -1.2645e+00 -2.0822e+00 -3.5985e+00 +3.2305e+00 +3.1465e+00 -2.3362e+00
9277 +1.573418652e+04 +1.573418652e+04 +1.578850652e+04 +1.578850652e+04 +1.1709e+00 +1.5277e+00 +4.7367e+00 -1.4653e+00 +1.5019e+00 +1.7790e+00 -2.4118e-01 +1.1005e+00 +4.0721e+00 -4.9681e+00 +4.8367e+00 +1.8754e+00 -2.8825e+00 -1.3839e+00 -1.4036e+00 -2.1148e+00 -3.5896e+00 +3.3654e+00 +3.2682e+00 -2.6477e+00
21872 +9.987233036e+03 +9.987233036e+03 +1.004155304e+04 +1.004155304e+04 +7.2720e-01 +1.2231e+00 +4.9282e+00 -1.3178e+00 +1.4110e+00 +1.8281e+00 -1.7228e-01 +6.5913e-01 +4.1491e+00 -5.0000e+00 +4.6402e+00 +2.4599e+00 -2.5099e+00 -1.2621e+00 -1.8049e+00 -2.1205e+00 -3.5929e+00 +3.2074e+00 +3.3816e+00 -2.5966e+00
22982 +6.301459483e+03 +6.301459483e+03 +6.355779483e+03 +6.355779483e+03 +7.3448e-01 +1.0392e+00 +4.8899e+00 -1.1211e+00 +1.3113e+00 +1.8369e+00 -2.0608e-01 +3.4093e-01 +4.1462e+00 -5.0000e+00 +4.6595e+00 +3.0113e+00 -2.3245e+00 -1.2278e+00 -1.9201e+00 -2.3651e+00 -3.6125e+00 +3.1726e+00 +3.3692e+00 -2.8182e+00
47644 +3.959550033e+03 +3.959550033e+03 +4.013870033e+03 +4.013870033e+03 +5.0698e-01 +1.0937e+00 +4.4431e+00 -9.3469e-01 +1.4883e+00 +1.9381e+00 -4.9473e-01 +1.4076e-02 +4.2947e+00 -5.0000e+00 +4.5581e+00 +3.0190e+00 -1.8144e+00 -8.8903e-01 -2.1464e+00 -2.3536e+00 -3.6986e+00 +3.3588e+00 +3.3549e+00 -2.7636e+00
% function evaluation | noise-free fitness - Fopt (4.052000000000e+01) | best noise-free fitness - Fopt | measured fitness | best measured fitness | x1 | x2...
1 +1.450305340e+07 +1.450305340e+07 +1.450309392e+07 +1.450309392e+07 +2.4732e+00 -3.8842e-01 +3.9218e+00 +4.2858e+00 -1.0438e+00 -1.4518e+00 +7.6925e-01 +4.3424e+00 -3.1597e-01 -3.1628e+00 -4.5087e+00 +2.4889e+00 -3.4010e+00 +3.2404e-01 +4.9253e-01 +4.0470e+00 +4.0716e+00 -7.1557e-01 -4.5191e+00 +3.8295e+00
7 +6.449047940e+06 +6.449047940e+06 +6.449088460e+06 +6.449088460e+06 -9.0332e-01 -2.5144e+00 -3.1205e+00 +8.2362e-01 +3.1257e-01 -3.2343e+00 +4.3304e+00 +3.1917e+00 +9.2787e-01 +1.1234e+00 +2.3560e+00 -5.6902e-01 -4.4725e-02 -3.9872e+00 -6.8654e-01 -1.0217e+00 +6.0891e-01 -2.9503e+00 -4.2721e+00 +4.6749e+00
11 +3.546392342e+06 +3.546392342e+06 +3.546432862e+06 +3.546432862e+06 -8.6415e-01 +1.5623e+00 -3.2722e+00 -3.3663e+00 -4.8679e+00 +3.6779e+00 -4.6012e+00 -1.4888e+00 -4.9000e+00 +1.9608e+00 +3.3696e-01 +6.4578e-02 -3.9657e+00 +3.1160e+00 -2.8579e+00 -3.6724e+00 -3.5888e+00 -2.1800e+00 -1.1499e+00 +4.0741e+00
33 +2.177197882e+06 +2.177197882e+06 +2.177238402e+06 +2.177238402e+06 +3.6022e+00 +2.2174e+00 +3.4832e+00 +4.7756e+00 -3.9048e+00 +3.6504e+00 +4.2740e+00 -4.0080e-02 -1.1255e+00 +3.2256e+00 -6.5262e-01 -2.3164e+00 +1.2080e+00 -3.7682e+00 +7.8273e-01 +1.5671e+00 +4.7551e+00 -3.5905e+00 +2.3878e+00 +1.7843e+00
138 +1.230025444e+06 +1.230025444e+06 +1.230065964e+06 +1.230065964e+06 +5.0000e+00 +4.5556e+00 +2.9742e+00 +2.2398e+00 -5.0000e+00 +1.6025e+00 +0.0000e+00 -2.3054e+00 +1.6656e+00 +5.0000e+00 -1.8445e-01 +1.7074e-01 +1.3109e+00 -5.0000e+00 +3.2775e-01 -3.6651e+00 +1.9613e+00 -5.0000e+00 +3.7525e+00 +5.0000e+00
153 +8.509998099e+05 +8.509998099e+05 +8.510403299e+05 +8.510403299e+05 +5.0000e+00 +7.9662e-01 +3.3856e+00 +2.5044e+00 -4.7945e+00 +2.6445e+00 -1.1006e+00 -2.3703e+00 +1.1286e+00 +4.1754e+00 -1.5102e+00 -1.1298e+00 -4.1285e-01 -5.0000e+00 -2.9911e-01 -3.7942e+00 +2.4642e-01 -4.1806e+00 +3.1466e+00 +5.0000e+00
230 +5.134916735e+05 +5.134916735e+05 +5.135321935e+05 +5.135321935e+05 +0.0000e+00 +2.5644e+00 -1.0727e+00 +2.8982e+00 -3.9153e+00 -4.4142e-01 -2.5772e+00 -2.9812e+00 +5.1033e-01 +2.9573e+00 +2.3411e+00 +0.0000e+00 -8.0555e-01 -4.6230e+00 -1.5861e+00 -4.9149e+00 -2.8828e+00 -4.4455e+00 +5.0000e+00 +3.8262e+00
538 +3.061494800e+05 +3.061494800e+05 +3.061900000e+05 +3.061900000e+05 +1.3627e+00 -3.0484e+00 +3.0479e+00 +3.3967e+00 -3.4597e+00 +7.0645e-01 -3.4451e+00 -4.2077e+00 +1.3187e+00 +4.5116e+00 -9.5822e-01 +6.4452e-01 -1.8393e+00 -2.8381e-01 -3.2512e+00 -3.4871e+00 -2.4175e+00 -4.6650e+00 +2.6625e+00 +4.9636e+00
1050 +2.119799019e+05 +2.119799019e+05 +2.120204219e+05 +2.120204219e+05 +3.3550e-01 -2.9965e+00 +2.9316e+00 +2.1766e+00 -3.2691e+00 +1.4707e-01 -3.2999e+00 -3.7138e+00 +5.2051e-01 +4.2987e+00 -1.1751e+00 +3.1923e-01 -2.2991e+00 -2.8595e-01 -5.0000e+00 -3.6964e+00 -3.1160e+00 -4.6611e+00 +2.5299e+00 +5.0000e+00
2971 +1.575832837e+05 +1.575832837e+05 +1.576238037e+05 +1.576238037e+05 +2.8806e-01 -2.4351e+00 +1.7001e+00 +2.0937e+00 -3.1434e+00 -6.7392e-01 -3.1707e+00 -3.9247e+00 +1.5441e-01 +4.3662e+00 -6.6598e-02 +3.9990e-01 -1.9666e+00 -3.1918e-01 -5.0000e+00 -3.7506e+00 -3.2658e+00 -4.8340e+00 +2.7166e+00 +4.9980e+00
4501 +9.945741062e+04 +9.945741062e+04 +9.949793062e+04 +9.949793062e+04 +3.2638e-01 -6.3796e-01 +7.0271e-01 +9.5916e-01 -3.1447e+00 +4.3547e-03 -2.9016e+00 -3.5582e+00 -2.5780e-01 +4.2158e+00 -3.8737e-01 +7.6308e-01 -1.3769e+00 -7.4862e-01 -5.0000e+00 -3.4803e+00 -3.4375e+00 -4.9949e+00 +2.8022e+00 +4.9898e+00
7418 +6.112374312e+04 +6.112374312e+04 +6.116426312e+04 +6.116426312e+04 +8.9271e-02 -6.2943e-01 -1.1371e-01 +1.4947e+00 -3.1388e+00 -4.3041e-01 -2.9388e+00 -3.4657e+00 -6.5230e-01 +4.1184e+00 +6.2944e-01 +8.2973e-01 -9.1611e-01 -9.5266e-01 -5.0000e+00 -3.0535e+00 -3.2228e+00 -5.0000e+00 +2.8217e+00 +4.9787e+00
11348 +3.968404479e+04 +3.968404479e+04 +3.972456479e+04 +3.972456479e+04 +1.9564e-01 +2.1204e-01 +9.4982e-02 +1.4609e+00 -3.0935e+00 -6.3991e-01 -2.7845e+00 -3.1760e+00 -1.1402e+00 +3.8204e+00 +8.6012e-01 +7.5320e-01 -6.9544e-01 -9.3599e-01 -5.0000e+00 -2.9185e+00 -3.3964e+00 -4.9999e+00 +2.8460e+00 +4.9726e+00
16921 +2.501929153e+04 +2.501929153e+04 +2.505981153e+04 +2.505981153e+04 +1.9128e-01 +2.3581e+00 -1.3005e+00 +1.5599e+00 -3.0855e+00 -4.7831e-01 -2.5456e+00 -2.7810e+00 -1.2476e+00 +3.5643e+00 +1.2713e+00 +9.6746e-01 -2.9935e-01 -1.1011e+00 -5.0000e+00 -2.8124e+00 -3.8237e+00 -5.0000e+00 +2.7018e+00 +4.9332e+00
39204 +1.583040697e+04 +1.583040697e+04 +1.587092697e+04 +1.587092697e+04 +4.2362e-01 +2.8026e+00 -1.3162e+00 +2.4871e+00 -3.2955e+00 -1.2224e+00 -1.8254e+00 -2.4513e+00 -1.5164e+00 +3.6047e+00 +1.3297e+00 +1.1087e+00 -2.1738e-01 -7.0213e-01 -5.0000e+00 -2.0661e+00 -4.2938e+00 -5.0000e+00 +2.7591e+00 +4.7673e+00
80816 +9.956655457e+03 +9.956655457e+03 +9.997175457e+03 +9.997175457e+03 +3.6346e-01 +3.3599e+00 -1.3824e+00 +2.8363e+00 -3.4574e+00 -1.3402e+00 -1.2938e+00 -2.0561e+00 -1.9770e+00 +3.5878e+00 +1.3302e+00 +1.2157e+00 -9.9900e-02 +2.2303e-01 -5.0000e+00 -1.5128e+00 -4.3953e+00 -5.0000e+00 +1.9686e+00 +3.8756e+00
145374 +6.294914054e+03 +6.294914054e+03 +6.335434054e+03 +6.335434054e+03 +5.1302e-01 +3.9308e+00 -1.5968e+00 +3.1156e+00 -3.4759e+00 -1.2470e+00 -8.5756e-01 -1.7245e+00 -2.0278e+00 +3.6835e+00 +1.6068e+00 +1.3120e+00 +6.9109e-02 +8.5728e-01 -5.0000e+00 -1.1321e+00 -4.4055e+00 -5.0000e+00 +1.2439e+00 +3.5356e+00
% function evaluation | noise-free fitness - Fopt (-1.184900000000e+02) | best noise-free fitness - Fopt | measured fitness | best measured fitness | x1 | x2...
1 +3.300021762e+07 +3.300021762e+07 +3.300009913e+07 +3.300009913e+07 -1.0866e+00 +6.9159e-01 -2.1785e+00 -1.9077e+00 +2.3169e+00 +2.1969e+00 +4.9473e+00 +2.9115e-01 -4.1926e-01 +6.6650e-01 -3.7615e+00 -3.2960e+00 +2.5996e+00 -2.1177e+00 +1.8795e+00 +1.0180e+00 -3.1711e+00 -1.6737e+00 -4.0630e+00 -4.9525e+00
2 +2.507408783e+07 +2.507408783e+07 +2.507396934e+07 +2.507396934e+07 +3.0605e+00 -1.9467e+00 +1.4208e+00 +2.9306e+00 +4.3947e-01 -4.1722e+00 +4.8320e+00 -3.1465e+00 +3.2780e+00 -2.3409e+00 -1.9656e+00 +2.7102e+00 +4.4741e+00 -3.3200e+00 -4.0328e+00 -1.9288e+00 +3.4140e+00 +3.4287e-01 -6.6905e-01 -1.2644e-01
3 +8.813527268e+06 +8.813527268e+06 +8.813408778e+06 +8.813408778e+06 -4.6727e-01 -3.9026e+00 +2.9828e+00 +3.4282e+00 +2.8992e-01 +1.9218e+00 +3.1453e+00 -2.2898e-01 -2.6316e+00 -3.0183e+00 -2.9555e-01 +7.4375e-01 +1.9608e+00 +7.7585e-01 -3.5679e+00 +4.7800e+00 -3.8903e+00 +1.6546e+00 +1.0832e+00 +1.6899e+00
47 +5.965522634e+06 +5.965522634e+06 +5.965404144e+06 +5.965404144e+06 +7.9117e-01 +4.0679e+00 +1.5157e+00 +8.1411e-01 -4.0792e+00 -2.3876e+00 +3.5973e+00 -1.8770e+00 +1.0077e+00 +2.1800e+00 +1.1601e+00 +2.8683e+00 +2.7208e+00 +2.6872e+00 -4.5707e+00 -5.7972e-01 +2.4410e+00 -3.1144e+00 +2.9823e+00 -3.7514e+00
51 +2.451602404e+06 +2.451602404e+06 +2.451483914e+06 +2.451483914e+06 -1.0559e+00 +3.3267e+00 +5.2974e-01 -3.4672e-01 -2.6831e+00 -2.8031e+00 +3.5531e+00 -3.0736e+00 -5.9482e-01 -1.0862e+00 -3.6964e+00 +1.7040e+00 +2.9347e+00 +8.6773e-01 -3.1205e+00 +2.0408e+00 +1.0381e+00 -5.0000e+00 +9.3699e-01 -2.4673e+00
88 +1.347193599e+06 +1.347193599e+06 +1.347075109e+06 +1.347075109e+06 -4.1967e+00 +4.5493e+00 +2.1339e+00 -2.4492e+00 -3.5201e+00 -6.9651e-01 +5.0000e+00 -2.3712e-01 -1.6202e+00 +5.2200e-01 -1.1725e+00 +5.7748e-01 +3.4024e+00 +4.2564e+00 -4.6473e+00 -1.9985e+00 +1.5438e+00 -5.0000e+00 +2.1625e+00 -1.7267e+00
235 +9.271255822e+05 +9.271255822e+05 +9.270070922e+05 +9.270070922e+05 -2.1230e+00 -1.2977e-01 +2.1779e-01 +1.2371e+00 +0.0000e+00 -4.9360e-01 +2.0933e+00 +1.0180e+00 -4.0990e+00 -1.5908e+00 +9.1963e-01 -8.3377e-01 +1.0079e+00 +3.8779e+00 -3.7270e+00 +4.2422e-01 +3.3596e+00 -4.5259e+00 -6.7407e-01 -5.0000e+00
362 +5.585768914e+05 +5.585768914e+05 +5.584584014e+05 +5.584584014e+05 -4.2868e+00 -1.3162e+00 -6.4434e-01 +1.8452e+00 -1.9105e-02 +8.1044e-01 +4.7728e+00 +1.4883e-01 -4.8483e+00 -1.1152e+00 -1.7174e-01 -1.7417e+00 +3.8751e+00 +3.0900e+00 -4.4368e+00 +1.6605e+00 +2.1301e+00 -4.8604e+00 +5.1890e-02 -4.5832e+00
913 +2.843742417e+05 +2.843742417e+05 +2.842557517e+05 +2.842557517e+05 -4.5112e+00 -1.1470e+00 -2.9058e+00 +2.3865e+00 -1.2956e+00 +9.2238e-01 +4.8811e+00 +2.3063e-01 -4.4505e+00 -1.9514e+00 +3.7241e-01 -5.9257e-01 +4.3955e+00 +2.3512e+00 -4.4579e+00 +1.8942e+00 +2.1183e+00 -3.1925e+00 +1.0378e+00 -3.4909e+00
1143 +2.187413618e+05 +2.187413618e+05 +2.186228718e+05 +2.186228718e+05 -4.8853e+00 -1.0850e+00 -1.3613e+00 +1.8906e+00 -3.0852e+00 +2.4541e+00 +4.8781e+00 +1.1636e+00 -4.1574e+00 -1.3437e+00 +5.5007e-01 -1.0070e+00 +4.7191e+00 +1.3005e+00 -4.3755e+00 +1.4107e+00 +2.7922e+00 -2.8091e+00 +1.6098e+00 -4.0907e+00
2056 +9.233540036e+04 +9.233540036e+04 +9.221691036e+04 +9.221691036e+04 -4.8186e+00 -9.6979e-01 -5.2493e-01 +1.1660e+00 -3.2610e+00 +2.5824e+00 +4.8477e+00 +8.0327e-01 -3.8074e+00 -6.7645e-01 -2.4358e-01 -1.1115e+00 +5.0000e+00 +1.0286e+00 -4.8656e+00 +1.2885e+00 +9.8395e-01 -3.0958e+00 -3.4141e+00 -3.6610e+00
4730 +6.089177777e+04 +6.089177777e+04 +6.077328777e+04 +6.077328777e+04 -4.8328e+00 -9.2695e-01 -1.2424e+00 +1.7020e+00 -3.3627e+00 +2.4979e+00 +4.8946e+00 +7.9632e-01 -3.4113e+00 -4.9655e-01 -1.9699e-01 -9.5503e-01 +4.9917e+00 +1.0105e+00 -4.6750e+00 +1.9867e+00 -6.7732e-02 -3.2190e+00 -4.9900e+00 -3.8532e+00
13479 +3.926135149e+04 +3.926135149e+04 +3.914286149e+04 +3.914286149e+04 -4.9785e+00 -8.0554e-01 -1.3010e+00 +2.1477e+00 -4.3334e+00 +2.5852e+00 +4.4777e+00 +7.8342e-01 -3.5154e+00 +1.2535e-01 +2.5223e-01 -9.9517e-01 +4.9881e+00 +4.6635e-01 -4.6252e+00 +2.2959e+00 -1.4356e+00 -2.3709e+00 -4.9969e+00 -3.8233e+00
29389 +2.504777091e+04 +2.504777091e+04 +2.492928091e+04 +2.492928091e+04 -5.0000e+00 -7.5984e-01 -1.4095e+00 +2.5149e+00 -4.9997e+00 +2.6522e+00 +3.3445e+00 +7.6172e-01 -3.5071e+00 +2.5935e-01 +9.3646e-01 -2.8203e-01 +5.0000e+00 -3.6883e-01 -4.4786e+00 +2.3854e+00 -1.6037e+00 -1.7810e+00 -4.9984e+00 -3.6395e+00
77399 +1.583202578e+04 +1.583202578e+04 +1.571353578e+04 +1.571353578e+04 -5.0000e+00 -5.8072e-01 -1.4100e+00 +3.8811e+00 -5.0000e+00 +2.4469e+00 +2.1801e+00 -2.2911e-01 -3.1072e+00 +2.7737e-01 +1.1432e+00 +3.7183e-01 +4.9995e+00 -8.6523e-01 -4.5898e+00 +2.9170e+00 -2.2441e+00 -1.0735e+00 -5.0000e+00 -3.1199e+00
% function evaluation | noise-free fitness - Fopt (2.810000000000e+01) | best noise-free fitness - Fopt | measured fitness | best measured fitness | x1 | x2...
1 +2.231474646e+07 +2.231474646e+07 +2.231477456e+07 +2.231477456e+07 -5.1248e-01 +2.8372e+00 -2.9121e+00 +1.0981e+00 +4.9920e+00 +6.4848e-01 +2.9564e-01 +2.3560e+00 +4.1323e+00 +9.0999e-01 -3.2389e-01 +3.1293e+00 -9.7699e-02 +2.3913e+00 -1.4569e+00 +2.7503e+00 +1.3790e+00 +3.7929e+00 +3.4256e+00 +4.0622e+00
3 +1.202626967e+07 +1.202626967e+07 +1.202629777e+07 +1.202629777e+07 -1.9346e+00 +3.0925e+00 +1.7211e+00 -4.0596e+00 +3.8705e+00 +3.9541e-01 -1.7863e+00 +3.9682e+00 +2.0655e+00 -7.8409e-01 +4.1917e+00 -1.0446e+00 -3.1329e+00 +1.8738e+00 +4.5560e+00 -3.7536e+00 -3.7909e+00 -2.1839e+00 -1.5841e+00 -3.1230e+00
5 +3.592903021e+06 +3.592903021e+06 +3.592931121e+06 +3.592931121e+06 +2.3061e+00 -1.2436e+00 +4.9566e+00 +4.7777e+00 -3.9113e+00 -4.4380e+00 -3.8105e-01 -2.3153e+00 +2.0503e+00 +4.9791e+00 -4.9966e+00 +2.5771e-03 +1.8265e+00 -3.6951e+00 +1.3832e-01 -2.3340e+00 +3.8537e+00 -3.8112e+00 -3.0883e+00 +2.9534e+00
30 +2.428976208e+06 +2.428976208e+06 +2.429004308e+06 +2.429004308e+06 +3.3589e+00 +1.6851e+00 +2.3087e-01 +3.3489e+00 +4.1259e+00 +8.8643e-01 -3.7741e-02 -2.6407e-01 -2.7370e+00 -2.9288e-01 -1.6394e+00 -3.3785e+00 -4.9450e+00 -2.2135e-01 +2.4741e+00 -9.3335e-01 +2.0080e+00 +7.5217e-01 -3.8539e+00 +2.5896e+00
52 +1.412378348e+06 +1.412378348e+06 +1.412406448e+06 +1.412406448e+06 +1.5807e+00 -3.8591e-01 -3.1358e-01 -4.7066e-01 +3.3677e+00 +3.9457e-01 +1.3897e+00 +3.0717e+00 -1.6638e+00 -1.3612e+00 +1.4148e+00 -1.6613e+00 -5.1955e-01 -4.8270e-01 -8.5431e-01 -2.5420e+00 -1.7248e+00 -1.3827e+00 -5.0000e+00 +1.7191e+00
55 +9.818722943e+05 +9.818722943e+05 +9.819003943e+05 +9.819003943e+05 +5.0000e+00 +3.4486e+00 -4.3400e-02 +5.0000e+00 +8.9146e-01 -1.4528e+00 +1.3212e+00 +1.3146e+00 -8.4186e-01 +9.9560e-01 +3.4495e-03 -3.5094e+00 -2.2573e+00 -2.3840e-01 -3.9084e-02 +4.0740e-02 +5.0000e+00 -3.7196e+00 -3.8441e+00 +5.0000e+00
219 +4.205258364e+05 +4.205258364e+05 +4.205539364e+05 +4.205539364e+05 +4.9209e+00 +4.1565e+00 +2.5752e-01 +4.9130e+00 +4.4187e-02 -4.6560e+00 +2.6074e+00 +2.5746e+00 -7.2700e-01 +1.9045e+00 +2.5181e-01 -3.6950e+00 -2.2662e+00 +5.8080e-01 +1.4756e+00 +3.5636e+00 +4.5816e+00 -4.8369e+00 -3.3910e+00 +2.2629e+00
415 +2.950295366e+05 +2.950295366e+05 +2.950576366e+05 +2.950576366e+05 +4.9527e+00 +5.0000e+00 -2.4190e+00 +4.9005e+00 -3.2262e-01 -4.8828e+00 +2.6009e+00 +4.0574e+00 +4.0399e-01 +1.1874e+00 -5.4451e-01 -3.6105e+00 -2.0734e+00 +8.5589e-01 +1.5211e+00 +1.3870e+00 +1.5813e+00 -5.0000e+00 -3.2718e+00 +4.8614e+00
1258 +2.314586290e+05 +2.314586290e+05 +2.314867290e+05 +2.314867290e+05 +4.8317e+00 -9.4966e-01 -2.8184e+00 +4.7019e+00 +8.5468e-01 -4.6330e+00 +2.4161e+00 +3.1393e+00 -7.2531e-01 +1.2210e+00 -6.0035e-01 -3.6290e+00 +0.0000e+00 +1.4468e-02 -5.0000e+00 +1.6312e-01 +2.8794e+00 -4.5480e+00 -2.3203e+00 +4.8838e+00
3666 +1.191837366e+05 +1.191837366e+05 +1.192118366e+05 +1.192118366e+05 +4.9924e+00 -2.8181e-02 -3.0858e+00 +4.9696e+00 -1.5486e+00 -4.2275e+00 +2.6987e+00 +3.0549e+00 -1.9279e+00 +1.8590e+00 +1.1601e+00 -3.6996e+00 -1.2885e+00 -1.5055e+00 -4.2463e+00 +2.2479e+00 +3.7915e+00 -4.6760e+00 -8.6573e-01 +5.0000e+00
4579 +9.866211050e+04 +9.866211050e+04 +9.869021050e+04 +9.869021050e+04 +4.9701e+00 +6.0909e-01 -2.5353e+00 +4.9673e+00 -1.3941e+00 -4.0545e+00 +3.1280e+00 +3.6507e+00 -2.4076e+00 +2.0166e+00 +9.6944e-01 -3.8636e+00 -2.9432e-01 -3.1052e-01 -4.6616e+00 +1.9567e+00 +3.8931e+00 -4.5723e+00 -6.5598e-01 +4.9662e+00
5304 +6.082979624e+04 +6.082979624e+04 +6.085789624e+04 +6.085789624e+04 +4.9923e+00 +4.6699e-01 -2.8498e+00 +4.9703e+00 -4.1855e+00 -3.9573e+00 +2.6264e+00 +2.8529e+00 -2.1321e+00 +1.9423e+00 +1.2310e+00 -3.6214e+00 -1.0548e+00 -1.1229e+00 -4.5899e+00 +2.1412e+00 +3.8861e+00 -4.1312e+00 -4.8248e-01 +5.0000e+00
8538 +3.816261893e+04 +3.816261893e+04 +3.819071893e+04 +3.819071893e+04 +4.9953e+00 +8.9282e-01 -2.8414e+00 +4.9718e+00 -4.2448e+00 -3.8710e+00 +2.6594e+00 +2.9889e+00 -2.7327e+00 +1.9732e+00 +1.2626e+00 -3.7358e+00 -7.9209e-01 -1.1537e+00 -4.5050e+00 +1.9572e+00 +3.7322e+00 -4.1570e+00 -1.0394e-01 +5.0000e+00
16468 +2.502235956e+04 +2.502235956e+04 +2.505045956e+04 +2.505045956e+04 +4.9977e+00 +6.1068e-01 -3.0076e+00 +4.8591e+00 -5.0000e+00 -3.8604e+00 +3.0781e+00 +3.0626e+00 -3.1329e+00 +2.0067e+00 +1.4250e+00 -3.7736e+00 -2.5799e-01 -8.4142e-01 -4.3884e+00 +1.9093e+00 +3.5217e+00 -4.0143e+00 +6.6189e-01 +5.0000e+00
50500 +1.582305239e+04 +1.582305239e+04 +1.585115239e+04 +1.585115239e+04 +4.9839e+00 +6.4789e-01 -2.7242e+00 +3.1910e+00 -5.0000e+00 -4.1434e+00 +2.8990e+00 +3.1899e+00 -3.4027e+00 +1.8551e+00 +9.8207e-01 -3.7279e+00 -3.5789e-01 -8.1849e-01 -3.2478e+00 +1.0973e+00 +2.5582e+00 -3.4108e+00 +1.5063e+00 +5.0000e+00
119875 +9.997193315e+03 +9.997193315e+03 +1.002529332e+04 +1.002529332e+04 +4.3844e+00 +9.1594e-01 -2.2860e+00 +2.2386e+00 -5.0000e+00 -4.9998e+00 +2.5541e+00 +3.2816e+00 -3.4030e+00 +1.8294e+00 +3.9734e-01 -3.1158e+00 -8.7284e-02 -8.4973e-01 -2.7194e+00 +9.7718e-01 +2.5229e+00 -3.1146e+00 +1.8180e+00 +4.9999e+00
