% function evaluation | noise-free fitness - Fopt (1.238300000000e+02) | best noise-free fitness - Fopt | measured fitness | best measured fitness | x1 | x2...
1 +2.293828918e+03 +2.293828918e+03 +2.417658918e+03 +2.417658918e+03 -1.5069e+00 +9.0406e-01
3 +1.824174965e+01 +1.824174965e+01 +1.420717497e+02 +1.420717497e+02 +4.2761e-01 +2.2207e+00
24 +5.156210488e+00 +5.156210488e+00 +1.289862105e+02 +1.289862105e+02 +8.3492e-01 +2.9007e+00
50 +7.637253388e-02 +7.637253388e-02 +1.239063725e+02 +1.239063725e+02 -8.0094e-02 +4.6646e-01
188 +4.327388973e-02 +4.327388973e-02 +1.238732739e+02 +1.238732739e+02 -1.7676e-02 +7.1590e-01
306 +2.461435894e-02 +2.461435894e-02 +1.238546144e+02 +1.238546144e+02 +4.1672e-02 +9.5307e-01
382 +7.610112515e-03 +7.610112515e-03 +1.238376101e+02 +1.238376101e+02 -1.1262e-02 +7.8251e-01
465 +2.841137973e-03 +2.841137973e-03 +1.238328411e+02 +1.238328411e+02 -8.9469e-03 +7.8412e-01
496 +2.119655312e-03 +2.119655312e-03 +1.238321197e+02 +1.238321197e+02 -3.2232e-02 +6.9144e-01
532 +5.248185494e-04 +5.248185494e-04 +1.238305248e+02 +1.238305248e+02 -1.6297e-02 +7.5449e-01
634 +3.762542990e-04 +3.762542990e-04 +1.238303763e+02 +1.238303763e+02 -1.9660e-02 +7.4043e-01
668 +1.566805623e-04 +1.566805623e-04 +1.238301567e+02 +1.238301567e+02 -2.3138e-02 +7.3116e-01
759 +8.417824048e-05 +8.417824048e-05 +1.238300842e+02 +1.238300842e+02 -2.6231e-02 +7.2074e-01
766 +3.817265008e-05 +3.817265008e-05 +1.238300382e+02 +1.238300382e+02 -2.7217e-02 +7.1694e-01
780 +2.472736992e-05 +2.472736992e-05 +1.238300247e+02 +1.238300247e+02 -2.8922e-02 +7.1114e-01
801 +7.229325078e-06 +7.229325078e-06 +1.238300072e+02 +1.238300072e+02 -3.1683e-02 +7.0094e-01
909 +2.861838610e-06 +2.861838610e-06 +1.238300029e+02 +1.238300029e+02 -2.9030e-02 +7.0998e-01
951 +1.681176485e-06 +1.681176485e-06 +1.238300017e+02 +1.238300017e+02 -2.9299e-02 +7.0903e-01
969 +4.741916371e-08 +4.741916371e-08 +1.238300000e+02 +1.238300000e+02 -3.0109e-02 +7.0627e-01
1103 +1.916352232e-08 +1.916352232e-08 +1.238300000e+02 +1.238300000e+02 -3.0079e-02 +7.0638e-01
1117 +8.824429187e-09 +8.824429187e-09 +1.238300000e+02 +1.238300000e+02 -3.0061e-02 +7.0645e-01
% function evaluation | noise-free fitness - Fopt (4.751000000000e+01) | best noise-free fitness - Fopt | measured fitness | best measured fitness | x1 | x2...
1 +1.478237563e+03 +1.478237563e+03 +1.525747563e+03 +1.525747563e+03 -2.3933e+00 -7.9470e-01
6 +4.015474669e+02 +4.015474669e+02 +4.490574669e+02 +4.490574669e+02 -1.6721e+00 +1.7288e+00
9 +1.117043160e+01 +1.117043160e+01 +5.868043160e+01 +5.868043160e+01 +1.0803e+00 -3.9432e-01
29 +2.269466530e+00 +2.269466530e+00 +4.977946653e+01 +4.977946653e+01 +1.3349e+00 -4.4100e-01
71 +1.106261012e+00 +1.106261012e+00 +4.861626101e+01 +4.861626101e+01 +2.3497e+00 -1.0278e+00
72 +7.151489500e-01 +7.151489500e-01 +4.822514895e+01 +4.822514895e+01 +1.3880e+00 -4.4100e-01
117 +2.508671718e-01 +2.508671718e-01 +4.776086717e+01 +4.776086717e+01 +1.8793e+00 -6.9590e-01
131 +1.528798577e-01 +1.528798577e-01 +4.766287986e+01 +4.766287986e+01 +8.8610e-01 -1.2957e-01
143 +9.613624648e-02 +9.613624648e-02 +4.760613625e+01 +4.760613625e+01 +4.7941e-01 +1.3117e-02
211 +5.037070453e-02 +5.037070453e-02 +4.756037070e+01 +4.756037070e+01 +4.7941e-01 +1.8131e-02
362 +7.347611895e-03 +7.347611895e-03 +4.751734761e+01 +4.751734761e+01 +6.2597e-01 -2.6498e-02
386 +4.124467864e-03 +4.124467864e-03 +4.751412447e+01 +4.751412447e+01 +6.7516e-01 -4.8158e-02
449 +3.452454039e-03 +3.452454039e-03 +4.751345245e+01 +4.751345245e+01 +6.3023e-01 -2.9808e-02
454 +6.603947662e-04 +6.603947662e-04 +4.751066039e+01 +4.751066039e+01 +7.5068e-01 -8.5059e-02
472 +5.560482220e-04 +5.560482220e-04 +4.751055605e+01 +4.751055605e+01 +7.4728e-01 -8.2407e-02
536 +1.477019424e-04 +1.477019424e-04 +4.751014770e+01 +4.751014770e+01 +6.9165e-01 -5.8894e-02
611 +6.677354428e-05 +6.677354428e-05 +4.751006677e+01 +4.751006677e+01 +7.0082e-01 -6.2769e-02
621 +3.835271010e-05 +3.835271010e-05 +4.751003835e+01 +4.751003835e+01 +7.1486e-01 -6.8702e-02
820 +1.745099511e-05 +1.745099511e-05 +4.751001745e+01 +4.751001745e+01 +7.0416e-01 -6.4043e-02
824 +4.150433014e-06 +4.150433014e-06 +4.751000415e+01 +4.751000415e+01 +7.0840e-01 -6.5697e-02
833 +3.711333719e-06 +3.711333719e-06 +4.751000371e+01 +4.751000371e+01 +7.0816e-01 -6.5599e-02
842 +2.434151064e-06 +2.434151064e-06 +4.751000243e+01 +4.751000243e+01 +7.0733e-01 -6.5245e-02
866 +6.254569698e-07 +6.254569698e-07 +4.751000063e+01 +4.751000063e+01 +7.0311e-01 -6.3352e-02
931 +3.262400057e-07 +3.262400057e-07 +4.751000033e+01 +4.751000033e+01 +7.0538e-01 -6.4377e-02
953 +1.435884798e-07 +1.435884798e-07 +4.751000014e+01 +4.751000014e+01 +7.0482e-01 -6.4140e-02
1003 +4.270258103e-08 +4.270258103e-08 +4.751000004e+01 +4.751000004e+01 +7.0462e-01 -6.4036e-02
1157 +2.761476026e-08 +2.761476026e-08 +4.751000003e+01 +4.751000003e+01 +7.0426e-01 -6.3890e-02
1164 +1.770654734e-08 +1.770654734e-08 +4.751000002e+01 +4.751000002e+01 +7.0418e-01 -6.3855e-02
1171 +1.022343099e-09 +1.022343099e-09 +4.751000000e+01 +4.751000000e+01 +7.0423e-01 -6.3872e-02
% function evaluation | noise-free fitness - Fopt (5.534000000000e+01) | best noise-free fitness - Fopt | measured fitness | best measured fitness | x1 | x2...
1 +3.268574750e+04 +3.268574750e+04 +3.274108750e+04 +3.274108750e+04 +1.1537e-02 -4.0791e+00
3 +3.323651838e+03 +3.323651838e+03 +3.378991838e+03 +3.378991838e+03 -3.9843e+00 -7.5061e-01
4 +2.205809645e+02 +2.205809645e+02 +2.759209645e+02 +2.759209645e+02 +1.2194e+00 -8.9078e-01
6 +7.011920218e+00 +7.011920218e+00 +6.235192022e+01 +6.235192022e+01 +7.9263e-01 -5.5822e-02
20 +3.874342908e+00 +3.874342908e+00 +5.921434291e+01 +5.921434291e+01 -4.8833e-01 -2.9449e-01
84 +1.362248364e-01 +1.362248364e-01 +5.547622484e+01 +5.547622484e+01 -1.3757e+00 -1.4806e-01
151 +6.232085279e-02 +6.232085279e-02 +5.540232085e+01 +5.540232085e+01 -4.9924e-01 -2.1436e-01
214 +2.430852358e-02 +2.430852358e-02 +5.536430852e+01 +5.536430852e+01 -3.8218e-01 -2.0514e-01
233 +1.518108463e-02 +1.518108463e-02 +5.535518108e+01 +5.535518108e+01 -4.2528e-01 -2.0098e-01
273 +8.839750624e-03 +8.839750624e-03 +5.534883975e+01 +5.534883975e+01 -4.9600e-01 -2.0514e-01
290 +6.080108989e-03 +6.080108989e-03 +5.534608011e+01 +5.534608011e+01 -8.1189e-01 -1.9555e-01
303 +3.916168617e-03 +3.916168617e-03 +5.534391617e+01 +5.534391617e+01 -6.8658e-01 -2.0218e-01
308 +4.781521063e-04 +4.781521063e-04 +5.534047815e+01 +5.534047815e+01 -7.0738e-01 -1.9935e-01
357 +2.525472780e-04 +2.525472780e-04 +5.534025255e+01 +5.534025255e+01 -6.7876e-01 -2.0039e-01
419 +1.439722197e-05 +1.439722197e-05 +5.534001440e+01 +5.534001440e+01 -6.7748e-01 -1.9956e-01
482 +3.705439241e-06 +3.705439241e-06 +5.534000371e+01 +5.534000371e+01 -6.7748e-01 -1.9965e-01
553 +1.254524051e-06 +1.254524051e-06 +5.534000125e+01 +5.534000125e+01 -6.7600e-01 -1.9976e-01
623 +5.884705416e-07 +5.884705416e-07 +5.534000059e+01 +5.534000059e+01 -6.7959e-01 -1.9968e-01
629 +2.212238073e-07 +2.212238073e-07 +5.534000022e+01 +5.534000022e+01 -6.7728e-01 -1.9974e-01
655 +7.484366904e-09 +7.484366904e-09 +5.534000001e+01 +5.534000001e+01 -6.7845e-01 -1.9969e-01
% function evaluation | noise-free fitness - Fopt (-9.033000000000e+01) | best noise-free fitness - Fopt | measured fitness | best measured fitness | x1 | x2...
1 +1.468854380e+04 +1.468854380e+04 +1.459821380e+04 +1.459821380e+04 -3.5943e+00 +4.0204e+00
4 +8.865435875e+03 +8.865435875e+03 +8.775105875e+03 +8.775105875e+03 +1.5099e-01 +2.6738e+00
5 +4.814827842e+02 +4.814827842e+02 +3.911527842e+02 +3.911527842e+02 -1.8563e+00 -5.8422e-01
6 +5.624404544e+01 +5.624404544e+01 -3.408595456e+01 -3.408595456e+01 -1.4267e+00 +1.3523e+00
7 +2.143186485e+01 +2.143186485e+01 -6.889813515e+01 -6.889813515e+01 -8.0315e-01 -1.6489e+00
21 +1.254278751e+01 +1.254278751e+01 -7.778721249e+01 -7.778721249e+01 -1.7656e+00 -1.6489e+00
34 +5.496995119e+00 +5.496995119e+00 -8.483300488e+01 -8.483300488e+01 -3.4243e-01 -1.2062e+00
83 +2.881388270e+00 +2.881388270e+00 -8.744861173e+01 -8.744861173e+01 +1.3258e-01 -6.8581e-02
115 +1.134479583e+00 +1.134479583e+00 -8.919552042e+01 -8.919552042e+01 -2.0523e-01 +3.2357e-01
226 +3.209054725e-01 +3.209054725e-01 -9.000909453e+01 -9.000909453e+01 +2.2953e-01 -3.3808e-02
327 +2.345682437e-01 +2.345682437e-01 -9.009543176e+01 -9.009543176e+01 +2.1889e-01 +2.6146e-02
377 +6.582937722e-02 +6.582937722e-02 -9.026417062e+01 -9.026417062e+01 -1.3915e-01 +3.5423e-01
380 +1.313874294e-02 +1.313874294e-02 -9.031686126e+01 -9.031686126e+01 -3.1078e-01 +4.7296e-01
451 +8.116772530e-03 +8.116772530e-03 -9.032188323e+01 -9.032188323e+01 -3.5093e-01 +4.9113e-01
494 +1.258401189e-03 +1.258401189e-03 -9.032874160e+01 -9.032874160e+01 -4.3102e-01 +5.5075e-01
612 +7.444144077e-04 +7.444144077e-04 -9.032925559e+01 -9.032925559e+01 -3.9074e-01 +5.2266e-01
652 +1.682418670e-04 +1.682418670e-04 -9.032983176e+01 -9.032983176e+01 -4.3495e-01 +5.5075e-01
776 +1.205996293e-04 +1.205996293e-04 -9.032987940e+01 -9.032987940e+01 -4.4628e-01 +5.5827e-01
794 +8.035837716e-05 +8.035837716e-05 -9.032991964e+01 -9.032991964e+01 -4.3181e-01 +5.4981e-01
838 +1.314462934e-05 +1.314462934e-05 -9.032998686e+01 -9.032998686e+01 -4.4298e-01 +5.5684e-01
935 +4.757646181e-06 +4.757646181e-06 -9.032999524e+01 -9.032999524e+01 -4.4326e-01 +5.5685e-01
1012 +2.756792640e-06 +2.756792640e-06 -9.032999724e+01 -9.032999724e+01 -4.4225e-01 +5.5621e-01
1028 +1.852301736e-06 +1.852301736e-06 -9.032999815e+01 -9.032999815e+01 -4.4149e-01 +5.5573e-01
1043 +1.208280324e-06 +1.208280324e-06 -9.032999879e+01 -9.032999879e+01 -4.4050e-01 +5.5510e-01
1062 +7.600373237e-07 +7.600373237e-07 -9.032999924e+01 -9.032999924e+01 -4.4061e-01 +5.5515e-01
1104 +6.243524098e-07 +6.243524098e-07 -9.032999938e+01 -9.032999938e+01 -4.4032e-01 +5.5497e-01
1138 +3.463800624e-07 +3.463800624e-07 -9.032999965e+01 -9.032999965e+01 -4.4014e-01 +5.5481e-01
1149 +1.035455455e-08 +1.035455455e-08 -9.032999999e+01 -9.032999999e+01 -4.3933e-01 +5.5430e-01
1255 +5.577746265e-09 +5.577746265e-09 -9.032999999e+01 -9.032999999e+01 -4.3915e-01 +5.5417e-01
% function evaluation | noise-free fitness - Fopt (6.561000000000e+01) | best noise-free fitness - Fopt | measured fitness | best measured fitness | x1 | x2...
1 +3.186291997e+04 +3.186291997e+04 +3.192852997e+04 +3.192852997e+04 -3.6584e+00 -1.5960e+00
2 +1.706884655e+04 +1.706884655e+04 +1.713445655e+04 +1.713445655e+04 +3.7424e+00 +1.8734e+00
3 +2.555407143e+02 +2.555407143e+02 +3.211507143e+02 +3.211507143e+02 +2.2823e+00 -3.4328e-01
5 +1.454487918e+01 +1.454487918e+01 +8.015487918e+01 +8.015487918e+01 +2.0166e+00 -1.1021e+00
74 +9.286985763e+00 +9.286985763e+00 +7.489698576e+01 +7.489698576e+01 +2.5575e+00 -1.7810e+00
114 +1.426104433e-01 +1.426104433e-01 +6.575261044e+01 +6.575261044e+01 -3.9226e-01 -6.1417e-01
396 +3.101674617e-02 +3.101674617e-02 +6.564101675e+01 +6.564101675e+01 -4.4937e-01 -7.8783e-01
422 +2.223079750e-02 +2.223079750e-02 +6.563223080e+01 +6.563223080e+01 -3.5417e-01 -4.5026e-01
431 +1.576282447e-02 +1.576282447e-02 +6.562576282e+01 +6.562576282e+01 -3.5549e-01 -4.5026e-01
461 +5.130302316e-03 +5.130302316e-03 +6.561513030e+01 +6.561513030e+01 -4.1449e-01 -6.1986e-01
467 +6.414302186e-04 +6.414302186e-04 +6.561064143e+01 +6.561064143e+01 -4.1291e-01 -6.2275e-01
576 +8.802792247e-05 +8.802792247e-05 +6.561008803e+01 +6.561008803e+01 -4.0627e-01 -6.0143e-01
665 +3.931113200e-05 +3.931113200e-05 +6.561003931e+01 +6.561003931e+01 -4.0460e-01 -5.9611e-01
713 +1.644009912e-05 +1.644009912e-05 +6.561001644e+01 +6.561001644e+01 -4.0301e-01 -5.9020e-01
786 +1.404773153e-05 +1.404773153e-05 +6.561001405e+01 +6.561001405e+01 -4.0038e-01 -5.8075e-01
793 +5.625175788e-06 +5.625175788e-06 +6.561000563e+01 +6.561000563e+01 -4.0145e-01 -5.8473e-01
957 +3.968418142e-06 +3.968418142e-06 +6.561000397e+01 +6.561000397e+01 -4.0156e-01 -5.8520e-01
1029 +1.671622712e-06 +1.671622712e-06 +6.561000167e+01 +6.561000167e+01 -4.0114e-01 -5.8382e-01
1058 +1.417985814e-06 +1.417985814e-06 +6.561000142e+01 +6.561000142e+01 -4.0112e-01 -5.8374e-01
1072 +6.438238813e-07 +6.438238813e-07 +6.561000064e+01 +6.561000064e+01 -4.0081e-01 -5.8273e-01
1079 +1.970306727e-07 +1.970306727e-07 +6.561000020e+01 +6.561000020e+01 -4.0071e-01 -5.8243e-01
1121 +4.207572601e-08 +4.207572601e-08 +6.561000004e+01 +6.561000004e+01 -4.0067e-01 -5.8241e-01
1181 +3.319526343e-08 +3.319526343e-08 +6.561000003e+01 +6.561000003e+01 -4.0067e-01 -5.8238e-01
1211 +1.295703100e-08 +1.295703100e-08 +6.561000001e+01 +6.561000001e+01 -4.0067e-01 -5.8236e-01
1230 +1.113292569e-09 +1.113292569e-09 +6.561000000e+01 +6.561000000e+01 -4.0073e-01 -5.8256e-01
% function evaluation | noise-free fitness - Fopt (1.944000000000e+01) | best noise-free fitness - Fopt | measured fitness | best measured fitness | x1 | x2...
1 +2.735810475e+03 +2.735810475e+03 +2.755250475e+03 +2.755250475e+03 -8.2312e-01 +4.9033e+00
2 +3.267113289e+02 +3.267113289e+02 +3.461513289e+02 +3.461513289e+02 +3.9876e-01 +1.1064e+00
5 +2.438664861e+02 +2.438664861e+02 +2.633064861e+02 +2.633064861e+02 -1.9598e-01 -1.1404e+00
14 +2.362731064e+01 +2.362731064e+01 +4.306731064e+01 +4.306731064e+01 -8.2312e-01 -3.1331e-01
21 +8.659718891e+00 +8.659718891e+00 +2.809971889e+01 +2.809971889e+01 +3.5835e-01 -3.1331e-01
65 +4.453321744e+00 +4.453321744e+00 +2.389332174e+01 +2.389332174e+01 +5.4200e-01 -4.4046e-01
103 +2.802852734e+00 +2.802852734e+00 +2.224285273e+01 +2.224285273e+01 -7.7292e-01 +1.5840e-01
139 +1.381531864e+00 +1.381531864e+00 +2.082153186e+01 +2.082153186e+01 -6.8479e-01 +2.9223e-01
217 +4.485609444e-01 +4.485609444e-01 +1.988856094e+01 +1.988856094e+01 +5.4200e-01 -3.3887e-01
241 +8.695282857e-02 +8.695282857e-02 +1.952695283e+01 +1.952695283e+01 +4.4728e-01 -1.6859e-01
316 +1.392797957e-02 +1.392797957e-02 +1.945392798e+01 +1.945392798e+01 +5.0033e-01 -2.5208e-01
342 +9.653353157e-03 +9.653353157e-03 +1.944965335e+01 +1.944965335e+01 +4.9734e-01 -2.4671e-01
379 +5.891095379e-03 +5.891095379e-03 +1.944589110e+01 +1.944589110e+01 +6.4412e-01 -4.0607e-01
490 +2.397600645e-03 +2.397600645e-03 +1.944239760e+01 +1.944239760e+01 +6.4784e-01 -4.1276e-01
525 +1.283081802e-03 +1.283081802e-03 +1.944128308e+01 +1.944128308e+01 +6.0449e-01 -3.6649e-01
541 +6.614154632e-04 +6.614154632e-04 +1.944066142e+01 +1.944066142e+01 +6.3841e-01 -4.0331e-01
633 +4.126770097e-04 +4.126770097e-04 +1.944041268e+01 +1.944041268e+01 +6.3436e-01 -3.9902e-01
647 +2.400268628e-04 +2.400268628e-04 +1.944024003e+01 +1.944024003e+01 +6.2026e-01 -3.8339e-01
748 +1.445308667e-04 +1.445308667e-04 +1.944014453e+01 +1.944014453e+01 +5.9507e-01 -3.5234e-01
766 +9.315105641e-05 +9.315105641e-05 +1.944009315e+01 +1.944009315e+01 +5.9426e-01 -3.5167e-01
815 +2.722312727e-05 +2.722312727e-05 +1.944002722e+01 +1.944002722e+01 +6.1180e-01 -3.7280e-01
889 +5.300872974e-06 +5.300872974e-06 +1.944000530e+01 +1.944000530e+01 +6.0439e-01 -3.6376e-01
914 +3.768986083e-07 +3.768986083e-07 +1.944000038e+01 +1.944000038e+01 +6.0636e-01 -3.6621e-01
973 +1.871435522e-07 +1.871435522e-07 +1.944000019e+01 +1.944000019e+01 +6.0610e-01 -3.6589e-01
1150 +1.150826101e-07 +1.150826101e-07 +1.944000012e+01 +1.944000012e+01 +6.0561e-01 -3.6531e-01
1212 +3.630576018e-08 +3.630576018e-08 +1.944000004e+01 +1.944000004e+01 +6.0576e-01 -3.6551e-01
1235 +2.251756115e-09 +2.251756115e-09 +1.944000000e+01 +1.944000000e+01 +6.0545e-01 -3.6515e-01
% function evaluation | noise-free fitness - Fopt (-4.583400000000e+02) | best noise-free fitness - Fopt | measured fitness | best measured fitness | x1 | x2...
1 +5.656996695e+04 +5.656996695e+04 +5.611162695e+04 +5.611162695e+04 +3.6812e-01 +4.4190e+00
3 +2.617068630e+03 +2.617068630e+03 +2.158728630e+03 +2.158728630e+03 -1.6503e+00 +1.5822e+00
6 +3.090219860e+02 +3.090219860e+02 -1.493180140e+02 -1.493180140e+02 -2.7476e-01 +9.0704e-01
39 +5.553959631e+00 +5.553959631e+00 -4.527860404e+02 -4.527860404e+02 -5.2026e-01 -5.0499e-03
107 +2.833874753e+00 +2.833874753e+00 -4.555061252e+02 -4.555061252e+02 +9.0147e-01 +5.3194e-01
111 +2.513791056e-01 +2.513791056e-01 -4.580886209e+02 -4.580886209e+02 +1.7753e+00 +8.6198e-01
247 +1.927306844e-01 +1.927306844e-01 -4.581472693e+02 -4.581472693e+02 +1.3944e+00 +7.5165e-01
248 +1.291738719e-01 +1.291738719e-01 -4.582108261e+02 -4.582108261e+02 +1.3467e+00 +7.5136e-01
265 +7.238963287e-02 +7.238963287e-02 -4.582676104e+02 -4.582676104e+02 +1.0618e+00 +6.6374e-01
291 +4.799326353e-02 +4.799326353e-02 -4.582920067e+02 -4.582920067e+02 +9.8562e-01 +6.3658e-01
308 +4.860391684e-03 +4.860391684e-03 -4.583351396e+02 -4.583351396e+02 +6.7942e-01 +5.2329e-01
464 +5.082171791e-04 +5.082171791e-04 -4.583394918e+02 -4.583394918e+02 +5.7877e-01 +4.8263e-01
627 +2.641331776e-07 +2.641331776e-07 -4.583399997e+02 -4.583399997e+02 +5.3248e-01 +4.6394e-01
985 +7.827975423e-08 +7.827975423e-08 -4.583399999e+02 -4.583399999e+02 +5.3281e-01 +4.6406e-01
1033 +4.030630407e-08 +4.030630407e-08 -4.583400000e+02 -4.583400000e+02 +5.3350e-01 +4.6435e-01
1086 +1.285428652e-08 +1.285428652e-08 -4.583400000e+02 -4.583400000e+02 +5.3313e-01 +4.6419e-01
1130 +5.372612577e-09 +5.372612577e-09 -4.583400000e+02 -4.583400000e+02 +5.3347e-01 +4.6433e-01
% function evaluation | noise-free fitness - Fopt (2.188100000000e+02) | best noise-free fitness - Fopt | measured fitness | best measured fitness | x1 | x2...
1 +1.732198421e+03 +1.732198421e+03 +1.951008421e+03 +1.951008421e+03 -2.5620e+00 -2.8186e+00
5 +1.463937389e+03 +1.463937389e+03 +1.682747389e+03 +1.682747389e+03 -1.7430e+00 +1.8734e+00
6 +5.585769304e+02 +5.585769304e+02 +7.773869304e+02 +7.773869304e+02 -6.6963e-02 +3.6265e+00
43 +1.296595511e+02 +1.296595511e+02 +3.484695511e+02 +3.484695511e+02 +1.8475e+00 +4.9503e+00
47 +6.347348379e+01 +6.347348379e+01 +2.822834838e+02 +2.822834838e+02 +3.2797e+00 +1.2338e+00
54 +8.744105073e+00 +8.744105073e+00 +2.275541051e+02 +2.275541051e+02 +3.6541e+00 +1.2661e+00
68 +3.402201200e+00 +3.402201200e+00 +2.222122012e+02 +2.222122012e+02 +1.4666e+00 +1.2923e-01
71 +2.387282857e+00 +2.387282857e+00 +2.211972829e+02 +2.211972829e+02 +1.0870e+00 +1.2923e-01
91 +1.379627553e+00 +1.379627553e+00 +2.201896276e+02 +2.201896276e+02 +1.0870e+00 +1.1336e-01
108 +1.181815259e-01 +1.181815259e-01 +2.189281815e+02 +2.189281815e+02 +1.3145e+00 +1.3301e-01
182 +4.200700092e-02 +4.200700092e-02 +2.188520070e+02 +2.188520070e+02 +1.1763e+00 +9.5288e-02
263 +3.508001339e-02 +3.508001339e-02 +2.188450800e+02 +2.188450800e+02 +1.1375e+00 +8.1252e-02
350 +2.410610493e-02 +2.410610493e-02 +2.188341061e+02 +2.188341061e+02 +1.0451e+00 +5.3021e-02
377 +1.350464440e-02 +1.350464440e-02 +2.188235046e+02 +2.188235046e+02 +8.3853e-01 -1.5627e-02
398 +5.580416668e-03 +5.580416668e-03 +2.188155804e+02 +2.188155804e+02 +8.6185e-01 -3.4342e-03
401 +2.629081637e-03 +2.629081637e-03 +2.188126291e+02 +2.188126291e+02 +7.1979e-01 -4.6173e-02
454 +2.308821762e-03 +2.308821762e-03 +2.188123088e+02 +2.188123088e+02 +8.0231e-01 -2.2306e-02
463 +1.214267881e-03 +1.214267881e-03 +2.188112143e+02 +2.188112143e+02 +7.3624e-01 -4.0932e-02
495 +7.135641546e-04 +7.135641546e-04 +2.188107136e+02 +2.188107136e+02 +7.4900e-01 -3.6864e-02
537 +6.124982502e-04 +6.124982502e-04 +2.188106125e+02 +2.188106125e+02 +7.2009e-01 -4.4851e-02
621 +3.055900793e-04 +3.055900793e-04 +2.188103056e+02 +2.188103056e+02 +7.4327e-01 -3.7699e-02
684 +9.704168463e-06 +9.704168463e-06 +2.188100097e+02 +2.188100097e+02 +7.0613e-01 -4.7562e-02
901 +3.523334300e-06 +3.523334300e-06 +2.188100035e+02 +2.188100035e+02 +7.0483e-01 -4.7673e-02
914 +1.402914336e-07 +1.402914336e-07 +2.188100001e+02 +2.188100001e+02 +7.0549e-01 -4.7569e-02
1017 +3.543775051e-08 +3.543775051e-08 +2.188100000e+02 +2.188100000e+02 +7.0510e-01 -4.7688e-02
1026 +9.433449577e-09 +9.433449577e-09 +2.188100000e+02 +2.188100000e+02 +7.0532e-01 -4.7626e-02
% function evaluation | noise-free fitness - Fopt (-1.613100000000e+02) | best noise-free fitness - Fopt | measured fitness | best measured fitness | x1 | x2...
1 +7.192259332e+03 +7.192259332e+03 +7.030949332e+03 +7.030949332e+03 +8.4934e-01 +4.7933e+00
2 +9.552670844e+02 +9.552670844e+02 +7.939570844e+02 +7.939570844e+02 +2.2044e+00 -2.3976e+00
3 +1.267543679e+02 +1.267543679e+02 -3.455563205e+01 -3.455563205e+01 -4.2661e-01 +6.3900e-01
11 +9.351838302e+01 +9.351838302e+01 -6.779161698e+01 -6.779161698e+01 -7.1259e-01 +5.3373e-01
23 +5.298084732e+01 +5.298084732e+01 -1.083291527e+02 -1.083291527e+02 -9.4177e-01 +4.4937e-01
41 +2.911720482e+01 +2.911720482e+01 -1.321927952e+02 -1.321927952e+02 -1.0773e+00 +3.9948e-01
45 +2.521366365e+00 +2.521366365e+00 -1.587886336e+02 -1.587886336e+02 +8.4934e-01 +5.1163e-01
161 +1.879975620e+00 +1.879975620e+00 -1.594300244e+02 -1.594300244e+02 +8.4934e-01 +4.9390e-02
166 +4.113773183e-01 +4.113773183e-01 -1.608986227e+02 -1.608986227e+02 -4.2661e-01 -4.4508e-02
206 +3.641409624e-02 +3.641409624e-02 -1.612735859e+02 -1.612735859e+02 -7.2855e-01 +2.9352e-02
244 +4.859801971e-03 +4.859801971e-03 -1.613051402e+02 -1.613051402e+02 -7.6757e-01 +3.7474e-02
380 +3.361879409e-03 +3.361879409e-03 -1.613066381e+02 -1.613066381e+02 -8.2667e-01 +5.7257e-02
590 +2.359571191e-03 +2.359571191e-03 -1.613076404e+02 -1.613076404e+02 -8.1108e-01 +5.0691e-02
632 +1.318304563e-03 +1.318304563e-03 -1.613086817e+02 -1.613086817e+02 -7.8423e-01 +4.0786e-02
677 +8.765151285e-04 +8.765151285e-04 -1.613091235e+02 -1.613091235e+02 -7.6862e-01 +3.4608e-02
681 +1.782956877e-04 +1.782956877e-04 -1.613098217e+02 -1.613098217e+02 -7.3269e-01 +2.1584e-02
692 +7.735024826e-05 +7.735024826e-05 -1.613099226e+02 -1.613099226e+02 -7.2501e-01 +1.9197e-02
715 +2.695893937e-05 +2.695893937e-05 -1.613099730e+02 -1.613099730e+02 -6.9689e-01 +9.0162e-03
802 +2.503845988e-05 +2.503845988e-05 -1.613099750e+02 -1.613099750e+02 -6.9646e-01 +8.9695e-03
941 +1.359382517e-05 +1.359382517e-05 -1.613099864e+02 -1.613099864e+02 -6.9927e-01 +9.9308e-03
996 +4.398836154e-06 +4.398836154e-06 -1.613099956e+02 -1.613099956e+02 -7.0871e-01 +1.3194e-02
1010 +2.583688541e-06 +2.583688541e-06 -1.613099974e+02 -1.613099974e+02 -7.0804e-01 +1.2976e-02
1016 +1.362305966e-06 +1.362305966e-06 -1.613099986e+02 -1.613099986e+02 -7.0741e-01 +1.2771e-02
1029 +6.034663045e-07 +6.034663045e-07 -1.613099994e+02 -1.613099994e+02 -7.0578e-01 +1.2224e-02
1253 +3.849505390e-07 +3.849505390e-07 -1.613099996e+02 -1.613099996e+02 -7.0589e-01 +1.2273e-02
1290 +1.698817869e-07 +1.698817869e-07 -1.613099998e+02 -1.613099998e+02 -7.0612e-01 +1.2369e-02
1291 +1.490785735e-07 +1.490785735e-07 -1.613099999e+02 -1.613099999e+02 -7.0618e-01 +1.2389e-02
1314 +7.487142284e-08 +7.487142284e-08 -1.613099999e+02 -1.613099999e+02 -7.0642e-01 +1.2476e-02
1332 +2.211459105e-08 +2.211459105e-08 -1.613100000e+02 -1.613100000e+02 -7.0686e-01 +1.2637e-02
1398 +5.853678431e-09 +5.853678431e-09 -1.613100000e+02 -1.613100000e+02 -7.0709e-01 +1.2715e-02
% function evaluation | noise-free fitness - Fopt (-1.000000000000e+03) | best noise-free fitness - Fopt | measured fitness | best measured fitness | x1 | x2...
1 +3.246973632e+03 +3.246973632e+03 +2.246973632e+03 +2.246973632e+03 +4.4381e+00 -2.7489e+00
4 +7.489913791e+02 +7.489913791e+02 -2.510086209e+02 -2.510086209e+02 +2.6254e+00 -3.3410e+00
11 +3.754691671e+01 +3.754691671e+01 -9.624530833e+02 -9.624530833e+02 +1.6596e+00 -3.3410e+00
85 +1.265212761e+01 +1.265212761e+01 -9.873478724e+02 -9.873478724e+02 +2.1064e+00 -3.8718e+00
121 +4.167910036e+00 +4.167910036e+00 -9.958320900e+02 -9.958320900e+02 -5.0482e-01 -9.9526e-01
126 +3.499315833e-01 +3.499315833e-01 -9.996500684e+02 -9.996500684e+02 +7.2800e-01 +2.4207e-01
241 +1.041524852e-01 +1.041524852e-01 -9.998958475e+02 -9.998958475e+02 +8.0334e-01 +2.0079e-01
341 +9.680271033e-02 +9.680271033e-02 -9.999031973e+02 -9.999031973e+02 +3.2821e-01 +1.9507e-01
367 +1.157745662e-02 +1.157745662e-02 -9.999884225e+02 -9.999884225e+02 +7.0421e-01 +2.2152e-01
441 +4.815492530e-03 +4.815492530e-03 -9.999951845e+02 -9.999951845e+02 +5.4093e-01 +2.1535e-01
482 +7.169074197e-04 +7.169074197e-04 -9.999992831e+02 -9.999992831e+02 +6.1384e-01 +2.1761e-01
513 +1.615921483e-04 +1.615921483e-04 -9.999998384e+02 -9.999998384e+02 +6.5234e-01 +2.1779e-01
532 +1.483089801e-04 +1.483089801e-04 -9.999998517e+02 -9.999998517e+02 +6.4746e-01 +2.1761e-01
565 +7.213118090e-05 +7.213118090e-05 -9.999999279e+02 -9.999999279e+02 +6.5781e-01 +2.1758e-01
579 +3.267418219e-05 +3.267418219e-05 -9.999999673e+02 -9.999999673e+02 +6.6292e-01 +2.1715e-01
583 +6.342307529e-06 +6.342307529e-06 -9.999999937e+02 -9.999999937e+02 +6.6729e-01 +2.1728e-01
591 +1.356567736e-06 +1.356567736e-06 -9.999999986e+02 -9.999999986e+02 +6.7240e-01 +2.1728e-01
692 +5.202118700e-07 +5.202118700e-07 -9.999999995e+02 -9.999999995e+02 +6.7365e-01 +2.1718e-01
701 +1.278879154e-07 +1.278879154e-07 -9.999999999e+02 -9.999999999e+02 +6.7365e-01 +2.1721e-01
735 +1.119133231e-08 +1.119133231e-08 -1.000000000e+03 -1.000000000e+03 +6.7308e-01 +2.1721e-01
763 +7.773223842e-09 +7.773223842e-09 -1.000000000e+03 -1.000000000e+03 +6.7276e-01 +2.1722e-01
% function evaluation | noise-free fitness - Fopt (5.350000000000e+01) | best noise-free fitness - Fopt | measured fitness | best measured fitness | x1 | x2...
1 +2.365499343e+03 +2.365499343e+03 +2.418999343e+03 +2.418999343e+03 +4.0171e+00 -1.7953e+00
5 +1.097349599e+02 +1.097349599e+02 +1.632349599e+02 +1.632349599e+02 +5.6541e-01 -2.4297e+00
41 +5.397592240e+00 +5.397592240e+00 +5.889759224e+01 +5.889759224e+01 +5.6541e-01 -2.0451e+00
147 +1.680885693e+00 +1.680885693e+00 +5.518088569e+01 +5.518088569e+01 -6.5612e-01 -6.0714e-01
156 +1.175956842e+00 +1.175956842e+00 +5.467595684e+01 +5.467595684e+01 -6.3147e-01 -4.1475e-01
189 +5.307559544e-01 +5.307559544e-01 +5.403075595e+01 +5.403075595e+01 +6.4504e-01 +3.0381e-01
201 +7.057867224e-02 +7.057867224e-02 +5.357057867e+01 +5.357057867e+01 +6.4504e-01 +3.2502e-01
223 +5.914978698e-02 +5.914978698e-02 +5.355914979e+01 +5.355914979e+01 +1.1715e+00 +4.0686e-01
273 +2.015361334e-02 +2.015361334e-02 +5.352015361e+01 +5.352015361e+01 +6.4504e-01 +3.4336e-01
338 +1.085295458e-02 +1.085295458e-02 +5.351085295e+01 +5.351085295e+01 +6.4572e-01 +3.3246e-01
347 +6.001967677e-03 +6.001967677e-03 +5.350600197e+01 +5.350600197e+01 +4.6877e-01 +3.0606e-01
350 +1.157559745e-03 +1.157559745e-03 +5.350115756e+01 +5.350115756e+01 +5.5039e-01 +3.2022e-01
430 +3.094239494e-04 +3.094239494e-04 +5.350030942e+01 +5.350030942e+01 +6.0355e-01 +3.3065e-01
482 +1.513407296e-04 +1.513407296e-04 +5.350015134e+01 +5.350015134e+01 +6.2477e-01 +3.3417e-01
529 +3.718841954e-05 +3.718841954e-05 +5.350003719e+01 +5.350003719e+01 +6.3652e-01 +3.3567e-01
532 +9.137710819e-07 +9.137710819e-07 +5.350000091e+01 +5.350000091e+01 +6.2477e-01 +3.3357e-01
726 +5.942079611e-07 +5.942079611e-07 +5.350000059e+01 +5.350000059e+01 +6.2523e-01 +3.3368e-01
747 +2.720938141e-09 +2.720938141e-09 +5.350000000e+01 +5.350000000e+01 +6.2362e-01 +3.3342e-01
% function evaluation | noise-free fitness - Fopt (-1.700600000000e+02) | best noise-free fitness - Fopt | measured fitness | best measured fitness | x1 | x2...
1 +1.131883430e+03 +1.131883430e+03 +9.618234300e+02 +9.618234300e+02 -3.3055e+00 -1.3975e+00
2 +3.252057802e+02 +3.252057802e+02 +1.551457802e+02 +1.551457802e+02 -2.1848e+00 -5.9351e-01
3 +1.186864536e+02 +1.186864536e+02 -5.137354643e+01 -5.137354643e+01 +2.4205e-01 +2.3832e+00
25 +3.545855036e+01 +3.545855036e+01 -1.346014496e+02 -1.346014496e+02 +7.3600e-01 +3.6804e+00
40 +1.697719204e+01 +1.697719204e+01 -1.530828080e+02 -1.530828080e+02 +8.0400e-01 +3.9058e+00
151 +9.368483928e+00 +9.368483928e+00 -1.606915161e+02 -1.606915161e+02 +4.7224e-01 +3.4604e+00
191 +5.808552357e-02 +5.808552357e-02 -1.700019145e+02 -1.700019145e+02 +4.7224e-01 -8.3145e-02
245 +6.926318961e-03 +6.926318961e-03 -1.700530737e+02 -1.700530737e+02 +5.3656e-01 -7.9573e-02
418 +6.290719864e-03 +6.290719864e-03 -1.700537093e+02 -1.700537093e+02 +5.4953e-01 -7.6756e-02
527 +3.941557811e-03 +3.941557811e-03 -1.700560584e+02 -1.700560584e+02 +5.7528e-01 -6.8560e-02
571 +2.157453765e-03 +2.157453765e-03 -1.700578425e+02 -1.700578425e+02 +6.0791e-01 -6.0509e-02
620 +1.483581431e-03 +1.483581431e-03 -1.700585164e+02 -1.700585164e+02 +6.3117e-01 -5.5195e-02
690 +6.803518714e-04 +6.803518714e-04 -1.700593196e+02 -1.700593196e+02 +6.5072e-01 -4.9141e-02
700 +2.998231440e-04 +2.998231440e-04 -1.700597002e+02 -1.700597002e+02 +6.7877e-01 -4.2102e-02
724 +6.308995901e-05 +6.308995901e-05 -1.700599369e+02 -1.700599369e+02 +6.9862e-01 -3.6368e-02
760 +1.706974493e-05 +1.706974493e-05 -1.700599829e+02 -1.700599829e+02 +7.1190e-01 -3.2450e-02
803 +2.604537030e-07 +2.604537030e-07 -1.700599997e+02 -1.700599997e+02 +7.0734e-01 -3.3579e-02
924 +2.165531328e-07 +2.165531328e-07 -1.700599998e+02 -1.700599998e+02 +7.0638e-01 -3.3880e-02
949 +1.078425669e-07 +1.078425669e-07 -1.700599999e+02 -1.700599999e+02 +7.0698e-01 -3.3692e-02
979 +9.247921184e-08 +9.247921184e-08 -1.700599999e+02 -1.700599999e+02 +7.0684e-01 -3.3738e-02
1093 +4.901514217e-08 +4.901514217e-08 -1.700600000e+02 -1.700600000e+02 +7.0671e-01 -3.3760e-02
1167 +2.648866371e-08 +2.648866371e-08 -1.700600000e+02 -1.700600000e+02 +7.0664e-01 -3.3783e-02
1183 +2.270351729e-08 +2.270351729e-08 -1.700600000e+02 -1.700600000e+02 +7.0660e-01 -3.3793e-02
1193 +1.082389645e-08 +1.082389645e-08 -1.700600000e+02 -1.700600000e+02 +7.0650e-01 -3.3823e-02
1232 +9.426486258e-09 +9.426486258e-09 -1.700600000e+02 -1.700600000e+02 +7.0650e-01 -3.3823e-02
1235 +4.277097787e-09 +4.277097787e-09 -1.700600000e+02 -1.700600000e+02 +7.0627e-01 -3.3887e-02
% function evaluation | noise-free fitness - Fopt (3.780000000000e+01) | best noise-free fitness - Fopt | measured fitness | best measured fitness | x1 | x2...
1 +6.884837515e+02 +6.884837515e+02 +7.262837515e+02 +7.262837515e+02 +3.5791e+00 -2.3202e-01
6 +3.238486314e+01 +3.238486314e+01 +7.018486314e+01 +7.018486314e+01 +3.4432e+00 -8.7278e-01
18 +3.445856841e+00 +3.445856841e+00 +4.124585684e+01 +4.124585684e+01 -1.9733e-01 +1.0690e+00
76 +1.883034751e+00 +1.883034751e+00 +3.968303475e+01 +3.968303475e+01 -6.4816e-01 +4.9341e-01
194 +1.457312356e+00 +1.457312356e+00 +3.925731236e+01 +3.925731236e+01 -5.3329e-01 +6.4007e-01
198 +7.815528692e-01 +7.815528692e-01 +3.858155287e+01 +3.858155287e+01 -4.1121e-02 -2.2437e-01
209 +3.368337765e-01 +3.368337765e-01 +3.813683378e+01 +3.813683378e+01 -3.2399e-01 +1.5170e-02
222 +1.528507816e-01 +1.528507816e-01 +3.795285078e+01 +3.795285078e+01 +2.7875e-02 -2.2437e-01
347 +2.068504610e-02 +2.068504610e-02 +3.782068505e+01 +3.782068505e+01 +4.7777e-01 -3.9690e-01
362 +9.769033275e-04 +9.769033275e-04 +3.780097690e+01 +3.780097690e+01 +6.0539e-01 -4.4776e-01
576 +5.139084351e-06 +5.139084351e-06 +3.780000514e+01 +3.780000514e+01 +5.5882e-01 -4.3286e-01
619 +2.711014986e-06 +2.711014986e-06 +3.780000271e+01 +3.780000271e+01 +5.5843e-01 -4.3254e-01
631 +1.028938136e-06 +1.028938136e-06 +3.780000103e+01 +3.780000103e+01 +5.5834e-01 -4.3254e-01
792 +4.307641959e-07 +4.307641959e-07 +3.780000043e+01 +3.780000043e+01 +5.5857e-01 -4.3270e-01
845 +1.175642126e-07 +1.175642126e-07 +3.780000012e+01 +3.780000012e+01 +5.5930e-01 -4.3291e-01
865 +4.366249584e-08 +4.366249584e-08 +3.780000004e+01 +3.780000004e+01 +5.5956e-01 -4.3301e-01
906 +3.289150641e-08 +3.289150641e-08 +3.780000003e+01 +3.780000003e+01 +5.5934e-01 -4.3294e-01
953 +1.525027216e-08 +1.525027216e-08 +3.780000002e+01 +3.780000002e+01 +5.5889e-01 -4.3278e-01
1043 +6.545270992e-09 +6.545270992e-09 +3.780000001e+01 +3.780000001e+01 +5.5924e-01 -4.3291e-01
% function evaluation | noise-free fitness - Fopt (-1.139000000000e+01) | best noise-free fitness - Fopt | measured fitness | best measured fitness | x1 | x2...
1 +1.658334911e+04 +1.658334911e+04 +1.657195911e+04 +1.657195911e+04 -3.1420e+00 -1.3469e-01
2 +2.783608923e+03 +2.783608923e+03 +2.772218923e+03 +2.772218923e+03 -1.5352e+00 -1.5811e+00
4 +6.732297486e+02 +6.732297486e+02 +6.618397486e+02 +6.618397486e+02 +1.0282e+00 -2.8315e+00
7 +1.186433307e+02 +1.186433307e+02 +1.072533307e+02 +1.072533307e+02 +2.3478e+00 +4.1546e+00
11 +3.022148418e+01 +3.022148418e+01 +1.883148418e+01 +1.883148418e+01 +2.4980e+00 +4.1546e+00
14 +1.028334570e+00 +1.028334570e+00 -1.036166543e+01 -1.036166543e+01 -1.5352e+00 +3.4936e+00
126 +9.826835853e-01 +9.826835853e-01 -1.040731641e+01 -1.040731641e+01 -1.5273e+00 +3.4501e+00
293 +6.156166488e-01 +6.156166488e-01 -1.077438335e+01 -1.077438335e+01 -1.2540e+00 +2.4435e+00
482 +3.613913154e-01 +3.613913154e-01 -1.102860868e+01 -1.102860868e+01 -1.1161e+00 +2.0391e+00
544 +1.972432259e-01 +1.972432259e-01 -1.119275677e+01 -1.119275677e+01 -9.4959e-01 +1.5534e+00
642 +1.422558768e-01 +1.422558768e-01 -1.124774412e+01 -1.124774412e+01 -8.9192e-01 +1.3877e+00
670 +9.306215132e-02 +9.306215132e-02 -1.129693785e+01 -1.129693785e+01 -8.1055e-01 +1.1699e+00
683 +5.650984542e-02 +5.650984542e-02 -1.133349015e+01 -1.133349015e+01 -6.9708e-01 +8.8840e-01
719 +3.814147388e-02 +3.814147388e-02 -1.135185853e+01 -1.135185853e+01 -6.5189e-01 +7.8741e-01
804 +2.353473992e-02 +2.353473992e-02 -1.136646526e+01 -1.136646526e+01 -6.1305e-01 +7.0456e-01
825 +1.043870164e-02 +1.043870164e-02 -1.137956130e+01 -1.137956130e+01 -5.9595e-01 +6.7401e-01
852 +9.576480321e-03 +9.576480321e-03 -1.138042352e+01 -1.138042352e+01 -5.9948e-01 +6.8968e-01
871 +3.622514512e-03 +3.622514512e-03 -1.138637749e+01 -1.138637749e+01 -5.6520e-01 +6.1606e-01
960 +9.069049883e-04 +9.069049883e-04 -1.138909310e+01 -1.138909310e+01 -5.2994e-01 +5.4500e-01
1002 +4.437661483e-04 +4.437661483e-04 -1.138955623e+01 -1.138955623e+01 -5.0314e-01 +4.8841e-01
1046 +3.704419973e-04 +3.704419973e-04 -1.138962956e+01 -1.138962956e+01 -5.2204e-01 +5.2657e-01
1078 +1.607653004e-04 +1.607653004e-04 -1.138983923e+01 -1.138983923e+01 -5.0622e-01 +4.9523e-01
1100 +1.459105004e-04 +1.459105004e-04 -1.138985409e+01 -1.138985409e+01 -5.1133e-01 +5.0543e-01
1101 +9.032652307e-05 +9.032652307e-05 -1.138990967e+01 -1.138990967e+01 -5.1321e-01 +5.0961e-01
1112 +2.474411474e-06 +2.474411474e-06 -1.138999753e+01 -1.138999753e+01 -5.0622e-01 +4.9634e-01
1204 +4.805721048e-07 +4.805721048e-07 -1.138999952e+01 -1.138999952e+01 -5.0582e-01 +4.9564e-01
1381 +1.861216887e-07 +1.861216887e-07 -1.138999981e+01 -1.138999981e+01 -5.0497e-01 +4.9407e-01
1403 +1.249707093e-07 +1.249707093e-07 -1.138999988e+01 -1.138999988e+01 -5.0565e-01 +4.9535e-01
1418 +8.541960383e-08 +8.541960383e-08 -1.138999991e+01 -1.138999991e+01 -5.0528e-01 +4.9466e-01
1435 +1.113099479e-08 +1.113099479e-08 -1.138999999e+01 -1.138999999e+01 -5.0540e-01 +4.9486e-01
1510 +8.355552694e-09 +8.355552694e-09 -1.138999999e+01 -1.138999999e+01 -5.0535e-01 +4.9478e-01
% function evaluation | noise-free fitness - Fopt (5.650000000000e+01) | best noise-free fitness - Fopt | measured fitness | best measured fitness | x1 | x2...
1 +2.497227392e+04 +2.497227392e+04 +2.502877392e+04 +2.502877392e+04 +3.1785e+00 -3.6258e+00
2 +4.214561730e+03 +4.214561730e+03 +4.271061730e+03 +4.271061730e+03 -1.9779e+00 -4.3839e+00
4 +1.208046591e+03 +1.208046591e+03 +1.264546591e+03 +1.264546591e+03 +1.0966e+00 -1.5688e+00
5 +4.533533889e+02 +4.533533889e+02 +5.098533889e+02 +5.098533889e+02 +1.0136e+00 -3.4026e-01
7 +1.713312314e+02 +1.713312314e+02 +2.278312314e+02 +2.278312314e+02 +7.2857e-01 -3.0103e-01
10 +5.459884087e+01 +5.459884087e+01 +1.110988409e+02 +1.110988409e+02 -1.3554e+00 -5.0264e-01
42 +2.608805127e+01 +2.608805127e+01 +8.258805127e+01 +8.258805127e+01 -2.3947e+00 +3.0217e+00
47 +2.248407385e+01 +2.248407385e+01 +7.898407385e+01 +7.898407385e+01 -1.7281e+00 +1.2541e+00
63 +9.008488086e+00 +9.008488086e+00 +6.550848809e+01 +6.550848809e+01 -2.1790e+00 +2.1316e+00
101 +2.625700603e+00 +2.625700603e+00 +5.912570060e+01 +5.912570060e+01 -1.0881e+00 -2.1408e-01
142 +1.338620076e+00 +1.338620076e+00 +5.783862008e+01 +5.783862008e+01 -2.5146e-01 -3.6721e-01
159 +8.034969569e-01 +8.034969569e-01 +5.730349696e+01 +5.730349696e+01 -3.1009e-01 -5.1648e-01
213 +5.769293143e-01 +5.769293143e-01 +5.707692931e+01 +5.707692931e+01 -1.1523e-02 -2.1408e-01
315 +3.486291892e-01 +3.486291892e-01 +5.684862919e+01 +5.684862919e+01 -6.3567e-02 -3.0818e-01
397 +2.032451756e-01 +2.032451756e-01 +5.670324518e+01 +5.670324518e+01 +1.1027e-01 -1.5215e-01
479 +8.445685041e-02 +8.445685041e-02 +5.658445685e+01 +5.658445685e+01 +2.1098e-01 +1.7380e-02
528 +6.156419473e-02 +6.156419473e-02 +5.656156419e+01 +5.656156419e+01 +2.6295e-01 +1.0582e-01
542 +3.428312517e-02 +3.428312517e-02 +5.653428313e+01 +5.653428313e+01 +3.9390e-01 +3.5230e-01
554 +1.167623504e-02 +1.167623504e-02 +5.651167624e+01 +5.651167624e+01 +3.8465e-01 +3.2014e-01
555 +8.285665523e-03 +8.285665523e-03 +5.650828567e+01 +5.650828567e+01 +4.9303e-01 +5.3379e-01
562 +7.634067867e-04 +7.634067867e-04 +5.650076341e+01 +5.650076341e+01 +4.5927e-01 +4.6834e-01
665 +3.637906967e-04 +3.637906967e-04 +5.650036379e+01 +5.650036379e+01 +4.7392e-01 +4.9960e-01
677 +1.712951758e-04 +1.712951758e-04 +5.650017130e+01 +5.650017130e+01 +4.7436e-01 +5.0126e-01
679 +1.021353391e-06 +1.021353391e-06 +5.650000102e+01 +5.650000102e+01 +4.8071e-01 +5.1624e-01
903 +1.942612542e-07 +1.942612542e-07 +5.650000019e+01 +5.650000019e+01 +4.8171e-01 +5.1846e-01
918 +3.056373998e-08 +3.056373998e-08 +5.650000003e+01 +5.650000003e+01 +4.8160e-01 +5.1825e-01
1066 +2.461951709e-08 +2.461951709e-08 +5.650000002e+01 +5.650000002e+01 +4.8157e-01 +5.1819e-01
1158 +1.430078100e-08 +1.430078100e-08 +5.650000001e+01 +5.650000001e+01 +4.8153e-01 +5.1810e-01
1232 +5.890754551e-09 +5.890754551e-09 +5.650000001e+01 +5.650000001e+01 +4.8149e-01 +5.1802e-01
