% function evaluation | noise-free fitness - Fopt (-1.694000000000e+01) | best noise-free fitness - Fopt | measured fitness | best measured fitness | x1 | x2...
1 +2.580997289e+01 +2.580997289e+01 +8.869972887e+00 +8.869972887e+00 +2.8456e+00 +4.9193e+00 +3.2760e+00 -3.3729e+00 -3.2391e+00 -2.6675e+00 +1.1846e+00 +3.6573e-01 -2.0995e+00 +3.5857e+00
15 +2.444187321e+01 +2.444187321e+01 +7.501873206e+00 +7.501873206e+00 +4.9544e+00 +3.8238e+00 +1.0595e+00 +1.9757e+00 -3.4980e+00 -4.2599e+00 +3.1910e+00 +4.6326e+00 +4.2615e+00 -4.7861e+00
37 +1.296486700e+01 +1.296486700e+01 -3.975132995e+00 -3.975132995e+00 +4.6188e+00 +2.7044e+00 +3.6957e+00 +2.9309e+00 +1.4674e+00 -1.0935e-01 +4.8355e+00 +6.6931e-01 -2.7092e-01 -1.9800e-01
47 +8.428561391e+00 +8.428561391e+00 -8.511438609e+00 -8.511438609e+00 +5.0000e+00 +2.2549e+00 -9.6239e-01 -4.7925e-01 +1.8132e+00 +2.2812e+00 +5.0000e+00 -3.1214e+00 +8.8944e-01 -4.5670e-01
139 +6.233991922e+00 +6.233991922e+00 -1.070600808e+01 -1.070600808e+01 +4.3774e+00 +5.0000e+00 +1.2311e-02 +2.0213e+00 +4.7773e+00 -2.8724e+00 +5.0000e+00 +1.8705e+00 +8.2159e-01 -3.3096e+00
423 +3.803516149e+00 +3.803516149e+00 -1.313648385e+01 -1.313648385e+01 +3.4557e+00 +4.9970e+00 -2.9726e+00 +1.3492e+00 +1.8722e+00 -1.4528e+00 +5.0000e+00 -1.4943e+00 +1.0830e+00 -5.0000e+00
1611 +2.321620478e+00 +2.321620478e+00 -1.461837952e+01 -1.461837952e+01 +4.3917e+00 +2.8792e+00 -4.1286e-01 +2.3799e+00 +1.5410e+00 -1.7897e+00 +4.7995e+00 -2.4638e+00 +6.5925e-01 -5.1998e-01
2859 +1.363906760e+00 +1.363906760e+00 -1.557609324e+01 -1.557609324e+01 +4.4395e+00 +2.7813e+00 -1.0202e+00 +7.5771e-01 +1.3367e+00 -2.7061e+00 +4.8129e+00 -2.2960e+00 +3.9544e-02 -2.0092e+00
4606 +8.836680930e-01 +8.836680930e-01 -1.605633191e+01 -1.605633191e+01 +4.4266e+00 +2.9278e+00 -1.2658e+00 +1.4256e+00 +1.2604e+00 -2.5238e+00 +4.6133e+00 -2.5145e+00 -1.7205e-01 -1.9222e+00
13936 +5.829655948e-01 +5.829655948e-01 -1.635703441e+01 -1.635703441e+01 +4.4655e+00 +2.9797e+00 -1.5203e+00 +1.2898e+00 +1.2198e+00 -2.5645e+00 +4.4981e+00 -2.4915e+00 -1.8493e-01 -1.8229e+00
% function evaluation | noise-free fitness - Fopt (1.881000000000e+01) | best noise-free fitness - Fopt | measured fitness | best measured fitness | x1 | x2...
1 +2.626314108e+01 +2.626314108e+01 +4.507314108e+01 +4.507314108e+01 -4.2047e+00 +3.5624e+00 +1.6368e+00 -3.2226e+00 +2.5355e+00 -3.1038e+00 -1.1165e-01 +3.4160e+00 -1.3231e+00 +3.1298e-02
9 +2.228081561e+01 +2.228081561e+01 +4.109081561e+01 +4.109081561e+01 +4.5428e+00 +2.5402e+00 +1.0843e+00 -4.1903e+00 +1.9533e+00 -1.0456e+00 +3.8803e+00 +2.9729e+00 +3.3796e+00 -1.0767e+00
20 +1.172035801e+01 +1.172035801e+01 +3.053035801e+01 +3.053035801e+01 -6.7686e-01 +1.6519e+00 -3.4373e+00 -1.2693e+00 +4.0824e+00 -3.4701e+00 -3.7872e+00 -1.4414e+00 -1.0844e+00 +3.2727e+00
72 +6.217571397e+00 +6.217571397e+00 +2.502757140e+01 +2.502757140e+01 +2.0049e+00 +2.0332e+00 -4.4153e-01 +2.2647e+00 +1.3788e-01 -1.2970e+00 -1.2155e+00 +1.0055e+00 -6.7535e-01 +6.6722e-01
411 +3.610119991e+00 +3.610119991e+00 +2.242011999e+01 +2.242011999e+01 +2.3052e+00 +1.8313e+00 +2.1739e+00 +1.2224e+00 +1.3312e+00 -4.0037e+00 +2.7837e-01 +2.4725e+00 +1.6158e-01 +2.5885e+00
935 +2.402692851e+00 +2.402692851e+00 +2.121269285e+01 +2.121269285e+01 +1.9482e+00 +1.8660e+00 +1.0240e-01 -3.1418e-01 +2.0266e+00 -3.8220e+00 -1.6458e-01 +1.5147e+00 -1.6893e+00 +2.0787e+00
2428 +1.359319832e+00 +1.359319832e+00 +2.016931983e+01 +2.016931983e+01 +7.7214e-01 +2.0922e+00 +5.2921e-01 -1.3372e-01 +2.3982e+00 -3.4168e+00 -8.9446e-01 +1.2330e+00 -3.9749e-01 +1.9174e+00
2690 +9.229895771e-01 +9.229895771e-01 +1.973298958e+01 +1.973298958e+01 +9.7579e-01 +2.4318e+00 +4.7960e-01 +4.0215e-01 +2.2993e+00 -3.4025e+00 -6.8257e-01 +1.1841e+00 -3.4603e-01 +1.7176e+00
4124 +6.038614092e-01 +6.038614092e-01 +1.941386141e+01 +1.941386141e+01 +4.1796e-01 +2.3313e+00 -1.2528e-01 +4.5714e-01 +2.2395e+00 -3.5005e+00 -3.1146e-01 +8.2209e-01 -3.9250e-01 +1.7826e+00
6362 +3.703359121e-01 +3.703359121e-01 +1.918033591e+01 +1.918033591e+01 +3.6366e-01 +2.3421e+00 -1.3654e-01 +3.9833e-01 +2.1988e+00 -3.4742e+00 -2.9468e-01 +1.0148e+00 -4.3063e-01 +1.7501e+00
% function evaluation | noise-free fitness - Fopt (2.731500000000e+02) | best noise-free fitness - Fopt | measured fitness | best measured fitness | x1 | x2...
1 +2.390857295e+01 +2.390857295e+01 +2.970585729e+02 +2.970585729e+02 -4.3262e+00 +1.0883e+00 -8.3095e-01 +1.3135e+00 +9.1109e-01 +4.1913e+00 +7.3143e-01 -2.1360e+00 -1.2066e-01 -2.7915e+00
5 +1.319801154e+01 +1.319801154e+01 +2.863480115e+02 +2.863480115e+02 -4.5078e+00 +4.6641e+00 -2.8904e+00 +3.6514e+00 -4.0969e+00 -4.4736e-01 +5.6065e-01 -6.4288e-01 +3.5569e-02 +3.2006e+00
73 +6.946675406e+00 +6.946675406e+00 +2.800966754e+02 +2.800966754e+02 -1.1314e+00 +2.0728e+00 +4.5803e-01 +2.1589e+00 +4.5779e-01 -4.0729e+00 -1.2703e+00 -1.4411e+00 -1.7679e+00 +4.4430e+00
136 +5.779059101e+00 +5.779059101e+00 +2.789290591e+02 +2.789290591e+02 -6.4952e-01 +5.0000e+00 -3.3207e+00 +5.0000e+00 +4.6128e-01 -3.7873e+00 +9.0813e-01 -7.5462e-01 -5.0000e+00 +4.6804e+00
487 +3.671145664e+00 +3.671145664e+00 +2.768211457e+02 +2.768211457e+02 -3.4961e+00 +2.2265e+00 -1.1841e+00 +3.1422e+00 +1.5192e-01 -3.9696e+00 +4.3903e-01 -9.4359e-01 -2.1756e+00 +4.5618e+00
610 +2.007075829e+00 +2.007075829e+00 +2.751570758e+02 +2.751570758e+02 -3.6551e+00 +3.0207e+00 -1.6160e+00 +3.2071e+00 +2.2750e+00 -3.9204e+00 -9.6741e-01 -9.1310e-01 -2.1396e+00 +3.8240e+00
886 +1.443749614e+00 +1.443749614e+00 +2.745937496e+02 +2.745937496e+02 -4.0219e+00 +3.1231e+00 +1.6076e-01 +3.1867e+00 +1.8382e+00 -4.0894e+00 -1.6381e+00 -1.7313e+00 -2.5426e+00 +2.6643e+00
2269 +7.521567943e-01 +7.521567943e-01 +2.739021568e+02 +2.739021568e+02 -4.0888e+00 +3.9279e+00 -3.0704e-01 +3.0808e+00 +1.5147e+00 -4.2816e+00 -9.7266e-01 -1.0412e+00 -2.5331e+00 +3.2437e+00
2530 +5.470591752e-01 +5.470591752e-01 +2.736970592e+02 +2.736970592e+02 -4.0443e+00 +3.7060e+00 -3.0451e-01 +3.0866e+00 +1.9322e+00 -4.2788e+00 -9.5825e-01 -7.3994e-01 -2.5245e+00 +3.2460e+00
4528 +3.915769965e-01 +3.915769965e-01 +2.735415770e+02 +2.735415770e+02 -4.0313e+00 +3.6778e+00 -3.1014e-01 +3.0878e+00 +1.9179e+00 -4.2429e+00 -9.6155e-01 -7.0449e-01 -2.5237e+00 +3.2393e+00
% function evaluation | noise-free fitness - Fopt (3.718000000000e+01) | best noise-free fitness - Fopt | measured fitness | best measured fitness | x1 | x2...
1 +6.984442873e+01 +6.984442873e+01 +1.070244287e+02 +1.070244287e+02 +5.7613e-01 +3.4079e+00 +3.5375e+00 -3.1741e+00 -1.3175e+00 -4.4783e+00 -1.5620e+00 +3.8275e+00 -3.2245e+00 -3.0722e+00
2 +5.686312862e+01 +5.686312862e+01 +9.404312862e+01 +9.404312862e+01 +4.5334e+00 -3.4325e+00 -3.7741e+00 -3.4698e+00 +4.2126e+00 +4.8387e+00 -4.7452e+00 -9.1842e-02 +7.5475e-01 +9.6278e-01
3 +2.306372120e+01 +2.306372120e+01 +6.024372120e+01 +6.024372120e+01 -1.6821e-01 +4.2420e+00 +1.0606e+00 -4.0150e+00 -4.0065e+00 +4.0181e+00 -4.5362e+00 +9.8641e-01 -4.4058e+00 +1.8460e+00
7 +1.533437760e+01 +1.533437760e+01 +5.251437760e+01 +5.251437760e+01 -4.1153e+00 +2.1352e+00 +3.6366e+00 +8.5229e-01 -1.1693e+00 +3.2739e-01 +4.6067e+00 -3.2056e+00 +2.8534e+00 -1.7204e+00
172 +9.405704383e+00 +9.405704383e+00 +4.658570438e+01 +4.658570438e+01 -3.2134e+00 +0.0000e+00 -3.8377e+00 +4.5804e+00 -1.0765e+00 -4.0227e+00 +1.7618e-01 -3.7786e+00 +0.0000e+00 -3.5265e+00
323 +6.126629654e+00 +6.126629654e+00 +4.330662965e+01 +4.330662965e+01 -4.2396e+00 +1.1408e+00 +1.9821e+00 -8.3259e-01 -3.5287e+00 -3.2385e+00 +1.2144e+00 -3.8980e+00 +6.3693e-01 +1.4281e+00
483 +3.360294509e+00 +3.360294509e+00 +4.054029451e+01 +4.054029451e+01 -4.2100e+00 +4.3948e+00 +3.1903e+00 +2.2792e+00 -1.9820e+00 -3.2904e+00 +5.5978e-01 -3.5884e+00 -2.7575e+00 +1.5732e+00
818 +2.304583919e+00 +2.304583919e+00 +3.948458392e+01 +3.948458392e+01 -4.1698e+00 +2.4371e+00 +2.0367e+00 +1.4805e+00 -2.0572e+00 -1.2341e+00 +1.1474e+00 -2.8178e+00 -1.8890e+00 +2.3387e+00
1292 +1.333358607e+00 +1.333358607e+00 +3.851335861e+01 +3.851335861e+01 -4.3290e+00 +2.3429e+00 +2.0021e+00 +1.8375e+00 -2.8339e+00 -1.6195e+00 +3.7420e-01 -3.2135e+00 -1.7712e+00 +2.9305e+00
2139 +8.631419614e-01 +8.631419614e-01 +3.804314196e+01 +3.804314196e+01 -4.8088e+00 +1.6811e+00 +1.8316e+00 +1.7045e+00 -2.3907e+00 -1.3898e+00 +1.2114e-01 -3.1825e+00 -1.5472e+00 +3.3544e+00
2765 +6.072437078e-01 +6.072437078e-01 +3.778724371e+01 +3.778724371e+01 -4.0112e+00 +1.8822e+00 +2.0500e+00 +1.7476e+00 -3.5255e+00 -1.4677e+00 +5.6200e-01 -3.2868e+00 -1.5795e+00 +2.6942e+00
3341 +3.721174495e-01 +3.721174495e-01 +3.755211745e+01 +3.755211745e+01 -4.0017e+00 +1.9255e+00 +2.1274e+00 +1.6664e+00 -3.5477e+00 -1.6062e+00 +5.2589e-01 -3.3038e+00 -1.8508e+00 +3.1162e+00
4195 +2.254765033e-01 +2.254765033e-01 +3.740547650e+01 +3.740547650e+01 -3.8783e+00 +1.9500e+00 +2.1207e+00 +1.6399e+00 -3.5013e+00 -1.3969e+00 +4.8198e-01 -3.4334e+00 -1.8402e+00 +3.1025e+00
5503 +1.276461576e-01 +1.276461576e-01 +3.730764616e+01 +3.730764616e+01 -3.8800e+00 +1.9490e+00 +2.1247e+00 +1.6976e+00 -3.4592e+00 -1.3062e+00 +4.6666e-01 -3.3980e+00 -1.8615e+00 +3.1117e+00
5729 +8.748818820e-02 +8.748818820e-02 +3.726748819e+01 +3.726748819e+01 -3.8793e+00 +1.9535e+00 +2.1318e+00 +1.6873e+00 -3.4877e+00 -1.3384e+00 +4.3732e-01 -3.3824e+00 -1.8707e+00 +3.1136e+00
% function evaluation | noise-free fitness - Fopt (-1.479000000000e+02) | best noise-free fitness - Fopt | measured fitness | best measured fitness | x1 | x2...
1 +1.565546149e+01 +1.565546149e+01 -1.322445385e+02 -1.322445385e+02 +1.0672e+00 +4.2284e+00 -3.0323e+00 +4.2186e+00 -2.9399e+00 +2.7492e+00 -3.6578e+00 +3.0353e-01 +4.6981e+00 +3.6489e+00
34 +7.714890432e+00 +7.714890432e+00 -1.401851096e+02 -1.401851096e+02 -1.7134e+00 +1.8988e+00 +2.2372e+00 +5.7993e-02 +1.7641e+00 +4.3582e+00 -2.3134e+00 +2.8689e-01 -5.6928e-01 +4.4105e+00
98 +6.303601825e+00 +6.303601825e+00 -1.415963982e+02 -1.415963982e+02 -1.0471e+00 +1.8717e+00 +2.1987e+00 -2.6803e-02 +2.8493e+00 +0.0000e+00 +3.0385e-01 +2.2015e+00 +9.9230e-01 -1.0580e+00
722 +3.598402265e+00 +3.598402265e+00 -1.443015977e+02 -1.443015977e+02 -2.1327e+00 +2.1948e+00 +1.5208e+00 +1.1344e-01 +1.9358e+00 +1.7662e-01 -8.4309e-02 +1.8490e-01 -1.3170e+00 +2.2251e+00
1479 +2.165906581e+00 +2.165906581e+00 -1.457340934e+02 -1.457340934e+02 -1.4028e+00 +2.0513e+00 +3.2701e+00 -5.6724e-01 +2.1031e+00 +1.2365e+00 -5.2299e-01 -1.6451e+00 +2.2873e-01 +5.2763e-01
2618 +1.240925438e+00 +1.240925438e+00 -1.466590746e+02 -1.466590746e+02 -1.4389e+00 +2.3110e+00 +2.9291e+00 -5.5297e-01 +2.0276e+00 +1.3326e+00 -9.1995e-01 -1.1686e+00 +3.7457e-01 +4.2650e-01
4589 +9.226495311e-01 +9.226495311e-01 -1.469773505e+02 -1.469773505e+02 -1.4365e+00 +2.3694e+00 +2.9084e+00 -3.9014e-01 +2.0316e+00 +1.2996e+00 -9.0253e-01 -1.1605e+00 +3.7891e-01 +4.0924e-01
9289 +6.293648051e-01 +6.293648051e-01 -1.472706352e+02 -1.472706352e+02 -1.4559e+00 +2.4398e+00 +2.8327e+00 -3.5297e-01 +1.9570e+00 +1.3006e+00 -9.4547e-01 -1.0892e+00 +3.8284e-01 +4.0759e-01
% function evaluation | noise-free fitness - Fopt (-2.218900000000e+02) | best noise-free fitness - Fopt | measured fitness | best measured fitness | x1 | x2...
1 +2.984061700e+01 +2.984061700e+01 -1.920493830e+02 -1.920493830e+02 -4.5428e+00 -2.5037e+00 +7.1658e-01 -3.5551e+00 -3.5862e+00 +1.6440e+00 -1.5262e-01 +4.5302e+00 +3.2381e+00 -1.2889e+00
6 +1.789241352e+01 +1.789241352e+01 -2.039975865e+02 -2.039975865e+02 -5.2364e-02 +3.3710e+00 +3.3421e+00 -1.8290e+00 +2.8002e+00 +4.3241e+00 +1.9297e+00 +3.0558e+00 -4.3493e+00 +1.2431e-01
7 +9.337651326e+00 +9.337651326e+00 -2.125523487e+02 -2.125523487e+02 -1.6831e+00 +1.1055e+00 -2.5637e+00 +2.3344e+00 -3.0662e+00 +3.3520e+00 +6.7704e-01 -6.1517e-01 -3.3928e+00 -4.9635e+00
66 +4.756931914e+00 +4.756931914e+00 -2.171330681e+02 -2.171330681e+02 -8.0250e-01 +7.9219e-01 -1.9228e-01 +1.4506e+00 -1.3206e+00 +1.0018e+00 +4.3674e+00 +1.1795e+00 -1.2480e-01 -1.2421e+00
87 +3.709875357e+00 +3.709875357e+00 -2.181801246e+02 -2.181801246e+02 -3.2178e+00 -5.9211e-01 -1.9779e+00 +0.0000e+00 -1.7046e+00 +2.0066e+00 +4.9381e+00 -4.3409e-01 +1.1452e+00 +0.0000e+00
628 +2.367549110e+00 +2.367549110e+00 -2.195224509e+02 -2.195224509e+02 -5.0000e+00 -8.2598e-01 +1.3016e+00 +1.1623e+00 -1.7478e+00 +2.8494e+00 +3.6416e+00 +1.6356e+00 +3.0751e+00 +4.9692e-02
1097 +1.248562953e+00 +1.248562953e+00 -2.206414370e+02 -2.206414370e+02 -5.0000e+00 +9.2425e-02 +1.1944e+00 +1.2794e+00 -1.8067e+00 +2.3351e+00 +3.3246e+00 +1.3806e+00 +1.4448e+00 -1.7576e-01
4588 +9.998373431e-01 +9.998373431e-01 -2.208901627e+02 -2.208901627e+02 -5.0000e+00 -5.5347e-03 +1.1903e+00 +1.2323e+00 -1.8203e+00 +2.4717e+00 +3.4279e+00 +1.3928e+00 +1.4248e+00 -9.8900e-02
9391 +6.208665155e-01 +6.208665155e-01 -2.212691335e+02 -2.212691335e+02 -4.9980e+00 +5.2006e-02 +8.1381e-01 +6.9358e-01 -1.9558e+00 +2.5129e+00 +3.3422e+00 +1.7602e+00 +1.1784e+00 -8.0675e-02
% function evaluation | noise-free fitness - Fopt (1.195400000000e+02) | best noise-free fitness - Fopt | measured fitness | best measured fitness | x1 | x2...
1 +5.815968161e+01 +5.815968161e+01 +1.776996816e+02 +1.776996816e+02 -4.7876e+00 -6.1807e-02 -1.6176e+00 +1.6996e+00 +3.3380e+00 +3.8313e+00 -1.6747e+00 -7.2176e-01 +7.2031e-03 +9.5910e-01
5 +2.847713060e+01 +2.847713060e+01 +1.480171306e+02 +1.480171306e+02 -3.6897e+00 -3.3585e-01 +4.3782e+00 -1.3966e+00 -1.0140e-01 -1.8867e+00 -4.7899e-01 -1.7948e-01 -4.3753e+00 +4.0014e+00
9 +1.801759165e+01 +1.801759165e+01 +1.375575917e+02 +1.375575917e+02 -4.4453e+00 -1.3623e-01 +3.1795e+00 +8.1731e-01 +4.9433e-01 -2.0181e-01 +4.5591e+00 +2.9839e+00 -2.5406e+00 +1.1257e+00
23 +1.558082913e+01 +1.558082913e+01 +1.351208291e+02 +1.351208291e+02 -4.3779e+00 +5.4860e-01 +4.4255e+00 -4.7954e+00 -4.2395e+00 +4.3080e+00 +3.3710e+00 +4.9321e+00 +2.1984e+00 -4.3963e+00
62 +9.959444273e+00 +9.959444273e+00 +1.294994443e+02 +1.294994443e+02 -1.0611e-03 +5.9109e-01 -2.0924e+00 -1.8227e+00 +2.0434e+00 +2.8401e+00 +3.0317e+00 +4.9348e+00 +2.1196e+00 -1.8116e+00
121 +5.873140126e+00 +5.873140126e+00 +1.254131401e+02 +1.254131401e+02 +4.8297e-01 +2.4133e+00 -2.9138e+00 -2.0322e+00 -8.5305e-02 -6.7169e-01 +2.2804e+00 +3.9988e+00 -5.1218e-01 -4.4413e+00
162 +3.546355551e+00 +3.546355551e+00 +1.230863556e+02 +1.230863556e+02 +3.6972e-01 +2.3364e+00 -3.9982e+00 +9.5135e-02 +4.0232e+00 -1.9732e+00 +5.0000e+00 +3.3749e+00 +6.9767e-01 +4.8961e-01
655 +2.107430921e+00 +2.107430921e+00 +1.216474309e+02 +1.216474309e+02 +1.6270e+00 +1.9925e+00 -3.6138e+00 -1.5065e+00 +5.0000e+00 -1.6188e+00 +4.8759e+00 +2.2044e+00 -2.0179e-01 -3.7600e-01
1215 +1.441115205e+00 +1.441115205e+00 +1.209811152e+02 +1.209811152e+02 +1.6956e+00 +1.3781e+00 -3.6621e+00 -1.4730e+00 +5.0000e+00 -1.6082e+00 +4.9842e+00 +2.3813e+00 -9.4754e-02 -3.1227e-01
2071 +9.544806309e-01 +9.544806309e-01 +1.204944806e+02 +1.204944806e+02 +1.5305e+00 +1.6398e+00 -3.6899e+00 -1.3476e+00 +4.9967e+00 -9.4764e-01 +4.3252e+00 +2.3975e+00 +2.1669e-01 -5.1855e-01
3938 +6.128586829e-01 +6.128586829e-01 +1.201528587e+02 +1.201528587e+02 +1.6123e+00 +1.7528e+00 -3.5614e+00 -1.6357e+00 +4.9981e+00 -1.5547e+00 +4.1946e+00 +2.1842e+00 +2.1061e-03 -7.7702e-01
8338 +3.952427561e-01 +3.952427561e-01 +1.199352428e+02 +1.199352428e+02 +1.4855e+00 +1.7311e+00 -3.5765e+00 -1.6077e+00 +4.9981e+00 -1.5454e+00 +4.1635e+00 +2.1879e+00 +8.4792e-02 -7.2852e-01
% function evaluation | noise-free fitness - Fopt (6.983000000000e+01) | best noise-free fitness - Fopt | measured fitness | best measured fitness | x1 | x2...
1 +3.430584335e+01 +3.430584335e+01 +1.041358433e+02 +1.041358433e+02 +5.8052e-03 +2.8080e+00 -1.8207e-01 +4.5863e+00 +1.7203e+00 +3.2533e+00 -1.6222e+00 -2.8957e+00 +2.6396e+00 -2.0604e+00
9 +2.474665707e+01 +2.474665707e+01 +9.457665707e+01 +9.457665707e+01 -4.8090e+00 +1.5304e+00 -2.9203e+00 -1.6843e+00 -4.6350e+00 -2.4756e+00 -2.6251e+00 +3.4496e+00 -3.1889e-01 -4.8047e+00
42 +1.023087088e+01 +1.023087088e+01 +8.006087088e+01 +8.006087088e+01 +3.0587e-01 -4.1952e+00 -1.1387e+00 -6.0309e-01 +3.5201e+00 +2.2474e+00 -5.0000e+00 +1.7440e+00 -6.1080e-01 -2.2572e+00
51 +9.036173162e+00 +9.036173162e+00 +7.886617316e+01 +7.886617316e+01 -7.1630e-01 +1.3248e+00 +1.8813e-01 -2.1600e+00 +1.7157e+00 +1.3988e+00 -1.3380e+00 -3.7751e-01 +4.0846e+00 +7.7622e-01
155 +5.786723681e+00 +5.786723681e+00 +7.561672368e+01 +7.561672368e+01 -5.0000e+00 +0.0000e+00 -5.0000e+00 -5.0000e+00 +1.2262e+00 +2.4421e+00 -3.4719e+00 +2.8181e+00 +2.3522e+00 -4.6422e+00
203 +3.835839031e+00 +3.835839031e+00 +7.366583903e+01 +7.366583903e+01 -2.0008e+00 +5.5101e-02 -4.0411e+00 -3.5969e+00 +4.0205e+00 +3.8308e+00 -1.8694e+00 +1.1378e+00 +3.7051e+00 -7.2793e-01
429 +2.464244466e+00 +2.464244466e+00 +7.229424447e+01 +7.229424447e+01 -1.6234e+00 -1.4704e+00 -3.9380e+00 -3.5392e+00 +3.7386e+00 +4.5376e+00 -2.1570e+00 +1.5793e+00 +3.5735e+00 +3.2028e-01
1003 +1.222587825e+00 +1.222587825e+00 +7.105258783e+01 +7.105258783e+01 -2.7643e+00 -1.5234e+00 -3.4918e+00 -3.6736e+00 +2.4465e+00 +4.0185e+00 -2.0882e+00 +2.0457e+00 +3.2284e+00 -5.6003e-01
1088 +8.545026219e-01 +8.545026219e-01 +7.068450262e+01 +7.068450262e+01 -2.6932e+00 -1.7359e+00 -3.2543e+00 -3.6542e+00 +2.2327e+00 +4.1104e+00 -1.8065e+00 +2.3957e+00 +3.0636e+00 -6.5334e-01
2297 +6.292862278e-01 +6.292862278e-01 +7.045928623e+01 +7.045928623e+01 -2.7610e+00 -1.3136e+00 -2.3452e+00 -3.5743e+00 +1.3421e+00 +3.9921e+00 -1.8506e+00 +2.2145e+00 +2.6438e+00 -6.3095e-01
2730 +3.878883306e-01 +3.878883306e-01 +7.021788833e+01 +7.021788833e+01 -2.8628e+00 -1.3596e+00 -2.6224e+00 -3.5720e+00 +1.7959e+00 +4.1134e+00 -1.8574e+00 +2.2027e+00 +2.7805e+00 -9.4985e-01
3397 +2.422579761e-01 +2.422579761e-01 +7.007225798e+01 +7.007225798e+01 -2.8091e+00 -1.3846e+00 -2.6864e+00 -3.5859e+00 +1.3822e+00 +4.0976e+00 -1.8986e+00 +2.3305e+00 +2.6287e+00 -9.4485e-01
5851 +1.248209669e-01 +1.248209669e-01 +6.995482097e+01 +6.995482097e+01 -2.8873e+00 -1.4298e+00 -2.7252e+00 -3.5157e+00 +1.6448e+00 +3.9685e+00 -1.9245e+00 +2.2625e+00 +2.7205e+00 -1.0511e+00
7099 +6.501570441e-02 +6.501570441e-02 +6.989501570e+01 +6.989501570e+01 -2.8808e+00 -1.4297e+00 -2.6959e+00 -3.4977e+00 +1.6682e+00 +3.9675e+00 -1.9367e+00 +2.3064e+00 +2.7449e+00 -1.0452e+00
7692 +6.157828899e-02 +6.157828899e-02 +6.989157829e+01 +6.989157829e+01 -2.8788e+00 -1.4491e+00 -2.6863e+00 -3.5142e+00 +1.6649e+00 +3.9537e+00 -1.9292e+00 +2.3017e+00 +2.7524e+00 -1.0465e+00
8665 +3.890116839e-02 +3.890116839e-02 +6.986890117e+01 +6.986890117e+01 -2.8763e+00 -1.4289e+00 -2.6873e+00 -3.5108e+00 +1.6638e+00 +3.9613e+00 -1.9263e+00 +2.3043e+00 +2.7537e+00 -1.0486e+00
10739 +2.462866580e-02 +2.462866580e-02 +6.985462867e+01 +6.985462867e+01 -2.8768e+00 -1.4316e+00 -2.6919e+00 -3.5088e+00 +1.6747e+00 +3.9612e+00 -1.9248e+00 +2.3034e+00 +2.7539e+00 -1.0554e+00
% function evaluation | noise-free fitness - Fopt (7.000000000000e-02) | best noise-free fitness - Fopt | measured fitness | best measured fitness | x1 | x2...
1 +2.863096343e+02 +2.863096343e+02 +2.863796343e+02 +2.863796343e+02 -4.9843e+00 +1.1881e+00 +1.2599e+00 +2.5436e+00 +1.3683e+00 +5.9195e-01 -1.4852e-01 +2.1572e+00 +1.9706e+00 +3.1954e+00
2 +1.009401997e+02 +1.009401997e+02 +1.010101997e+02 +1.010101997e+02 -3.4653e-01 +3.4628e+00 -3.9820e+00 -2.8275e+00 -3.9834e+00 +2.9432e+00 +1.5811e+00 +8.4097e-01 +3.9622e-01 -4.0720e+00
5 +1.952499748e+01 +1.952499748e+01 +1.959499748e+01 +1.959499748e+01 -2.7593e+00 -1.7106e+00 +4.8018e+00 -5.5699e-01 -4.4230e+00 +4.5906e-01 +3.9594e+00 -3.9746e-01 +2.2594e+00 -6.5248e-01
14 +1.181546373e+01 +1.181546373e+01 +1.188546373e+01 +1.188546373e+01 +2.9921e+00 -8.6920e-02 -2.0672e+00 -3.0041e+00 +3.0081e+00 +1.7950e+00 +3.6413e+00 -4.6202e+00 +1.7464e+00 +1.1099e+00
28 +8.917337294e+00 +8.917337294e+00 +8.987337294e+00 +8.987337294e+00 +7.9354e-01 -2.5193e+00 +2.9701e+00 -3.2967e+00 -2.7857e+00 -3.6197e+00 +2.6889e+00 -2.4952e+00 +1.6777e+00 +7.5508e-01
298 +5.376108808e+00 +5.376108808e+00 +5.446108808e+00 +5.446108808e+00 +4.5084e-01 -2.4870e+00 +3.2763e+00 -3.6035e+00 +1.6561e+00 +9.0682e-01 +4.3344e+00 -4.3444e+00 -2.1517e+00 -1.4171e+00
415 +3.815713087e+00 +3.815713087e+00 +3.885713087e+00 +3.885713087e+00 +3.4663e+00 -3.5303e+00 +2.8423e+00 -4.4523e+00 +1.6906e+00 +9.5761e-01 +4.3737e+00 -3.5305e+00 -4.8996e+00 +3.2476e-01
523 +1.955448092e+00 +1.955448092e+00 +2.025448092e+00 +2.025448092e+00 +2.8825e+00 -1.4239e+00 +2.0503e+00 -3.9509e+00 +1.3231e+00 +2.0483e+00 +5.0000e+00 -2.7197e+00 -2.6190e+00 +8.6250e-01
841 +1.335657161e+00 +1.335657161e+00 +1.405657161e+00 +1.405657161e+00 +3.5774e+00 -1.6220e+00 +2.3197e+00 -4.0184e+00 +1.2623e+00 +1.9651e+00 +4.9950e+00 -2.1987e+00 -1.8660e+00 +4.5501e-01
1291 +9.217657333e-01 +9.217657333e-01 +9.917657333e-01 +9.917657333e-01 +3.3268e+00 -2.2350e+00 +1.9314e+00 -4.0581e+00 +1.4564e+00 +1.7510e+00 +4.9474e+00 -2.5862e+00 -2.6162e+00 +5.2181e-01
2640 +5.265068107e-01 +5.265068107e-01 +5.965068107e-01 +5.965068107e-01 +2.9490e+00 -1.7974e+00 +2.2898e+00 -4.0642e+00 +1.5183e+00 +1.3715e+00 +4.9489e+00 -2.8559e+00 -2.5944e+00 -3.3137e-01
4343 +3.944273674e-01 +3.944273674e-01 +4.644273674e-01 +4.644273674e-01 +2.9303e+00 -1.8153e+00 +2.2813e+00 -4.0448e+00 +1.4811e+00 +1.3531e+00 +4.9510e+00 -2.8697e+00 -2.6070e+00 -3.5140e-01
69100 +2.484832747e-01 +2.484832747e-01 +3.184832747e-01 +3.184832747e-01 +2.9314e+00 -1.8073e+00 +2.2652e+00 -4.0474e+00 +1.5021e+00 +1.4512e+00 +4.8274e+00 -2.9914e+00 -2.6227e+00 -3.0233e-01
% function evaluation | noise-free fitness - Fopt (4.960000000000e+00) | best noise-free fitness - Fopt | measured fitness | best measured fitness | x1 | x2...
1 +1.965121643e+01 +1.965121643e+01 +2.461121643e+01 +2.461121643e+01 +4.5102e+00 -1.2312e+00 -3.2729e+00 -1.4441e+00 -1.5090e+00 -4.3739e+00 +2.6610e+00 +1.7142e+00 +5.5137e-01 +4.1748e+00
20 +9.147669720e+00 +9.147669720e+00 +1.410766972e+01 +1.410766972e+01 +1.0988e+00 +1.1672e+00 +1.2479e+00 -3.4085e+00 +3.1666e-01 +5.1023e-01 +2.8271e+00 +6.6573e-01 -2.9398e+00 -4.6908e+00
94 +4.999597999e+00 +4.999597999e+00 +9.959597999e+00 +9.959597999e+00 +1.4540e+00 +2.9732e+00 -1.7041e+00 -5.0000e+00 -3.7231e+00 -5.0000e+00 +5.0000e+00 +1.8607e+00 -5.0000e+00 -5.0000e+00
318 +3.449212996e+00 +3.449212996e+00 +8.409212996e+00 +8.409212996e+00 +3.0114e+00 +1.0414e+00 -2.0564e+00 -5.0000e+00 -2.9267e+00 -3.3294e+00 +5.0000e+00 +1.8467e+00 -3.3300e+00 -4.9739e+00
1130 +2.335295171e+00 +2.335295171e+00 +7.295295171e+00 +7.295295171e+00 +2.4500e+00 +1.6353e+00 -1.6718e+00 -5.0000e+00 -2.6054e+00 -4.1334e+00 +5.0000e+00 +2.8702e+00 -4.0291e+00 -4.9833e+00
% function evaluation | noise-free fitness - Fopt (1.923000000000e+02) | best noise-free fitness - Fopt | measured fitness | best measured fitness | x1 | x2...
1 +4.652159296e+01 +4.652159296e+01 +2.388215930e+02 +2.388215930e+02 +3.1390e+00 +4.9646e+00 -3.4766e+00 +2.6783e+00 +3.4159e+00 +2.3518e+00 +3.7330e+00 -1.4260e+00 +3.4622e+00 +4.3632e+00
2 +1.395392088e+01 +1.395392088e+01 +2.062539209e+02 +2.062539209e+02 -6.3575e-02 +4.7600e+00 -4.7872e+00 +1.2391e+00 -1.8583e+00 +4.8425e+00 +1.9898e+00 +1.8373e+00 -1.0523e+00 -1.7363e+00
111 +8.666309918e+00 +8.666309918e+00 +2.009663099e+02 +2.009663099e+02 -4.2490e+00 +4.0509e-01 -3.6931e+00 -1.5749e+00 -4.5182e-02 +0.0000e+00 -1.9824e+00 +4.5370e+00 +2.8275e+00 +2.0473e+00
181 +5.697971142e+00 +5.697971142e+00 +1.979979711e+02 +1.979979711e+02 -3.5034e+00 +3.5678e+00 -8.6193e-01 -1.5194e+00 -2.6161e+00 +2.0342e+00 -1.0999e+00 +3.8326e-01 +2.4432e+00 -8.1170e-01
482 +3.042002356e+00 +3.042002356e+00 +1.953420024e+02 +1.953420024e+02 -2.8698e+00 +4.2623e+00 -2.6332e+00 -1.3206e+00 -3.0539e+00 -2.0931e+00 +3.3358e-01 +3.4389e+00 +2.4535e+00 -3.9486e-02
663 +2.148023655e+00 +2.148023655e+00 +1.944480237e+02 +1.944480237e+02 -3.4227e+00 +3.1226e+00 -2.9116e+00 -2.6659e+00 -3.7077e+00 +7.1923e-02 +3.1400e-01 +2.6470e+00 +3.1558e+00 -1.7324e-01
1044 +1.565150448e+00 +1.565150448e+00 +1.938651504e+02 +1.938651504e+02 -2.7944e+00 +4.4502e+00 -3.0080e+00 -1.3208e+00 -3.7829e+00 -2.7395e-01 +3.2566e-01 +1.6472e+00 +2.4980e+00 -4.4483e-01
2761 +8.527611704e-01 +8.527611704e-01 +1.931527612e+02 +1.931527612e+02 -3.2446e+00 +3.9527e+00 -3.1375e+00 -7.7746e-01 -4.1478e+00 -5.5212e-01 +1.9310e-01 +1.9319e+00 +2.3802e+00 +4.5585e-01
3276 +6.084937560e-01 +6.084937560e-01 +1.929084938e+02 +1.929084938e+02 -3.2827e+00 +4.2372e+00 -3.1582e+00 -9.3305e-01 -4.4443e+00 -4.4387e-01 +2.2435e-01 +1.9465e+00 +2.8030e+00 +5.2063e-01
4670 +2.866322445e-01 +2.866322445e-01 +1.925866322e+02 +1.925866322e+02 -3.0826e+00 +4.0454e+00 -2.6380e+00 -1.3552e+00 -3.8791e+00 -3.7963e-01 -3.4075e-01 +1.9032e+00 +2.6006e+00 +6.7608e-02
5290 +2.314664887e-01 +2.314664887e-01 +1.925314665e+02 +1.925314665e+02 -3.1161e+00 +3.9406e+00 -2.6229e+00 -1.4435e+00 -3.7458e+00 -2.2780e-01 -2.3457e-01 +1.9918e+00 +2.6290e+00 -3.2268e-02
6479 +1.430520699e-01 +1.430520699e-01 +1.924430521e+02 +1.924430521e+02 -2.9275e+00 +4.0617e+00 -2.6423e+00 -1.3658e+00 -3.6990e+00 -1.0451e-01 -2.3823e-01 +1.9523e+00 +2.5642e+00 +6.7883e-02
12679 +9.958054759e-02 +9.958054759e-02 +1.923995805e+02 +1.923995805e+02 -2.9159e+00 +4.0514e+00 -2.6410e+00 -1.3664e+00 -3.6997e+00 -1.1032e-01 -2.4375e-01 +1.9599e+00 +2.5657e+00 +6.0466e-02
% function evaluation | noise-free fitness - Fopt (4.971000000000e+01) | best noise-free fitness - Fopt | measured fitness | best measured fitness | x1 | x2...
1 +2.814338964e+02 +2.814338964e+02 +3.311438964e+02 +3.311438964e+02 -1.8876e+00 -1.2860e-01 -4.1339e+00 +3.7595e+00 +4.7074e+00 -3.0516e+00 +3.9943e+00 -4.0195e-01 -3.8422e+00 +1.0431e+00
3 +2.182205877e+01 +2.182205877e+01 +7.153205877e+01 +7.153205877e+01 +3.4654e+00 -4.0698e+00 -4.4954e+00 +4.0782e+00 -1.3509e+00 -4.5250e+00 -3.6232e+00 +1.2004e+00 -1.4723e+00 +4.0078e+00
37 +1.414526586e+01 +1.414526586e+01 +6.385526586e+01 +6.385526586e+01 +8.6557e-01 -4.5058e+00 -3.9518e+00 +3.2782e+00 +7.0632e-01 -3.2257e+00 -1.3797e+00 +2.7013e+00 +1.1877e+00 +4.6234e+00
194 +9.327408258e+00 +9.327408258e+00 +5.903740826e+01 +5.903740826e+01 +4.4736e+00 -4.2825e+00 -1.2470e-01 -1.6672e+00 +4.7042e-01 +1.2833e+00 -3.0815e+00 +9.9935e-01 +3.1259e+00 +3.4001e+00
275 +5.963708195e+00 +5.963708195e+00 +5.567370820e+01 +5.567370820e+01 +3.7256e+00 -3.7773e+00 -3.3437e+00 +2.0853e-01 -1.8271e+00 +2.3270e+00 -2.9639e+00 -1.6732e+00 +1.2053e+00 +1.2170e+00
475 +3.701757943e+00 +3.701757943e+00 +5.341175794e+01 +5.341175794e+01 +3.5885e+00 -3.9587e+00 -1.3231e+00 +9.9672e-01 -1.7700e+00 +2.5970e+00 -1.7128e+00 -1.1546e+00 +5.1453e-01 +2.9979e+00
761 +2.259331970e+00 +2.259331970e+00 +5.196933197e+01 +5.196933197e+01 +3.3140e+00 -3.0542e+00 -2.4093e+00 +2.4241e+00 -1.4684e+00 +3.3429e+00 -2.6111e+00 -1.5222e+00 +7.8401e-03 +3.5235e+00
1022 +1.506969143e+00 +1.506969143e+00 +5.121696914e+01 +5.121696914e+01 +2.7107e+00 -3.1863e+00 -1.9482e+00 +2.2717e+00 -1.4023e+00 +3.7968e+00 -2.7231e+00 -1.5618e+00 -4.5802e-01 +3.7508e+00
2117 +9.530322014e-01 +9.530322014e-01 +5.066303220e+01 +5.066303220e+01 +3.7667e+00 -3.4870e+00 -1.1014e+00 +2.2921e+00 -1.9192e+00 +3.4852e+00 -2.6443e+00 -8.3199e-01 -5.4236e-01 +2.6985e+00
2557 +6.119717794e-01 +6.119717794e-01 +5.032197178e+01 +5.032197178e+01 +3.7568e+00 -3.9545e+00 -1.3840e+00 +2.3326e+00 -1.7111e+00 +3.6704e+00 -3.1745e+00 -7.9210e-01 -7.2963e-01 +2.6769e+00
2908 +3.625373443e-01 +3.625373443e-01 +5.007253734e+01 +5.007253734e+01 +3.7942e+00 -3.5288e+00 -1.3780e+00 +2.3314e+00 -1.5158e+00 +3.6715e+00 -3.1234e+00 -8.3452e-01 -7.2524e-01 +2.9094e+00
3246 +1.885260124e-01 +1.885260124e-01 +4.989852601e+01 +4.989852601e+01 +3.6916e+00 -3.6810e+00 -1.3076e+00 +2.3298e+00 -1.5163e+00 +3.6739e+00 -3.1078e+00 -8.3815e-01 -8.2279e-01 +2.9053e+00
4246 +1.537270682e-01 +1.537270682e-01 +4.986372707e+01 +4.986372707e+01 +3.7202e+00 -3.7146e+00 -1.2970e+00 +2.2909e+00 -1.4580e+00 +3.7464e+00 -3.1301e+00 -8.4175e-01 -7.9917e-01 +2.6943e+00
4592 +8.688480417e-02 +8.688480417e-02 +4.979688480e+01 +4.979688480e+01 +3.7213e+00 -3.7122e+00 -1.3045e+00 +2.2763e+00 -1.4965e+00 +3.7546e+00 -3.1210e+00 -8.8776e-01 -8.4988e-01 +2.7682e+00
5909 +5.848428104e-02 +5.848428104e-02 +4.976848428e+01 +4.976848428e+01 +3.7184e+00 -3.6542e+00 -1.3266e+00 +2.2145e+00 -1.4269e+00 +3.7662e+00 -3.1170e+00 -8.7083e-01 -8.5622e-01 +2.7782e+00
8226 +3.523756716e-02 +3.523756716e-02 +4.974523757e+01 +4.974523757e+01 +3.7319e+00 -3.6476e+00 -1.3336e+00 +2.2155e+00 -1.4262e+00 +3.7584e+00 -3.1126e+00 -8.7547e-01 -8.5537e-01 +2.7778e+00
10622 +2.488646184e-02 +2.488646184e-02 +4.973488646e+01 +4.973488646e+01 +3.7340e+00 -3.6544e+00 -1.3329e+00 +2.2162e+00 -1.4257e+00 +3.7591e+00 -3.1166e+00 -8.7058e-01 -8.5151e-01 +2.7770e+00
% function evaluation | noise-free fitness - Fopt (2.051200000000e+02) | best noise-free fitness - Fopt | measured fitness | best measured fitness | x1 | x2...
1 +9.567897514e+01 +9.567897514e+01 +3.007989751e+02 +3.007989751e+02 +4.1902e+00 +2.2616e+00 -4.4496e+00 +3.6178e+00 -1.1073e+00 +2.4926e+00 -4.3529e+00 +4.5941e+00 +2.1633e+00 -1.8672e+00
2 +4.920525974e+01 +4.920525974e+01 +2.543252597e+02 +2.543252597e+02 -4.9084e+00 +4.9322e+00 +2.4795e+00 +3.7014e+00 +1.6524e-01 +4.4665e+00 +6.6667e-01 -1.3348e+00 +4.8021e+00 +9.7134e-01
5 +1.783777948e+01 +1.783777948e+01 +2.229577795e+02 +2.229577795e+02 -1.1808e+00 +3.5938e+00 -4.3002e+00 -1.0414e+00 +1.4613e+00 +3.6254e+00 +1.7457e+00 -1.8017e+00 +5.3686e-02 +1.4886e-01
41 +1.528300914e+01 +1.528300914e+01 +2.204030091e+02 +2.204030091e+02 -8.0980e-01 -2.7384e+00 -1.9321e+00 -1.3822e+00 -5.0000e+00 +3.6047e-02 -5.1005e-01 +5.0000e+00 +2.9011e+00 +2.5084e+00
130 +9.676299473e+00 +9.676299473e+00 +2.147962995e+02 +2.147962995e+02 -3.6419e+00 +1.1555e-01 -4.7598e+00 -1.9468e+00 -2.2124e+00 +1.2097e+00 +1.0012e-01 +4.1926e+00 -9.8669e-01 -1.5275e+00
447 +6.259291994e+00 +6.259291994e+00 +2.113792920e+02 +2.113792920e+02 -3.5123e+00 +1.2556e+00 -3.0302e+00 -1.5509e+00 +7.9015e-03 +2.1911e+00 +3.6894e+00 +3.0510e+00 +4.4272e+00 +2.8978e+00
539 +3.519587920e+00 +3.519587920e+00 +2.086395879e+02 +2.086395879e+02 -3.2477e+00 +3.1552e+00 -3.4220e+00 -1.4528e+00 -1.2199e+00 +1.3610e+00 +5.0000e+00 +3.8123e+00 +1.9219e+00 +4.6169e+00
578 +2.494931236e+00 +2.494931236e+00 +2.076149312e+02 +2.076149312e+02 -2.8229e+00 +3.2495e+00 -3.2456e+00 -1.1697e+00 -1.2186e+00 +2.6977e+00 +4.1420e+00 +3.7785e+00 +2.3579e+00 +3.7336e+00
1172 +1.579096936e+00 +1.579096936e+00 +2.066990969e+02 +2.066990969e+02 -3.8244e+00 +2.6052e+00 -3.2886e+00 -2.1047e+00 -1.4815e+00 +2.5370e+00 +3.6857e+00 +3.9753e+00 +2.6244e+00 +3.7752e+00
1499 +8.747655424e-01 +8.747655424e-01 +2.059947655e+02 +2.059947655e+02 -3.4234e+00 +3.0015e+00 -3.4689e+00 -2.2882e+00 -1.5770e+00 +2.6113e+00 +4.1606e+00 +3.8390e+00 +2.6597e+00 +4.1644e+00
2104 +4.492362093e-01 +4.492362093e-01 +2.055692362e+02 +2.055692362e+02 -3.2934e+00 +3.1432e+00 -3.6138e+00 -2.2692e+00 -1.6638e+00 +2.7285e+00 +3.9854e+00 +3.7710e+00 +2.5320e+00 +4.3443e+00
2184 +3.566649846e-01 +3.566649846e-01 +2.054766650e+02 +2.054766650e+02 -3.2921e+00 +3.1622e+00 -3.6165e+00 -2.2748e+00 -1.6297e+00 +2.7305e+00 +3.8680e+00 +3.7762e+00 +2.4897e+00 +4.3617e+00
3849 +2.510319110e-01 +2.510319110e-01 +2.053710319e+02 +2.053710319e+02 -3.2808e+00 +3.1423e+00 -3.6066e+00 -2.2512e+00 -1.6276e+00 +2.6862e+00 +3.8984e+00 +3.7771e+00 +2.4889e+00 +4.3441e+00
8072 +1.572718808e-01 +1.572718808e-01 +2.052772719e+02 +2.052772719e+02 -3.3483e+00 +3.1567e+00 -3.5890e+00 -2.2755e+00 -1.6460e+00 +2.6826e+00 +3.9149e+00 +3.8000e+00 +2.4388e+00 +4.3483e+00
10432 +9.967573975e-02 +9.967573975e-02 +2.052196757e+02 +2.052196757e+02 -3.3428e+00 +3.1622e+00 -3.5858e+00 -2.2854e+00 -1.6507e+00 +2.6947e+00 +3.9124e+00 +3.8025e+00 +2.4379e+00 +4.3502e+00
% function evaluation | noise-free fitness - Fopt (-1.729000000000e+02) | best noise-free fitness - Fopt | measured fitness | best measured fitness | x1 | x2...
1 +2.312488397e+01 +2.312488397e+01 -1.497751160e+02 -1.497751160e+02 -5.4551e-01 +2.0983e+00 +7.4701e-01 -3.7591e-01 +1.3159e+00 +7.1116e-01 -4.7194e+00 -4.0175e+00 +4.6315e+00 -1.7057e+00
20 +1.520645664e+01 +1.520645664e+01 -1.576935434e+02 -1.576935434e+02 -2.4302e+00 +3.0607e+00 -1.4883e+00 -9.9170e-01 -4.5580e+00 -1.8320e+00 -3.9472e+00 +1.5202e+00 +3.1138e+00 -8.1552e-01
82 +9.130422385e+00 +9.130422385e+00 -1.637695776e+02 -1.637695776e+02 -1.7874e+00 -4.3049e-01 +1.8559e+00 +1.5979e+00 -4.3379e+00 +1.8035e+00 +5.0000e+00 +2.0853e+00 -1.2785e+00 -3.3627e-01
343 +4.838313691e+00 +4.838313691e+00 -1.680616863e+02 -1.680616863e+02 -1.0336e+00 -4.5537e-01 +4.7792e+00 +9.9844e-01 -4.9626e+00 +4.3544e-01 +3.6431e+00 +2.6664e+00 -1.4172e+00 +1.3138e+00
944 +3.863790511e+00 +3.863790511e+00 -1.690362095e+02 -1.690362095e+02 -4.8577e-01 -1.2729e+00 +3.9108e+00 +5.3093e-01 -4.6045e+00 -3.6047e-01 +1.6063e+00 +1.0792e+00 -2.2044e+00 +6.1723e-01
1145 +2.443236828e+00 +2.443236828e+00 -1.704567632e+02 -1.704567632e+02 -3.0433e+00 +1.9206e-01 +3.4899e+00 -2.1058e+00 -3.7500e+00 -3.0478e-01 +1.8234e+00 +1.5643e+00 -2.8096e+00 +7.5148e-01
1997 +1.563313041e+00 +1.563313041e+00 -1.713366870e+02 -1.713366870e+02 -2.2103e+00 -1.1354e+00 +3.9860e+00 -3.5723e+00 -3.8433e+00 -7.6503e-01 +1.3048e+00 +1.3213e+00 -2.9336e+00 +1.1811e+00
2881 +8.939213038e-01 +8.939213038e-01 -1.720060787e+02 -1.720060787e+02 -3.2915e+00 -7.4801e-01 +4.3732e+00 -3.6721e+00 -3.4316e+00 -9.8358e-01 +1.2092e+00 +1.0229e+00 -3.6566e+00 +1.2801e+00
3482 +4.649696128e-01 +4.649696128e-01 -1.724350304e+02 -1.724350304e+02 -3.3076e+00 -1.0228e+00 +4.1599e+00 -3.6612e+00 -3.5003e+00 -1.0219e+00 +9.0351e-01 +1.4517e+00 -3.7305e+00 +1.2443e+00
4507 +3.964435631e-01 +3.964435631e-01 -1.725035564e+02 -1.725035564e+02 -3.3056e+00 -7.3018e-01 +4.1701e+00 -3.6589e+00 -3.5149e+00 -1.0598e+00 +8.6613e-01 +1.2276e+00 -3.5136e+00 +1.3511e+00
5702 +2.387958761e-01 +2.387958761e-01 -1.726612041e+02 -1.726612041e+02 -3.1696e+00 -7.3143e-01 +3.9104e+00 -3.5576e+00 -3.5026e+00 -1.0487e+00 +8.5481e-01 +1.2617e+00 -3.7620e+00 +1.5818e+00
6854 +1.193142365e-01 +1.193142365e-01 -1.727806858e+02 -1.727806858e+02 -3.0787e+00 -8.7544e-01 +3.7998e+00 -3.5124e+00 -3.5687e+00 -1.0533e+00 +7.9164e-01 +1.2857e+00 -3.8670e+00 +1.5221e+00
7351 +8.498118560e-02 +8.498118560e-02 -1.728150188e+02 -1.728150188e+02 -3.1072e+00 -8.4694e-01 +3.8265e+00 -3.5124e+00 -3.5604e+00 -1.0482e+00 +8.3833e-01 +1.2976e+00 -3.8387e+00 +1.5694e+00
8917 +5.722899647e-02 +5.722899647e-02 -1.728427710e+02 -1.728427710e+02 -3.0965e+00 -8.3045e-01 +3.8167e+00 -3.4957e+00 -3.5598e+00 -1.0464e+00 +8.3412e-01 +1.2968e+00 -3.8298e+00 +1.5632e+00
13198 +3.962456424e-02 +3.962456424e-02 -1.728603754e+02 -1.728603754e+02 -3.0923e+00 -8.3334e-01 +3.8161e+00 -3.4926e+00 -3.5599e+00 -1.0451e+00 +8.3330e-01 +1.2948e+00 -3.8299e+00 +1.5635e+00
60221 +2.498007883e-02 +2.498007883e-02 -1.728750199e+02 -1.728750199e+02 -3.0892e+00 -8.4095e-01 +3.8248e+00 -3.4926e+00 -3.5599e+00 -1.0319e+00 +8.3327e-01 +1.2907e+00 -3.8298e+00 +1.5454e+00
% function evaluation | noise-free fitness - Fopt (-3.506200000000e+02) | best noise-free fitness - Fopt | measured fitness | best measured fitness | x1 | x2...
1 +4.535563491e+02 +4.535563491e+02 +1.029363491e+02 +1.029363491e+02 +4.4313e+00 +4.5020e+00 -4.5499e+00 -1.6871e+00 +3.3466e+00 -2.0375e+00 -3.8700e+00 -4.3498e+00 -2.6536e+00 -4.1899e+00
2 +1.004835337e+02 +1.004835337e+02 -2.501364663e+02 -2.501364663e+02 +4.3816e-01 -2.9729e+00 +2.4024e+00 -4.1968e+00 -3.9710e+00 +1.6974e-01 -2.4312e+00 -3.9014e+00 +1.1360e+00 +1.3823e+00
3 +8.133371762e+01 +8.133371762e+01 -2.692862824e+02 -2.692862824e+02 +3.9674e+00 +2.2322e+00 -4.7070e+00 -1.7496e+00 +3.5806e+00 +1.1741e+00 +4.9541e+00 -2.9793e+00 +2.2081e+00 -3.9905e+00
4 +2.643074422e+01 +2.643074422e+01 -3.241892558e+02 -3.241892558e+02 -4.5553e+00 -2.2751e-01 -2.6670e+00 -1.9403e+00 +2.6599e+00 +2.0032e+00 -1.4464e+00 +3.3231e+00 +1.0486e+00 -1.8125e+00
5 +2.005433660e+01 +2.005433660e+01 -3.305656634e+02 -3.305656634e+02 +3.7496e+00 +8.5002e-02 +7.9042e-01 +2.3961e+00 +3.3983e+00 +4.6698e+00 +4.5480e+00 +3.8368e+00 -1.9520e+00 +4.1904e+00
13 +1.395059919e+01 +1.395059919e+01 -3.366694008e+02 -3.366694008e+02 +1.2815e+00 -3.4860e+00 +4.6383e+00 +4.7362e-02 +3.9643e+00 -7.1523e-01 -1.4169e+00 -2.0580e+00 -4.6164e+00 +4.0542e+00
101 +9.906525978e+00 +9.906525978e+00 -3.407134740e+02 -3.407134740e+02 -3.4445e+00 -5.0000e+00 -2.6701e+00 +2.0380e+00 +2.9994e+00 +5.1520e-02 +2.0178e+00 +2.7792e+00 +3.7470e-01 +2.6052e+00
149 +6.026846810e+00 +6.026846810e+00 -3.445931532e+02 -3.445931532e+02 -3.5053e+00 -4.0769e+00 +5.9836e-01 +3.6216e-01 +7.2076e-01 +8.0149e-01 +2.9939e+00 +2.8869e+00 +2.9262e+00 +3.2792e+00
290 +3.602568906e+00 +3.602568906e+00 -3.470174311e+02 -3.470174311e+02 -4.1211e+00 -3.7302e+00 -9.6775e-01 -2.5107e-01 +7.6535e-01 +2.9633e+00 +2.3383e+00 +3.2166e+00 +6.4197e-01 +3.4960e+00
413 +2.065428449e+00 +2.065428449e+00 -3.485545716e+02 -3.485545716e+02 -3.7610e+00 -3.9155e+00 -4.5568e-01 -1.3309e+00 +1.8851e+00 +2.3161e+00 +3.2688e+00 +3.1432e+00 -1.4365e-03 +3.6021e+00
830 +1.252053707e+00 +1.252053707e+00 -3.493679463e+02 -3.493679463e+02 -3.1221e+00 -4.6074e+00 +2.2549e-01 -2.4432e+00 +1.3375e+00 +2.4335e+00 +3.0301e+00 +2.9975e+00 -4.6093e-01 +3.4353e+00
1154 +8.614073379e-01 +8.614073379e-01 -3.497585927e+02 -3.497585927e+02 -3.1425e+00 -4.6387e+00 +2.6121e-01 -2.2544e+00 +1.0879e+00 +2.7179e+00 +3.1224e+00 +3.0163e+00 -1.3837e-01 +3.4684e+00
1687 +5.666305853e-01 +5.666305853e-01 -3.500533694e+02 -3.500533694e+02 -3.5191e+00 -4.6694e+00 +4.1979e-01 -2.4498e+00 +1.5962e+00 +2.7548e+00 +3.2460e+00 +2.9858e+00 -4.6729e-01 +3.2116e+00
1901 +3.892784399e-01 +3.892784399e-01 -3.502307216e+02 -3.502307216e+02 -3.4772e+00 -4.6648e+00 +4.3587e-01 -2.4447e+00 +1.6011e+00 +2.7070e+00 +3.2448e+00 +2.9947e+00 -5.1804e-01 +3.2581e+00
4668 +2.317084664e-01 +2.317084664e-01 -3.503882915e+02 -3.503882915e+02 -3.4691e+00 -4.6148e+00 +3.8811e-01 -2.3313e+00 +1.4868e+00 +2.7050e+00 +3.1905e+00 +2.9516e+00 -5.6602e-01 +3.0576e+00
7648 +1.563359910e-01 +1.563359910e-01 -3.504636640e+02 -3.504636640e+02 -3.4428e+00 -4.6152e+00 +3.9242e-01 -2.3486e+00 +1.4902e+00 +2.7119e+00 +3.1929e+00 +2.9437e+00 -5.8039e-01 +3.0728e+00
12260 +9.959852566e-02 +9.959852566e-02 -3.505204015e+02 -3.505204015e+02 -3.4389e+00 -4.5911e+00 +3.9958e-01 -2.3399e+00 +1.4933e+00 +2.7015e+00 +3.2013e+00 +2.9226e+00 -5.7447e-01 +3.0941e+00
