% function evaluation | noise-free fitness - Fopt (-5.494000000000e+01) | best noise-free fitness - Fopt | measured fitness | best measured fitness | x1 | x2...
1 +5.015537002e+05 +5.015537002e+05 +5.014987602e+05 +5.014987602e+05 -8.8816e-01 -3.0883e-01 +1.9128e-01
5 +1.949891938e+03 +1.949891938e+03 +1.894951938e+03 +1.894951938e+03 -5.3888e-01 -6.8224e-01 +1.6429e+00
112 +9.718156528e+02 +9.718156528e+02 +9.168756528e+02 +9.168756528e+02 -1.7841e+00 -3.8785e-01 +2.2708e+00
116 +8.183981810e+01 +8.183981810e+01 +2.689981810e+01 +2.689981810e+01 -1.7002e+00 -5.0034e-01 +1.8108e+00
289 +5.179820437e+01 +5.179820437e+01 -3.141795632e+00 -3.141795632e+00 -1.7851e+00 -3.5991e-01 +2.2464e+00
298 +3.954137450e+01 +3.954137450e+01 -1.539862550e+01 -1.539862550e+01 -1.7483e+00 -3.3098e-01 +2.3527e+00
365 +2.135351163e+01 +2.135351163e+01 -3.358648837e+01 -3.358648837e+01 -1.6928e+00 -4.0666e-01 +2.1413e+00
378 +1.493235320e+01 +1.493235320e+01 -4.000764680e+01 -4.000764680e+01 -1.5992e+00 -3.7328e-01 +2.2832e+00
711 +9.188364383e+00 +9.188364383e+00 -4.575163562e+01 -4.575163562e+01 -1.6255e+00 -5.9427e-01 +1.5724e+00
789 +6.283314631e+00 +6.283314631e+00 -4.865668537e+01 -4.865668537e+01 -1.6567e+00 -7.5795e-01 +1.0398e+00
819 +2.854652985e+00 +2.854652985e+00 -5.208534701e+01 -5.208534701e+01 -1.6863e+00 -1.0913e+00 -3.0727e-02
837 +2.037949159e+00 +2.037949159e+00 -5.290205084e+01 -5.290205084e+01 -1.7272e+00 -1.2024e+00 -4.0275e-01
846 +9.324732288e-01 +9.324732288e-01 -5.400752677e+01 -5.400752677e+01 -1.6978e+00 -1.4552e+00 -1.1922e+00
868 +4.608001292e-01 +4.608001292e-01 -5.447919987e+01 -5.447919987e+01 -1.7551e+00 -1.5975e+00 -1.6691e+00
882 +3.544830768e-01 +3.544830768e-01 -5.458551692e+01 -5.458551692e+01 -1.7048e+00 -1.4784e+00 -1.2710e+00
922 +2.155628368e-01 +2.155628368e-01 -5.472443716e+01 -5.472443716e+01 -1.7193e+00 -1.3969e+00 -1.0183e+00
926 +7.518990191e-02 +7.518990191e-02 -5.486481010e+01 -5.486481010e+01 -1.7192e+00 -1.4446e+00 -1.1686e+00
931 +5.623657170e-02 +5.623657170e-02 -5.488376343e+01 -5.488376343e+01 -1.7324e+00 -1.5241e+00 -1.4279e+00
946 +2.062649265e-02 +2.062649265e-02 -5.491937351e+01 -5.491937351e+01 -1.7237e+00 -1.4818e+00 -1.2897e+00
953 +1.387850078e-02 +1.387850078e-02 -5.492612150e+01 -5.492612150e+01 -1.7244e+00 -1.5108e+00 -1.3819e+00
975 +7.973807110e-03 +7.973807110e-03 -5.493202619e+01 -5.493202619e+01 -1.7238e+00 -1.4852e+00 -1.2998e+00
986 +1.759546412e-03 +1.759546412e-03 -5.493824045e+01 -5.493824045e+01 -1.7263e+00 -1.5137e+00 -1.3915e+00
1008 +9.898046426e-04 +9.898046426e-04 -5.493901020e+01 -5.493901020e+01 -1.7266e+00 -1.5038e+00 -1.3605e+00
1012 +2.280213171e-04 +2.280213171e-04 -5.493977198e+01 -5.493977198e+01 -1.7261e+00 -1.5086e+00 -1.3754e+00
1029 +1.432637656e-04 +1.432637656e-04 -5.493985674e+01 -5.493985674e+01 -1.7262e+00 -1.5069e+00 -1.3702e+00
1068 +8.051226556e-05 +8.051226556e-05 -5.493991949e+01 -5.493991949e+01 -1.7264e+00 -1.5061e+00 -1.3677e+00
1074 +6.069998268e-05 +6.069998268e-05 -5.493993930e+01 -5.493993930e+01 -1.7261e+00 -1.5055e+00 -1.3656e+00
1083 +2.960897694e-05 +2.960897694e-05 -5.493997039e+01 -5.493997039e+01 -1.7264e+00 -1.5089e+00 -1.3765e+00
1088 +7.214419497e-06 +7.214419497e-06 -5.493999279e+01 -5.493999279e+01 -1.7265e+00 -1.5084e+00 -1.3749e+00
1119 +6.182278590e-06 +6.182278590e-06 -5.493999382e+01 -5.493999382e+01 -1.7263e+00 -1.5079e+00 -1.3732e+00
1140 +1.021411066e-06 +1.021411066e-06 -5.493999898e+01 -5.493999898e+01 -1.7264e+00 -1.5080e+00 -1.3735e+00
1144 +8.434940568e-07 +8.434940568e-07 -5.493999916e+01 -5.493999916e+01 -1.7264e+00 -1.5078e+00 -1.3731e+00
1172 +5.484422161e-08 +5.484422161e-08 -5.493999995e+01 -5.493999995e+01 -1.7264e+00 -1.5080e+00 -1.3737e+00
1208 +2.738065774e-08 +2.738065774e-08 -5.493999997e+01 -5.493999997e+01 -1.7264e+00 -1.5080e+00 -1.3735e+00
1215 +2.397479903e-08 +2.397479903e-08 -5.493999998e+01 -5.493999998e+01 -1.7264e+00 -1.5080e+00 -1.3735e+00
1239 +1.155806473e-08 +1.155806473e-08 -5.493999999e+01 -5.493999999e+01 -1.7264e+00 -1.5080e+00 -1.3735e+00
1250 +7.964487736e-09 +7.964487736e-09 -5.493999999e+01 -5.493999999e+01 -1.7264e+00 -1.5080e+00 -1.3736e+00
% function evaluation | noise-free fitness - Fopt (5.913000000000e+01) | best noise-free fitness - Fopt | measured fitness | best measured fitness | x1 | x2...
1 +2.304365062e+06 +2.304365062e+06 +2.304424192e+06 +2.304424192e+06 -3.5351e+00 +8.1742e-01 -1.0159e-01
4 +3.474079876e+04 +3.474079876e+04 +3.479992876e+04 +3.479992876e+04 -1.1568e+00 +7.4216e-01 +5.5299e-01
21 +9.359482208e+03 +9.359482208e+03 +9.418612208e+03 +9.418612208e+03 +2.4644e-01 +3.3268e-01 -3.9489e-01
37 +5.892764428e+03 +5.892764428e+03 +5.951894428e+03 +5.951894428e+03 -2.9107e+00 +1.9245e+00 +2.4889e-01
56 +3.357312484e+03 +3.357312484e+03 +3.416442484e+03 +3.416442484e+03 -4.4902e+00 +2.4735e+00 +1.7653e+00
226 +2.051658065e+03 +2.051658065e+03 +2.110788065e+03 +2.110788065e+03 -1.0059e+01 +4.5596e+00 +6.1805e+00
249 +1.030149405e+03 +1.030149405e+03 +1.089279405e+03 +1.089279405e+03 -9.9466e+00 +4.5798e+00 +5.8219e+00
258 +8.234250047e+02 +8.234250047e+02 +8.825550047e+02 +8.825550047e+02 -9.8829e+00 +4.6031e+00 +5.6215e+00
278 +3.945058124e+02 +3.945058124e+02 +4.536358124e+02 +4.536358124e+02 -1.1013e+01 +5.1077e+00 +6.1317e+00
284 +2.169187279e+02 +2.169187279e+02 +2.760487279e+02 +2.760487279e+02 -1.1483e+01 +5.4185e+00 +5.9816e+00
438 +1.508011512e+02 +1.508011512e+02 +2.099311512e+02 +2.099311512e+02 -1.0675e+01 +5.1195e+00 +5.3262e+00
575 +9.712937657e+01 +9.712937657e+01 +1.562593766e+02 +1.562593766e+02 -9.3845e+00 +4.6616e+00 +4.2642e+00
602 +6.180245307e+01 +6.180245307e+01 +1.209324531e+02 +1.209324531e+02 -8.2775e+00 +4.2748e+00 +3.3212e+00
645 +2.238509854e+01 +2.238509854e+01 +8.151509854e+01 +8.151509854e+01 -5.7180e+00 +3.3560e+00 +1.2407e+00
711 +1.122371078e+01 +1.122371078e+01 +7.035371078e+01 +7.035371078e+01 -3.6591e+00 +2.6132e+00 -4.1308e-01
717 +6.298262346e+00 +6.298262346e+00 +6.542826235e+01 +6.542826235e+01 -3.5591e+00 +2.5718e+00 -4.8060e-01
740 +2.670882637e+00 +2.670882637e+00 +6.180088264e+01 +6.180088264e+01 -3.3217e+00 +2.5021e+00 -7.3889e-01
743 +1.136116112e+00 +1.136116112e+00 +6.026611611e+01 +6.026611611e+01 -2.2066e+00 +2.1002e+00 -1.6442e+00
748 +7.679390299e-01 +7.679390299e-01 +5.989793903e+01 +5.989793903e+01 -1.8793e+00 +1.9817e+00 -1.9051e+00
836 +4.971759395e-01 +4.971759395e-01 +5.962717594e+01 +5.962717594e+01 -2.2901e+00 +2.1354e+00 -1.5926e+00
844 +1.572576492e-02 +1.572576492e-02 +5.914572576e+01 +5.914572576e+01 -2.2832e+00 +2.1275e+00 -1.5755e+00
913 +9.973538263e-03 +9.973538263e-03 +5.913997354e+01 +5.913997354e+01 -2.3047e+00 +2.1342e+00 -1.5548e+00
926 +7.055097459e-04 +7.055097459e-04 +5.913070551e+01 +5.913070551e+01 -2.2454e+00 +2.1136e+00 -1.6056e+00
946 +3.010473351e-04 +3.010473351e-04 +5.913030105e+01 +5.913030105e+01 -2.2675e+00 +2.1215e+00 -1.5878e+00
953 +1.152605575e-04 +1.152605575e-04 +5.913011526e+01 +5.913011526e+01 -2.2545e+00 +2.1170e+00 -1.5990e+00
989 +9.119857882e-05 +9.119857882e-05 +5.913009120e+01 +5.913009120e+01 -2.2595e+00 +2.1188e+00 -1.5949e+00
990 +1.808315101e-05 +1.808315101e-05 +5.913001808e+01 +5.913001808e+01 -2.2596e+00 +2.1187e+00 -1.5945e+00
1015 +3.411233592e-06 +3.411233592e-06 +5.913000341e+01 +5.913000341e+01 -2.2598e+00 +2.1188e+00 -1.5944e+00
1048 +2.511152864e-06 +2.511152864e-06 +5.913000251e+01 +5.913000251e+01 -2.2617e+00 +2.1195e+00 -1.5928e+00
1069 +1.470340514e-06 +1.470340514e-06 +5.913000147e+01 +5.913000147e+01 -2.2600e+00 +2.1189e+00 -1.5943e+00
1082 +9.604421578e-07 +9.604421578e-07 +5.913000096e+01 +5.913000096e+01 -2.2603e+00 +2.1190e+00 -1.5940e+00
1088 +4.450336633e-07 +4.450336633e-07 +5.913000045e+01 +5.913000045e+01 -2.2606e+00 +2.1191e+00 -1.5937e+00
1099 +2.467370805e-07 +2.467370805e-07 +5.913000025e+01 +5.913000025e+01 -2.2610e+00 +2.1193e+00 -1.5935e+00
1101 +1.191147945e-07 +1.191147945e-07 +5.913000012e+01 +5.913000012e+01 -2.2607e+00 +2.1192e+00 -1.5937e+00
1140 +3.451872033e-08 +3.451872033e-08 +5.913000003e+01 +5.913000003e+01 -2.2608e+00 +2.1192e+00 -1.5936e+00
1157 +8.481634950e-09 +8.481634950e-09 +5.913000001e+01 +5.913000001e+01 -2.2609e+00 +2.1192e+00 -1.5936e+00
1161 +5.269782832e-09 +5.269782832e-09 +5.913000001e+01 +5.913000001e+01 -2.2608e+00 +2.1192e+00 -1.5936e+00
% function evaluation | noise-free fitness - Fopt (-4.915300000000e+02) | best noise-free fitness - Fopt | measured fitness | best measured fitness | x1 | x2...
1 +8.167637643e+06 +8.167637643e+06 +8.167146113e+06 +8.167146113e+06 -3.4551e+00 +2.8041e+00 +9.2638e-01
2 +1.848907416e+06 +1.848907416e+06 +1.848415886e+06 +1.848415886e+06 -4.3202e+00 -5.2710e-01 +1.1770e+00
10 +2.462009742e+04 +2.462009742e+04 +2.412856742e+04 +2.412856742e+04 -3.4453e+00 -2.4855e+00 +2.4797e-01
194 +1.125061944e+04 +1.125061944e+04 +1.075908944e+04 +1.075908944e+04 -6.1842e+00 -1.1502e+00 +1.0745e+00
201 +8.634572051e+03 +8.634572051e+03 +8.143042051e+03 +8.143042051e+03 -5.8211e+00 -1.5469e+00 +1.0308e+00
206 +2.576632028e+03 +2.576632028e+03 +2.085102028e+03 +2.085102028e+03 -5.6590e+00 -3.1043e+00 +1.7957e+00
208 +1.406159748e+03 +1.406159748e+03 +9.146297484e+02 +9.146297484e+02 -4.9553e+00 -3.8442e+00 +1.7939e+00
235 +9.452860771e+02 +9.452860771e+02 +4.537560771e+02 +4.537560771e+02 -4.9936e+00 -3.8601e+00 +1.7445e+00
280 +5.368695724e+02 +5.368695724e+02 +4.533957240e+01 +4.533957240e+01 -4.9256e+00 -4.1544e+00 +1.8646e+00
285 +3.150892629e+02 +3.150892629e+02 -1.764407371e+02 -1.764407371e+02 -4.4536e+00 -3.7938e+00 +1.3743e+00
291 +9.011343842e+01 +9.011343842e+01 -4.014165616e+02 -4.014165616e+02 -4.7165e+00 -4.1304e+00 +1.7525e+00
420 +6.079151502e+01 +6.079151502e+01 -4.307384850e+02 -4.307384850e+02 -4.8466e+00 -4.3430e+00 +1.9409e+00
627 +3.904422641e+01 +3.904422641e+01 -4.524857736e+02 -4.524857736e+02 -3.9921e+00 -3.6729e+00 +1.0288e+00
711 +2.165414133e+01 +2.165414133e+01 -4.698758587e+02 -4.698758587e+02 -2.8146e+00 -2.8518e+00 -1.7059e-01
750 +1.234616506e+01 +1.234616506e+01 -4.791838349e+02 -4.791838349e+02 -2.0847e+00 -2.3066e+00 -9.3681e-01
766 +8.651183529e+00 +8.651183529e+00 -4.828788165e+02 -4.828788165e+02 -1.6744e+00 -2.0745e+00 -1.3271e+00
789 +6.065708224e+00 +6.065708224e+00 -4.854642918e+02 -4.854642918e+02 -5.8459e-01 -1.1864e+00 -2.5088e+00
790 +1.542879791e+00 +1.542879791e+00 -4.899871202e+02 -4.899871202e+02 -1.5075e-01 -9.4725e-01 -2.9178e+00
844 +9.125738672e-01 +9.125738672e-01 -4.906174261e+02 -4.906174261e+02 +4.6726e-01 -5.5244e-01 -3.5279e+00
856 +3.447738750e-01 +3.447738750e-01 -4.911852261e+02 -4.911852261e+02 +2.3527e-01 -7.0545e-01 -3.2962e+00
890 +1.282889149e-01 +1.282889149e-01 -4.914017111e+02 -4.914017111e+02 +3.8792e-02 -8.4239e-01 -3.0954e+00
920 +8.365230026e-02 +8.365230026e-02 -4.914463477e+02 -4.914463477e+02 -4.2792e-02 -8.8831e-01 -3.0175e+00
926 +1.112749252e-02 +1.112749252e-02 -4.915188725e+02 -4.915188725e+02 +3.3372e-02 -8.3653e-01 -3.0948e+00
946 +8.513203655e-03 +8.513203655e-03 -4.915214868e+02 -4.915214868e+02 +9.1563e-02 -7.9385e-01 -3.1553e+00
956 +5.981128949e-03 +5.981128949e-03 -4.915240189e+02 -4.915240189e+02 +4.2659e-02 -8.2836e-01 -3.1052e+00
975 +1.506365702e-03 +1.506365702e-03 -4.915284936e+02 -4.915284936e+02 +6.0321e-02 -8.1467e-01 -3.1241e+00
987 +5.208281625e-04 +5.208281625e-04 -4.915294792e+02 -4.915294792e+02 +6.4617e-02 -8.1237e-01 -3.1280e+00
1011 +6.002761836e-06 +6.002761836e-06 -4.915299940e+02 -4.915299940e+02 +7.1131e-02 -8.0694e-01 -3.1351e+00
1088 +3.403155233e-07 +3.403155233e-07 -4.915299997e+02 -4.915299997e+02 +7.2100e-02 -8.0631e-01 -3.1361e+00
1144 +8.539018381e-08 +8.539018381e-08 -4.915299999e+02 -4.915299999e+02 +7.1977e-02 -8.0642e-01 -3.1360e+00
1175 +4.812005727e-08 +4.812005727e-08 -4.915300000e+02 -4.915300000e+02 +7.1925e-02 -8.0646e-01 -3.1359e+00
1176 +2.185879566e-08 +2.185879566e-08 -4.915300000e+02 -4.915300000e+02 +7.2061e-02 -8.0635e-01 -3.1361e+00
1194 +1.370887048e-08 +1.370887048e-08 -4.915300000e+02 -4.915300000e+02 +7.2027e-02 -8.0638e-01 -3.1360e+00
1207 +7.884068509e-09 +7.884068509e-09 -4.915300000e+02 -4.915300000e+02 +7.1971e-02 -8.0642e-01 -3.1360e+00
1213 +5.527851954e-09 +5.527851954e-09 -4.915300000e+02 -4.915300000e+02 +7.1984e-02 -8.0641e-01 -3.1360e+00
% function evaluation | noise-free fitness - Fopt (-1.702000000000e+02) | best noise-free fitness - Fopt | measured fitness | best measured fitness | x1 | x2...
1 +3.210775978e+07 +3.210775978e+07 +3.210758958e+07 +3.210758958e+07 +3.6279e+00 -3.5012e-01 +1.3570e+00
2 +1.159750591e+07 +1.159750591e+07 +1.159733571e+07 +1.159733571e+07 +2.7628e+00 -3.6813e+00 +1.6077e+00
9 +5.238323777e+06 +5.238323777e+06 +5.238153577e+06 +5.238153577e+06 +8.3825e-01 -5.9796e+00 +4.8155e+00
11 +6.359625968e+05 +6.359625968e+05 +6.357923968e+05 +6.357923968e+05 -1.0434e+00 -3.7735e+00 +1.0743e+00
21 +2.324024326e+04 +2.324024326e+04 +2.307004326e+04 +2.307004326e+04 +3.3155e-01 -4.5628e+00 -1.0445e+00
94 +4.200606768e+03 +4.200606768e+03 +4.030406768e+03 +4.030406768e+03 +2.1556e+00 -8.3629e+00 +1.3862e+00
112 +2.618346887e+03 +2.618346887e+03 +2.448146887e+03 +2.448146887e+03 +2.3781e+00 -8.3636e+00 +1.1270e+00
144 +7.800230394e+02 +7.800230394e+02 +6.098230394e+02 +6.098230394e+02 +3.7293e+00 -9.4942e+00 +1.1095e+00
236 +1.698698274e+02 +1.698698274e+02 -3.301726017e-01 -3.301726017e-01 +3.2568e+00 -8.9773e+00 +9.4341e-01
304 +1.431386184e+02 +1.431386184e+02 -2.706138160e+01 -2.706138160e+01 +3.3890e+00 -9.0043e+00 +8.2327e-01
627 +9.242493580e+01 +9.242493580e+01 -7.777506420e+01 -7.777506420e+01 +2.3520e+00 -7.7881e+00 +4.7839e-01
645 +5.873915019e+01 +5.873915019e+01 -1.114608498e+02 -1.114608498e+02 +1.2898e+00 -6.5095e+00 +7.8352e-02
711 +3.776775925e+01 +3.776775925e+01 -1.324322408e+02 -1.324322408e+02 +4.3877e-01 -5.5013e+00 -2.1130e-01
750 +2.289952219e+01 +2.289952219e+01 -1.473004778e+02 -1.473004778e+02 -5.4989e-01 -4.3200e+00 -5.7180e-01
790 +1.144457013e+01 +1.144457013e+01 -1.587554299e+02 -1.587554299e+02 -1.4489e+00 -3.2533e+00 -8.8571e-01
794 +6.733092006e+00 +6.733092006e+00 -1.634669080e+02 -1.634669080e+02 -2.2026e+00 -2.3364e+00 -1.1801e+00
797 +5.607381578e+00 +5.607381578e+00 -1.645926184e+02 -1.645926184e+02 -2.0450e+00 -2.5520e+00 -1.0866e+00
803 +3.538018219e+00 +3.538018219e+00 -1.666619818e+02 -1.666619818e+02 -2.4311e+00 -2.0962e+00 -1.2197e+00
820 +1.881128055e+00 +1.881128055e+00 -1.683188719e+02 -1.683188719e+02 -3.6520e+00 -6.1464e-01 -1.6906e+00
836 +7.249508136e-01 +7.249508136e-01 -1.694750492e+02 -1.694750492e+02 -3.2400e+00 -1.1338e+00 -1.5079e+00
855 +6.037045237e-01 +6.037045237e-01 -1.695962955e+02 -1.695962955e+02 -3.2349e+00 -1.1464e+00 -1.4949e+00
868 +3.940735974e-01 +3.940735974e-01 -1.698059264e+02 -1.698059264e+02 -3.9007e+00 -3.4448e-01 -1.7448e+00
889 +2.432375616e-01 +2.432375616e-01 -1.699567624e+02 -1.699567624e+02 -3.4726e+00 -8.5750e-01 -1.5875e+00
917 +1.581804722e-01 +1.581804722e-01 -1.700418195e+02 -1.700418195e+02 -3.6980e+00 -5.8198e-01 -1.6778e+00
926 +1.320798682e-02 +1.320798682e-02 -1.701867920e+02 -1.701867920e+02 -3.6077e+00 -6.9451e-01 -1.6393e+00
946 +9.163752238e-03 +9.163752238e-03 -1.701908362e+02 -1.701908362e+02 -3.5068e+00 -8.1674e-01 -1.6005e+00
953 +4.021932888e-03 +4.021932888e-03 -1.701959781e+02 -1.701959781e+02 -3.5583e+00 -7.5682e-01 -1.6170e+00
975 +3.434576531e-03 +3.434576531e-03 -1.701965654e+02 -1.701965654e+02 -3.5507e+00 -7.6504e-01 -1.6155e+00
977 +2.063009017e-03 +2.063009017e-03 -1.701979370e+02 -1.701979370e+02 -3.5461e+00 -7.6926e-01 -1.6154e+00
989 +1.130576927e-03 +1.130576927e-03 -1.701988694e+02 -1.701988694e+02 -3.5687e+00 -7.4353e-01 -1.6220e+00
990 +6.363507423e-04 +6.363507423e-04 -1.701993636e+02 -1.701993636e+02 -3.5675e+00 -7.4411e-01 -1.6227e+00
1012 +5.335840768e-05 +5.335840768e-05 -1.701999466e+02 -1.701999466e+02 -3.5567e+00 -7.5720e-01 -1.6185e+00
1045 +2.974817215e-05 +2.974817215e-05 -1.701999703e+02 -1.701999703e+02 -3.5575e+00 -7.5652e-01 -1.6185e+00
1061 +1.563821181e-05 +1.563821181e-05 -1.701999844e+02 -1.701999844e+02 -3.5580e+00 -7.5573e-01 -1.6189e+00
1082 +5.427385076e-06 +5.427385076e-06 -1.701999946e+02 -1.701999946e+02 -3.5586e+00 -7.5506e-01 -1.6191e+00
1101 +6.774738495e-07 +6.774738495e-07 -1.701999993e+02 -1.701999993e+02 -3.5587e+00 -7.5501e-01 -1.6190e+00
1134 +6.172343490e-07 +6.172343490e-07 -1.701999994e+02 -1.701999994e+02 -3.5592e+00 -7.5446e-01 -1.6192e+00
1140 +3.830045614e-07 +3.830045614e-07 -1.701999996e+02 -1.701999996e+02 -3.5590e+00 -7.5466e-01 -1.6191e+00
1157 +5.678376169e-08 +5.678376169e-08 -1.701999999e+02 -1.701999999e+02 -3.5591e+00 -7.5447e-01 -1.6192e+00
1161 +2.559943368e-08 +2.559943368e-08 -1.702000000e+02 -1.702000000e+02 -3.5592e+00 -7.5444e-01 -1.6192e+00
1191 +6.588948054e-09 +6.588948054e-09 -1.702000000e+02 -1.702000000e+02 -3.5592e+00 -7.5442e-01 -1.6192e+00
1192 +5.218879551e-09 +5.218879551e-09 -1.702000000e+02 -1.702000000e+02 -3.5592e+00 -7.5440e-01 -1.6192e+00
% function evaluation | noise-free fitness - Fopt (-4.697500000000e+02) | best noise-free fitness - Fopt | measured fitness | best measured fitness | x1 | x2...
1 +5.334746707e+05 +5.334746707e+05 +5.330049207e+05 +5.330049207e+05 +1.1462e+00 -2.4656e+00 +1.5619e+00
2 +2.503961205e+04 +2.503961205e+04 +2.456986205e+04 +2.456986205e+04 +2.8104e-01 -5.7967e+00 +1.8126e+00
8 +3.669771498e+02 +3.669771498e+02 -1.027728502e+02 -1.027728502e+02 +9.5488e-01 -4.1303e+00 +2.1508e+00
191 +5.573086837e+01 +5.573086837e+01 -4.140191316e+02 -4.140191316e+02 +3.8467e-01 -3.6412e+00 +3.1535e+00
285 +2.944396400e+01 +2.944396400e+01 -4.403060360e+02 -4.403060360e+02 +8.6721e-01 -4.3687e+00 +2.1582e+00
301 +1.262588428e+01 +1.262588428e+01 -4.571241157e+02 -4.571241157e+02 +9.1363e-01 -4.2302e+00 +2.1739e+00
337 +5.478985303e+00 +5.478985303e+00 -4.642710147e+02 -4.642710147e+02 +8.5103e-01 -4.1015e+00 +2.3232e+00
534 +3.327201364e+00 +3.327201364e+00 -4.664227986e+02 -4.664227986e+02 +7.3949e-01 -3.9225e+00 +2.5584e+00
550 +2.504694401e+00 +2.504694401e+00 -4.672453056e+02 -4.672453056e+02 +5.6226e-01 -3.7051e+00 +2.8916e+00
618 +1.190562852e+00 +1.190562852e+00 -4.685594371e+02 -4.685594371e+02 +3.5792e-01 -3.4141e+00 +3.2996e+00
636 +6.672480674e-01 +6.672480674e-01 -4.690827519e+02 -4.690827519e+02 +2.7334e-01 -3.3023e+00 +3.4656e+00
648 +5.481272569e-01 +5.481272569e-01 -4.692018727e+02 -4.692018727e+02 +1.5473e-01 -3.1469e+00 +3.6953e+00
650 +2.194987068e-01 +2.194987068e-01 -4.695305013e+02 -4.695305013e+02 +5.6562e-02 -3.0184e+00 +3.8846e+00
668 +5.435185431e-02 +5.435185431e-02 -4.696956481e+02 -4.696956481e+02 +7.8812e-02 -3.0303e+00 +3.8506e+00
689 +1.368447670e-02 +1.368447670e-02 -4.697363155e+02 -4.697363155e+02 +3.9680e-02 -2.9830e+00 +3.9239e+00
744 +7.693471980e-05 +7.693471980e-05 -4.697499231e+02 -4.697499231e+02 +2.4755e-02 -2.9651e+00 +3.9519e+00
868 +5.358172933e-05 +5.358172933e-05 -4.697499464e+02 -4.697499464e+02 +2.7815e-02 -2.9688e+00 +3.9462e+00
889 +2.513441478e-05 +2.513441478e-05 -4.697499749e+02 -4.697499749e+02 +2.6393e-02 -2.9671e+00 +3.9489e+00
922 +1.901185379e-05 +1.901185379e-05 -4.697499810e+02 -4.697499810e+02 +2.6333e-02 -2.9673e+00 +3.9488e+00
926 +4.147146797e-06 +4.147146797e-06 -4.697499959e+02 -4.697499959e+02 +2.7125e-02 -2.9682e+00 +3.9474e+00
937 +3.308343139e-06 +3.308343139e-06 -4.697499967e+02 -4.697499967e+02 +2.5888e-02 -2.9664e+00 +3.9498e+00
946 +1.995683192e-06 +1.995683192e-06 -4.697499980e+02 -4.697499980e+02 +2.5920e-02 -2.9665e+00 +3.9498e+00
974 +1.541697600e-06 +1.541697600e-06 -4.697499985e+02 -4.697499985e+02 +2.6408e-02 -2.9672e+00 +3.9488e+00
975 +9.041388580e-07 +9.041388580e-07 -4.697499991e+02 -4.697499991e+02 +2.6173e-02 -2.9669e+00 +3.9493e+00
982 +5.638567018e-07 +5.638567018e-07 -4.697499994e+02 -4.697499994e+02 +2.6554e-02 -2.9674e+00 +3.9485e+00
997 +2.540551804e-07 +2.540551804e-07 -4.697499997e+02 -4.697499997e+02 +2.6390e-02 -2.9672e+00 +3.9488e+00
999 +1.799730285e-07 +1.799730285e-07 -4.697499998e+02 -4.697499998e+02 +2.6448e-02 -2.9673e+00 +3.9487e+00
1006 +5.063196795e-08 +5.063196795e-08 -4.697499999e+02 -4.697499999e+02 +2.6468e-02 -2.9673e+00 +3.9487e+00
1029 +5.262961622e-09 +5.262961622e-09 -4.697500000e+02 -4.697500000e+02 +2.6402e-02 -2.9672e+00 +3.9488e+00
% function evaluation | noise-free fitness - Fopt (-2.178200000000e+02) | best noise-free fitness - Fopt | measured fitness | best measured fitness | x1 | x2...
1 +5.238734642e+05 +5.238734642e+05 +5.236556442e+05 +5.236556442e+05 +2.3201e+00 -5.3423e-01 +2.7129e+00
4 +1.147575426e+04 +1.147575426e+04 +1.125793426e+04 +1.125793426e+04 +4.6984e+00 -6.0950e-01 +3.3675e+00
26 +7.062669899e+03 +7.062669899e+03 +6.844849899e+03 +6.844849899e+03 +3.1447e+00 -1.7092e+00 +3.0830e+00
35 +4.117981063e+03 +4.117981063e+03 +3.900161063e+03 +3.900161063e+03 +1.4562e+00 -1.3692e+00 +1.6147e+00
84 +3.478208116e+03 +3.478208116e+03 +3.260388116e+03 +3.260388116e+03 -9.0574e-02 -1.5002e+00 +7.5941e-01
110 +2.463930339e+03 +2.463930339e+03 +2.246110339e+03 +2.246110339e+03 +3.2898e+00 -1.4354e+00 +2.9848e+00
139 +1.349842349e+03 +1.349842349e+03 +1.132022349e+03 +1.132022349e+03 +2.3229e+00 -1.4913e+00 +2.4939e+00
152 +7.797600396e+02 +7.797600396e+02 +5.619400396e+02 +5.619400396e+02 +2.7080e+00 -1.3832e+00 +2.5529e+00
167 +4.819097764e+02 +4.819097764e+02 +2.640897764e+02 +2.640897764e+02 +2.0076e+00 -1.1702e+00 +1.9091e+00
179 +3.354792342e+01 +3.354792342e+01 -1.842720766e+02 -1.842720766e+02 +2.4618e+00 -1.3357e+00 +2.3828e+00
248 +2.204936716e+01 +2.204936716e+01 -1.957706328e+02 -1.957706328e+02 +2.1881e+00 -1.5708e+00 +2.4191e+00
699 +1.569696047e+01 +1.569696047e+01 -2.021230395e+02 -2.021230395e+02 +2.0398e+00 -1.6130e+00 +2.3558e+00
837 +9.604681478e+00 +9.604681478e+00 -2.082153185e+02 -2.082153185e+02 +1.2714e+00 -2.1163e+00 +2.3158e+00
849 +5.538624626e+00 +5.538624626e+00 -2.122813754e+02 -2.122813754e+02 +2.9740e-01 -2.6996e+00 +2.2139e+00
920 +2.905324069e+00 +2.905324069e+00 -2.149146759e+02 -2.149146759e+02 -3.5239e-02 -2.9115e+00 +2.1893e+00
924 +1.243341706e+00 +1.243341706e+00 -2.165766583e+02 -2.165766583e+02 -4.6626e-01 -3.1965e+00 +2.1690e+00
930 +9.959795054e-01 +9.959795054e-01 -2.168240205e+02 -2.168240205e+02 -7.9971e-01 -3.4051e+00 +2.1407e+00
946 +6.124652304e-01 +6.124652304e-01 -2.172075348e+02 -2.172075348e+02 -9.0326e-01 -3.4667e+00 +2.1310e+00
956 +2.623062853e-01 +2.623062853e-01 -2.175576937e+02 -2.175576937e+02 -8.6315e-01 -3.4316e+00 +2.1237e+00
974 +2.063990753e-01 +2.063990753e-01 -2.176136009e+02 -2.176136009e+02 -1.2355e+00 -3.6569e+00 +2.0864e+00
975 +7.608986590e-02 +7.608986590e-02 -2.177439101e+02 -2.177439101e+02 -1.0946e+00 -3.5806e+00 +2.1090e+00
982 +4.987819349e-02 +4.987819349e-02 -2.177701218e+02 -2.177701218e+02 -1.2810e+00 -3.6910e+00 +2.0882e+00
999 +2.945234131e-02 +2.945234131e-02 -2.177905477e+02 -2.177905477e+02 -1.4088e+00 -3.7731e+00 +2.0795e+00
1008 +2.305657365e-02 +2.305657365e-02 -2.177969434e+02 -2.177969434e+02 -1.2588e+00 -3.6803e+00 +2.0931e+00
1012 +1.264171570e-03 +1.264171570e-03 -2.178187358e+02 -2.178187358e+02 -1.3179e+00 -3.7185e+00 +2.0893e+00
1074 +9.312404142e-04 +9.312404142e-04 -2.178190688e+02 -2.178190688e+02 -1.2798e+00 -3.6937e+00 +2.0915e+00
1082 +4.272701647e-04 +4.272701647e-04 -2.178195727e+02 -2.178195727e+02 -1.3058e+00 -3.7101e+00 +2.0894e+00
1099 +3.132113108e-04 +3.132113108e-04 -2.178196868e+02 -2.178196868e+02 -1.2916e+00 -3.7019e+00 +2.0912e+00
1140 +8.796510048e-05 +8.796510048e-05 -2.178199120e+02 -2.178199120e+02 -1.2911e+00 -3.7013e+00 +2.0911e+00
1148 +6.244122048e-05 +6.244122048e-05 -2.178199376e+02 -2.178199376e+02 -1.3020e+00 -3.7083e+00 +2.0904e+00
1157 +7.253114120e-06 +7.253114120e-06 -2.178199927e+02 -2.178199927e+02 -1.2998e+00 -3.7068e+00 +2.0904e+00
1161 +5.961862456e-06 +5.961862456e-06 -2.178199940e+02 -2.178199940e+02 -1.3003e+00 -3.7071e+00 +2.0904e+00
1204 +1.674982059e-06 +1.674982059e-06 -2.178199983e+02 -2.178199983e+02 -1.2984e+00 -3.7059e+00 +2.0905e+00
1210 +1.521338902e-06 +1.521338902e-06 -2.178199985e+02 -2.178199985e+02 -1.2986e+00 -3.7060e+00 +2.0904e+00
1215 +6.188204509e-07 +6.188204509e-07 -2.178199994e+02 -2.178199994e+02 -1.2986e+00 -3.7060e+00 +2.0904e+00
1224 +2.172063773e-07 +2.172063773e-07 -2.178199998e+02 -2.178199998e+02 -1.2993e+00 -3.7064e+00 +2.0904e+00
1239 +6.593828061e-08 +6.593828061e-08 -2.178199999e+02 -2.178199999e+02 -1.2991e+00 -3.7064e+00 +2.0904e+00
1265 +6.187795520e-08 +6.187795520e-08 -2.178199999e+02 -2.178199999e+02 -1.2990e+00 -3.7063e+00 +2.0904e+00
1276 +1.742398581e-08 +1.742398581e-08 -2.178200000e+02 -2.178200000e+02 -1.2992e+00 -3.7064e+00 +2.0904e+00
1318 +6.439762501e-09 +6.439762501e-09 -2.178200000e+02 -2.178200000e+02 -1.2992e+00 -3.7064e+00 +2.0904e+00
1325 +4.317541880e-09 +4.317541880e-09 -2.178200000e+02 -2.178200000e+02 -1.2992e+00 -3.7064e+00 +2.0904e+00
% function evaluation | noise-free fitness - Fopt (-2.180000000000e+01) | best noise-free fitness - Fopt | measured fitness | best measured fitness | x1 | x2...
1 +3.598255544e+06 +3.598255544e+06 +3.598233744e+06 +3.598233744e+06 -2.9198e+00 +6.3268e-01 +2.3519e+00
6 +2.304350844e+06 +2.304350844e+06 +2.304329044e+06 +2.304329044e+06 -4.0964e+00 +4.9991e+00 +2.0791e+00
7 +4.226239483e+03 +4.226239483e+03 +4.204439483e+03 +4.204439483e+03 -2.6920e+00 +2.7662e+00 +2.4705e+00
159 +3.587153941e+03 +3.587153941e+03 +3.565353941e+03 +3.565353941e+03 -2.2809e+00 +1.0798e+00 -2.9704e-01
194 +2.368245266e+03 +2.368245266e+03 +2.346445266e+03 +2.346445266e+03 -1.7613e+00 +1.2124e+00 +2.6041e-01
199 +1.203272969e+03 +1.203272969e+03 +1.181472969e+03 +1.181472969e+03 -1.9103e+00 +1.4221e+00 +4.8450e-01
206 +4.211363254e+02 +4.211363254e+02 +3.993363254e+02 +3.993363254e+02 -1.3598e+00 +1.4858e+00 +8.9851e-01
226 +1.093214650e+02 +1.093214650e+02 +8.752146504e+01 +8.752146504e+01 -1.0225e+00 +1.5727e+00 +1.2022e+00
280 +8.928683615e+01 +8.928683615e+01 +6.748683615e+01 +6.748683615e+01 -1.0919e+00 +1.5996e+00 +1.2135e+00
298 +4.300440368e+01 +4.300440368e+01 +2.120440368e+01 +2.120440368e+01 -7.3438e-01 +1.5090e+00 +1.2620e+00
301 +1.586508362e+01 +1.586508362e+01 -5.934916378e+00 -5.934916378e+00 -8.3211e-01 +1.6785e+00 +1.4885e+00
307 +1.365360460e+01 +1.365360460e+01 -8.146395403e+00 -8.146395403e+00 -6.0485e-01 +1.6266e+00 +1.5294e+00
337 +3.249107848e+00 +3.249107848e+00 -1.855089215e+01 -1.855089215e+01 -8.4793e-01 +1.6654e+00 +1.4629e+00
353 +2.467029996e+00 +2.467029996e+00 -1.933297000e+01 -1.933297000e+01 -8.7097e-01 +1.6744e+00 +1.4679e+00
382 +7.585075816e-01 +7.585075816e-01 -2.104149242e+01 -2.104149242e+01 -9.4189e-01 +1.6611e+00 +1.4102e+00
395 +3.486919100e-01 +3.486919100e-01 -2.145130809e+01 -2.145130809e+01 -9.0864e-01 +1.6703e+00 +1.4420e+00
443 +1.062639165e-01 +1.062639165e-01 -2.169373608e+01 -2.169373608e+01 -9.9633e-01 +1.6811e+00 +1.4147e+00
493 +8.157506177e-03 +8.157506177e-03 -2.179184249e+01 -2.179184249e+01 -1.0239e+00 +1.6929e+00 +1.4201e+00
495 +4.780682462e-03 +4.780682462e-03 -2.179521932e+01 -2.179521932e+01 -1.0219e+00 +1.6933e+00 +1.4220e+00
528 +2.614774645e-03 +2.614774645e-03 -2.179738523e+01 -2.179738523e+01 -1.0320e+00 +1.6967e+00 +1.4223e+00
559 +1.847216393e-03 +1.847216393e-03 -2.179815278e+01 -2.179815278e+01 -1.0291e+00 +1.6955e+00 +1.4217e+00
597 +7.764387606e-04 +7.764387606e-04 -2.179922356e+01 -2.179922356e+01 -1.0194e+00 +1.6931e+00 +1.4228e+00
627 +4.999949583e-04 +4.999949583e-04 -2.179950001e+01 -2.179950001e+01 -1.0114e+00 +1.6903e+00 +1.4223e+00
636 +8.070292581e-05 +8.070292581e-05 -2.179991930e+01 -2.179991930e+01 -1.0048e+00 +1.6887e+00 +1.4229e+00
648 +3.183473381e-05 +3.183473381e-05 -2.179996817e+01 -2.179996817e+01 -9.9981e-01 +1.6873e+00 +1.4231e+00
699 +1.979727546e-05 +1.979727546e-05 -2.179998020e+01 -2.179998020e+01 -9.9335e-01 +1.6854e+00 +1.4234e+00
718 +7.537744878e-06 +7.537744878e-06 -2.179999246e+01 -2.179999246e+01 -9.9654e-01 +1.6864e+00 +1.4233e+00
725 +2.860182668e-06 +2.860182668e-06 -2.179999714e+01 -2.179999714e+01 -9.9595e-01 +1.6862e+00 +1.4233e+00
754 +1.737694237e-06 +1.737694237e-06 -2.179999826e+01 -2.179999826e+01 -9.9616e-01 +1.6862e+00 +1.4232e+00
759 +6.429211936e-07 +6.429211936e-07 -2.179999936e+01 -2.179999936e+01 -9.9626e-01 +1.6863e+00 +1.4232e+00
790 +1.520425350e-07 +1.520425350e-07 -2.179999985e+01 -2.179999985e+01 -9.9684e-01 +1.6864e+00 +1.4232e+00
889 +9.999400419e-08 +9.999400419e-08 -2.179999990e+01 -2.179999990e+01 -9.9707e-01 +1.6865e+00 +1.4232e+00
892 +5.825499017e-08 +5.825499017e-08 -2.179999994e+01 -2.179999994e+01 -9.9691e-01 +1.6864e+00 +1.4232e+00
902 +3.767837953e-08 +3.767837953e-08 -2.179999996e+01 -2.179999996e+01 -9.9686e-01 +1.6864e+00 +1.4232e+00
922 +1.106466385e-08 +1.106466385e-08 -2.179999999e+01 -2.179999999e+01 -9.9684e-01 +1.6864e+00 +1.4232e+00
927 +6.595641366e-09 +6.595641366e-09 -2.179999999e+01 -2.179999999e+01 -9.9686e-01 +1.6864e+00 +1.4232e+00
% function evaluation | noise-free fitness - Fopt (8.714000000000e+01) | best noise-free fitness - Fopt | measured fitness | best measured fitness | x1 | x2...
1 +2.595203260e+05 +2.595203260e+05 +2.596074660e+05 +2.596074660e+05 -1.3270e+00 -3.9103e+00 -1.7731e+00
4 +5.958937269e+04 +5.958937269e+04 +5.967651269e+04 +5.967651269e+04 +1.0514e+00 -3.9856e+00 -1.1185e+00
13 +2.655866087e+04 +2.655866087e+04 +2.664580087e+04 +2.664580087e+04 +1.7974e+00 -2.4093e+00 -2.5396e-01
30 +1.058704133e+04 +1.058704133e+04 +1.067418133e+04 +1.067418133e+04 +2.0446e+00 -4.1360e+00 -7.2596e-01
51 +9.642987109e+03 +9.642987109e+03 +9.730127109e+03 +9.730127109e+03 +1.3456e+00 -3.0745e+00 -3.5470e-01
105 +4.320582721e+03 +4.320582721e+03 +4.407722721e+03 +4.407722721e+03 +5.6423e-01 -4.5919e+00 -1.1613e+00
110 +1.026508609e+03 +1.026508609e+03 +1.113648609e+03 +1.113648609e+03 -2.6445e-01 -4.0250e+00 -1.1147e+00
194 +8.889738138e+02 +8.889738138e+02 +9.761138138e+02 +9.761138138e+02 -1.4050e-01 -3.7755e+00 -9.7857e-01
206 +3.519860007e+02 +3.519860007e+02 +4.391260007e+02 +4.391260007e+02 -8.4253e-01 -3.6301e+00 -1.0095e+00
220 +9.433201832e+01 +9.433201832e+01 +1.814720183e+02 +1.814720183e+02 -8.5415e-01 -3.7756e+00 -1.0909e+00
227 +4.515966803e+01 +4.515966803e+01 +1.322996680e+02 +1.322996680e+02 -1.0181e+00 -3.7167e+00 -1.0942e+00
284 +3.885892034e+01 +3.885892034e+01 +1.259989203e+02 +1.259989203e+02 -1.0874e+00 -3.6985e+00 -1.0935e+00
550 +2.273991190e+01 +2.273991190e+01 +1.098799119e+02 +1.098799119e+02 -8.5668e-01 -2.6682e+00 -6.3391e-01
618 +1.315765478e+01 +1.315765478e+01 +1.002976548e+02 +1.002976548e+02 -6.0099e-01 -1.6871e+00 -1.8896e-01
635 +8.114542959e+00 +8.114542959e+00 +9.525454296e+01 +9.525454296e+01 -3.9204e-01 -8.2578e-01 +1.9974e-01
650 +4.490084838e+00 +4.490084838e+00 +9.163008484e+01 +9.163008484e+01 -2.3959e-01 +1.1981e-01 +6.1431e-01
672 +3.150213992e+00 +3.150213992e+00 +9.029021399e+01 +9.029021399e+01 -4.0132e-02 +9.5466e-01 +9.9099e-01
717 +1.979550784e+00 +1.979550784e+00 +8.911955078e+01 +8.911955078e+01 -8.2480e-02 +7.1302e-01 +8.8246e-01
725 +1.350049670e+00 +1.350049670e+00 +8.849004967e+01 +8.849004967e+01 +1.3389e-01 +1.6060e+00 +1.2848e+00
738 +6.335480255e-01 +6.335480255e-01 +8.777354803e+01 +8.777354803e+01 +2.2771e-01 +1.9957e+00 +1.4622e+00
748 +4.628094776e-01 +4.628094776e-01 +8.760280948e+01 +8.760280948e+01 +5.2822e-02 +1.2874e+00 +1.1418e+00
754 +7.926885237e-02 +7.926885237e-02 +8.721926885e+01 +8.721926885e+01 +1.6126e-01 +1.6709e+00 +1.3175e+00
759 +4.912120521e-02 +4.912120521e-02 +8.718912121e+01 +8.718912121e+01 +1.5346e-01 +1.6077e+00 +1.2899e+00
818 +3.456988977e-02 +3.456988977e-02 +8.717456989e+01 +8.717456989e+01 +1.2417e-01 +1.4947e+00 +1.2387e+00
844 +1.029178850e-02 +1.029178850e-02 +8.715029179e+01 +8.715029179e+01 +1.4272e-01 +1.5856e+00 +1.2791e+00
866 +8.894309782e-03 +8.894309782e-03 +8.714889431e+01 +8.714889431e+01 +1.2940e-01 +1.5442e+00 +1.2598e+00
868 +4.942393448e-03 +4.942393448e-03 +8.714494239e+01 +8.714494239e+01 +1.3782e-01 +1.5664e+00 +1.2704e+00
878 +2.693719223e-03 +2.693719223e-03 +8.714269372e+01 +8.714269372e+01 +1.4159e-01 +1.5822e+00 +1.2775e+00
882 +2.131720515e-03 +2.131720515e-03 +8.714213172e+01 +8.714213172e+01 +1.4404e-01 +1.5930e+00 +1.2823e+00
889 +1.146950467e-03 +1.146950467e-03 +8.714114695e+01 +8.714114695e+01 +1.4054e-01 +1.5853e+00 +1.2785e+00
926 +1.930416427e-04 +1.930416427e-04 +8.714019304e+01 +8.714019304e+01 +1.4006e-01 +1.5833e+00 +1.2777e+00
953 +5.745690906e-05 +5.745690906e-05 +8.714005746e+01 +8.714005746e+01 +1.4137e-01 +1.5879e+00 +1.2797e+00
974 +1.440499013e-05 +1.440499013e-05 +8.714001440e+01 +8.714001440e+01 +1.4033e-01 +1.5831e+00 +1.2776e+00
997 +6.640687118e-06 +6.640687118e-06 +8.714000664e+01 +8.714000664e+01 +1.4084e-01 +1.5852e+00 +1.2786e+00
1006 +2.209669219e-06 +2.209669219e-06 +8.714000221e+01 +8.714000221e+01 +1.4058e-01 +1.5840e+00 +1.2780e+00
1012 +1.514987730e-06 +1.514987730e-06 +8.714000151e+01 +8.714000151e+01 +1.4057e-01 +1.5839e+00 +1.2780e+00
1030 +8.604209825e-07 +8.604209825e-07 +8.714000086e+01 +8.714000086e+01 +1.4081e-01 +1.5849e+00 +1.2784e+00
1049 +3.053006594e-07 +3.053006594e-07 +8.714000031e+01 +8.714000031e+01 +1.4080e-01 +1.5849e+00 +1.2784e+00
1050 +1.569649015e-07 +1.569649015e-07 +8.714000016e+01 +8.714000016e+01 +1.4072e-01 +1.5845e+00 +1.2783e+00
1083 +8.611559110e-08 +8.611559110e-08 +8.714000009e+01 +8.714000009e+01 +1.4084e-01 +1.5849e+00 +1.2785e+00
1092 +1.607003242e-08 +1.607003242e-08 +8.714000002e+01 +8.714000002e+01 +1.4082e-01 +1.5849e+00 +1.2784e+00
1134 +1.206352351e-08 +1.206352351e-08 +8.714000001e+01 +8.714000001e+01 +1.4081e-01 +1.5848e+00 +1.2784e+00
1150 +7.864741747e-09 +7.864741747e-09 +8.714000001e+01 +8.714000001e+01 +1.4082e-01 +1.5849e+00 +1.2784e+00
1157 +3.584631258e-09 +3.584631258e-09 +8.714000000e+01 +8.714000000e+01 +1.4081e-01 +1.5848e+00 +1.2784e+00
% function evaluation | noise-free fitness - Fopt (-4.690000000000e+00) | best noise-free fitness - Fopt | measured fitness | best measured fitness | x1 | x2...
1 +5.194342555e+05 +5.194342555e+05 +5.194295655e+05 +5.194295655e+05 -7.6924e-01 -8.4332e-01 +2.9080e+00
2 +7.173028197e+04 +7.173028197e+04 +7.172559197e+04 +7.172559197e+04 -1.6344e+00 -4.1745e+00 +3.1586e+00
37 +2.297797837e+04 +2.297797837e+04 +2.297328837e+04 +2.297328837e+04 -6.9764e-04 -1.6522e+00 +3.1230e+00
51 +6.959179587e+03 +6.959179587e+03 +6.954489587e+03 +6.954489587e+03 +9.7596e-01 +4.6930e-01 +2.8795e+00
91 +2.546933759e+03 +2.546933759e+03 +2.542243759e+03 +2.542243759e+03 -3.3883e-01 +2.4722e+00 -2.2372e-01
209 +2.357782233e+03 +2.357782233e+03 +2.353092233e+03 +2.353092233e+03 -1.7885e+00 +6.0169e-01 -7.5043e-01
212 +1.464748721e+03 +1.464748721e+03 +1.460058721e+03 +1.460058721e+03 -1.2664e+00 +1.2377e+00 -6.2417e-01
235 +5.920896025e+02 +5.920896025e+02 +5.873996025e+02 +5.873996025e+02 -1.4088e+00 +1.5161e+00 -9.4416e-01
236 +2.922799219e+02 +2.922799219e+02 +2.875899219e+02 +2.875899219e+02 -1.4435e+00 +2.2608e+00 -1.5373e+00
285 +2.164012698e+02 +2.164012698e+02 +2.117112698e+02 +2.117112698e+02 -1.5489e+00 +2.2811e+00 -1.6958e+00
288 +1.368250771e+01 +1.368250771e+01 +8.992507709e+00 +8.992507709e+00 -1.3799e+00 +2.1228e+00 -1.3789e+00
293 +5.953622044e+00 +5.953622044e+00 +1.263622044e+00 +1.263622044e+00 -1.3011e+00 +2.0583e+00 -1.2352e+00
337 +4.982678393e-01 +4.982678393e-01 -4.191732161e+00 -4.191732161e+00 -1.3688e+00 +2.0160e+00 -1.2869e+00
366 +2.125201187e-01 +2.125201187e-01 -4.477479881e+00 -4.477479881e+00 -1.2683e+00 +2.0616e+00 -1.1916e+00
443 +5.856611215e-02 +5.856611215e-02 -4.631433888e+00 -4.631433888e+00 -1.2108e+00 +2.0658e+00 -1.1207e+00
576 +2.777124254e-02 +2.777124254e-02 -4.662228757e+00 -4.662228757e+00 -1.2333e+00 +2.0566e+00 -1.1428e+00
589 +2.461725382e-02 +2.461725382e-02 -4.665382746e+00 -4.665382746e+00 -1.2437e+00 +2.0577e+00 -1.1570e+00
598 +1.384174936e-02 +1.384174936e-02 -4.676158251e+00 -4.676158251e+00 -1.2552e+00 +2.0528e+00 -1.1679e+00
621 +9.682735414e-03 +9.682735414e-03 -4.680317265e+00 -4.680317265e+00 -1.2675e+00 +2.0504e+00 -1.1820e+00
654 +3.772017534e-03 +3.772017534e-03 -4.686227982e+00 -4.686227982e+00 -1.2912e+00 +2.0452e+00 -1.2085e+00
686 +2.031045149e-03 +2.031045149e-03 -4.687968955e+00 -4.687968955e+00 -1.3047e+00 +2.0417e+00 -1.2231e+00
711 +7.192637894e-04 +7.192637894e-04 -4.689280736e+00 -4.689280736e+00 -1.3141e+00 +2.0397e+00 -1.2337e+00
744 +4.569538526e-04 +4.569538526e-04 -4.689543046e+00 -4.689543046e+00 -1.3189e+00 +2.0391e+00 -1.2393e+00
750 +1.352668088e-04 +1.352668088e-04 -4.689864733e+00 -4.689864733e+00 -1.3260e+00 +2.0373e+00 -1.2471e+00
762 +9.601849919e-05 +9.601849919e-05 -4.689903982e+00 -4.689903982e+00 -1.3304e+00 +2.0363e+00 -1.2519e+00
836 +5.778797140e-05 +5.778797140e-05 -4.689942212e+00 -4.689942212e+00 -1.3331e+00 +2.0354e+00 -1.2547e+00
844 +3.754074906e-05 +3.754074906e-05 -4.689962459e+00 -4.689962459e+00 -1.3318e+00 +2.0357e+00 -1.2534e+00
856 +1.402885565e-05 +1.402885565e-05 -4.689985971e+00 -4.689985971e+00 -1.3313e+00 +2.0359e+00 -1.2529e+00
886 +9.658049439e-06 +9.658049439e-06 -4.689990342e+00 -4.689990342e+00 -1.3329e+00 +2.0356e+00 -1.2546e+00
892 +1.953849631e-06 +1.953849631e-06 -4.689998046e+00 -4.689998046e+00 -1.3317e+00 +2.0359e+00 -1.2533e+00
902 +1.369237695e-06 +1.369237695e-06 -4.689998631e+00 -4.689998631e+00 -1.3318e+00 +2.0359e+00 -1.2535e+00
903 +2.112588877e-07 +2.112588877e-07 -4.689999789e+00 -4.689999789e+00 -1.3311e+00 +2.0360e+00 -1.2527e+00
946 +3.121105863e-08 +3.121105863e-08 -4.689999969e+00 -4.689999969e+00 -1.3311e+00 +2.0360e+00 -1.2527e+00
997 +1.967011443e-08 +1.967011443e-08 -4.689999980e+00 -4.689999980e+00 -1.3312e+00 +2.0360e+00 -1.2528e+00
999 +3.667574688e-09 +3.667574688e-09 -4.689999996e+00 -4.689999996e+00 -1.3312e+00 +2.0360e+00 -1.2528e+00
1003 +2.047308101e-09 +2.047308101e-09 -4.689999998e+00 -4.689999998e+00 -1.3312e+00 +2.0360e+00 -1.2528e+00
% function evaluation | noise-free fitness - Fopt (-1.800000000000e+00) | best noise-free fitness - Fopt | measured fitness | best measured fitness | x1 | x2...
1 +5.656013662e+06 +5.656013662e+06 +5.656011862e+06 +5.656011862e+06 +2.1316e+00 -3.4987e+00 +6.1432e-01
6 +5.110926853e+05 +5.110926853e+05 +5.110908853e+05 +5.110908853e+05 +9.5494e-01 +8.6770e-01 +3.4153e-01
15 +3.414920813e+04 +3.414920813e+04 +3.414740813e+04 +3.414740813e+04 -2.4716e-01 -1.2180e+00 -1.9711e+00
64 +2.413646259e+04 +2.413646259e+04 +2.413466259e+04 +2.413466259e+04 +1.0992e+00 +3.0256e-01 -6.3925e-01
87 +9.807075178e+03 +9.807075178e+03 +9.805275178e+03 +9.805275178e+03 +1.2368e+00 +8.5439e-01 -1.9511e+00
93 +3.950126983e+03 +3.950126983e+03 +3.948326983e+03 +3.948326983e+03 +1.3027e+00 +1.0995e+00 -1.9622e+00
187 +2.345039572e+03 +2.345039572e+03 +2.343239572e+03 +2.343239572e+03 +1.1469e+00 +1.1484e+00 -2.5535e+00
198 +1.055970682e+03 +1.055970682e+03 +1.054170682e+03 +1.054170682e+03 +1.0592e+00 +1.2859e+00 -2.9160e+00
236 +4.978538782e+02 +4.978538782e+02 +4.960538782e+02 +4.960538782e+02 +8.7134e-01 +1.0233e+00 -3.1321e+00
248 +3.882680736e+02 +3.882680736e+02 +3.864680736e+02 +3.864680736e+02 +9.7063e-01 +1.2188e+00 -3.1803e+00
252 +1.639017503e+02 +1.639017503e+02 +1.621017503e+02 +1.621017503e+02 +1.0664e+00 +1.4813e+00 -3.3251e+00
265 +1.215559607e+02 +1.215559607e+02 +1.197559607e+02 +1.197559607e+02 +9.9137e-01 +1.3975e+00 -3.4181e+00
289 +4.147824806e+01 +4.147824806e+01 +3.967824806e+01 +3.967824806e+01 +1.1431e+00 +1.6799e+00 -3.4533e+00
304 +1.013332738e+01 +1.013332738e+01 +8.333327377e+00 +8.333327377e+00 +1.1233e+00 +1.7681e+00 -3.6829e+00
315 +1.936099407e+00 +1.936099407e+00 +1.360994065e-01 +1.360994065e-01 +1.0380e+00 +1.6443e+00 -3.7130e+00
393 +1.329351782e+00 +1.329351782e+00 -4.706482175e-01 -4.706482175e-01 +1.1066e+00 +1.7208e+00 -3.6348e+00
439 +6.795198442e-01 +6.795198442e-01 -1.120480156e+00 -1.120480156e+00 +1.2923e+00 +1.9865e+00 -3.5324e+00
464 +5.879193999e-01 +5.879193999e-01 -1.212080600e+00 -1.212080600e+00 +1.3036e+00 +2.0127e+00 -3.5465e+00
557 +1.913469685e-01 +1.913469685e-01 -1.608653031e+00 -1.608653031e+00 +1.4034e+00 +2.1371e+00 -3.4585e+00
570 +1.058294439e-01 +1.058294439e-01 -1.694170556e+00 -1.694170556e+00 +1.3676e+00 +2.0964e+00 -3.4979e+00
583 +1.370055424e-02 +1.370055424e-02 -1.786299446e+00 -1.786299446e+00 +1.2524e+00 +1.9288e+00 -3.5570e+00
672 +4.601369289e-03 +4.601369289e-03 -1.795398631e+00 -1.795398631e+00 +1.3080e+00 +2.0088e+00 -3.5266e+00
685 +3.063901707e-03 +3.063901707e-03 -1.796936098e+00 -1.796936098e+00 +1.2877e+00 +1.9793e+00 -3.5374e+00
711 +1.538353141e-04 +1.538353141e-04 -1.799846165e+00 -1.799846165e+00 +1.2859e+00 +1.9772e+00 -3.5392e+00
829 +7.024016069e-05 +7.024016069e-05 -1.799929760e+00 -1.799929760e+00 +1.2846e+00 +1.9753e+00 -3.5399e+00
844 +4.103977912e-06 +4.103977912e-06 -1.799995896e+00 -1.799995896e+00 +1.2843e+00 +1.9748e+00 -3.5399e+00
868 +2.355350097e-06 +2.355350097e-06 -1.799997645e+00 -1.799997645e+00 +1.2837e+00 +1.9739e+00 -3.5402e+00
895 +1.578231478e-06 +1.578231478e-06 -1.799998422e+00 -1.799998422e+00 +1.2835e+00 +1.9737e+00 -3.5403e+00
917 +7.016571386e-07 +7.016571386e-07 -1.799999298e+00 -1.799999298e+00 +1.2837e+00 +1.9740e+00 -3.5402e+00
922 +4.556696531e-07 +4.556696531e-07 -1.799999544e+00 -1.799999544e+00 +1.2841e+00 +1.9745e+00 -3.5399e+00
926 +8.758550329e-08 +8.758550329e-08 -1.799999912e+00 -1.799999912e+00 +1.2839e+00 +1.9743e+00 -3.5401e+00
946 +1.151620088e-08 +1.151620088e-08 -1.799999988e+00 -1.799999988e+00 +1.2840e+00 +1.9745e+00 -3.5400e+00
982 +8.095931259e-09 +8.095931259e-09 -1.799999992e+00 -1.799999992e+00 +1.2840e+00 +1.9744e+00 -3.5400e+00
989 +4.829851852e-09 +4.829851852e-09 -1.799999995e+00 -1.799999995e+00 +1.2840e+00 +1.9744e+00 -3.5400e+00
% function evaluation | noise-free fitness - Fopt (5.522000000000e+01) | best noise-free fitness - Fopt | measured fitness | best measured fitness | x1 | x2...
1 +5.963372024e+06 +5.963372024e+06 +5.963427244e+06 +5.963427244e+06 +2.2575e+00 -3.9759e+00 +3.4327e+00
6 +6.075854369e+03 +6.075854369e+03 +6.131074369e+03 +6.131074369e+03 +1.0809e+00 +3.9045e-01 +3.1599e+00
40 +1.456719782e+03 +1.456719782e+03 +1.511939782e+03 +1.511939782e+03 +4.3084e-01 -1.1067e+00 +2.2847e+00
275 +5.233933431e+02 +5.233933431e+02 +5.786133431e+02 +5.786133431e+02 -8.5105e-01 -4.2704e+00 +4.1637e-01
289 +2.705414647e+02 +2.705414647e+02 +3.257614647e+02 +3.257614647e+02 -8.2201e-01 -3.8124e+00 -3.9608e-01
297 +2.672044055e+01 +2.672044055e+01 +8.194044055e+01 +8.194044055e+01 -8.1208e-01 -3.9186e+00 -1.0860e-01
392 +2.172692278e+01 +2.172692278e+01 +7.694692278e+01 +7.694692278e+01 -6.4129e-01 -3.5082e+00 +1.7886e-01
526 +1.577182278e+01 +1.577182278e+01 +7.099182278e+01 +7.099182278e+01 -3.4571e-01 -2.7422e+00 +5.6050e-01
611 +7.802512378e+00 +7.802512378e+00 +6.302251238e+01 +6.302251238e+01 -7.5500e-02 -2.0825e+00 +1.0016e+00
636 +4.665382533e+00 +4.665382533e+00 +5.988538253e+01 +5.988538253e+01 +2.1716e-01 -1.3525e+00 +1.4411e+00
648 +3.803740591e+00 +3.803740591e+00 +5.902374059e+01 +5.902374059e+01 +3.8915e-01 -9.2377e-01 +1.7002e+00
669 +1.514014544e+00 +1.514014544e+00 +5.673401454e+01 +5.673401454e+01 +1.0426e+00 +7.3087e-01 +2.6395e+00
716 +4.820461610e-01 +4.820461610e-01 +5.570204616e+01 +5.570204616e+01 +6.4399e-01 -2.7596e-01 +2.0575e+00
725 +1.565076813e-01 +1.565076813e-01 +5.537650768e+01 +5.537650768e+01 +7.2250e-01 -7.5516e-02 +2.1675e+00
738 +8.704796605e-02 +8.704796605e-02 +5.530704797e+01 +5.530704797e+01 +7.6666e-01 +3.6688e-02 +2.2296e+00
745 +7.648475523e-03 +7.648475523e-03 +5.522764848e+01 +5.522764848e+01 +8.3372e-01 +2.0472e-01 +2.3281e+00
903 +5.310108270e-03 +5.310108270e-03 +5.522531011e+01 +5.522531011e+01 +8.2104e-01 +1.7240e-01 +2.3104e+00
908 +2.754514591e-03 +2.754514591e-03 +5.522275451e+01 +5.522275451e+01 +8.3911e-01 +2.1765e-01 +2.3372e+00
909 +2.169226888e-03 +2.169226888e-03 +5.522216923e+01 +5.522216923e+01 +8.2873e-01 +1.9124e-01 +2.3232e+00
926 +1.561428863e-03 +1.561428863e-03 +5.522156143e+01 +5.522156143e+01 +8.3381e-01 +2.0426e-01 +2.3301e+00
927 +5.172776372e-04 +5.172776372e-04 +5.522051728e+01 +5.522051728e+01 +8.3800e-01 +2.1447e-01 +2.3371e+00
937 +1.839428956e-04 +1.839428956e-04 +5.522018394e+01 +5.522018394e+01 +8.4626e-01 +2.3534e-01 +2.3487e+00
946 +1.500539664e-04 +1.500539664e-04 +5.522015005e+01 +5.522015005e+01 +8.4600e-01 +2.3467e-01 +2.3485e+00
974 +5.575664879e-05 +5.575664879e-05 +5.522005576e+01 +5.522005576e+01 +8.4479e-01 +2.3157e-01 +2.3468e+00
999 +2.025849363e-05 +2.025849363e-05 +5.522002026e+01 +5.522002026e+01 +8.4184e-01 +2.2417e-01 +2.3424e+00
1001 +9.798241621e-06 +9.798241621e-06 +5.522000980e+01 +5.522000980e+01 +8.4268e-01 +2.2634e-01 +2.3436e+00
1012 +2.658517921e-06 +2.658517921e-06 +5.522000266e+01 +5.522000266e+01 +8.4214e-01 +2.2495e-01 +2.3428e+00
1029 +4.634227935e-07 +4.634227935e-07 +5.522000046e+01 +5.522000046e+01 +8.4231e-01 +2.2536e-01 +2.3431e+00
1083 +1.546214250e-07 +1.546214250e-07 +5.522000015e+01 +5.522000015e+01 +8.4242e-01 +2.2566e-01 +2.3432e+00
1092 +4.499213446e-08 +4.499213446e-08 +5.522000004e+01 +5.522000004e+01 +8.4242e-01 +2.2564e-01 +2.3432e+00
1150 +3.366289292e-08 +3.366289292e-08 +5.522000003e+01 +5.522000003e+01 +8.4244e-01 +2.2571e-01 +2.3433e+00
1157 +7.892246856e-09 +7.892246856e-09 +5.522000001e+01 +5.522000001e+01 +8.4240e-01 +2.2560e-01 +2.3432e+00
% function evaluation | noise-free fitness - Fopt (1.808000000000e+02) | best noise-free fitness - Fopt | measured fitness | best measured fitness | x1 | x2...
1 +2.701976580e+07 +2.701976580e+07 +2.701994660e+07 +2.701994660e+07 +1.3154e+00 +7.2584e-01 -9.3898e-02
2 +6.513508389e+06 +6.513508389e+06 +6.513689189e+06 +6.513689189e+06 +4.5026e-01 -2.6053e+00 +1.5677e-01
9 +2.333202277e+06 +2.333202277e+06 +2.333383077e+06 +2.333383077e+06 -1.0944e+00 -4.9318e+00 +4.1967e+00
14 +9.711722109e+05 +9.711722109e+05 +9.713530109e+05 +9.713530109e+05 +1.6993e+00 -3.1353e+00 -2.2109e+00
16 +2.489159471e+05 +2.489159471e+05 +2.490967471e+05 +2.490967471e+05 -9.4758e-01 -5.4054e+00 +1.6391e+00
50 +4.700967499e+04 +4.700967499e+04 +4.719047499e+04 +4.719047499e+04 -1.8423e+00 -6.1729e+00 +1.0474e+00
105 +4.926537345e+03 +4.926537345e+03 +5.107337345e+03 +5.107337345e+03 +2.8393e-01 -5.1605e+00 +1.6159e-01
206 +3.661985491e+03 +3.661985491e+03 +3.842785491e+03 +3.842785491e+03 -5.7190e-01 -6.3295e+00 +3.3598e+00
208 +1.813077579e+03 +1.813077579e+03 +1.993877579e+03 +1.993877579e+03 +2.6600e-01 -6.1836e+00 +3.6479e+00
220 +1.298272660e+03 +1.298272660e+03 +1.479072660e+03 +1.479072660e+03 +3.2847e-01 -6.0836e+00 +3.1495e+00
285 +9.994718580e+02 +9.994718580e+02 +1.180271858e+03 +1.180271858e+03 +2.6567e-01 -6.0805e+00 +3.1774e+00
301 +6.189144513e+02 +6.189144513e+02 +7.997144513e+02 +7.997144513e+02 +4.1599e-01 -6.1364e+00 +3.5027e+00
334 +2.268931946e+02 +2.268931946e+02 +4.076931946e+02 +4.076931946e+02 +9.9901e-01 -6.1204e+00 +3.8745e+00
369 +1.239066054e+02 +1.239066054e+02 +3.047066054e+02 +3.047066054e+02 +1.1935e+00 -6.2617e+00 +4.5521e+00
450 +8.608150171e+01 +8.608150171e+01 +2.668815017e+02 +2.668815017e+02 +1.0201e+00 -6.2963e+00 +4.5455e+00
759 +6.283788096e+01 +6.283788096e+01 +2.436378810e+02 +2.436378810e+02 +1.1697e+00 -6.0478e+00 +3.8069e+00
819 +3.691297445e+01 +3.691297445e+01 +2.177129745e+02 +2.177129745e+02 +1.3194e+00 -5.3999e+00 +1.6680e+00
846 +9.138177211e+00 +9.138177211e+00 +1.899381772e+02 +1.899381772e+02 +1.6770e+00 -4.4793e+00 -1.2338e+00
870 +3.811075410e+00 +3.811075410e+00 +1.846110754e+02 +1.846110754e+02 +1.7616e+00 -4.1485e+00 -2.3222e+00
917 +1.831901078e+00 +1.831901078e+00 +1.826319011e+02 +1.826319011e+02 +1.8365e+00 -3.8422e+00 -3.3211e+00
926 +1.577977946e+00 +1.577977946e+00 +1.823779779e+02 +1.823779779e+02 +1.8199e+00 -3.9319e+00 -3.0291e+00
935 +6.649252669e-01 +6.649252669e-01 +1.814649253e+02 +1.814649253e+02 +1.8829e+00 -3.6765e+00 -3.8641e+00
953 +1.782913285e-01 +1.782913285e-01 +1.809782913e+02 +1.809782913e+02 +1.8838e+00 -3.7430e+00 -3.6303e+00
959 +1.332364120e-01 +1.332364120e-01 +1.809332364e+02 +1.809332364e+02 +1.9314e+00 -3.6126e+00 -4.0472e+00
974 +1.321014677e-02 +1.321014677e-02 +1.808132101e+02 +1.808132101e+02 +1.9186e+00 -3.6414e+00 -3.9560e+00
1012 +8.347542736e-03 +8.347542736e-03 +1.808083475e+02 +1.808083475e+02 +1.9180e+00 -3.6453e+00 -3.9429e+00
1029 +3.573435421e-03 +3.573435421e-03 +1.808035734e+02 +1.808035734e+02 +1.9178e+00 -3.6415e+00 -3.9565e+00
1068 +1.666679081e-03 +1.666679081e-03 +1.808016667e+02 +1.808016667e+02 +1.9139e+00 -3.6503e+00 -3.9292e+00
1069 +5.776181117e-04 +5.776181117e-04 +1.808005776e+02 +1.808005776e+02 +1.9197e+00 -3.6328e+00 -3.9852e+00
1094 +3.642638829e-04 +3.642638829e-04 +1.808003643e+02 +1.808003643e+02 +1.9162e+00 -3.6439e+00 -3.9495e+00
1099 +8.403316340e-05 +8.403316340e-05 +1.808000840e+02 +1.808000840e+02 +1.9175e+00 -3.6403e+00 -3.9611e+00
1101 +4.133964111e-05 +4.133964111e-05 +1.808000413e+02 +1.808000413e+02 +1.9176e+00 -3.6391e+00 -3.9652e+00
1156 +1.956624223e-05 +1.956624223e-05 +1.808000196e+02 +1.808000196e+02 +1.9177e+00 -3.6391e+00 -3.9650e+00
1157 +5.837685421e-06 +5.837685421e-06 +1.808000058e+02 +1.808000058e+02 +1.9177e+00 -3.6388e+00 -3.9660e+00
1172 +3.516636866e-06 +3.516636866e-06 +1.808000035e+02 +1.808000035e+02 +1.9175e+00 -3.6396e+00 -3.9636e+00
1194 +3.229120864e-07 +3.229120864e-07 +1.808000003e+02 +1.808000003e+02 +1.9176e+00 -3.6391e+00 -3.9652e+00
1204 +6.350444437e-08 +6.350444437e-08 +1.808000001e+02 +1.808000001e+02 +1.9176e+00 -3.6391e+00 -3.9651e+00
1250 +1.025210850e-08 +1.025210850e-08 +1.808000000e+02 +1.808000000e+02 +1.9176e+00 -3.6392e+00 -3.9648e+00
1269 +7.577057204e-09 +7.577057204e-09 +1.808000000e+02 +1.808000000e+02 +1.9176e+00 -3.6392e+00 -3.9648e+00
% function evaluation | noise-free fitness - Fopt (-2.261200000000e+02) | best noise-free fitness - Fopt | measured fitness | best measured fitness | x1 | x2...
1 +3.188090912e+07 +3.188090912e+07 +3.188068300e+07 +3.188068300e+07 +1.9646e+00 +4.2848e-01 +2.9394e+00
6 +1.060044233e+07 +1.060044233e+07 +1.060021621e+07 +1.060021621e+07 +7.8795e-01 +4.7949e+00 +2.6666e+00
18 +3.722795998e+06 +3.722795998e+06 +3.722569878e+06 +3.722569878e+06 -1.2125e+00 -1.2893e+00 -2.3294e-01
26 +6.802489600e+05 +6.802489600e+05 +6.800228400e+05 +6.800228400e+05 -2.1685e+00 -2.4163e+00 -1.4436e+00
30 +1.998940464e+05 +1.998940464e+05 +1.996679264e+05 +1.996679264e+05 -2.9413e+00 -3.3789e+00 -1.5923e+00
42 +1.191202193e+05 +1.191202193e+05 +1.188940993e+05 +1.188940993e+05 -3.1467e+00 -6.5264e+00 -3.3970e+00
62 +4.555016070e+04 +4.555016070e+04 +4.532404070e+04 +4.532404070e+04 -4.4647e+00 -4.7979e+00 -4.6528e-01
194 +3.244931801e+04 +3.244931801e+04 +3.222319801e+04 +3.222319801e+04 -4.8933e+00 -6.2969e+00 -9.4905e-01
286 +2.152833411e+04 +2.152833411e+04 +2.130221411e+04 +2.130221411e+04 -4.6620e+00 -5.0218e+00 -5.8778e-01
289 +1.272482743e+04 +1.272482743e+04 +1.249870743e+04 +1.249870743e+04 -4.3734e+00 -3.6367e+00 -1.9866e-01
302 +8.417872691e+03 +8.417872691e+03 +8.191752691e+03 +8.191752691e+03 -4.4358e+00 -3.3978e+00 -4.1944e-02
304 +4.210013089e+03 +4.210013089e+03 +3.983893089e+03 +3.983893089e+03 -3.3757e+00 -1.9197e+00 -9.3384e-01
305 +3.513625762e+03 +3.513625762e+03 +3.287505762e+03 +3.287505762e+03 -4.0547e+00 -2.1195e+00 +5.8457e-02
308 +2.179887410e+03 +2.179887410e+03 +1.953767410e+03 +1.953767410e+03 -3.1661e+00 -1.2526e+00 -9.2071e-01
316 +6.393681826e+02 +6.393681826e+02 +4.132481826e+02 +4.132481826e+02 -2.5299e+00 -2.6727e-01 -1.4640e+00
393 +1.146751494e+02 +1.146751494e+02 -1.114448506e+02 -1.114448506e+02 -3.0562e+00 +2.1095e-02 -3.8116e-01
485 +9.181592726e+00 +9.181592726e+00 -2.169384073e+02 -2.169384073e+02 -2.8698e+00 +4.6872e-02 -6.9959e-01
527 +5.672478916e+00 +5.672478916e+00 -2.204475211e+02 -2.204475211e+02 -2.9554e+00 +1.0320e-01 -5.2183e-01
534 +3.881767146e+00 +3.881767146e+00 -2.222382329e+02 -2.222382329e+02 -3.2102e+00 -9.6384e-02 -2.1207e-01
596 +1.551431588e+00 +1.551431588e+00 -2.245685684e+02 -2.245685684e+02 -2.9964e+00 +3.4534e-02 -4.9369e-01
623 +9.374931543e-01 +9.374931543e-01 -2.251825068e+02 -2.251825068e+02 -2.9177e+00 +5.9071e-02 -6.0744e-01
630 +3.827120437e-01 +3.827120437e-01 -2.257372880e+02 -2.257372880e+02 -2.7799e+00 +1.3488e-01 -7.9218e-01
768 +2.175988041e-01 +2.175988041e-01 -2.259024012e+02 -2.259024012e+02 -2.7434e+00 +1.5397e-01 -8.4210e-01
790 +8.718007070e-02 +8.718007070e-02 -2.260328199e+02 -2.260328199e+02 -2.6359e+00 +2.1533e-01 -9.8443e-01
794 +2.329941928e-02 +2.329941928e-02 -2.260967006e+02 -2.260967006e+02 -2.5459e+00 +2.6379e-01 -1.1052e+00
844 +1.441307072e-02 +1.441307072e-02 -2.261055869e+02 -2.261055869e+02 -2.4473e+00 +3.2111e-01 -1.2355e+00
856 +1.924140263e-03 +1.924140263e-03 -2.261180759e+02 -2.261180759e+02 -2.4625e+00 +3.1209e-01 -1.2151e+00
897 +7.686388656e-04 +7.686388656e-04 -2.261192314e+02 -2.261192314e+02 -2.4792e+00 +3.0251e-01 -1.1932e+00
926 +1.672566884e-04 +1.672566884e-04 -2.261198327e+02 -2.261198327e+02 -2.4673e+00 +3.1012e-01 -1.2086e+00
927 +4.828391201e-05 +4.828391201e-05 -2.261199517e+02 -2.261199517e+02 -2.4708e+00 +3.0769e-01 -1.2040e+00
953 +1.618270906e-05 +1.618270906e-05 -2.261199838e+02 -2.261199838e+02 -2.4713e+00 +3.0769e-01 -1.2032e+00
974 +8.073273591e-06 +8.073273591e-06 -2.261199919e+02 -2.261199919e+02 -2.4724e+00 +3.0690e-01 -1.2019e+00
982 +1.100528323e-06 +1.100528323e-06 -2.261199989e+02 -2.261199989e+02 -2.4722e+00 +3.0710e-01 -1.2022e+00
1030 +6.789196618e-07 +6.789196618e-07 -2.261199993e+02 -2.261199993e+02 -2.4718e+00 +3.0729e-01 -1.2026e+00
1058 +5.948614898e-07 +5.948614898e-07 -2.261199994e+02 -2.261199994e+02 -2.4721e+00 +3.0712e-01 -1.2023e+00
1069 +3.245082496e-07 +3.245082496e-07 -2.261199997e+02 -2.261199997e+02 -2.4718e+00 +3.0733e-01 -1.2027e+00
1074 +8.170243859e-08 +8.170243859e-08 -2.261199999e+02 -2.261199999e+02 -2.4721e+00 +3.0715e-01 -1.2023e+00
1088 +5.923928370e-08 +5.923928370e-08 -2.261199999e+02 -2.261199999e+02 -2.4720e+00 +3.0718e-01 -1.2024e+00
1101 +1.526822757e-08 +1.526822757e-08 -2.261200000e+02 -2.261200000e+02 -2.4720e+00 +3.0718e-01 -1.2024e+00
1154 +8.160043308e-09 +8.160043308e-09 -2.261200000e+02 -2.261200000e+02 -2.4720e+00 +3.0718e-01 -1.2024e+00
% function evaluation | noise-free fitness - Fopt (2.337200000000e+02) | best noise-free fitness - Fopt | measured fitness | best measured fitness | x1 | x2...
1 +9.585617415e+06 +9.585617415e+06 +9.585851135e+06 +9.585851135e+06 -1.8606e+00 -3.6072e+00 -1.3077e+00
2 +3.842373504e+06 +3.842373504e+06 +3.842607224e+06 +3.842607224e+06 -2.7258e+00 -6.9383e+00 -1.0570e+00
3 +2.035414953e+05 +2.035414953e+05 +2.037752153e+05 +2.037752153e+05 -1.2853e+00 -5.9001e+00 +1.0742e+00
13 +1.182609581e+05 +1.182609581e+05 +1.184946781e+05 +1.184946781e+05 +9.1783e-01 -5.0408e+00 +2.5764e+00
24 +5.802026498e+03 +5.802026498e+03 +6.035746498e+03 +6.035746498e+03 -5.6326e-01 -5.0461e+00 +1.8509e+00
62 +1.546303239e+03 +1.546303239e+03 +1.780023239e+03 +1.780023239e+03 -1.3989e+00 -6.9724e+00 +1.1993e+00
235 +5.288702263e+02 +5.288702263e+02 +7.625902263e+02 +7.625902263e+02 -1.2518e+00 -5.9606e+00 +1.5445e+00
236 +2.443326226e+02 +2.443326226e+02 +4.780526226e+02 +4.780526226e+02 -1.5393e+00 -5.8964e+00 +1.4973e+00
242 +7.744299318e+00 +7.744299318e+00 +2.414642993e+02 +2.414642993e+02 -1.8891e+00 -6.1162e+00 +1.3558e+00
541 +4.581855155e+00 +4.581855155e+00 +2.383018552e+02 +2.383018552e+02 -1.8899e+00 -5.2102e+00 +1.5948e+00
559 +3.341247173e+00 +3.341247173e+00 +2.370612472e+02 +2.370612472e+02 -1.8965e+00 -5.3739e+00 +1.5489e+00
597 +2.499695095e+00 +2.499695095e+00 +2.362196951e+02 +2.362196951e+02 -1.9066e+00 -5.0578e+00 +1.6305e+00
618 +6.867581648e-01 +6.867581648e-01 +2.344067582e+02 +2.344067582e+02 -1.9076e+00 -4.4100e+00 +1.7998e+00
648 +5.536823302e-01 +5.536823302e-01 +2.342736823e+02 +2.342736823e+02 -1.9408e+00 -3.6693e+00 +1.9873e+00
683 +6.440809218e-02 +6.440809218e-02 +2.337844081e+02 +2.337844081e+02 -1.9150e+00 -3.6491e+00 +1.9980e+00
723 +6.092565863e-02 +6.092565863e-02 +2.337809257e+02 +2.337809257e+02 -1.9191e+00 -3.6364e+00 +2.0006e+00
725 +2.549300920e-02 +2.549300920e-02 +2.337454930e+02 +2.337454930e+02 -1.9191e+00 -3.6823e+00 +1.9881e+00
738 +9.576223800e-03 +9.576223800e-03 +2.337295762e+02 +2.337295762e+02 -1.9216e+00 -3.6449e+00 +1.9975e+00
745 +1.250092070e-03 +1.250092070e-03 +2.337212501e+02 +2.337212501e+02 -1.9199e+00 -3.6014e+00 +2.0093e+00
844 +3.209631165e-04 +3.209631165e-04 +2.337203210e+02 +2.337203210e+02 -1.9197e+00 -3.5899e+00 +2.0124e+00
856 +1.507741425e-04 +1.507741425e-04 +2.337201508e+02 +2.337201508e+02 -1.9201e+00 -3.5804e+00 +2.0148e+00
878 +8.465794591e-05 +8.465794591e-05 +2.337200847e+02 +2.337200847e+02 -1.9197e+00 -3.5696e+00 +2.0177e+00
911 +5.354468934e-05 +5.354468934e-05 +2.337200535e+02 +2.337200535e+02 -1.9201e+00 -3.5676e+00 +2.0182e+00
917 +3.867519331e-05 +3.867519331e-05 +2.337200387e+02 +2.337200387e+02 -1.9200e+00 -3.5786e+00 +2.0153e+00
922 +2.198177680e-05 +2.198177680e-05 +2.337200220e+02 +2.337200220e+02 -1.9201e+00 -3.5734e+00 +2.0166e+00
926 +1.399325058e-05 +1.399325058e-05 +2.337200140e+02 +2.337200140e+02 -1.9200e+00 -3.5753e+00 +2.0162e+00
937 +6.401688012e-06 +6.401688012e-06 +2.337200064e+02 +2.337200064e+02 -1.9200e+00 -3.5717e+00 +2.0171e+00
946 +1.371942204e-06 +1.371942204e-06 +2.337200014e+02 +2.337200014e+02 -1.9200e+00 -3.5724e+00 +2.0169e+00
974 +3.708598229e-08 +3.708598229e-08 +2.337200000e+02 +2.337200000e+02 -1.9200e+00 -3.5730e+00 +2.0168e+00
1012 +8.978702226e-10 +8.978702226e-10 +2.337200000e+02 +2.337200000e+02 -1.9200e+00 -3.5728e+00 +2.0168e+00
% function evaluation | noise-free fitness - Fopt (1.795000000000e+02) | best noise-free fitness - Fopt | measured fitness | best measured fitness | x1 | x2...
1 +6.827153738e+05 +6.827153738e+05 +6.828948738e+05 +6.828948738e+05 -3.2606e+00 -2.5834e+00 +1.8652e+00
2 +5.399967674e+03 +5.399967674e+03 +5.579467674e+03 +5.579467674e+03 -4.1257e+00 -5.9146e+00 +2.1158e+00
37 +2.060962984e+03 +2.060962984e+03 +2.240462984e+03 +2.240462984e+03 -2.2631e+00 -2.3843e+00 +1.2557e+00
84 +7.132370098e+02 +7.132370098e+02 +8.927370098e+02 +8.927370098e+02 -2.2241e+00 -4.0171e+00 +2.4583e+00
141 +3.221574347e+01 +3.221574347e+01 +2.117157435e+02 +2.117157435e+02 -2.7457e+00 -3.8349e+00 +1.8384e+00
244 +8.833310055e+00 +8.833310055e+00 +1.883333101e+02 +1.883333101e+02 -2.7680e+00 -4.0619e+00 +1.9840e+00
370 +5.056374364e+00 +5.056374364e+00 +1.845563744e+02 +1.845563744e+02 -2.7071e+00 -4.0553e+00 +2.0299e+00
619 +3.975839513e+00 +3.975839513e+00 +1.834758395e+02 +1.834758395e+02 -2.8150e+00 -3.9325e+00 +1.8514e+00
668 +2.461562007e+00 +2.461562007e+00 +1.819615620e+02 +1.819615620e+02 -3.1273e+00 -3.5811e+00 +1.3349e+00
682 +3.061077282e-01 +3.061077282e-01 +1.798061077e+02 +1.798061077e+02 -3.4620e+00 -3.2633e+00 +8.2248e-01
711 +2.393397962e-01 +2.393397962e-01 +1.797393398e+02 +1.797393398e+02 -3.7573e+00 -2.9490e+00 +3.4627e-01
740 +1.002580575e-01 +1.002580575e-01 +1.796002581e+02 +1.796002581e+02 -3.5863e+00 -3.1419e+00 +6.2975e-01
748 +2.291310342e-02 +2.291310342e-02 +1.795229131e+02 +1.795229131e+02 -3.6641e+00 -3.0593e+00 +5.0454e-01
789 +9.384991755e-03 +9.384991755e-03 +1.795093850e+02 +1.795093850e+02 -3.7122e+00 -3.0136e+00 +4.3089e-01
844 +1.760307471e-03 +1.760307471e-03 +1.795017603e+02 +1.795017603e+02 -3.7244e+00 -2.9955e+00 +4.0776e-01
868 +1.298911721e-03 +1.298911721e-03 +1.795012989e+02 +1.795012989e+02 -3.7287e+00 -2.9914e+00 +4.0119e-01
886 +6.153845651e-04 +6.153845651e-04 +1.795006154e+02 +1.795006154e+02 -3.7342e+00 -2.9869e+00 +3.9317e-01
892 +3.804067601e-04 +3.804067601e-04 +1.795003804e+02 +1.795003804e+02 -3.7226e+00 -2.9994e+00 +4.1198e-01
922 +2.147498550e-04 +2.147498550e-04 +1.795002147e+02 +1.795002147e+02 -3.7275e+00 -2.9945e+00 +4.0433e-01
926 +2.236600204e-05 +2.236600204e-05 +1.795000224e+02 +1.795000224e+02 -3.7310e+00 -2.9904e+00 +3.9848e-01
953 +1.324829344e-05 +1.324829344e-05 +1.795000132e+02 +1.795000132e+02 -3.7290e+00 -2.9925e+00 +4.0171e-01
974 +6.461202048e-06 +6.461202048e-06 +1.795000065e+02 +1.795000065e+02 -3.7287e+00 -2.9928e+00 +4.0211e-01
982 +1.593597318e-06 +1.593597318e-06 +1.795000016e+02 +1.795000016e+02 -3.7299e+00 -2.9917e+00 +4.0036e-01
1011 +1.049931853e-06 +1.049931853e-06 +1.795000010e+02 +1.795000010e+02 -3.7293e+00 -2.9923e+00 +4.0126e-01
1012 +4.726904592e-07 +4.726904592e-07 +1.795000005e+02 +1.795000005e+02 -3.7297e+00 -2.9919e+00 +4.0062e-01
1029 +3.629911021e-07 +3.629911021e-07 +1.795000004e+02 +1.795000004e+02 -3.7298e+00 -2.9918e+00 +4.0052e-01
1045 +1.584169524e-07 +1.584169524e-07 +1.795000002e+02 +1.795000002e+02 -3.7296e+00 -2.9920e+00 +4.0084e-01
1068 +8.574406252e-08 +8.574406252e-08 +1.795000001e+02 +1.795000001e+02 -3.7295e+00 -2.9921e+00 +4.0099e-01
1078 +6.288533427e-08 +6.288533427e-08 +1.795000001e+02 +1.795000001e+02 -3.7296e+00 -2.9920e+00 +4.0084e-01
1088 +5.348908871e-09 +5.348908871e-09 +1.795000000e+02 +1.795000000e+02 -3.7296e+00 -2.9920e+00 +4.0080e-01
1094 +9.347616015e-10 +9.347616015e-10 +1.795000000e+02 +1.795000000e+02 -3.7296e+00 -2.9920e+00 +4.0079e-01
