% function evaluation | noise-free fitness - Fopt (2.997000000000e+01) | best noise-free fitness - Fopt | measured fitness | best measured fitness | x1 | x2...
1 +2.478687898e+03 +2.478687898e+03 +2.508657898e+03 +2.508657898e+03 +4.5013e+00 -3.0657e+00 +8.2792e-01 -4.8575e-01 -6.0209e-01 -1.2411e+00 -1.3969e+00 +4.0899e+00 -2.1406e+00 -4.5095e+00
3 +1.542242792e+03 +1.542242792e+03 +1.572212792e+03 +1.572212792e+03 +1.0684e+00 -1.9724e+00 +1.5512e-01 -4.7281e+00 -1.8578e+00 -8.0142e-01 -2.3823e+00 -1.7104e+00 +3.0145e-02 +3.9481e+00
123 +9.539639604e+02 +9.539639604e+02 +9.839339604e+02 +9.839339604e+02 -6.5228e-01 -3.8326e+00 -4.7101e+00 +8.5901e-01 +4.2593e+00 +1.9214e+00 -3.5788e+00 -4.0843e+00 +4.8296e+00 -5.0000e+00
255 +4.916434605e+02 +4.916434605e+02 +5.216134605e+02 +5.216134605e+02 +6.6686e-01 -2.3942e+00 -4.1021e+00 -4.4114e-01 +2.4987e+00 +4.5126e+00 -3.9832e+00 -1.2230e+00 +5.5807e-01 -2.4113e+00
514 +3.415324029e+02 +3.415324029e+02 +3.715024029e+02 +3.715024029e+02 +4.2467e-01 -2.4372e+00 -2.9717e+00 -5.4928e-01 +3.8879e+00 +2.2766e+00 -4.4461e+00 -2.7214e+00 -2.4641e-01 -2.5939e+00
623 +1.768965319e+02 +1.768965319e+02 +2.068665319e+02 +2.068665319e+02 +1.7358e+00 -1.4205e+00 -3.4522e+00 -1.2153e+00 +3.5301e+00 +2.6141e+00 -4.5185e+00 -2.8702e+00 -1.6326e-02 -1.0710e+00
786 +1.473682549e+02 +1.473682549e+02 +1.773382549e+02 +1.773382549e+02 +1.4464e+00 -1.2293e+00 -3.4672e+00 -1.4627e+00 +3.4895e+00 +3.1432e+00 -4.4308e+00 -2.8676e+00 +2.1881e-01 -5.4687e-01
1843 +9.029651007e+01 +9.029651007e+01 +1.202665101e+02 +1.202665101e+02 +1.3846e+00 -1.5506e+00 -3.3734e+00 -1.9799e+00 +3.6892e+00 +3.2199e+00 -4.3097e+00 -2.9593e+00 +6.0608e-01 -1.6288e+00
2651 +5.884627648e+01 +5.884627648e+01 +8.881627648e+01 +8.881627648e+01 +1.3032e+00 -1.8097e+00 -3.3411e+00 -1.7516e+00 +3.6237e+00 +3.1684e+00 -3.9815e+00 -2.8988e+00 +5.1051e-01 -1.5560e+00
3167 +3.291533157e+01 +3.291533157e+01 +6.288533157e+01 +6.288533157e+01 +1.2077e+00 -1.5848e+00 -3.2796e+00 -1.7484e+00 +3.6082e+00 +2.9766e+00 -3.9990e+00 -2.8849e+00 +5.0763e-01 -1.3563e+00
3757 +2.270478163e+01 +2.270478163e+01 +5.267478163e+01 +5.267478163e+01 +1.1191e+00 -1.6204e+00 -3.3301e+00 -1.5556e+00 +3.6348e+00 +3.0002e+00 -4.0414e+00 -2.8438e+00 +4.9383e-01 -1.4271e+00
4526 +1.451034773e+01 +1.451034773e+01 +4.448034773e+01 +4.448034773e+01 +1.1545e+00 -1.6192e+00 -3.3390e+00 -1.5299e+00 +3.6540e+00 +3.0015e+00 -4.0138e+00 -2.8633e+00 +5.3814e-01 -1.4155e+00
% function evaluation | noise-free fitness - Fopt (-5.171000000000e+01) | best noise-free fitness - Fopt | measured fitness | best measured fitness | x1 | x2...
1 +2.224279518e+03 +2.224279518e+03 +2.172569518e+03 +2.172569518e+03 +4.5013e+00 -3.0657e+00 +8.2792e-01 -4.8575e-01 -6.0209e-01 -1.2411e+00 -1.3969e+00 +4.0899e+00 -2.1406e+00 -4.5095e+00
9 +1.359157841e+03 +1.359157841e+03 +1.307447841e+03 +1.307447841e+03 +3.2141e+00 +3.5366e+00 +2.9823e-01 -4.6466e+00 -4.1402e-01 +1.2080e+00 +2.5052e+00 +9.5548e-01 -4.8533e+00 +2.0185e+00
54 +8.716099898e+02 +8.716099898e+02 +8.198999898e+02 +8.198999898e+02 +3.7068e+00 +4.3239e+00 -3.3555e+00 -2.8872e+00 +1.9827e+00 +5.0000e+00 -3.5422e+00 +4.7819e+00 -2.7802e+00 +1.5292e+00
100 +6.171303094e+02 +6.171303094e+02 +5.654203094e+02 +5.654203094e+02 +1.8965e+00 +4.3231e+00 -3.1752e+00 -5.7045e-02 +1.5143e+00 -3.1966e-01 -4.6075e+00 +3.0217e+00 -5.0000e+00 +9.5413e-01
396 +3.851982172e+02 +3.851982172e+02 +3.334882172e+02 +3.334882172e+02 +3.4458e+00 +3.0496e+00 -2.8153e+00 -3.0859e+00 +4.9750e-01 +1.5195e+00 -4.7090e+00 +3.1636e+00 -4.7044e+00 -7.3880e-01
1056 +2.369646168e+02 +2.369646168e+02 +1.852546168e+02 +1.852546168e+02 +2.3610e+00 +3.8073e+00 -3.4263e+00 -2.8138e+00 +9.7010e-01 +1.1939e+00 -4.4458e+00 +3.4583e+00 -4.5469e+00 +1.3621e-01
1573 +1.466590150e+02 +1.466590150e+02 +9.494901496e+01 +9.494901496e+01 +2.7917e+00 +3.6110e+00 -3.2901e+00 -3.2948e+00 +1.1065e+00 +1.3395e+00 -4.1114e+00 +3.2909e+00 -4.0890e+00 +3.3605e-01
2279 +9.079839515e+01 +9.079839515e+01 +3.908839515e+01 +3.908839515e+01 +2.3944e+00 +3.1658e+00 -3.7621e+00 -3.8103e+00 +1.2725e+00 +1.8287e+00 -3.5040e+00 +3.4378e+00 -3.8561e+00 -1.4145e-01
2635 +5.752504515e+01 +5.752504515e+01 +5.815045149e+00 +5.815045149e+00 +2.5963e+00 +3.3096e+00 -3.3564e+00 -3.7625e+00 +1.1288e+00 +1.7936e+00 -3.4796e+00 +3.3934e+00 -4.0501e+00 -3.6571e-02
2951 +3.485361014e+01 +3.485361014e+01 -1.685638986e+01 -1.685638986e+01 +2.5069e+00 +3.3167e+00 -3.2571e+00 -3.6089e+00 +1.0391e+00 +1.7654e+00 -3.5392e+00 +3.4148e+00 -3.9260e+00 +3.2594e-01
3854 +1.853750919e+01 +1.853750919e+01 -3.317249081e+01 -3.317249081e+01 +2.5264e+00 +3.2323e+00 -3.2731e+00 -3.7190e+00 +1.0549e+00 +1.7464e+00 -3.4824e+00 +3.3717e+00 -3.9384e+00 +1.9347e-01
4552 +1.553594297e+01 +1.553594297e+01 -3.617405703e+01 -3.617405703e+01 +2.5551e+00 +3.2544e+00 -3.2681e+00 -3.7281e+00 +1.0544e+00 +1.7717e+00 -3.4864e+00 +3.3894e+00 -3.9495e+00 +1.9334e-01
% function evaluation | noise-free fitness - Fopt (-2.799500000000e+02) | best noise-free fitness - Fopt | measured fitness | best measured fitness | x1 | x2...
1 +1.815843043e+03 +1.815843043e+03 +1.535893043e+03 +1.535893043e+03 +4.5013e+00 -3.0657e+00 +8.2792e-01 -4.8575e-01 -6.0209e-01 -1.2411e+00 -1.3969e+00 +4.0899e+00 -2.1406e+00 -4.5095e+00
2 +1.388223268e+03 +1.388223268e+03 +1.108273268e+03 +1.108273268e+03 -2.6886e+00 +1.8222e+00 -7.6504e-01 -4.5610e+00 -1.5995e+00 -4.9012e+00 +4.8513e-01 +9.6247e-01 -1.0587e+00 +2.5534e+00
77 +8.552891815e+02 +8.552891815e+02 +5.753391815e+02 +5.753391815e+02 -3.5299e+00 +2.6583e-01 +1.2696e+00 -5.5747e-01 -2.2296e+00 -1.1952e+00 -1.4204e+00 +9.7455e-01 -2.1343e+00 -2.3008e+00
174 +4.270965777e+02 +4.270965777e+02 +1.471465777e+02 +1.471465777e+02 -5.0000e+00 -2.8268e+00 +1.3814e+00 -4.1867e-01 -4.0312e+00 -1.8513e+00 -5.4176e-01 +1.5992e+00 -8.9989e-01 -3.1050e+00
323 +3.913996974e+02 +3.913996974e+02 +1.114496974e+02 +1.114496974e+02 -5.0000e+00 -3.1352e+00 +1.4431e+00 -1.1017e+00 -3.3947e+00 -2.0780e+00 -2.7391e-01 +2.0041e+00 +1.1486e+00 -2.5704e+00
573 +2.440897907e+02 +2.440897907e+02 -3.586020929e+01 -3.586020929e+01 -5.0000e+00 -2.2106e+00 +1.3679e+00 -9.5147e-01 -4.1998e+00 -2.2324e+00 -7.1449e-01 +5.0420e-01 -1.0327e-01 -2.2356e+00
1845 +1.489950778e+02 +1.489950778e+02 -1.309549222e+02 -1.309549222e+02 -4.5075e+00 -1.4528e+00 +1.4489e+00 -6.7626e-01 -4.8228e+00 -2.8411e+00 +2.4174e-01 +1.4610e+00 +9.9186e-03 -1.0829e+00
3933 +9.742059542e+01 +9.742059542e+01 -1.825294046e+02 -1.825294046e+02 -4.4054e+00 -1.5936e+00 +1.5151e+00 -8.3384e-01 -4.8027e+00 -2.8023e+00 +1.5133e-01 +1.2553e+00 -6.9128e-02 -1.4545e+00
% function evaluation | noise-free fitness - Fopt (9.319900000000e+02) | best noise-free fitness - Fopt | measured fitness | best measured fitness | x1 | x2...
1 +2.042959615e+03 +2.042959615e+03 +2.974949615e+03 +2.974949615e+03 +4.5013e+00 -3.0657e+00 +8.2792e-01 -4.8575e-01 -6.0209e-01 -1.2411e+00 -1.3969e+00 +4.0899e+00 -2.1406e+00 -4.5095e+00
2 +1.581689164e+03 +1.581689164e+03 +2.513679164e+03 +2.513679164e+03 -2.6886e+00 +1.8222e+00 -7.6504e-01 -4.5610e+00 -1.5995e+00 -4.9012e+00 +4.8513e-01 +9.6247e-01 -1.0587e+00 +2.5534e+00
52 +8.418981979e+02 +8.418981979e+02 +1.773888198e+03 +1.773888198e+03 -8.8523e-01 +5.0000e+00 +2.8102e+00 -2.2944e+00 +1.1089e-01 -2.2535e+00 +1.3934e+00 -2.8905e+00 +6.7655e-01 +5.0000e+00
212 +6.009514725e+02 +6.009514725e+02 +1.532941472e+03 +1.532941472e+03 +0.0000e+00 +3.4180e-01 +3.1861e+00 -1.6060e+00 +2.3273e+00 -3.9614e+00 +7.1541e-01 -3.7673e+00 -6.7634e-01 +1.8011e+00
350 +3.889051151e+02 +3.889051151e+02 +1.320895115e+03 +1.320895115e+03 +3.0113e-01 -7.4763e-01 +2.2101e+00 -1.2794e+00 +0.0000e+00 -3.9118e+00 +2.5890e+00 -4.0300e+00 -8.1582e-01 +2.4736e+00
952 +2.463620847e+02 +2.463620847e+02 +1.178352085e+03 +1.178352085e+03 +1.1499e+00 +6.6455e-01 +2.7789e+00 -9.9976e-01 +1.9576e+00 -2.7127e+00 +1.9477e+00 -3.4557e+00 -1.3307e+00 +1.0339e+00
1545 +1.565476161e+02 +1.565476161e+02 +1.088537616e+03 +1.088537616e+03 +8.0290e-01 +7.6593e-01 +2.5528e+00 -1.1378e+00 +1.1844e+00 -3.1231e+00 +2.3231e+00 -4.1289e+00 -1.4243e+00 +2.2764e+00
2157 +7.741126225e+01 +7.741126225e+01 +1.009401262e+03 +1.009401262e+03 +1.1849e+00 +1.2611e+00 +3.0129e+00 -8.8023e-01 +2.0800e+00 -2.6566e+00 +2.7544e+00 -3.9988e+00 -1.6123e+00 +2.2811e+00
2385 +6.107815862e+01 +6.107815862e+01 +9.930681586e+02 +9.930681586e+02 +1.1955e+00 +1.2207e+00 +2.8921e+00 -8.2778e-01 +2.1370e+00 -2.7120e+00 +2.7477e+00 -4.0433e+00 -1.6459e+00 +2.3243e+00
2553 +3.930677885e+01 +3.930677885e+01 +9.712967789e+02 +9.712967789e+02 +1.2088e+00 +1.0817e+00 +2.8213e+00 -7.4386e-01 +2.2315e+00 -2.6874e+00 +2.7536e+00 -4.0026e+00 -1.5964e+00 +2.3157e+00
3639 +2.119850788e+01 +2.119850788e+01 +9.531885079e+02 +9.531885079e+02 +1.2566e+00 +1.0296e+00 +2.8849e+00 -7.2365e-01 +2.2410e+00 -2.6765e+00 +2.7228e+00 -3.8720e+00 -1.6194e+00 +2.2166e+00
4161 +1.482544445e+01 +1.482544445e+01 +9.468154445e+02 +9.468154445e+02 +1.1331e+00 +9.2655e-01 +2.8478e+00 -7.5684e-01 +2.0841e+00 -2.6537e+00 +2.6890e+00 -3.9259e+00 -1.6088e+00 +2.1797e+00
% function evaluation | noise-free fitness - Fopt (1.133100000000e+02) | best noise-free fitness - Fopt | measured fitness | best measured fitness | x1 | x2...
1 +2.527272683e+03 +2.527272683e+03 +2.640582683e+03 +2.640582683e+03 +4.5013e+00 -3.0657e+00 +8.2792e-01 -4.8575e-01 -6.0209e-01 -1.2411e+00 -1.3969e+00 +4.0899e+00 -2.1406e+00 -4.5095e+00
2 +2.338250738e+03 +2.338250738e+03 +2.451560738e+03 +2.451560738e+03 -2.6886e+00 +1.8222e+00 -7.6504e-01 -4.5610e+00 -1.5995e+00 -4.9012e+00 +4.8513e-01 +9.6247e-01 -1.0587e+00 +2.5534e+00
4 +9.402578987e+02 +9.402578987e+02 +1.053567899e+03 +1.053567899e+03 -1.4018e-01 +4.1674e-01 -1.6605e+00 -1.8731e+00 -1.3492e+00 +2.5367e+00 +9.7345e-01 -2.1806e-01 +2.2198e+00 -2.1385e+00
338 +4.153413047e+02 +4.153413047e+02 +5.286513047e+02 +5.286513047e+02 +9.6636e-01 +2.9091e+00 +2.0639e+00 -1.1264e+00 -1.3985e-01 -1.8021e+00 +4.1704e-01 -2.5058e+00 +1.9690e+00 -2.6144e+00
480 +3.972835092e+02 +3.972835092e+02 +5.105935092e+02 +5.105935092e+02 +1.9895e+00 +2.4009e+00 +1.3513e+00 -1.1466e+00 +4.9825e-01 -1.3704e+00 -1.0976e+00 -2.5687e+00 +1.6148e+00 -2.1812e+00
1083 +2.260854040e+02 +2.260854040e+02 +3.393954040e+02 +3.393954040e+02 +2.4271e+00 +3.6845e+00 -2.1993e-01 +1.3302e+00 +5.2010e-01 -1.7544e+00 -7.9547e-02 -1.6912e+00 +3.0951e+00 -1.0578e+00
1948 +1.448252366e+02 +1.448252366e+02 +2.581352366e+02 +2.581352366e+02 +2.2315e+00 +3.6634e+00 +8.4542e-01 -4.7611e-02 +4.2518e-01 -9.7672e-01 -4.9724e-01 -1.4999e+00 +3.1996e+00 -1.1961e+00
2276 +7.656753090e+01 +7.656753090e+01 +1.898775309e+02 +1.898775309e+02 +2.0828e+00 +3.6392e+00 +1.1625e+00 +4.3696e-01 +2.3310e-01 -6.9597e-01 -1.6427e-01 -1.8724e+00 +2.8849e+00 -8.0958e-01
2757 +5.986944674e+01 +5.986944674e+01 +1.731794467e+02 +1.731794467e+02 +2.1400e+00 +3.4864e+00 +6.1693e-01 +3.9323e-01 +3.2946e-01 -6.4070e-01 -2.8365e-01 -1.7999e+00 +3.0420e+00 -8.5381e-01
3457 +3.776500624e+01 +3.776500624e+01 +1.510750062e+02 +1.510750062e+02 +2.1328e+00 +3.2563e+00 +9.8228e-01 +3.9099e-01 +2.4421e-01 -7.6173e-01 -3.5347e-01 -1.7201e+00 +3.1099e+00 -9.0070e-01
4538 +1.750011022e+01 +1.750011022e+01 +1.308101102e+02 +1.308101102e+02 +2.1769e+00 +3.2583e+00 +7.8062e-01 +4.2749e-01 +4.3671e-01 -6.8865e-01 -4.5099e-01 -1.7160e+00 +3.0105e+00 -7.8572e-01
4868 +1.408675508e+01 +1.408675508e+01 +1.273967551e+02 +1.273967551e+02 +2.1330e+00 +3.2755e+00 +7.3364e-01 +4.0789e-01 +5.0534e-01 -7.8528e-01 -3.9937e-01 -1.7012e+00 +3.0292e+00 -7.8563e-01
% function evaluation | noise-free fitness - Fopt (-3.000200000000e+02) | best noise-free fitness - Fopt | measured fitness | best measured fitness | x1 | x2...
1 +1.995029286e+03 +1.995029286e+03 +1.695009286e+03 +1.695009286e+03 +4.5013e+00 -3.0657e+00 +8.2792e-01 -4.8575e-01 -6.0209e-01 -1.2411e+00 -1.3969e+00 +4.0899e+00 -2.1406e+00 -4.5095e+00
2 +1.555176697e+03 +1.555176697e+03 +1.255156697e+03 +1.255156697e+03 -2.6886e+00 +1.8222e+00 -7.6504e-01 -4.5610e+00 -1.5995e+00 -4.9012e+00 +4.8513e-01 +9.6247e-01 -1.0587e+00 +2.5534e+00
81 +8.979043616e+02 +8.979043616e+02 +5.978843616e+02 +5.978843616e+02 -8.5344e-01 -1.0041e-01 -3.8525e+00 -1.5176e+00 +1.5580e+00 -1.5113e+00 +2.5268e+00 +6.9127e-01 +3.6630e+00 -3.2403e+00
168 +5.879928029e+02 +5.879928029e+02 +2.879728029e+02 +2.879728029e+02 +1.5521e-01 +0.0000e+00 -2.7061e+00 -3.1813e+00 +3.1518e-01 -1.9767e+00 -1.3240e-01 -2.8512e+00 +1.5070e+00 +3.0312e-01
387 +3.491469692e+02 +3.491469692e+02 +4.912696925e+01 +4.912696925e+01 -1.1038e+00 +5.7822e-01 -9.2245e-01 -3.8488e+00 +6.4793e-01 -1.5838e+00 +3.5876e+00 -2.0819e-01 +1.1754e+00 -1.5260e+00
656 +2.428649278e+02 +2.428649278e+02 -5.715507218e+01 -5.715507218e+01 -2.4321e-01 +1.1033e+00 -6.4314e-01 -4.6749e+00 +3.5283e-01 -9.3977e-01 +3.6250e+00 -6.3418e-01 +8.7429e-01 -6.6795e-01
1306 +1.510751415e+02 +1.510751415e+02 -1.489448585e+02 -1.489448585e+02 -1.0654e+00 +9.1646e-01 -7.6477e-01 -3.9312e+00 +7.5793e-01 -1.1502e+00 +3.2541e+00 -3.9682e-01 +1.1692e+00 +1.2475e-01
2206 +7.432144933e+01 +7.432144933e+01 -2.256985507e+02 -2.256985507e+02 -5.9213e-01 +1.0189e+00 -8.2551e-01 -3.9976e+00 +6.9872e-01 -1.7354e+00 +3.1755e+00 -7.1527e-01 +1.1069e+00 -1.6622e-01
2295 +5.789601006e+01 +5.789601006e+01 -2.421239899e+02 -2.421239899e+02 -4.7577e-01 +9.0924e-01 -8.0247e-01 -3.9885e+00 +5.5073e-01 -1.6217e+00 +3.1106e+00 -7.3456e-01 +1.0628e+00 -2.2079e-01
3344 +3.766526306e+01 +3.766526306e+01 -2.623547369e+02 -2.623547369e+02 -4.1193e-01 +9.1854e-01 -8.6707e-01 -3.6939e+00 +6.5318e-01 -1.7859e+00 +3.1034e+00 -7.4859e-01 +9.1324e-01 -2.7295e-01
4444 +2.358697055e+01 +2.358697055e+01 -2.764330294e+02 -2.764330294e+02 -4.5247e-01 +9.3336e-01 -7.9969e-01 -3.6792e+00 +7.1201e-01 -1.7136e+00 +3.0901e+00 -7.7021e-01 +9.8715e-01 -2.5889e-01
% function evaluation | noise-free fitness - Fopt (4.471000000000e+01) | best noise-free fitness - Fopt | measured fitness | best measured fitness | x1 | x2...
1 +2.529416196e+03 +2.529416196e+03 +2.574126196e+03 +2.574126196e+03 +4.5013e+00 -3.0657e+00 +8.2792e-01 -4.8575e-01 -6.0209e-01 -1.2411e+00 -1.3969e+00 +4.0899e+00 -2.1406e+00 -4.5095e+00
2 +1.670860376e+03 +1.670860376e+03 +1.715570376e+03 +1.715570376e+03 -2.6886e+00 +1.8222e+00 -7.6504e-01 -4.5610e+00 -1.5995e+00 -4.9012e+00 +4.8513e-01 +9.6247e-01 -1.0587e+00 +2.5534e+00
3 +1.354794720e+03 +1.354794720e+03 +1.399504720e+03 +1.399504720e+03 +1.0684e+00 -1.9724e+00 +1.5512e-01 -4.7281e+00 -1.8578e+00 -8.0142e-01 -2.3823e+00 -1.7104e+00 +3.0145e-02 +3.9481e+00
52 +8.286607611e+02 +8.286607611e+02 +8.733707611e+02 +8.733707611e+02 -2.6868e-01 -1.8594e+00 +2.8231e+00 -4.0257e+00 +9.3740e-02 -2.6555e+00 +3.0074e+00 -4.0375e+00 +1.5669e-01 +5.0000e+00
291 +6.063199272e+02 +6.063199272e+02 +6.510299272e+02 +6.510299272e+02 +1.6207e+00 -1.1049e+00 +1.4852e+00 -2.1471e+00 -1.0877e+00 -2.5799e+00 -1.3782e-01 -3.2752e+00 -1.7081e+00 +2.5320e+00
532 +2.877184182e+02 +2.877184182e+02 +3.324284182e+02 +3.324284182e+02 +2.8762e+00 -6.6122e-01 +1.4137e+00 +3.3604e-01 +3.4397e-01 -3.2695e+00 +3.7699e-01 -3.2806e+00 -1.1138e+00 +3.1768e+00
945 +2.452900951e+02 +2.452900951e+02 +2.900000951e+02 +2.900000951e+02 +2.6206e+00 -7.3108e-01 +3.2182e+00 -7.6869e-01 +1.2903e+00 -3.0428e+00 -1.4981e-01 -3.8319e+00 +3.6997e-01 +2.9891e+00
1617 +1.155414584e+02 +1.155414584e+02 +1.602514584e+02 +1.602514584e+02 +3.1431e+00 -9.4026e-01 +2.6900e+00 +2.3175e-01 +1.5924e+00 -3.2343e+00 +6.0342e-01 -3.8883e+00 -3.0197e-01 +2.8633e+00
1747 +9.747185896e+01 +9.747185896e+01 +1.421818590e+02 +1.421818590e+02 +3.0909e+00 -7.1862e-01 +2.5967e+00 +3.9338e-01 +1.3337e+00 -3.2009e+00 +4.6242e-01 -3.9060e+00 -7.0595e-02 +3.1454e+00
2965 +6.038577330e+01 +6.038577330e+01 +1.050957733e+02 +1.050957733e+02 +3.1351e+00 -8.6178e-01 +2.6939e+00 +9.3188e-02 +1.2494e+00 -3.2006e+00 +3.7374e-01 -3.8843e+00 -1.4883e-01 +3.2910e+00
3415 +3.938045889e+01 +3.938045889e+01 +8.409045889e+01 +8.409045889e+01 +3.1254e+00 -9.4892e-01 +2.6956e+00 +1.7318e-01 +1.4967e+00 -3.2302e+00 +4.0695e-01 -3.9566e+00 -3.0886e-01 +3.3639e+00
4426 +2.208206171e+01 +2.208206171e+01 +6.679206171e+01 +6.679206171e+01 +2.9868e+00 -9.0201e-01 +2.7341e+00 +1.2346e-01 +1.4400e+00 -3.3540e+00 +4.3195e-01 -3.9720e+00 -2.8924e-01 +3.4090e+00
4876 +1.563403657e+01 +1.563403657e+01 +6.034403657e+01 +6.034403657e+01 +3.0097e+00 -9.6121e-01 +2.7296e+00 +9.1500e-02 +1.4674e+00 -3.3862e+00 +4.6168e-01 -3.9013e+00 -2.8034e-01 +3.4150e+00
% function evaluation | noise-free fitness - Fopt (-1.000000000000e+03) | best noise-free fitness - Fopt | measured fitness | best measured fitness | x1 | x2...
1 +3.014397044e+03 +3.014397044e+03 +2.014397044e+03 +2.014397044e+03 +4.5013e+00 -3.0657e+00 +8.2792e-01 -4.8575e-01 -6.0209e-01 -1.2411e+00 -1.3969e+00 +4.0899e+00 -2.1406e+00 -4.5095e+00
2 +1.379998680e+03 +1.379998680e+03 +3.799986797e+02 +3.799986797e+02 -2.6886e+00 +1.8222e+00 -7.6504e-01 -4.5610e+00 -1.5995e+00 -4.9012e+00 +4.8513e-01 +9.6247e-01 -1.0587e+00 +2.5534e+00
16 +9.799613517e+02 +9.799613517e+02 -2.003864832e+01 -2.003864832e+01 -9.4294e-01 +1.6023e+00 +6.7829e-01 -4.4242e+00 +1.4583e+00 +4.8782e-01 +4.1594e+00 -1.2442e+00 +4.8616e+00 -1.8070e+00
209 +5.795160087e+02 +5.795160087e+02 -4.204839913e+02 -4.204839913e+02 -2.5672e+00 +7.8342e-01 +1.3558e+00 -4.1378e+00 +4.2890e+00 -1.9897e-01 +5.0000e+00 -5.1745e-01 +2.9384e+00 -1.9710e+00
326 +3.704971249e+02 +3.704971249e+02 -6.295028751e+02 -6.295028751e+02 -2.8632e+00 +1.9305e+00 +1.3211e+00 -3.8067e+00 +3.7600e+00 -1.3593e+00 +5.0000e+00 -2.3256e+00 +1.9621e+00 -2.0300e+00
756 +2.007549497e+02 +2.007549497e+02 -7.992450503e+02 -7.992450503e+02 -2.1703e+00 +1.6701e+00 +2.6970e+00 -4.0839e+00 +2.7174e+00 -1.5247e+00 +5.0000e+00 -1.3461e+00 +4.0302e-01 -1.2396e+00
1221 +1.477248588e+02 +1.477248588e+02 -8.522751412e+02 -8.522751412e+02 -2.0477e+00 +1.9835e+00 +2.0570e+00 -3.9762e+00 +2.7845e+00 -1.4593e+00 +5.0000e+00 -2.2273e+00 +3.4112e-01 -1.5990e+00
1961 +9.830188399e+01 +9.830188399e+01 -9.016981160e+02 -9.016981160e+02 -2.3321e+00 +1.9426e+00 +2.2149e+00 -3.9128e+00 +2.8246e+00 -1.2394e+00 +5.0000e+00 -1.6837e+00 +8.2961e-01 -1.6775e+00
3711 +6.050924905e+01 +6.050924905e+01 -9.394907510e+02 -9.394907510e+02 -2.4882e+00 +2.0130e+00 +2.0351e+00 -3.8659e+00 +2.7651e+00 -1.1671e+00 +5.0000e+00 -1.9474e+00 +8.7220e-01 -1.8186e+00
% function evaluation | noise-free fitness - Fopt (3.042000000000e+02) | best noise-free fitness - Fopt | measured fitness | best measured fitness | x1 | x2...
1 +3.101239751e+03 +3.101239751e+03 +3.405439751e+03 +3.405439751e+03 +4.5013e+00 -3.0657e+00 +8.2792e-01 -4.8575e-01 -6.0209e-01 -1.2411e+00 -1.3969e+00 +4.0899e+00 -2.1406e+00 -4.5095e+00
2 +1.569197218e+03 +1.569197218e+03 +1.873397218e+03 +1.873397218e+03 -2.6886e+00 +1.8222e+00 -7.6504e-01 -4.5610e+00 -1.5995e+00 -4.9012e+00 +4.8513e-01 +9.6247e-01 -1.0587e+00 +2.5534e+00
77 +8.895152191e+02 +8.895152191e+02 +1.193715219e+03 +1.193715219e+03 -3.5225e+00 +1.1772e-01 -9.9174e-02 -2.2776e+00 -1.3890e+00 -1.2709e+00 -1.4204e+00 -4.8311e-01 -1.9124e+00 +1.7191e+00
208 +5.871993190e+02 +5.871993190e+02 +8.913993190e+02 +8.913993190e+02 -4.1553e+00 +4.1527e+00 -4.0939e-01 -1.5662e+00 -1.0945e+00 -8.4024e-01 -2.5045e+00 -3.8390e-01 +0.0000e+00 +4.6675e+00
310 +3.535067830e+02 +3.535067830e+02 +6.577067830e+02 +6.577067830e+02 -2.2144e+00 +3.6243e+00 +4.4368e-01 -2.0909e+00 -1.5309e+00 +7.4989e-01 -5.0000e+00 -2.5254e+00 +2.2339e+00 +4.4840e+00
838 +2.023209109e+02 +2.023209109e+02 +5.065209109e+02 +5.065209109e+02 -2.6807e+00 +3.6014e+00 +3.4101e-01 -3.3701e+00 -1.5580e+00 +3.3798e-01 -3.8414e+00 -2.4871e+00 +1.4080e+00 +4.0903e+00
1369 +1.392538438e+02 +1.392538438e+02 +4.434538438e+02 +4.434538438e+02 -2.3400e+00 +3.3697e+00 +5.7509e-01 -2.7834e+00 -2.2037e+00 +4.6624e-01 -3.5703e+00 -2.4476e+00 +1.2695e+00 +3.6147e+00
1786 +9.613122776e+01 +9.613122776e+01 +4.003312278e+02 +4.003312278e+02 -2.2767e+00 +3.2787e+00 +6.2632e-01 -2.6825e+00 -2.1016e+00 +7.7212e-02 -3.5595e+00 -2.5628e+00 +1.1842e+00 +3.8456e+00
2393 +5.750674145e+01 +5.750674145e+01 +3.617067414e+02 +3.617067414e+02 -2.4816e+00 +3.2744e+00 +5.2625e-01 -2.4657e+00 -2.1322e+00 -1.9126e-01 -3.5185e+00 -2.3913e+00 +1.3071e+00 +3.4909e+00
3110 +3.417122655e+01 +3.417122655e+01 +3.383712266e+02 +3.383712266e+02 -2.4973e+00 +3.2890e+00 +4.4861e-01 -2.1623e+00 -2.0463e+00 -2.1094e-01 -3.4989e+00 -2.3897e+00 +1.2504e+00 +3.5912e+00
3431 +2.271830418e+01 +2.271830418e+01 +3.269183042e+02 +3.269183042e+02 -2.5097e+00 +3.2774e+00 +3.1017e-01 -2.1529e+00 -2.0604e+00 -1.7912e-01 -3.4676e+00 -2.3407e+00 +1.2366e+00 +3.6364e+00
4730 +1.499692667e+01 +1.499692667e+01 +3.191969267e+02 +3.191969267e+02 -2.5097e+00 +3.2551e+00 +3.6124e-01 -2.2283e+00 -2.0535e+00 -2.0747e-01 -3.4833e+00 -2.3325e+00 +1.2403e+00 +3.6427e+00
% function evaluation | noise-free fitness - Fopt (-1.046700000000e+02) | best noise-free fitness - Fopt | measured fitness | best measured fitness | x1 | x2...
1 +1.882408868e+03 +1.882408868e+03 +1.777738868e+03 +1.777738868e+03 +4.5013e+00 -3.0657e+00 +8.2792e-01 -4.8575e-01 -6.0209e-01 -1.2411e+00 -1.3969e+00 +4.0899e+00 -2.1406e+00 -4.5095e+00
4 +1.111940455e+03 +1.111940455e+03 +1.007270455e+03 +1.007270455e+03 -1.4018e-01 +4.1674e-01 -1.6605e+00 -1.8731e+00 -1.3492e+00 +2.5367e+00 +9.7345e-01 -2.1806e-01 +2.2198e+00 -2.1385e+00
162 +9.651656793e+02 +9.651656793e+02 +8.604956793e+02 +8.604956793e+02 -2.9574e+00 -2.0277e+00 -3.9708e-01 -1.8180e+00 +6.7919e-01 -1.7581e+00 +4.3528e-01 +4.4253e-01 -1.1329e+00 -3.2257e-01
351 +5.855886340e+02 +5.855886340e+02 +4.809186340e+02 +4.809186340e+02 -5.0000e+00 -1.5962e-01 -5.0000e+00 -2.3032e+00 +3.9177e+00 +1.5121e+00 +1.5454e+00 +6.5502e-02 +1.4932e+00 -2.6576e+00
729 +3.742508196e+02 +3.742508196e+02 +2.695808196e+02 +2.695808196e+02 -3.2296e+00 -3.6017e-02 -4.9059e+00 -2.5899e+00 +4.4899e+00 +1.2423e-01 +1.9042e+00 +6.5320e-01 +9.7794e-01 -1.7483e+00
1106 +2.481765652e+02 +2.481765652e+02 +1.435065652e+02 +1.435065652e+02 -2.8013e+00 +2.6190e-01 -4.9090e+00 -4.0603e+00 +3.1574e+00 -7.6737e-02 +1.6422e+00 +3.2959e-01 +3.5195e-01 -2.6382e+00
1758 +1.431905263e+02 +1.431905263e+02 +3.852052627e+01 +3.852052627e+01 -2.9411e+00 +7.1940e-01 -4.9070e+00 -3.8783e+00 +2.8181e+00 +2.2786e-01 +1.6815e+00 +3.0671e-01 +7.7832e-01 -2.5855e+00
2197 +8.523351550e+01 +8.523351550e+01 -1.943648450e+01 -1.943648450e+01 -3.5355e+00 +9.2322e-01 -4.8517e+00 -4.0677e+00 +2.5911e+00 +1.4748e-01 +1.5652e+00 +2.4312e-01 +7.4280e-01 -2.4333e+00
2880 +6.119923426e+01 +6.119923426e+01 -4.347076574e+01 -4.347076574e+01 -3.3992e+00 +8.6495e-01 -4.6810e+00 -4.0261e+00 +2.5323e+00 +1.0316e-01 +1.4029e+00 +3.2954e-01 +5.5232e-01 -2.3983e+00
4654 +3.963609648e+01 +3.963609648e+01 -6.503390352e+01 -6.503390352e+01 -3.6228e+00 +8.7031e-01 -4.6847e+00 -4.0498e+00 +2.3151e+00 +1.1435e-01 +1.4280e+00 +3.8180e-01 +5.3162e-01 -2.3615e+00
% function evaluation | noise-free fitness - Fopt (4.869500000000e+02) | best noise-free fitness - Fopt | measured fitness | best measured fitness | x1 | x2...
1 +2.596290801e+03 +2.596290801e+03 +3.083240801e+03 +3.083240801e+03 +4.5013e+00 -3.0657e+00 +8.2792e-01 -4.8575e-01 -6.0209e-01 -1.2411e+00 -1.3969e+00 +4.0899e+00 -2.1406e+00 -4.5095e+00
2 +2.279918977e+03 +2.279918977e+03 +2.766868977e+03 +2.766868977e+03 -2.6886e+00 +1.8222e+00 -7.6504e-01 -4.5610e+00 -1.5995e+00 -4.9012e+00 +4.8513e-01 +9.6247e-01 -1.0587e+00 +2.5534e+00
4 +1.000496065e+03 +1.000496065e+03 +1.487446065e+03 +1.487446065e+03 -1.4018e-01 +4.1674e-01 -1.6605e+00 -1.8731e+00 -1.3492e+00 +2.5367e+00 +9.7345e-01 -2.1806e-01 +2.2198e+00 -2.1385e+00
48 +8.798158432e+02 +8.798158432e+02 +1.366765843e+03 +1.366765843e+03 -7.1108e-01 -3.0776e-01 +1.2989e+00 -3.2610e+00 -3.0121e+00 +4.9945e+00 -2.2869e+00 -9.8196e-01 -3.2780e+00 +1.6612e+00
148 +5.254179611e+02 +5.254179611e+02 +1.012367961e+03 +1.012367961e+03 -1.8575e+00 -6.0472e-01 -9.6668e-01 -2.0977e+00 -2.4536e+00 +3.7937e+00 -1.2247e+00 -1.2790e+00 -6.0904e-02 -3.6782e+00
425 +3.934601713e+02 +3.934601713e+02 +8.804101713e+02 +8.804101713e+02 -4.6911e+00 -7.6841e-01 -2.0585e+00 -8.5482e-01 -2.8306e+00 +5.0000e+00 +6.9965e-02 -9.9291e-01 -4.8678e-01 -5.0000e+00
951 +1.710013504e+02 +1.710013504e+02 +6.579513504e+02 +6.579513504e+02 -3.7099e+00 +2.8087e-01 -1.2765e+00 -1.7964e+00 -3.0956e+00 +3.7972e+00 -1.4993e+00 -8.8519e-01 -3.0053e-01 -2.2707e+00
1291 +1.550144797e+02 +1.550144797e+02 +6.419644797e+02 +6.419644797e+02 -3.9837e+00 +3.4269e-01 -1.4406e+00 -1.5955e+00 -3.1693e+00 +3.9179e+00 -1.4815e+00 -1.2684e+00 -4.1806e-01 -2.5192e+00
2067 +9.777514669e+01 +9.777514669e+01 +5.847251467e+02 +5.847251467e+02 -3.2673e+00 -8.2782e-02 -1.1738e+00 -1.7878e+00 -3.7748e+00 +4.3513e+00 -6.6095e-01 -1.3159e+00 -4.0832e-02 -2.8868e+00
2441 +5.146225004e+01 +5.146225004e+01 +5.384122500e+02 +5.384122500e+02 -3.6698e+00 +2.5023e-01 -1.2436e+00 -1.8079e+00 -3.6687e+00 +4.1512e+00 -6.7436e-01 -1.2989e+00 +4.0939e-02 -2.9766e+00
3402 +3.465458958e+01 +3.465458958e+01 +5.216045896e+02 +5.216045896e+02 -3.6845e+00 +1.5495e-01 -1.2780e+00 -1.6929e+00 -3.5100e+00 +4.1656e+00 -6.6023e-01 -1.3315e+00 +7.2937e-03 -2.9257e+00
4195 +2.359442483e+01 +2.359442483e+01 +5.105444248e+02 +5.105444248e+02 -3.6930e+00 +1.0774e-01 -1.2267e+00 -1.6373e+00 -3.4677e+00 +4.1098e+00 -6.8194e-01 -1.3381e+00 -2.3232e-02 -2.8754e+00
4858 +1.411351262e+01 +1.411351262e+01 +5.010635126e+02 +5.010635126e+02 -3.7239e+00 +8.4153e-02 -1.1818e+00 -1.6323e+00 -3.4816e+00 +4.0040e+00 -7.6808e-01 -1.2934e+00 -1.2246e-01 -2.8991e+00
% function evaluation | noise-free fitness - Fopt (9.655000000000e+01) | best noise-free fitness - Fopt | measured fitness | best measured fitness | x1 | x2...
1 +3.478863955e+03 +3.478863955e+03 +3.575413955e+03 +3.575413955e+03 +4.5013e+00 -3.0657e+00 +8.2792e-01 -4.8575e-01 -6.0209e-01 -1.2411e+00 -1.3969e+00 +4.0899e+00 -2.1406e+00 -4.5095e+00
6 +2.195023391e+03 +2.195023391e+03 +2.291573391e+03 +2.291573391e+03 +2.6210e+00 +1.9790e+00 -2.7405e+00 -1.1603e+00 +9.1525e-01 +4.1996e+00 +7.1057e-01 -3.3855e+00 -3.8784e+00 +4.3274e+00
11 +1.532782408e+03 +1.532782408e+03 +1.629332408e+03 +1.629332408e+03 +1.1543e+00 -3.4476e-02 -2.9093e+00 +1.0854e+00 +4.3424e+00 -3.0611e+00 -6.8127e-01 +3.1212e+00 +2.2406e+00 -2.9073e+00
81 +7.170212480e+02 +7.170212480e+02 +8.135712480e+02 +8.135712480e+02 +1.5274e-01 +1.0558e+00 -3.6853e+00 +9.3539e-01 +1.6138e+00 -2.0551e+00 -2.5340e+00 +8.0230e-01 +1.4927e+00 +3.3555e+00
307 +6.190531605e+02 +6.190531605e+02 +7.156031605e+02 +7.156031605e+02 +1.4889e+00 +3.4395e+00 -7.6860e-01 +1.1188e+00 +4.1946e+00 -4.7722e+00 -4.1642e+00 -1.9530e+00 +2.6138e+00 +2.7374e+00
576 +3.770497632e+02 +3.770497632e+02 +4.735997632e+02 +4.735997632e+02 -3.3016e-01 +2.5777e+00 -2.9816e+00 +6.2525e-01 +1.7019e+00 -1.9976e+00 -5.0000e+00 +4.4601e-01 +2.4561e+00 +3.6501e+00
1193 +2.484849251e+02 +2.484849251e+02 +3.450349251e+02 +3.450349251e+02 +4.0216e-01 +2.1801e+00 -2.6480e+00 +1.8233e+00 +2.2339e+00 -2.7759e+00 -5.0000e+00 -5.0036e-01 +3.1090e+00 +2.9748e+00
1757 +1.569301278e+02 +1.569301278e+02 +2.534801278e+02 +2.534801278e+02 -7.9736e-02 +1.9265e+00 -2.3773e+00 +1.8411e+00 +1.9225e+00 -2.4247e+00 -4.9971e+00 +3.6920e-02 +3.4588e+00 +2.7740e+00
4187 +9.842901716e+01 +9.842901716e+01 +1.949790172e+02 +1.949790172e+02 -4.5476e-01 +1.6065e+00 -2.3809e+00 +1.6835e+00 +2.0786e+00 -2.0367e+00 -4.9933e+00 +6.8325e-01 +3.4511e+00 +2.8589e+00
% function evaluation | noise-free fitness - Fopt (6.320000000000e+00) | best noise-free fitness - Fopt | measured fitness | best measured fitness | x1 | x2...
1 +1.716001621e+03 +1.716001621e+03 +1.722321621e+03 +1.722321621e+03 +4.5013e+00 -3.0657e+00 +8.2792e-01 -4.8575e-01 -6.0209e-01 -1.2411e+00 -1.3969e+00 +4.0899e+00 -2.1406e+00 -4.5095e+00
3 +1.381650318e+03 +1.381650318e+03 +1.387970318e+03 +1.387970318e+03 +1.0684e+00 -1.9724e+00 +1.5512e-01 -4.7281e+00 -1.8578e+00 -8.0142e-01 -2.3823e+00 -1.7104e+00 +3.0145e-02 +3.9481e+00
51 +9.258252655e+02 +9.258252655e+02 +9.321452655e+02 +9.321452655e+02 -4.9871e-01 -4.3816e-01 -1.7420e-01 +1.0243e+00 -8.0942e-01 +3.7589e+00 -1.4903e-01 -9.1011e-01 -4.1829e+00 -5.2336e-01
295 +6.059806943e+02 +6.059806943e+02 +6.123006943e+02 +6.123006943e+02 +3.4278e+00 -8.0852e-01 -2.1061e+00 +2.4684e+00 -1.4381e+00 +5.0000e+00 -1.2816e-01 +3.0288e+00 -1.7029e+00 +2.6065e+00
355 +3.619961036e+02 +3.619961036e+02 +3.683161036e+02 +3.683161036e+02 +3.6204e+00 -1.3900e+00 +8.0664e-01 -1.4806e+00 -1.8488e+00 +3.8465e+00 +1.5120e+00 +2.6862e+00 -1.8696e+00 +2.0186e+00
612 +2.159617403e+02 +2.159617403e+02 +2.222817403e+02 +2.222817403e+02 +3.2659e+00 -1.2349e+00 +7.9064e-01 -2.9738e-01 -1.3782e+00 +3.0754e+00 +1.5652e+00 +1.3743e+00 -2.8939e+00 +1.6128e+00
1114 +1.465059433e+02 +1.465059433e+02 +1.528259433e+02 +1.528259433e+02 +3.2720e+00 -1.8180e+00 +1.2464e+00 -9.1744e-01 -1.2063e+00 +3.4789e+00 +2.5220e+00 +1.8475e+00 -3.4248e+00 +1.8473e+00
1655 +9.951484380e+01 +9.951484380e+01 +1.058348438e+02 +1.058348438e+02 +3.2435e+00 -1.4864e+00 +1.2089e+00 -5.6860e-01 -1.2573e+00 +3.3261e+00 +2.4307e+00 +1.7076e+00 -3.0218e+00 +1.9972e+00
2222 +5.941951599e+01 +5.941951599e+01 +6.573951599e+01 +6.573951599e+01 +3.2032e+00 -1.7896e+00 +1.0699e+00 -9.1615e-01 -1.2275e+00 +3.1013e+00 +2.7948e+00 +1.7610e+00 -3.0553e+00 +1.8686e+00
3387 +3.957902474e+01 +3.957902474e+01 +4.589902474e+01 +4.589902474e+01 +3.3017e+00 -1.7876e+00 +1.1672e+00 -9.5394e-01 -1.2293e+00 +3.1642e+00 +2.8864e+00 +1.7803e+00 -2.8896e+00 +1.7837e+00
3705 +2.201864153e+01 +2.201864153e+01 +2.833864153e+01 +2.833864153e+01 +3.2238e+00 -1.9087e+00 +1.1421e+00 -1.0336e+00 -1.3477e+00 +3.1343e+00 +2.9673e+00 +1.7885e+00 -2.8759e+00 +1.7106e+00
4318 +1.439915998e+01 +1.439915998e+01 +2.071915998e+01 +2.071915998e+01 +3.2200e+00 -1.9192e+00 +1.1247e+00 -1.0473e+00 -1.3964e+00 +3.1800e+00 +2.9544e+00 +1.7201e+00 -2.8528e+00 +1.7897e+00
4755 +8.793477722e+00 +8.793477722e+00 +1.511347772e+01 +1.511347772e+01 +3.2564e+00 -1.9246e+00 +1.1348e+00 -1.0680e+00 -1.3917e+00 +3.1448e+00 +2.9555e+00 +1.7853e+00 -2.8284e+00 +1.8005e+00
% function evaluation | noise-free fitness - Fopt (-1.275100000000e+02) | best noise-free fitness - Fopt | measured fitness | best measured fitness | x1 | x2...
1 +2.683456715e+03 +2.683456715e+03 +2.555946715e+03 +2.555946715e+03 +4.5013e+00 -3.0657e+00 +8.2792e-01 -4.8575e-01 -6.0209e-01 -1.2411e+00 -1.3969e+00 +4.0899e+00 -2.1406e+00 -4.5095e+00
2 +2.019989851e+03 +2.019989851e+03 +1.892479851e+03 +1.892479851e+03 -2.6886e+00 +1.8222e+00 -7.6504e-01 -4.5610e+00 -1.5995e+00 -4.9012e+00 +4.8513e-01 +9.6247e-01 -1.0587e+00 +2.5534e+00
15 +1.424973324e+03 +1.424973324e+03 +1.297463324e+03 +1.297463324e+03 -3.2373e+00 +3.1797e+00 -3.8905e-01 +8.6918e-01 -2.6212e+00 -2.6559e+00 +4.4546e+00 -7.5111e-01 +2.8386e+00 +6.2049e-01
52 +9.395650709e+02 +9.395650709e+02 +8.120550709e+02 +8.120550709e+02 -3.1569e+00 +7.6183e-01 +2.7970e+00 -1.8326e-01 +1.1133e-01 -2.1073e+00 +4.9197e+00 +2.5205e-02 +1.6342e+00 -5.6251e-01
333 +5.966825690e+02 +5.966825690e+02 +4.691725690e+02 +4.691725690e+02 -3.3656e+00 -1.3721e+00 +5.5233e-02 +7.0073e-01 +3.7829e+00 -2.3183e+00 +2.2127e+00 -5.7410e-01 +6.4860e-02 -4.6305e+00
471 +3.850737861e+02 +3.850737861e+02 +2.575637861e+02 +2.575637861e+02 -3.3336e+00 -2.5995e+00 +8.9406e-01 +0.0000e+00 +4.2829e+00 -4.3055e+00 +2.0756e+00 -9.3876e-01 -1.9536e+00 -3.2948e+00
773 +2.338267421e+02 +2.338267421e+02 +1.063167421e+02 +1.063167421e+02 -4.0865e+00 -2.8986e+00 +1.0519e+00 -1.2696e-01 +2.5272e+00 -3.8067e+00 +1.6617e+00 -2.7171e-01 -1.4497e+00 -2.2685e+00
1633 +1.101658337e+02 +1.101658337e+02 -1.734416632e+01 -1.734416632e+01 -3.9430e+00 -3.1048e+00 +7.7732e-01 -3.7074e-01 +3.0096e+00 -3.3549e+00 +2.3428e+00 +1.3058e-01 -6.5521e-01 -2.4637e+00
1811 +9.502671879e+01 +9.502671879e+01 -3.248328121e+01 -3.248328121e+01 -3.5417e+00 -2.8680e+00 +7.0311e-01 -2.7191e-01 +3.0833e+00 -3.2659e+00 +2.4685e+00 +8.9219e-02 -6.8038e-01 -2.5368e+00
2480 +6.071186073e+01 +6.071186073e+01 -6.679813927e+01 -6.679813927e+01 -3.7037e+00 -3.2106e+00 +7.5191e-01 -2.0326e-01 +2.9409e+00 -3.4955e+00 +2.1809e+00 +5.5053e-01 -7.8807e-01 -2.9950e+00
2780 +3.404518247e+01 +3.404518247e+01 -9.346481753e+01 -9.346481753e+01 -3.7687e+00 -3.2035e+00 +8.1773e-01 -2.1132e-01 +3.0041e+00 -3.6422e+00 +2.4192e+00 +5.1953e-01 -8.7366e-01 -2.8859e+00
3701 +2.470450405e+01 +2.470450405e+01 -1.028054960e+02 -1.028054960e+02 -3.8153e+00 -3.1649e+00 +8.7425e-01 -1.8901e-01 +3.0203e+00 -3.5745e+00 +2.3382e+00 +5.1002e-01 -8.6932e-01 -2.8609e+00
4551 +1.504081934e+01 +1.504081934e+01 -1.124691807e+02 -1.124691807e+02 -3.9007e+00 -3.1537e+00 +8.9395e-01 -1.9613e-01 +2.9469e+00 -3.6063e+00 +2.3481e+00 +5.0221e-01 -8.6020e-01 -2.8261e+00
% function evaluation | noise-free fitness - Fopt (8.328000000000e+02) | best noise-free fitness - Fopt | measured fitness | best measured fitness | x1 | x2...
1 +2.811823771e+03 +2.811823771e+03 +3.644623771e+03 +3.644623771e+03 +4.5013e+00 -3.0657e+00 +8.2792e-01 -4.8575e-01 -6.0209e-01 -1.2411e+00 -1.3969e+00 +4.0899e+00 -2.1406e+00 -4.5095e+00
2 +1.040386565e+03 +1.040386565e+03 +1.873186565e+03 +1.873186565e+03 -2.6886e+00 +1.8222e+00 -7.6504e-01 -4.5610e+00 -1.5995e+00 -4.9012e+00 +4.8513e-01 +9.6247e-01 -1.0587e+00 +2.5534e+00
55 +9.758418308e+02 +9.758418308e+02 +1.808641831e+03 +1.808641831e+03 -1.0870e+00 +1.5087e+00 -9.0879e-01 -3.8401e+00 +2.6130e+00 -2.0613e+00 +4.9278e-01 -1.9126e+00 -5.9660e-02 -9.4675e-01
320 +6.037020500e+02 +6.037020500e+02 +1.436502050e+03 +1.436502050e+03 -4.3588e+00 -3.8023e-01 -3.8524e+00 -4.4270e+00 +1.9987e+00 -7.8926e-01 +1.4464e+00 +1.6652e-01 -1.0666e+00 +1.9015e+00
895 +3.975980930e+02 +3.975980930e+02 +1.230398093e+03 +1.230398093e+03 -4.2642e+00 -3.2658e-01 -1.6189e+00 -3.3487e+00 +2.4486e+00 -2.7127e+00 +8.1192e-01 +4.7461e-01 -2.4596e+00 +3.9863e+00
1184 +2.003315724e+02 +2.003315724e+02 +1.033131572e+03 +1.033131572e+03 -3.5992e+00 -1.1228e+00 -1.9888e+00 -1.7660e+00 +3.0012e+00 -2.3737e+00 +1.4800e-01 +5.1573e-01 -3.6617e+00 +3.1207e+00
1779 +1.277444021e+02 +1.277444021e+02 +9.605444021e+02 +9.605444021e+02 -3.4873e+00 -1.1401e+00 -1.6612e+00 -1.8818e+00 +3.2937e+00 -2.6983e+00 +1.7127e-01 +2.3349e-01 -3.1387e+00 +2.8809e+00
2177 +9.990935829e+01 +9.990935829e+01 +9.327093583e+02 +9.327093583e+02 -3.2545e+00 -1.1380e+00 -1.7049e+00 -1.6782e+00 +3.4345e+00 -2.9007e+00 -1.6160e-01 +8.3108e-02 -3.2071e+00 +2.8954e+00
2684 +4.197864838e+01 +4.197864838e+01 +8.747786484e+02 +8.747786484e+02 -3.3928e+00 -8.3247e-01 -1.8504e+00 -1.7014e+00 +3.6263e+00 -2.9768e+00 -4.3216e-01 +2.1455e-02 -3.0299e+00 +2.7052e+00
3061 +2.061236785e+01 +2.061236785e+01 +8.534123678e+02 +8.534123678e+02 -3.3594e+00 -8.4448e-01 -1.8043e+00 -1.5410e+00 +3.6362e+00 -3.0056e+00 -3.5916e-01 +1.9022e-02 -3.0402e+00 +2.7037e+00
