% function evaluation | noise-free fitness - Fopt (-9.210000000000e+00) | best noise-free fitness - Fopt | measured fitness | best measured fitness | x1 | x2...
1 +9.356339500e+01 +9.356339500e+01 +8.435339500e+01 +8.435339500e+01 -4.3516e+00 -4.7934e+00 -3.2423e-01
2 +2.708593192e+01 +2.708593192e+01 +1.787593192e+01 +1.787593192e+01 +3.5456e+00 +2.2279e+00 +3.3135e+00
14 +2.503267895e+01 +2.503267895e+01 +1.582267895e+01 +1.582267895e+01 -2.6449e+00 +3.8058e+00 +3.6389e+00
59 +1.451515275e+01 +1.451515275e+01 +5.305152752e+00 +5.305152752e+00 +3.1930e+00 +2.7202e+00 +4.4501e+00
73 +9.556678743e+00 +9.556678743e+00 +3.466787429e-01 +3.466787429e-01 +4.2782e+00 +2.2062e+00 +5.0000e+00
105 +5.366679738e-01 +5.366679738e-01 -8.673332026e+00 -8.673332026e+00 +4.4633e+00 +5.0000e+00 +5.0000e+00
123 +1.958694999e-01 +1.958694999e-01 -9.014130500e+00 -9.014130500e+00 +5.0000e+00 +4.9381e+00 +5.0000e+00
153 +1.273396236e-01 +1.273396236e-01 -9.082660376e+00 -9.082660376e+00 +4.8727e+00 +5.0000e+00 +5.0000e+00
162 +0.000000000e+00 +0.000000000e+00 -9.210000000e+00 -9.210000000e+00 +5.0000e+00 +5.0000e+00 +5.0000e+00
% function evaluation | noise-free fitness - Fopt (6.559900000000e+02) | best noise-free fitness - Fopt | measured fitness | best measured fitness | x1 | x2...
1 +1.321514967e+02 +1.321514967e+02 +7.881414967e+02 +7.881414967e+02 +3.2486e+00 +4.7063e+00 +4.9706e+00
2 +9.162760663e+01 +9.162760663e+01 +7.476176066e+02 +7.476176066e+02 -2.7855e+00 -4.8283e-01 +1.9558e+00
4 +4.886383587e+01 +4.886383587e+01 +7.048538359e+02 +7.048538359e+02 -2.0199e+00 +1.2015e+00 -2.7767e+00
10 +2.021835178e+01 +2.021835178e+01 +6.762083518e+02 +6.762083518e+02 +2.3441e+00 -3.4688e+00 -3.7280e+00
54 +1.282220240e+01 +1.282220240e+01 +6.688122024e+02 +6.688122024e+02 -4.0226e+00 -3.7985e+00 -5.0000e+00
63 +6.034854061e+00 +6.034854061e+00 +6.620248541e+02 +6.620248541e+02 -1.0349e+00 -5.0000e+00 -5.0000e+00
120 +3.250736685e+00 +3.250736685e+00 +6.592407367e+02 +6.592407367e+02 +1.7669e+00 -4.9944e+00 -5.0000e+00
170 +2.223760174e+00 +2.223760174e+00 +6.582137602e+02 +6.582137602e+02 +2.7762e+00 -5.0000e+00 -5.0000e+00
206 +1.488079456e+00 +1.488079456e+00 +6.574780795e+02 +6.574780795e+02 +3.9149e+00 -4.8726e+00 -5.0000e+00
207 +6.318782357e-01 +6.318782357e-01 +6.566218782e+02 +6.566218782e+02 +4.3681e+00 -5.0000e+00 -5.0000e+00
211 +4.054167515e-01 +4.054167515e-01 +6.563954168e+02 +6.563954168e+02 +4.5946e+00 -5.0000e+00 -5.0000e+00
231 +1.329395810e-01 +1.329395810e-01 +6.561229396e+02 +6.561229396e+02 +4.8671e+00 -5.0000e+00 -5.0000e+00
236 +5.955240128e-02 +5.955240128e-02 +6.560495524e+02 +6.560495524e+02 +4.9404e+00 -5.0000e+00 -5.0000e+00
240 +3.320223014e-02 +3.320223014e-02 +6.560232022e+02 +6.560232022e+02 +5.0000e+00 -4.9895e+00 -5.0000e+00
252 +1.666511959e-02 +1.666511959e-02 +6.560066651e+02 +6.560066651e+02 +5.0000e+00 -4.9947e+00 -5.0000e+00
255 +0.000000000e+00 +0.000000000e+00 +6.559900000e+02 +6.559900000e+02 +5.0000e+00 -5.0000e+00 -5.0000e+00
% function evaluation | noise-free fitness - Fopt (6.671000000000e+01) | best noise-free fitness - Fopt | measured fitness | best measured fitness | x1 | x2...
1 +5.691527239e+01 +5.691527239e+01 +1.236252724e+02 +1.236252724e+02 +4.6449e+00 +4.8953e+00 -3.4021e+00
10 +2.938824655e+01 +2.938824655e+01 +9.609824655e+01 +9.609824655e+01 +2.2519e+00 -4.7238e+00 -2.8737e+00
19 +2.160518170e+01 +2.160518170e+01 +8.831518170e+01 +8.831518170e+01 +2.8919e+00 -3.8848e+00 -3.9813e+00
37 +1.563604895e+01 +1.563604895e+01 +8.234604895e+01 +8.234604895e+01 -4.5058e+00 -3.7929e-01 -4.9470e+00
44 +8.631700583e+00 +8.631700583e+00 +7.534170058e+01 +7.534170058e+01 -1.3719e+00 -3.9485e+00 -4.8322e+00
105 +2.888972761e+00 +2.888972761e+00 +6.959897276e+01 +6.959897276e+01 -4.4189e+00 -4.2702e+00 -5.0000e+00
117 +9.458302105e-01 +9.458302105e-01 +6.765583021e+01 +6.765583021e+01 -4.4034e+00 -5.0000e+00 -4.9651e+00
133 +1.712365195e-01 +1.712365195e-01 +6.688123652e+01 +6.688123652e+01 -4.8288e+00 -5.0000e+00 -5.0000e+00
162 +1.123359114e-01 +1.123359114e-01 +6.682233591e+01 +6.682233591e+01 -4.8877e+00 -5.0000e+00 -5.0000e+00
183 +0.000000000e+00 +0.000000000e+00 +6.671000000e+01 +6.671000000e+01 -5.0000e+00 -5.0000e+00 -5.0000e+00
% function evaluation | noise-free fitness - Fopt (9.416700000000e+02) | best noise-free fitness - Fopt | measured fitness | best measured fitness | x1 | x2...
1 +2.377764024e+01 +2.377764024e+01 +9.654476402e+02 +9.654476402e+02 +1.2792e+00 -3.6001e+00 +3.6928e+00
11 +1.243336380e+01 +1.243336380e+01 +9.541033638e+02 +9.541033638e+02 -4.7674e+00 -2.6524e+00 +4.5223e+00
27 +9.816434077e+00 +9.816434077e+00 +9.514864341e+02 +9.514864341e+02 -4.7871e+00 -3.6495e+00 +4.4667e+00
51 +4.945460178e+00 +4.945460178e+00 +9.466154602e+02 +9.466154602e+02 -5.4540e-02 -5.0000e+00 +5.0000e+00
96 +3.573324176e+00 +3.573324176e+00 +9.452433242e+02 +9.452433242e+02 -3.6304e+00 -4.3031e+00 +5.0000e+00
110 +1.701169487e+00 +1.701169487e+00 +9.433711695e+02 +9.433711695e+02 -5.0000e+00 -4.4620e+00 +5.0000e+00
121 +2.054107329e-01 +2.054107329e-01 +9.418754107e+02 +9.418754107e+02 -4.8417e+00 -4.9851e+00 +5.0000e+00
135 +0.000000000e+00 +0.000000000e+00 +9.416700000e+02 +9.416700000e+02 -5.0000e+00 -5.0000e+00 +5.0000e+00
% function evaluation | noise-free fitness - Fopt (-3.745000000000e+01) | best noise-free fitness - Fopt | measured fitness | best measured fitness | x1 | x2...
1 +1.180511415e+02 +1.180511415e+02 +8.060114146e+01 +8.060114146e+01 +3.2405e+00 -2.0872e+00 -4.3880e+00
2 +6.008154596e+01 +6.008154596e+01 +2.263154596e+01 +2.263154596e+01 +3.4549e+00 -1.6631e+00 +1.2534e+00
11 +2.714265740e+01 +2.714265740e+01 -1.030734260e+01 -1.030734260e+01 +1.3063e+00 +1.5081e-01 +4.1886e+00
21 +1.461295050e+01 +1.461295050e+01 -2.283704950e+01 -2.283704950e+01 -7.5176e-01 +4.3411e+00 +4.3222e+00
57 +5.521323720e+00 +5.521323720e+00 -3.192867628e+01 -3.192867628e+01 -5.2132e-01 +5.0000e+00 +5.0000e+00
107 +3.231111599e+00 +3.231111599e+00 -3.421888840e+01 -3.421888840e+01 +1.7689e+00 +5.0000e+00 +5.0000e+00
138 +9.225582498e-01 +9.225582498e-01 -3.652744175e+01 -3.652744175e+01 +4.0774e+00 +5.0000e+00 +5.0000e+00
151 +1.760843236e-01 +1.760843236e-01 -3.727391568e+01 -3.727391568e+01 +4.8239e+00 +5.0000e+00 +5.0000e+00
188 +0.000000000e+00 +0.000000000e+00 -3.745000000e+01 -3.745000000e+01 +5.0000e+00 +5.0000e+00 +5.0000e+00
% function evaluation | noise-free fitness - Fopt (2.906200000000e+02) | best noise-free fitness - Fopt | measured fitness | best measured fitness | x1 | x2...
1 +8.999888471e+01 +8.999888471e+01 +3.806188847e+02 +3.806188847e+02 +8.8250e-01 +1.0224e+00 +2.3303e+00
4 +4.867504670e+01 +4.867504670e+01 +3.392950467e+02 +3.392950467e+02 +6.1411e-01 +3.1648e+00 -1.1514e+00
10 +3.954760430e+01 +3.954760430e+01 +3.301676043e+02 +3.301676043e+02 +2.6762e+00 -2.4429e+00 -3.6313e+00
14 +1.850301549e+01 +1.850301549e+01 +3.091230155e+02 +3.091230155e+02 +6.5804e-01 +3.0727e+00 -4.1933e+00
35 +1.274462724e+01 +1.274462724e+01 +3.033646272e+02 +3.033646272e+02 +8.8452e-01 +4.5100e+00 -4.2920e+00
71 +3.479649696e+00 +3.479649696e+00 +2.940996497e+02 +2.940996497e+02 +1.5836e+00 +4.9800e+00 -5.0000e+00
121 +0.000000000e+00 +0.000000000e+00 +2.906200000e+02 +2.906200000e+02 +5.0000e+00 +5.0000e+00 -5.0000e+00
% function evaluation | noise-free fitness - Fopt (-1.015300000000e+02) | best noise-free fitness - Fopt | measured fitness | best measured fitness | x1 | x2...
1 +5.991614765e+01 +5.991614765e+01 -4.161385235e+01 -4.161385235e+01 -4.1135e+00 -3.7297e+00 -5.0128e-01
2 +2.605598835e+01 +2.605598835e+01 -7.547401165e+01 -7.547401165e+01 +1.1339e+00 +3.8626e-01 +4.7111e+00
5 +2.359890746e+01 +2.359890746e+01 -7.793109254e+01 -7.793109254e+01 -2.4931e+00 -1.0448e+00 +4.1415e+00
80 +1.244680701e+01 +1.244680701e+01 -8.908319299e+01 -8.908319299e+01 +2.0046e+00 -3.2790e+00 +5.0000e+00
101 +7.689024538e+00 +7.689024538e+00 -9.384097546e+01 -9.384097546e+01 -2.2234e-01 -4.0793e+00 +5.0000e+00
117 +2.631567874e+00 +2.631567874e+00 -9.889843213e+01 -9.889843213e+01 -2.3684e+00 -5.0000e+00 +5.0000e+00
167 +1.589363369e+00 +1.589363369e+00 -9.994063663e+01 -9.994063663e+01 -3.4106e+00 -5.0000e+00 +5.0000e+00
207 +6.128372668e-01 +6.128372668e-01 -1.009171627e+02 -1.009171627e+02 -4.3872e+00 -5.0000e+00 +5.0000e+00
208 +0.000000000e+00 +0.000000000e+00 -1.015300000e+02 -1.015300000e+02 -5.0000e+00 -5.0000e+00 +5.0000e+00
% function evaluation | noise-free fitness - Fopt (3.019700000000e+02) | best noise-free fitness - Fopt | measured fitness | best measured fitness | x1 | x2...
1 +1.182135711e+02 +1.182135711e+02 +4.201835711e+02 +4.201835711e+02 -4.3096e+00 -6.7594e-01 -4.9574e+00
3 +9.784175427e+01 +9.784175427e+01 +3.998117543e+02 +3.998117543e+02 -3.4229e+00 -4.7455e+00 -1.5447e+00
4 +5.882662708e+01 +5.882662708e+01 +3.607966271e+02 +3.607966271e+02 -4.3226e+00 -2.3134e+00 +1.4978e+00
15 +3.249763786e+01 +3.249763786e+01 +3.344676379e+02 +3.344676379e+02 +1.9092e+00 -9.3587e-01 +4.3182e+00
39 +2.270656510e+01 +2.270656510e+01 +3.246765651e+02 +3.246765651e+02 +3.7093e+00 +2.1969e+00 +4.4867e+00
92 +1.178038208e+01 +1.178038208e+01 +3.137503821e+02 +3.137503821e+02 -4.0496e+00 +1.5753e+00 +5.0000e+00
98 +7.817594795e+00 +7.817594795e+00 +3.097875948e+02 +3.097875948e+02 -2.2419e+00 +3.4001e+00 +5.0000e+00
102 +2.667555082e+00 +2.667555082e+00 +3.046375551e+02 +3.046375551e+02 -2.3324e+00 +5.0000e+00 +5.0000e+00
121 +1.261643894e+00 +1.261643894e+00 +3.032316439e+02 +3.032316439e+02 -3.7384e+00 +5.0000e+00 +5.0000e+00
152 +0.000000000e+00 +0.000000000e+00 +3.019700000e+02 +3.019700000e+02 -5.0000e+00 +5.0000e+00 +5.0000e+00
% function evaluation | noise-free fitness - Fopt (-6.561000000000e+01) | best noise-free fitness - Fopt | measured fitness | best measured fitness | x1 | x2...
1 +1.106947748e+02 +1.106947748e+02 +4.508477483e+01 +4.508477483e+01 -2.9312e+00 -1.3344e+00 -4.7034e+00
2 +6.072152451e+01 +6.072152451e+01 -4.888475494e+00 -4.888475494e+00 +3.6238e+00 +4.0531e+00 +2.6531e+00
7 +3.208367744e+01 +3.208367744e+01 -3.352632256e+01 -3.352632256e+01 -4.0992e+00 -4.9421e+00 +1.9000e+00
19 +2.010671678e+01 +2.010671678e+01 -4.550328322e+01 -4.550328322e+01 +3.1144e+00 -3.1868e+00 +4.3742e+00
36 +1.503482202e+01 +1.503482202e+01 -5.057517798e+01 -5.057517798e+01 -3.4537e+00 -3.4065e+00 +4.1551e+00
95 +8.602751861e+00 +8.602751861e+00 -5.700724814e+01 -5.700724814e+01 -5.0000e+00 -3.3040e+00 +4.6760e+00
104 +4.780302492e+00 +4.780302492e+00 -6.082969751e+01 -6.082969751e+01 -3.2131e+00 -4.0534e+00 +5.0000e+00
130 +3.403143146e+00 +3.403143146e+00 -6.220685685e+01 -6.220685685e+01 -1.5969e+00 -5.0000e+00 +5.0000e+00
135 +7.186068982e-01 +7.186068982e-01 -6.489139310e+01 -6.489139310e+01 -5.0000e+00 -4.7728e+00 +5.0000e+00
149 +0.000000000e+00 +0.000000000e+00 -6.561000000e+01 -6.561000000e+01 -5.0000e+00 -5.0000e+00 +5.0000e+00
% function evaluation | noise-free fitness - Fopt (-3.569000000000e+01) | best noise-free fitness - Fopt | measured fitness | best measured fitness | x1 | x2...
1 +1.333617398e+01 +1.333617398e+01 -2.235382602e+01 -2.235382602e+01 -3.2299e+00 +4.2352e+00 -4.7312e+00
51 +6.683138048e+00 +6.683138048e+00 -2.900686195e+01 -2.900686195e+01 -6.7571e-01 +4.6814e+00 -5.0000e+00
72 +6.254214998e+00 +6.254214998e+00 -2.943578500e+01 -2.943578500e+01 -1.2542e+00 +5.0000e+00 -5.0000e+00
101 +3.947656986e+00 +3.947656986e+00 -3.174234301e+01 -3.174234301e+01 +1.0523e+00 +5.0000e+00 -5.0000e+00
102 +1.629738706e+00 +1.629738706e+00 -3.406026129e+01 -3.406026129e+01 +3.3703e+00 +5.0000e+00 -5.0000e+00
151 +1.343903845e+00 +1.343903845e+00 -3.434609615e+01 -3.434609615e+01 +3.6561e+00 +5.0000e+00 -5.0000e+00
156 +9.641266614e-01 +9.641266614e-01 -3.472587334e+01 -3.472587334e+01 +4.0359e+00 +5.0000e+00 -5.0000e+00
197 +5.616218765e-01 +5.616218765e-01 -3.512837812e+01 -3.512837812e+01 +4.4384e+00 +5.0000e+00 -5.0000e+00
201 +0.000000000e+00 +0.000000000e+00 -3.569000000e+01 -3.569000000e+01 +5.0000e+00 +5.0000e+00 -5.0000e+00
% function evaluation | noise-free fitness - Fopt (3.174000000000e+01) | best noise-free fitness - Fopt | measured fitness | best measured fitness | x1 | x2...
1 +9.016886352e+01 +9.016886352e+01 +1.219088635e+02 +1.219088635e+02 -4.4264e+00 +1.2220e-01 +1.4545e+00
2 +3.355259796e+01 +3.355259796e+01 +6.529259796e+01 +6.529259796e+01 +3.4538e+00 +4.0303e+00 -4.6550e+00
16 +1.539856633e+01 +1.539856633e+01 +4.713856633e+01 +4.713856633e+01 -1.3351e+00 -2.5711e+00 -4.8618e+00
53 +3.338773372e+00 +3.338773372e+00 +3.507877337e+01 +3.507877337e+01 +1.6612e+00 -5.0000e+00 -5.0000e+00
138 +1.993960910e+00 +1.993960910e+00 +3.373396091e+01 +3.373396091e+01 +3.0060e+00 -5.0000e+00 -5.0000e+00
151 +4.575155255e-01 +4.575155255e-01 +3.219751553e+01 +3.219751553e+01 +4.5425e+00 -5.0000e+00 -5.0000e+00
156 -3.552713679e-15 -3.552713679e-15 +3.174000000e+01 +3.174000000e+01 +5.0000e+00 -5.0000e+00 -5.0000e+00
% function evaluation | noise-free fitness - Fopt (8.344900000000e+02) | best noise-free fitness - Fopt | measured fitness | best measured fitness | x1 | x2...
1 +4.692323950e+01 +4.692323950e+01 +8.814132395e+02 +8.814132395e+02 +4.2007e+00 -4.9945e+00 -1.2295e+00
2 +2.481452761e+01 +2.481452761e+01 +8.593045276e+02 +8.593045276e+02 +1.7256e+00 -1.7613e+00 -4.2153e+00
63 +1.182540967e+01 +1.182540967e+01 +8.463154097e+02 +8.463154097e+02 -2.6301e+00 -2.0099e+00 -5.0000e+00
111 +5.986083755e+00 +5.986083755e+00 +8.404760838e+02 +8.404760838e+02 +9.8608e-01 -5.0000e+00 -5.0000e+00
165 +5.792079934e-01 +5.792079934e-01 +8.350692080e+02 +8.350692080e+02 -4.8981e+00 -4.8491e+00 -5.0000e+00
170 +0.000000000e+00 +0.000000000e+00 +8.344900000e+02 +8.344900000e+02 -5.0000e+00 -5.0000e+00 -5.0000e+00
% function evaluation | noise-free fitness - Fopt (4.159000000000e+01) | best noise-free fitness - Fopt | measured fitness | best measured fitness | x1 | x2...
1 +8.507406270e+01 +8.507406270e+01 +1.266640627e+02 +1.266640627e+02 +2.0085e+00 +5.7070e-01 -1.8076e+00
4 +4.287106622e+01 +4.287106622e+01 +8.446106622e+01 +8.446106622e+01 -3.0084e+00 -7.8858e-01 +3.3442e+00
8 +3.326310449e+01 +3.326310449e+01 +7.485310449e+01 +7.485310449e+01 +1.4286e+00 -2.2850e+00 +4.3346e+00
62 +2.470975226e+01 +2.470975226e+01 +6.629975226e+01 +6.629975226e+01 +1.1601e+00 +3.6830e+00 +3.3295e+00
83 +1.124908890e+01 +1.124908890e+01 +5.283908890e+01 +5.283908890e+01 -1.3182e-01 +3.1878e+00 +4.9613e+00
106 +8.087806784e+00 +8.087806784e+00 +4.967780678e+01 +4.967780678e+01 -3.0878e+00 +5.0000e+00 +5.0000e+00
112 +5.680312120e+00 +5.680312120e+00 +4.727031212e+01 +4.727031212e+01 -6.8031e-01 +5.0000e+00 +5.0000e+00
143 +1.888261387e+00 +1.888261387e+00 +4.347826139e+01 +4.347826139e+01 +3.3194e+00 +5.0000e+00 +4.9792e+00
150 +1.215121814e+00 +1.215121814e+00 +4.280512181e+01 +4.280512181e+01 +3.7849e+00 +5.0000e+00 +5.0000e+00
193 +8.388616663e-01 +8.388616663e-01 +4.242886167e+01 +4.242886167e+01 +4.3827e+00 +5.0000e+00 +4.9778e+00
205 +3.827629856e-01 +3.827629856e-01 +4.197276299e+01 +4.197276299e+01 +4.6996e+00 +5.0000e+00 +4.9918e+00
207 +5.853079303e-02 +5.853079303e-02 +4.164853079e+01 +4.164853079e+01 +5.0000e+00 +5.0000e+00 +4.9941e+00
214 +3.127837434e-02 +3.127837434e-02 +4.162127837e+01 +4.162127837e+01 +5.0000e+00 +5.0000e+00 +4.9969e+00
222 +0.000000000e+00 +0.000000000e+00 +4.159000000e+01 +4.159000000e+01 +5.0000e+00 +5.0000e+00 +5.0000e+00
% function evaluation | noise-free fitness - Fopt (1.004200000000e+02) | best noise-free fitness - Fopt | measured fitness | best measured fitness | x1 | x2...
1 +3.400380422e+01 +3.400380422e+01 +1.344238042e+02 +1.344238042e+02 +3.3855e+00 -2.3399e+00 +2.6023e+00
11 +1.322670345e+01 +1.322670345e+01 +1.136467034e+02 +1.136467034e+02 +2.9978e-02 -4.9426e+00 +4.1925e+00
72 +4.831534436e+00 +4.831534436e+00 +1.052515344e+02 +1.052515344e+02 +1.6847e-01 -5.0000e+00 +5.0000e+00
91 +8.624115481e-01 +8.624115481e-01 +1.012824115e+02 +1.012824115e+02 +4.1376e+00 -5.0000e+00 +5.0000e+00
113 +0.000000000e+00 +0.000000000e+00 +1.004200000e+02 +1.004200000e+02 +5.0000e+00 -5.0000e+00 +5.0000e+00
% function evaluation | noise-free fitness - Fopt (-7.530000000000e+00) | best noise-free fitness - Fopt | measured fitness | best measured fitness | x1 | x2...
1 +2.641901612e+01 +2.641901612e+01 +1.888901612e+01 +1.888901612e+01 +9.4107e-01 -5.1662e-01 +4.1818e+00
33 +1.666707224e+01 +1.666707224e+01 +9.137072244e+00 +9.137072244e+00 -3.3689e+00 -2.8701e+00 +4.8437e+00
53 +1.018603673e+01 +1.018603673e+01 +2.656036725e+00 +2.656036725e+00 -3.5046e+00 -4.4683e+00 +5.0000e+00
103 +9.778796687e+00 +9.778796687e+00 +2.248796687e+00 +2.248796687e+00 -4.7788e+00 -5.0000e+00 +5.0000e+00
119 +4.858285789e+00 +4.858285789e+00 -2.671714211e+00 -2.671714211e+00 +3.8572e-01 -4.9228e+00 +5.0000e+00
134 +3.587831227e-01 +3.587831227e-01 -7.171216877e+00 -7.171216877e+00 +4.6412e+00 -5.0000e+00 +5.0000e+00
184 -8.881784197e-16 -8.881784197e-16 -7.530000000e+00 -7.530000000e+00 +5.0000e+00 -5.0000e+00 +5.0000e+00
