% function evaluation | noise-free fitness - Fopt (7.948000000000e+01) | best noise-free fitness - Fopt | measured fitness | best measured fitness | x1 | x2...
1 +1.823217177e+01 +1.823217177e+01 +9.771217177e+01 +9.771217177e+01 -3.2979e+00 -3.5285e+00
3 +7.998391221e+00 +7.998391221e+00 +8.747839122e+01 +8.747839122e+01 +3.0188e+00 -1.7463e+00
6 +5.810351363e+00 +5.810351363e+00 +8.529035136e+01 +8.529035136e+01 +1.9533e-01 +1.2530e+00
7 +1.764499842e+00 +1.764499842e+00 +8.124449984e+01 +8.124449984e+01 -1.0517e+00 -1.4076e+00
21 +9.228731273e-01 +9.228731273e-01 +8.040287313e+01 +8.040287313e+01 +1.6394e-01 -2.0026e-01
46 +3.598317431e-01 +3.598317431e-01 +7.983983174e+01 +7.983983174e+01 -1.3375e-01 -6.9810e-01
149 +2.388964128e-01 +2.388964128e-01 +7.971889641e+01 +7.971889641e+01 -6.1141e-02 -1.5314e+00
226 +4.960686113e-02 +4.960686113e-02 +7.952960686e+01 +7.952960686e+01 +3.1450e-02 -1.1815e+00
396 +3.668705206e-02 +3.668705206e-02 +7.951668705e+01 +7.951668705e+01 +7.1132e-02 -1.0961e+00
482 +3.506331142e-03 +3.506331142e-03 +7.948350633e+01 +7.948350633e+01 +2.6543e-01 -1.0989e+00
512 +1.588306902e-03 +1.588306902e-03 +7.948158831e+01 +7.948158831e+01 +2.5385e-01 -1.1170e+00
1681 +9.456702576e-04 +9.456702576e-04 +7.948094567e+01 +7.948094567e+01 +2.4914e-01 -1.1263e+00
4363 +2.350399918e-04 +2.350399918e-04 +7.948023504e+01 +7.948023504e+01 +2.3755e-01 -1.1552e+00
5316 +8.504816313e-05 +8.504816313e-05 +7.948008505e+01 +7.948008505e+01 +2.6016e-01 -1.1624e+00
6282 +2.748591284e-05 +2.748591284e-05 +7.948002749e+01 +7.948002749e+01 +2.4780e-01 -1.1584e+00
7235 +8.585612221e-07 +8.585612221e-07 +7.948000086e+01 +7.948000086e+01 +2.5369e-01 -1.1571e+00
8435 +1.643081760e-08 +1.643081760e-08 +7.948000002e+01 +7.948000002e+01 +2.5286e-01 -1.1569e+00
11993 +1.179517994e-08 +1.179517994e-08 +7.948000001e+01 +7.948000001e+01 +2.5284e-01 -1.1569e+00
12363 +9.663736478e-09 +9.663736478e-09 +7.948000001e+01 +7.948000001e+01 +2.5287e-01 -1.1569e+00
% function evaluation | noise-free fitness - Fopt (3.944800000000e+02) | best noise-free fitness - Fopt | measured fitness | best measured fitness | x1 | x2...
1 +9.919284058e+00 +9.919284058e+00 +4.043992841e+02 +4.043992841e+02 -2.5445e+00 -4.6789e-02
8 +4.231200518e-02 +4.231200518e-02 +3.945223120e+02 +3.945223120e+02 -4.0439e+00 -2.7450e+00
663 +1.552413063e-02 +1.552413063e-02 +3.944955241e+02 +3.944955241e+02 -3.9402e+00 -3.0078e+00
1121 +6.283536225e-03 +6.283536225e-03 +3.944862835e+02 +3.944862835e+02 -3.8292e+00 -2.8518e+00
1343 +3.632920209e-03 +3.632920209e-03 +3.944836329e+02 +3.944836329e+02 -3.8904e+00 -2.8307e+00
1365 +1.933112041e-03 +1.933112041e-03 +3.944819331e+02 +3.944819331e+02 -3.9355e+00 -2.8667e+00
2235 +9.456283438e-04 +9.456283438e-04 +3.944809456e+02 +3.944809456e+02 -3.8703e+00 -2.9028e+00
2237 +1.089542784e-04 +1.089542784e-04 +3.944801090e+02 +3.944801090e+02 -3.8881e+00 -2.8890e+00
3084 +5.454327925e-05 +5.454327925e-05 +3.944800545e+02 +3.944800545e+02 -3.9041e+00 -2.8858e+00
3604 +2.079990225e-06 +2.079990225e-06 +3.944800021e+02 +3.944800021e+02 -3.8998e+00 -2.8909e+00
4651 +5.387147439e-07 +5.387147439e-07 +3.944800005e+02 +3.944800005e+02 -3.8988e+00 -2.8910e+00
8961 +2.581267609e-07 +2.581267609e-07 +3.944800003e+02 +3.944800003e+02 -3.8979e+00 -2.8906e+00
9719 +1.586678309e-07 +1.586678309e-07 +3.944800002e+02 +3.944800002e+02 -3.8985e+00 -2.8908e+00
12037 +7.983095429e-08 +7.983095429e-08 +3.944800001e+02 +3.944800001e+02 -3.8986e+00 -2.8902e+00
14266 +9.477787444e-09 +9.477787444e-09 +3.944800000e+02 +3.944800000e+02 -3.8984e+00 -2.8903e+00
% function evaluation | noise-free fitness - Fopt (-2.471100000000e+02) | best noise-free fitness - Fopt | measured fitness | best measured fitness | x1 | x2...
1 +7.639877868e+01 +7.639877868e+01 -1.707112213e+02 -1.707112213e+02 +4.1522e+00 -3.4282e+00
4 +1.252247224e+01 +1.252247224e+01 -2.345875278e+02 -2.345875278e+02 -6.7728e-01 +1.8709e+00
7 +2.470940671e+00 +2.470940671e+00 -2.446390593e+02 -2.446390593e+02 -4.8858e+00 -9.3189e-01
16 +1.128184687e+00 +1.128184687e+00 -2.459818153e+02 -2.459818153e+02 -2.7948e+00 -1.4469e-01
94 +3.022143764e-01 +3.022143764e-01 -2.468077856e+02 -2.468077856e+02 -4.3379e+00 +9.7637e-02
132 +4.522706375e-03 +4.522706375e-03 -2.471054773e+02 -2.471054773e+02 -3.8556e+00 +2.3863e-01
997 +2.188027866e-03 +2.188027866e-03 -2.471078120e+02 -2.471078120e+02 -3.7650e+00 +1.7048e-01
1713 +1.595500996e-04 +1.595500996e-04 -2.471098404e+02 -2.471098404e+02 -3.7892e+00 +1.9459e-01
3903 +1.139119697e-04 +1.139119697e-04 -2.471098861e+02 -2.471098861e+02 -3.8008e+00 +1.9281e-01
4066 +2.973692440e-05 +2.973692440e-05 -2.471099703e+02 -2.471099703e+02 -3.7934e+00 +2.0537e-01
5097 +1.647078722e-05 +1.647078722e-05 -2.471099835e+02 -2.471099835e+02 -3.7996e+00 +2.0709e-01
6764 +4.794420533e-06 +4.794420533e-06 -2.471099952e+02 -2.471099952e+02 -3.7980e+00 +2.0536e-01
7685 +2.251755490e-06 +2.251755490e-06 -2.471099977e+02 -2.471099977e+02 -3.7984e+00 +2.0170e-01
9246 +1.312598954e-06 +1.312598954e-06 -2.471099987e+02 -2.471099987e+02 -3.7973e+00 +2.0343e-01
9626 +8.561572145e-07 +8.561572145e-07 -2.471099991e+02 -2.471099991e+02 -3.7988e+00 +2.0239e-01
9666 +4.109715519e-07 +4.109715519e-07 -2.471099996e+02 -2.471099996e+02 -3.7990e+00 +2.0296e-01
10507 +2.231634824e-07 +2.231634824e-07 -2.471099998e+02 -2.471099998e+02 -3.7980e+00 +2.0346e-01
10961 +6.497188565e-08 +6.497188565e-08 -2.471099999e+02 -2.471099999e+02 -3.7984e+00 +2.0345e-01
12866 +1.666299454e-08 +1.666299454e-08 -2.471100000e+02 -2.471100000e+02 -3.7983e+00 +2.0315e-01
14056 +1.575301667e-08 +1.575301667e-08 -2.471100000e+02 -2.471100000e+02 -3.7983e+00 +2.0331e-01
16125 +8.961478670e-09 +8.961478670e-09 -2.471100000e+02 -2.471100000e+02 -3.7984e+00 +2.0311e-01
% function evaluation | noise-free fitness - Fopt (-1.520400000000e+02) | best noise-free fitness - Fopt | measured fitness | best measured fitness | x1 | x2...
1 +1.038017884e+01 +1.038017884e+01 -1.416598212e+02 -1.416598212e+02 -3.4889e+00 +1.4527e+00
3 +1.514493223e+00 +1.514493223e+00 -1.505255068e+02 -1.505255068e+02 +4.3708e-01 +4.1480e-01
21 +4.968919866e-01 +4.968919866e-01 -1.515431080e+02 -1.515431080e+02 +4.3439e-01 +1.4923e+00
90 +1.291716842e-01 +1.291716842e-01 -1.519108283e+02 -1.519108283e+02 -6.0748e-01 +1.5397e+00
181 +1.619786061e-02 +1.619786061e-02 -1.520238021e+02 -1.520238021e+02 -1.5062e-01 +1.3730e+00
269 +1.321184274e-02 +1.321184274e-02 -1.520267882e+02 -1.520267882e+02 -1.7195e-01 +1.4883e+00
472 +3.960460126e-03 +3.960460126e-03 -1.520360395e+02 -1.520360395e+02 -2.5697e-01 +1.4861e+00
2158 +1.231952990e-03 +1.231952990e-03 -1.520387680e+02 -1.520387680e+02 -2.3360e-01 +1.4139e+00
3896 +9.361860719e-04 +9.361860719e-04 -1.520390638e+02 -1.520390638e+02 -2.8765e-01 +1.4468e+00
4159 +3.520865210e-04 +3.520865210e-04 -1.520396479e+02 -1.520396479e+02 -2.7219e-01 +1.4059e+00
4713 +8.541446400e-05 +8.541446400e-05 -1.520399146e+02 -1.520399146e+02 -2.6078e-01 +1.4306e+00
5886 +1.717186589e-05 +1.717186589e-05 -1.520399828e+02 -1.520399828e+02 -2.7132e-01 +1.4236e+00
6787 +4.774923781e-06 +4.774923781e-06 -1.520399952e+02 -1.520399952e+02 -2.6937e-01 +1.4243e+00
6809 +2.913012224e-06 +2.913012224e-06 -1.520399971e+02 -1.520399971e+02 -2.6867e-01 +1.4249e+00
7938 +2.479968060e-06 +2.479968060e-06 -1.520399975e+02 -1.520399975e+02 -2.6877e-01 +1.4240e+00
9930 +6.920686815e-07 +6.920686815e-07 -1.520399993e+02 -1.520399993e+02 -2.6801e-01 +1.4238e+00
10438 +3.669769910e-07 +3.669769910e-07 -1.520399996e+02 -1.520399996e+02 -2.6776e-01 +1.4238e+00
11530 +1.159194483e-07 +1.159194483e-07 -1.520399999e+02 -1.520399999e+02 -2.6717e-01 +1.4243e+00
11838 +7.825858006e-08 +7.825858006e-08 -1.520399999e+02 -1.520399999e+02 -2.6699e-01 +1.4242e+00
12330 +2.643378139e-08 +2.643378139e-08 -1.520400000e+02 -1.520400000e+02 -2.6712e-01 +1.4241e+00
13530 +1.785397785e-08 +1.785397785e-08 -1.520400000e+02 -1.520400000e+02 -2.6710e-01 +1.4241e+00
14130 +8.766903647e-09 +8.766903647e-09 -1.520400000e+02 -1.520400000e+02 -2.6714e-01 +1.4241e+00
% function evaluation | noise-free fitness - Fopt (-2.525000000000e+01) | best noise-free fitness - Fopt | measured fitness | best measured fitness | x1 | x2...
1 +2.423470065e+00 +2.423470065e+00 -2.282652994e+01 -2.282652994e+01 +2.7042e+00 -6.2771e-01
5 +8.337079058e-01 +8.337079058e-01 -2.441629209e+01 -2.441629209e+01 +4.0829e+00 -1.4850e-01
21 +5.978709948e-01 +5.978709948e-01 -2.465212901e+01 -2.465212901e+01 +4.1825e+00 +1.1068e-01
59 +7.460967563e-02 +7.460967563e-02 -2.517539032e+01 -2.517539032e+01 +3.5469e+00 +8.9987e-01
401 +5.180304760e-02 +5.180304760e-02 -2.519819695e+01 -2.519819695e+01 +3.4109e+00 +7.3707e-01
593 +5.237301791e-03 +5.237301791e-03 -2.524476270e+01 -2.524476270e+01 +3.5775e+00 +6.9748e-01
1277 +2.206165934e-03 +2.206165934e-03 -2.524779383e+01 -2.524779383e+01 +3.6605e+00 +6.2612e-01
1676 +8.906573710e-05 +8.906573710e-05 -2.524991093e+01 -2.524991093e+01 +3.6077e+00 +6.2857e-01
4311 +1.152802358e-06 +1.152802358e-06 -2.524999885e+01 -2.524999885e+01 +3.6133e+00 +6.3507e-01
9386 +6.425112140e-07 +6.425112140e-07 -2.524999936e+01 -2.524999936e+01 +3.6136e+00 +6.3494e-01
10986 +3.360759600e-07 +3.360759600e-07 -2.524999966e+01 -2.524999966e+01 +3.6139e+00 +6.3496e-01
11425 +4.707999679e-08 +4.707999679e-08 -2.524999995e+01 -2.524999995e+01 +3.6142e+00 +6.3514e-01
13186 +1.641538461e-09 +1.641538461e-09 -2.525000000e+01 -2.525000000e+01 +3.6144e+00 +6.3518e-01
% function evaluation | noise-free fitness - Fopt (-2.017200000000e+02) | best noise-free fitness - Fopt | measured fitness | best measured fitness | x1 | x2...
1 +6.157794764e+01 +6.157794764e+01 -1.401420524e+02 -1.401420524e+02 +6.5908e-02 +4.7994e+00
2 +2.065629089e+01 +2.065629089e+01 -1.810637091e+02 -1.810637091e+02 +1.7963e+00 +3.0474e-01
4 +9.070465675e+00 +9.070465675e+00 -1.926495343e+02 -1.926495343e+02 +1.5043e+00 -3.6228e+00
6 +1.907434153e+00 +1.907434153e+00 -1.998125658e+02 -1.998125658e+02 -1.6314e+00 -4.2706e+00
19 +3.943278102e-01 +3.943278102e-01 -2.013256722e+02 -2.013256722e+02 -9.3405e-01 -3.3023e+00
138 +1.863056644e-01 +1.863056644e-01 -2.015336943e+02 -2.015336943e+02 -1.1536e+00 -3.2446e+00
535 +4.818713410e-02 +4.818713410e-02 -2.016718129e+02 -2.016718129e+02 -1.6392e+00 -2.9278e+00
573 +8.925878286e-04 +8.925878286e-04 -2.017191074e+02 -2.017191074e+02 -1.4465e+00 -2.9209e+00
2176 +1.144900784e-04 +1.144900784e-04 -2.017198855e+02 -2.017198855e+02 -1.4298e+00 -2.8998e+00
4694 +9.005179180e-06 +9.005179180e-06 -2.017199910e+02 -2.017199910e+02 -1.4182e+00 -2.9041e+00
8774 +5.180963370e-06 +5.180963370e-06 -2.017199948e+02 -2.017199948e+02 -1.4198e+00 -2.9076e+00
9171 +3.856889350e-06 +3.856889350e-06 -2.017199961e+02 -2.017199961e+02 -1.4227e+00 -2.9051e+00
9571 +1.383784763e-06 +1.383784763e-06 -2.017199986e+02 -2.017199986e+02 -1.4218e+00 -2.9050e+00
9774 +3.698994533e-08 +3.698994533e-08 -2.017200000e+02 -2.017200000e+02 -1.4207e+00 -2.9054e+00
11658 +2.275194788e-08 +2.275194788e-08 -2.017200000e+02 -2.017200000e+02 -1.4208e+00 -2.9057e+00
13238 +6.332356861e-10 +6.332356861e-10 -2.017200000e+02 -2.017200000e+02 -1.4208e+00 -2.9056e+00
% function evaluation | noise-free fitness - Fopt (-1.000000000000e+03) | best noise-free fitness - Fopt | measured fitness | best measured fitness | x1 | x2...
1 +3.741872053e+01 +3.741872053e+01 -9.625812795e+02 -9.625812795e+02 -4.1150e+00 -4.3667e+00
2 +9.252058527e+00 +9.252058527e+00 -9.907479415e+02 -9.907479415e+02 -3.0193e+00 +9.9846e-01
18 +2.221699294e+00 +2.221699294e+00 -9.977783007e+02 -9.977783007e+02 -6.5912e-01 +1.6001e+00
21 +1.175088376e+00 +1.175088376e+00 -9.988249116e+02 -9.988249116e+02 -8.2085e-01 -5.6034e-01
31 +4.769129194e-01 +4.769129194e-01 -9.995230871e+02 -9.995230871e+02 -5.9940e-01 +6.7945e-01
64 +2.970120213e-01 +2.970120213e-01 -9.997029880e+02 -9.997029880e+02 -6.2097e-01 +2.5792e-01
251 +5.388794242e-02 +5.388794242e-02 -9.999461121e+02 -9.999461121e+02 +2.3126e-02 +1.8470e-02
560 +3.191505234e-02 +3.191505234e-02 -9.999680849e+02 -9.999680849e+02 -7.0224e-02 +4.0653e-01
943 +1.900337336e-02 +1.900337336e-02 -9.999809966e+02 -9.999809966e+02 +2.5240e-03 +3.4074e-01
1531 +1.232262935e-02 +1.232262935e-02 -9.999876774e+02 -9.999876774e+02 -2.4252e-02 +1.3022e-01
1688 +8.137627807e-03 +8.137627807e-03 -9.999918624e+02 -9.999918624e+02 +0.0000e+00 +1.8068e-01
1983 +9.966673628e-04 +9.966673628e-04 -9.999990033e+02 -9.999990033e+02 -4.5234e-02 +2.2752e-01
2176 +7.427623063e-05 +7.427623063e-05 -9.999999257e+02 -9.999999257e+02 -7.2990e-02 +2.3573e-01
5606 +4.214153603e-05 +4.214153603e-05 -9.999999579e+02 -9.999999579e+02 -8.1937e-02 +2.3197e-01
6302 +1.058342900e-05 +1.058342900e-05 -9.999999894e+02 -9.999999894e+02 -7.9760e-02 +2.2935e-01
6355 +4.304799063e-06 +4.304799063e-06 -9.999999957e+02 -9.999999957e+02 -7.6418e-02 +2.2596e-01
7657 +2.930649885e-06 +2.930649885e-06 -9.999999971e+02 -9.999999971e+02 -7.7719e-02 +2.2944e-01
8302 +2.764337523e-07 +2.764337523e-07 -9.999999997e+02 -9.999999997e+02 -7.6369e-02 +2.2830e-01
11008 +3.180912245e-08 +3.180912245e-08 -1.000000000e+03 -1.000000000e+03 -7.6840e-02 +2.2817e-01
14557 +8.247639016e-09 +8.247639016e-09 -1.000000000e+03 -1.000000000e+03 -7.6780e-02 +2.2791e-01
% function evaluation | noise-free fitness - Fopt (-4.290000000000e+01) | best noise-free fitness - Fopt | measured fitness | best measured fitness | x1 | x2...
1 +6.129524652e+01 +6.129524652e+01 +1.839524652e+01 +1.839524652e+01 -4.7915e+00 -5.7699e-02
2 +2.887555017e+01 +2.887555017e+01 -1.402444983e+01 -1.402444983e+01 -2.7220e+00 +2.8766e+00
3 +4.606853564e+00 +4.606853564e+00 -3.829314644e+01 -3.829314644e+01 +7.2120e-01 +3.4032e+00
7 +3.880207419e+00 +3.880207419e+00 -3.901979258e+01 -3.901979258e+01 +6.8047e-01 +2.1652e+00
19 +3.605876219e-01 +3.605876219e-01 -4.253941238e+01 -4.253941238e+01 +2.8892e+00 +1.8842e+00
86 +8.348116078e-02 +8.348116078e-02 -4.281651884e+01 -4.281651884e+01 +2.5339e+00 +2.1557e+00
520 +4.305554402e-02 +4.305554402e-02 -4.285694446e+01 -4.285694446e+01 +2.4377e+00 +2.4979e+00
821 +3.320164750e-02 +3.320164750e-02 -4.286679835e+01 -4.286679835e+01 +2.5492e+00 +2.2653e+00
889 +1.019998031e-02 +1.019998031e-02 -4.288980002e+01 -4.288980002e+01 +2.7187e+00 +2.4803e+00
1297 +2.979192748e-03 +2.979192748e-03 -4.289702081e+01 -4.289702081e+01 +2.6189e+00 +2.4800e+00
1319 +6.278058080e-04 +6.278058080e-04 -4.289937219e+01 -4.289937219e+01 +2.6182e+00 +2.4069e+00
3266 +1.830200734e-04 +1.830200734e-04 -4.289981698e+01 -4.289981698e+01 +2.6344e+00 +2.4138e+00
3326 +7.433078140e-05 +7.433078140e-05 -4.289992567e+01 -4.289992567e+01 +2.6250e+00 +2.4308e+00
4326 +1.138054240e-05 +1.138054240e-05 -4.289998862e+01 -4.289998862e+01 +2.6326e+00 +2.4306e+00
6100 +4.330428496e-07 +4.330428496e-07 -4.289999957e+01 -4.289999957e+01 +2.6326e+00 +2.4266e+00
8438 +2.609236063e-07 +2.609236063e-07 -4.289999974e+01 -4.289999974e+01 +2.6323e+00 +2.4272e+00
9464 +1.822294138e-08 +1.822294138e-08 -4.289999998e+01 -4.289999998e+01 +2.6329e+00 +2.4271e+00
11519 +1.624528068e-09 +1.624528068e-09 -4.290000000e+01 -4.290000000e+01 +2.6328e+00 +2.4272e+00
% function evaluation | noise-free fitness - Fopt (-1.013200000000e+02) | best noise-free fitness - Fopt | measured fitness | best measured fitness | x1 | x2...
1 +1.821299955e+01 +1.821299955e+01 -8.310700045e+01 -8.310700045e+01 +3.5004e+00 -1.1126e+00
2 +9.296554334e+00 +9.296554334e+00 -9.202344567e+01 -9.202344567e+01 -1.3440e+00 +2.9789e+00
3 +2.182634930e+00 +2.182634930e+00 -9.913736507e+01 -9.913736507e+01 +1.8214e+00 +4.2273e+00
33 +1.016672828e+00 +1.016672828e+00 -1.003033272e+02 -1.003033272e+02 +2.2529e+00 +1.9141e+00
113 +4.973727356e-01 +4.973727356e-01 -1.008226273e+02 -1.008226273e+02 +1.5063e+00 +3.4342e+00
189 +1.207947103e-02 +1.207947103e-02 -1.013079205e+02 -1.013079205e+02 +1.6437e+00 +2.6590e+00
541 +9.721530586e-03 +9.721530586e-03 -1.013102785e+02 -1.013102785e+02 +1.7323e+00 +2.6632e+00
632 +2.226820156e-03 +2.226820156e-03 -1.013177732e+02 -1.013177732e+02 +1.6979e+00 +2.8024e+00
1476 +7.647516097e-04 +7.647516097e-04 -1.013192352e+02 -1.013192352e+02 +1.6999e+00 +2.7827e+00
3006 +4.816438499e-04 +4.816438499e-04 -1.013195184e+02 -1.013195184e+02 +1.6821e+00 +2.7715e+00
3271 +2.266767471e-05 +2.266767471e-05 -1.013199773e+02 -1.013199773e+02 +1.6984e+00 +2.7507e+00
5901 +1.388545495e-05 +1.388545495e-05 -1.013199861e+02 -1.013199861e+02 +1.6998e+00 +2.7530e+00
7765 +2.855821222e-06 +2.855821222e-06 -1.013199971e+02 -1.013199971e+02 +1.6985e+00 +2.7555e+00
8484 +6.640948982e-07 +6.640948982e-07 -1.013199993e+02 -1.013199993e+02 +1.6974e+00 +2.7547e+00
9348 +1.102557832e-07 +1.102557832e-07 -1.013199999e+02 -1.013199999e+02 +1.6971e+00 +2.7551e+00
10948 +8.892915559e-08 +8.892915559e-08 -1.013199999e+02 -1.013199999e+02 +1.6967e+00 +2.7555e+00
13748 +5.605140529e-08 +5.605140529e-08 -1.013199999e+02 -1.013199999e+02 +1.6970e+00 +2.7552e+00
14793 +2.058747839e-08 +2.058747839e-08 -1.013200000e+02 -1.013200000e+02 +1.6968e+00 +2.7553e+00
15148 +1.201517819e-08 +1.201517819e-08 -1.013200000e+02 -1.013200000e+02 +1.6968e+00 +2.7553e+00
16948 +4.729855618e-09 +4.729855618e-09 -1.013200000e+02 -1.013200000e+02 +1.6968e+00 +2.7553e+00
% function evaluation | noise-free fitness - Fopt (3.650000000000e+00) | best noise-free fitness - Fopt | measured fitness | best measured fitness | x1 | x2...
1 +4.186438411e+00 +4.186438411e+00 +7.836438411e+00 +7.836438411e+00 +9.1568e-01 -3.9766e+00
7 +2.826460481e+00 +2.826460481e+00 +6.476460481e+00 +6.476460481e+00 -1.1744e+00 -1.7707e+00
17 +1.145718948e+00 +1.145718948e+00 +4.795718948e+00 +4.795718948e+00 -5.7033e-01 -1.8645e+00
59 +2.132341212e-01 +2.132341212e-01 +3.863234121e+00 +3.863234121e+00 +5.8376e-01 -2.4274e+00
164 +3.833832542e-02 +3.833832542e-02 +3.688338325e+00 +3.688338325e+00 +4.0797e-01 -2.1501e+00
605 +1.633419767e-02 +1.633419767e-02 +3.666334198e+00 +3.666334198e+00 +5.9372e-01 -1.8940e+00
1338 +9.852370423e-03 +9.852370423e-03 +3.659852370e+00 +3.659852370e+00 +4.0386e-01 -1.9337e+00
2108 +1.842771875e-03 +1.842771875e-03 +3.651842772e+00 +3.651842772e+00 +5.3663e-01 -1.9821e+00
2916 +1.032921727e-03 +1.032921727e-03 +3.651032922e+00 +3.651032922e+00 +5.1927e-01 -1.9540e+00
3347 +9.291483738e-05 +9.291483738e-05 +3.650092915e+00 +3.650092915e+00 +4.8978e-01 -1.9659e+00
4830 +1.301245761e-05 +1.301245761e-05 +3.650013012e+00 +3.650013012e+00 +4.9179e-01 -1.9719e+00
8668 +7.599864660e-06 +7.599864660e-06 +3.650007600e+00 +3.650007600e+00 +4.9636e-01 -1.9725e+00
8788 +3.095778904e-07 +3.095778904e-07 +3.650000310e+00 +3.650000310e+00 +4.9405e-01 -1.9748e+00
10988 +5.442385209e-09 +5.442385209e-09 +3.650000005e+00 +3.650000005e+00 +4.9441e-01 -1.9745e+00
% function evaluation | noise-free fitness - Fopt (2.205300000000e+02) | best noise-free fitness - Fopt | measured fitness | best measured fitness | x1 | x2...
1 +5.439582239e+01 +5.439582239e+01 +2.749258224e+02 +2.749258224e+02 -4.3073e+00 -2.8254e+00
5 +2.923116462e+01 +2.923116462e+01 +2.497611646e+02 +2.497611646e+02 +2.1707e+00 +1.4951e+00
13 +1.025847612e+01 +1.025847612e+01 +2.307884761e+02 +2.307884761e+02 -1.3517e-01 -3.1777e+00
22 +9.336778211e+00 +9.336778211e+00 +2.298667782e+02 +2.298667782e+02 +1.7342e+00 -1.0655e+00
35 +1.580094512e+00 +1.580094512e+00 +2.221100945e+02 +2.221100945e+02 +1.8793e+00 -3.2724e+00
51 +4.766609996e-01 +4.766609996e-01 +2.210066610e+02 +2.210066610e+02 +3.5147e+00 -4.3045e+00
255 +7.832364099e-02 +7.832364099e-02 +2.206083236e+02 +2.206083236e+02 +2.7695e+00 -3.6847e+00
537 +3.635224082e-02 +3.635224082e-02 +2.205663522e+02 +2.205663522e+02 +2.8702e+00 -3.7055e+00
685 +4.512165384e-03 +4.512165384e-03 +2.205345122e+02 +2.205345122e+02 +2.9847e+00 -3.7819e+00
811 +3.243040129e-03 +3.243040129e-03 +2.205332430e+02 +2.205332430e+02 +3.0470e+00 -3.8211e+00
1255 +6.976221929e-04 +6.976221929e-04 +2.205306976e+02 +2.205306976e+02 +3.0224e+00 -3.8416e+00
3018 +3.876472861e-04 +3.876472861e-04 +2.205303876e+02 +2.205303876e+02 +2.9968e+00 -3.8283e+00
4169 +5.878786274e-05 +5.878786274e-05 +2.205300588e+02 +2.205300588e+02 +2.9906e+00 -3.8435e+00
5258 +3.324846307e-05 +3.324846307e-05 +2.205300332e+02 +2.205300332e+02 +2.9923e+00 -3.8516e+00
5848 +1.312076336e-05 +1.312076336e-05 +2.205300131e+02 +2.205300131e+02 +2.9988e+00 -3.8450e+00
6503 +4.141735985e-07 +4.141735985e-07 +2.205300004e+02 +2.205300004e+02 +2.9964e+00 -3.8485e+00
10007 +2.641409651e-07 +2.641409651e-07 +2.205300003e+02 +2.205300003e+02 +2.9970e+00 -3.8485e+00
10407 +1.580031324e-07 +1.580031324e-07 +2.205300002e+02 +2.205300002e+02 +2.9966e+00 -3.8483e+00
12007 +9.375048649e-08 +9.375048649e-08 +2.205300001e+02 +2.205300001e+02 +2.9968e+00 -3.8477e+00
12103 +2.519246323e-08 +2.519246323e-08 +2.205300000e+02 +2.205300000e+02 +2.9967e+00 -3.8479e+00
12503 +2.173160851e-08 +2.173160851e-08 +2.205300000e+02 +2.205300000e+02 +2.9967e+00 -3.8481e+00
12607 +4.791331776e-10 +4.791331776e-10 +2.205300000e+02 +2.205300000e+02 +2.9968e+00 -3.8480e+00
% function evaluation | noise-free fitness - Fopt (4.212900000000e+02) | best noise-free fitness - Fopt | measured fitness | best measured fitness | x1 | x2...
1 +6.475694678e+00 +6.475694678e+00 +4.277656947e+02 +4.277656947e+02 -3.3294e+00 +8.3941e-01
4 +4.683950662e+00 +4.683950662e+00 +4.259739507e+02 +4.259739507e+02 -4.4201e+00 +1.1930e+00
17 +8.393370359e-01 +8.393370359e-01 +4.221293370e+02 +4.221293370e+02 -4.8416e+00 +3.0809e+00
86 +3.493875466e-02 +3.493875466e-02 +4.213249388e+02 +4.213249388e+02 -3.7781e+00 +3.2422e+00
417 +1.479543959e-04 +1.479543959e-04 +4.212901480e+02 +4.212901480e+02 -3.9592e+00 +3.3172e+00
2056 +3.538528631e-05 +3.538528631e-05 +4.212900354e+02 +4.212900354e+02 -3.9477e+00 +3.3067e+00
3856 +1.244191236e-05 +1.244191236e-05 +4.212900124e+02 +4.212900124e+02 -3.9506e+00 +3.3045e+00
3875 +3.933320841e-06 +3.933320841e-06 +4.212900039e+02 +4.212900039e+02 -3.9552e+00 +3.3076e+00
5689 +1.489021031e-06 +1.489021031e-06 +4.212900015e+02 +4.212900015e+02 -3.9529e+00 +3.3074e+00
7858 +8.046370112e-07 +8.046370112e-07 +4.212900008e+02 +4.212900008e+02 -3.9545e+00 +3.3067e+00
8590 +8.372353477e-09 +8.372353477e-09 +4.212900000e+02 +4.212900000e+02 -3.9535e+00 +3.3064e+00
% function evaluation | noise-free fitness - Fopt (-7.900000000000e+01) | best noise-free fitness - Fopt | measured fitness | best measured fitness | x1 | x2...
1 +5.510039628e+01 +5.510039628e+01 -2.389960372e+01 -2.389960372e+01 +2.4901e+00 -3.7714e+00
3 +3.262035448e+01 +3.262035448e+01 -4.637964552e+01 -4.637964552e+01 +7.1515e-01 -3.1252e+00
6 +1.585849870e+01 +1.585849870e+01 -6.314150130e+01 -6.314150130e+01 +5.7201e-01 +2.8307e+00
11 +1.394792393e+01 +1.394792393e+01 -6.505207607e+01 -6.505207607e+01 +2.9513e-01 +2.8360e+00
13 +2.049634783e+00 +2.049634783e+00 -7.695036522e+01 -7.695036522e+01 -3.4430e+00 +2.5473e+00
101 +6.908484712e-01 +6.908484712e-01 -7.830915153e+01 -7.830915153e+01 -3.8617e+00 +1.3406e+00
115 +2.539521452e-01 +2.539521452e-01 -7.874604785e+01 -7.874604785e+01 -2.6828e+00 +8.2397e-01
125 +9.036765121e-03 +9.036765121e-03 -7.899096323e+01 -7.899096323e+01 -2.9679e+00 +1.1200e+00
501 +5.139326924e-03 +5.139326924e-03 -7.899486067e+01 -7.899486067e+01 -2.9900e+00 +1.2133e+00
2090 +3.602593913e-03 +3.602593913e-03 -7.899639741e+01 -7.899639741e+01 -2.9880e+00 +1.1700e+00
2393 +1.529666665e-03 +1.529666665e-03 -7.899847033e+01 -7.899847033e+01 -3.0799e+00 +1.1486e+00
3276 +2.032742931e-04 +2.032742931e-04 -7.899979673e+01 -7.899979673e+01 -3.0339e+00 +1.1736e+00
5404 +6.108256002e-05 +6.108256002e-05 -7.899993892e+01 -7.899993892e+01 -3.0449e+00 +1.1640e+00
5453 +2.167277694e-05 +2.167277694e-05 -7.899997833e+01 -7.899997833e+01 -3.0523e+00 +1.1731e+00
5825 +2.138607144e-06 +2.138607144e-06 -7.899999786e+01 -7.899999786e+01 -3.0489e+00 +1.1724e+00
9100 +1.263615559e-07 +1.263615559e-07 -7.899999987e+01 -7.899999987e+01 -3.0479e+00 +1.1709e+00
9357 +9.491552078e-08 +9.491552078e-08 -7.899999991e+01 -7.899999991e+01 -3.0481e+00 +1.1709e+00
9754 +1.563746821e-08 +1.563746821e-08 -7.899999998e+01 -7.899999998e+01 -3.0479e+00 +1.1713e+00
12149 +4.180535029e-09 +4.180535029e-09 -7.900000000e+01 -7.900000000e+01 -3.0480e+00 +1.1711e+00
% function evaluation | noise-free fitness - Fopt (-4.133000000000e+01) | best noise-free fitness - Fopt | measured fitness | best measured fitness | x1 | x2...
1 +2.040362591e+01 +2.040362591e+01 -2.092637409e+01 -2.092637409e+01 -3.4675e+00 -3.6913e+00
2 +9.821932850e+00 +9.821932850e+00 -3.150806715e+01 -3.150806715e+01 -2.5952e+00 -7.2288e-01
11 +3.059618671e+00 +3.059618671e+00 -3.827038133e+01 -3.827038133e+01 +1.2043e+00 -3.0287e+00
37 +2.376512010e+00 +2.376512010e+00 -3.895348799e+01 -3.895348799e+01 -9.4075e-01 -2.1063e+00
45 +1.572857525e+00 +1.572857525e+00 -3.975714248e+01 -3.975714248e+01 +1.6943e+00 -1.2656e+00
85 +1.207181508e-01 +1.207181508e-01 -4.120928185e+01 -4.120928185e+01 +7.9992e-01 -1.4767e+00
112 +5.147679275e-02 +5.147679275e-02 -4.127852321e+01 -4.127852321e+01 +4.7137e-01 -1.6750e+00
463 +8.290205069e-03 +8.290205069e-03 -4.132170979e+01 -4.132170979e+01 +4.1237e-01 -1.3676e+00
2349 +1.964099224e-03 +1.964099224e-03 -4.132803590e+01 -4.132803590e+01 +4.2001e-01 -1.4199e+00
2710 +1.432055645e-03 +1.432055645e-03 -4.132856794e+01 -4.132856794e+01 +4.7028e-01 -1.4148e+00
3922 +3.829862276e-04 +3.829862276e-04 -4.132961701e+01 -4.132961701e+01 +4.5932e-01 -1.4675e+00
4553 +2.346953732e-04 +2.346953732e-04 -4.132976530e+01 -4.132976530e+01 +4.6702e-01 -1.4414e+00
4886 +1.534653917e-04 +1.534653917e-04 -4.132984653e+01 -4.132984653e+01 +4.6079e-01 -1.4589e+00
5475 +2.855924990e-06 +2.855924990e-06 -4.132999714e+01 -4.132999714e+01 +4.5388e-01 -1.4505e+00
6861 +9.723423702e-07 +9.723423702e-07 -4.132999903e+01 -4.132999903e+01 +4.5396e-01 -1.4497e+00
10061 +4.576387767e-07 +4.576387767e-07 -4.132999954e+01 -4.132999954e+01 +4.5411e-01 -1.4493e+00
10661 +1.006579566e-07 +1.006579566e-07 -4.132999990e+01 -4.132999990e+01 +4.5364e-01 -1.4485e+00
11061 +8.658346928e-08 +8.658346928e-08 -4.132999991e+01 -4.132999991e+01 +4.5366e-01 -1.4491e+00
13075 +3.498945489e-08 +3.498945489e-08 -4.132999997e+01 -4.132999997e+01 +4.5371e-01 -1.4490e+00
13875 +2.044414771e-08 +2.044414771e-08 -4.132999998e+01 -4.132999998e+01 +4.5356e-01 -1.4489e+00
15150 +1.532917082e-08 +1.532917082e-08 -4.132999998e+01 -4.132999998e+01 +4.5366e-01 -1.4489e+00
15507 +3.299909679e-09 +3.299909679e-09 -4.133000000e+01 -4.133000000e+01 +4.5364e-01 -1.4488e+00
% function evaluation | noise-free fitness - Fopt (2.127500000000e+02) | best noise-free fitness - Fopt | measured fitness | best measured fitness | x1 | x2...
1 +9.585750063e+01 +9.585750063e+01 +3.086075006e+02 +3.086075006e+02 +4.1406e+00 +2.9842e+00
2 +5.345524454e+00 +5.345524454e+00 +2.180955245e+02 +2.180955245e+02 -3.4756e+00 -3.9134e-01
9 +5.761014861e-01 +5.761014861e-01 +2.133261015e+02 +2.133261015e+02 -3.0939e+00 -2.7341e+00
59 +3.481361720e-01 +3.481361720e-01 +2.130981362e+02 +2.130981362e+02 -4.4392e+00 -2.6351e+00
242 +1.859470660e-01 +1.859470660e-01 +2.129359471e+02 +2.129359471e+02 -4.1883e+00 -2.9406e+00
323 +5.729031685e-02 +5.729031685e-02 +2.128072903e+02 +2.128072903e+02 -4.0202e+00 -2.5041e+00
433 +1.542007302e-02 +1.542007302e-02 +2.127654201e+02 +2.127654201e+02 -3.9669e+00 -2.6297e+00
601 +1.227258964e-03 +1.227258964e-03 +2.127512273e+02 +2.127512273e+02 -3.8390e+00 -2.6397e+00
2155 +3.079389462e-04 +3.079389462e-04 +2.127503079e+02 +2.127503079e+02 -3.8659e+00 -2.6645e+00
4020 +2.055557786e-06 +2.055557786e-06 +2.127500021e+02 +2.127500021e+02 -3.8512e+00 -2.6716e+00
8829 +7.055206197e-09 +7.055206197e-09 +2.127500000e+02 +2.127500000e+02 -3.8504e+00 -2.6727e+00
