% function evaluation | noise-free fitness - Fopt (3.590000000000e+01) | best noise-free fitness - Fopt | measured fitness | best measured fitness | x1 | x2...
1 +8.743938792e+05 +8.743938792e+05 +8.744297792e+05 +8.744297792e+05 -2.4978e+00 -2.4248e+00
5 +3.609778605e+05 +3.609778605e+05 +3.610137605e+05 +3.610137605e+05 -1.1945e-01 -2.5001e+00
11 +2.252063214e+05 +2.252063214e+05 +2.252422214e+05 +2.252422214e+05 +8.1965e-01 -2.1003e+00
12 +1.343268316e+05 +1.343268316e+05 +1.343627316e+05 +1.343627316e+05 +1.8177e+00 -2.7130e+00
15 +2.981112258e+01 +2.981112258e+01 +6.571112258e+01 +6.571112258e+01 +5.4456e+00 -4.7924e+00
27 +6.687302665e+00 +6.687302665e+00 +4.258730267e+01 +4.258730267e+01 +3.9592e+00 -1.3650e+00
177 +5.428338544e+00 +5.428338544e+00 +4.132833854e+01 +4.132833854e+01 +3.7729e+00 -1.1338e+00
239 +3.894103615e+00 +3.894103615e+00 +3.979410362e+01 +3.979410362e+01 +3.6313e+00 -7.5912e-01
255 +1.992010942e+00 +1.992010942e+00 +3.789201094e+01 +3.789201094e+01 +3.3609e+00 -1.5829e-01
262 +1.426202038e+00 +1.426202038e+00 +3.732620204e+01 +3.732620204e+01 +3.2841e+00 -2.4911e-03
269 +3.849852954e-01 +3.849852954e-01 +3.628498530e+01 +3.628498530e+01 +3.0094e+00 +5.8691e-01
275 +1.806112608e-02 +1.806112608e-02 +3.591806113e+01 +3.591806113e+01 +2.8279e+00 +1.0291e+00
335 +1.524671062e-02 +1.524671062e-02 +3.591524671e+01 +3.591524671e+01 +2.8102e+00 +1.1250e+00
443 +3.445289645e-03 +3.445289645e-03 +3.590344529e+01 +3.590344529e+01 +2.7940e+00 +1.1191e+00
444 +2.479336184e-03 +2.479336184e-03 +3.590247934e+01 +3.590247934e+01 +2.7928e+00 +1.1157e+00
449 +1.242672209e-03 +1.242672209e-03 +3.590124267e+01 +3.590124267e+01 +2.7923e+00 +1.0964e+00
507 +6.277254381e-04 +6.277254381e-04 +3.590062773e+01 +3.590062773e+01 +2.7888e+00 +1.0999e+00
510 +4.256602023e-05 +4.256602023e-05 +3.590004257e+01 +3.590004257e+01 +2.7832e+00 +1.1120e+00
599 +8.089253548e-06 +8.089253548e-06 +3.590000809e+01 +3.590000809e+01 +2.7822e+00 +1.1132e+00
648 +2.824245364e-06 +2.824245364e-06 +3.590000282e+01 +3.590000282e+01 +2.7820e+00 +1.1131e+00
662 +4.572700760e-07 +4.572700760e-07 +3.590000046e+01 +3.590000046e+01 +2.7817e+00 +1.1134e+00
668 +3.339400152e-07 +3.339400152e-07 +3.590000033e+01 +3.590000033e+01 +2.7817e+00 +1.1135e+00
708 +1.877082596e-07 +1.877082596e-07 +3.590000019e+01 +3.590000019e+01 +2.7817e+00 +1.1135e+00
740 +1.024503291e-07 +1.024503291e-07 +3.590000010e+01 +3.590000010e+01 +2.7817e+00 +1.1135e+00
742 +9.979771676e-08 +9.979771676e-08 +3.590000010e+01 +3.590000010e+01 +2.7816e+00 +1.1135e+00
771 +5.881971532e-08 +5.881971532e-08 +3.590000006e+01 +3.590000006e+01 +2.7816e+00 +1.1135e+00
772 +7.186429229e-09 +7.186429229e-09 +3.590000001e+01 +3.590000001e+01 +2.7816e+00 +1.1136e+00
% function evaluation | noise-free fitness - Fopt (3.137000000000e+01) | best noise-free fitness - Fopt | measured fitness | best measured fitness | x1 | x2...
1 +4.352306204e+05 +4.352306204e+05 +4.352619904e+05 +4.352619904e+05 -3.6718e+00 -3.6189e+00
3 +3.457752510e+05 +3.457752510e+05 +3.458066210e+05 +3.458066210e+05 -3.4212e+00 -3.0436e+00
5 +1.430222526e+05 +1.430222526e+05 +1.430536226e+05 +1.430536226e+05 -1.2935e+00 -3.6942e+00
11 +8.472483224e+04 +8.472483224e+04 +8.475620224e+04 +8.475620224e+04 -3.5440e-01 -3.2944e+00
21 +6.025896230e+04 +6.025896230e+04 +6.029033230e+04 +6.029033230e+04 +1.7975e-01 -2.4504e+00
22 +3.077251353e+04 +3.077251353e+04 +3.080388353e+04 +3.080388353e+04 -8.4389e-01 +3.3850e-02
30 +1.287312805e+04 +1.287312805e+04 +1.290449805e+04 +1.290449805e+04 +2.3786e+00 -9.0664e-01
33 +3.121316687e+03 +3.121316687e+03 +3.152686687e+03 +3.152686687e+03 +6.6302e+00 -1.3499e+00
38 +2.161192734e+02 +2.161192734e+02 +2.474892734e+02 +2.474892734e+02 +6.2932e+00 -2.3770e-01
61 +9.097757481e+01 +9.097757481e+01 +1.223475748e+02 +1.223475748e+02 +3.6453e+00 +8.7399e-01
62 +5.965436559e+01 +5.965436559e+01 +9.102436559e+01 +9.102436559e+01 +2.8588e+00 +1.2322e+00
65 +2.478117079e+01 +2.478117079e+01 +5.615117079e+01 +5.615117079e+01 +1.4613e+00 +3.5525e+00
84 +5.126704556e+00 +5.126704556e+00 +3.649670456e+01 +3.649670456e+01 +2.4101e-01 +3.3040e+00
118 +3.748160288e+00 +3.748160288e+00 +3.511816029e+01 +3.511816029e+01 +1.9370e-01 +2.9788e+00
127 +9.444948919e-01 +9.444948919e-01 +3.231449489e+01 +3.231449489e+01 -4.2156e-02 +2.3720e+00
154 +4.288312445e-01 +4.288312445e-01 +3.179883124e+01 +3.179883124e+01 -8.8811e-02 +2.0579e+00
165 +7.297948137e-02 +7.297948137e-02 +3.144297948e+01 +3.144297948e+01 -2.6360e-01 +2.1016e+00
195 +1.007429588e-03 +1.007429588e-03 +3.137100743e+01 +3.137100743e+01 -2.6808e-01 +1.9110e+00
353 +5.715645653e-05 +5.715645653e-05 +3.137005716e+01 +3.137005716e+01 -2.7212e-01 +1.9011e+00
403 +1.696925258e-05 +1.696925258e-05 +3.137001697e+01 +3.137001697e+01 -2.7140e-01 +1.8977e+00
449 +8.199717016e-06 +8.199717016e-06 +3.137000820e+01 +3.137000820e+01 -2.7155e-01 +1.8970e+00
514 +6.016543260e-06 +6.016543260e-06 +3.137000602e+01 +3.137000602e+01 -2.7163e-01 +1.8970e+00
526 +2.107606420e-06 +2.107606420e-06 +3.137000211e+01 +3.137000211e+01 -2.7186e-01 +1.8973e+00
529 +9.196954167e-07 +9.196954167e-07 +3.137000092e+01 +3.137000092e+01 -2.7202e-01 +1.8972e+00
549 +4.831955778e-07 +4.831955778e-07 +3.137000048e+01 +3.137000048e+01 -2.7191e-01 +1.8969e+00
575 +2.090334377e-07 +2.090334377e-07 +3.137000021e+01 +3.137000021e+01 -2.7194e-01 +1.8968e+00
602 +5.235380129e-08 +5.235380129e-08 +3.137000005e+01 +3.137000005e+01 -2.7198e-01 +1.8969e+00
618 +2.137440447e-08 +2.137440447e-08 +3.137000002e+01 +3.137000002e+01 -2.7199e-01 +1.8968e+00
651 +7.283990300e-09 +7.283990300e-09 +3.137000001e+01 +3.137000001e+01 -2.7199e-01 +1.8968e+00
% function evaluation | noise-free fitness - Fopt (-1.000000000000e+03) | best noise-free fitness - Fopt | measured fitness | best measured fitness | x1 | x2...
1 +6.778884347e+01 +6.778884347e+01 -9.322111565e+02 -9.322111565e+02 +3.7280e+00 -2.4433e+00
7 +4.387320038e+01 +4.387320038e+01 -9.561267996e+02 -9.561267996e+02 +3.3545e+00 -9.9175e-01
10 +1.626895296e+01 +1.626895296e+01 -9.837310470e+02 -9.837310470e+02 +1.9237e+00 -1.8156e+00
35 +1.498758936e+01 +1.498758936e+01 -9.850124106e+02 -9.850124106e+02 +2.0270e+00 -1.0855e+00
41 +9.790911162e+00 +9.790911162e+00 -9.902090888e+02 -9.902090888e+02 +1.4698e+00 -1.6804e+00
54 +4.469980883e+00 +4.469980883e+00 -9.955300191e+02 -9.955300191e+02 +9.3938e-01 -1.5995e+00
69 +2.127365638e+00 +2.127365638e+00 -9.978726344e+02 -9.978726344e+02 +5.4249e-01 -2.4030e+00
83 +7.259465916e-01 +7.259465916e-01 -9.992740534e+02 -9.992740534e+02 +1.1012e-01 -3.2939e+00
88 +4.107324444e-01 +4.107324444e-01 -9.995892676e+02 -9.995892676e+02 +1.1021e-02 -3.3696e+00
90 +1.514614447e-01 +1.514614447e-01 -9.998485386e+02 -9.998485386e+02 -1.3368e-02 -3.0888e+00
103 +8.054916636e-02 +8.054916636e-02 -9.999194508e+02 -9.999194508e+02 -6.9265e-02 -3.1186e+00
122 +2.463992128e-02 +2.463992128e-02 -9.999753601e+02 -9.999753601e+02 -1.2235e-01 -3.2438e+00
168 +1.010052240e-02 +1.010052240e-02 -9.999898995e+02 -9.999898995e+02 -1.4721e-01 -3.2809e+00
171 +2.483122888e-03 +2.483122888e-03 -9.999975169e+02 -9.999975169e+02 -1.6930e-01 -3.3129e+00
206 +2.431299862e-04 +2.431299862e-04 -9.999997569e+02 -9.999997569e+02 -1.8240e-01 -3.3280e+00
293 +1.349822865e-04 +1.349822865e-04 -9.999998650e+02 -9.999998650e+02 -1.8382e-01 -3.3298e+00
339 +8.128107504e-05 +8.128107504e-05 -9.999999187e+02 -9.999999187e+02 -1.8378e-01 -3.3272e+00
345 +3.370620777e-05 +3.370620777e-05 -9.999999663e+02 -9.999999663e+02 -1.8479e-01 -3.3288e+00
350 +5.072149634e-06 +5.072149634e-06 -9.999999949e+02 -9.999999949e+02 -1.8586e-01 -3.3299e+00
400 +3.771554589e-06 +3.771554589e-06 -9.999999962e+02 -9.999999962e+02 -1.8608e-01 -3.3305e+00
435 +1.675689987e-06 +1.675689987e-06 -9.999999983e+02 -9.999999983e+02 -1.8613e-01 -3.3302e+00
442 +1.405669991e-06 +1.405669991e-06 -9.999999986e+02 -9.999999986e+02 -1.8618e-01 -3.3303e+00
448 +9.134686252e-07 +9.134686252e-07 -9.999999991e+02 -9.999999991e+02 -1.8620e-01 -3.3302e+00
449 +4.999958492e-07 +4.999958492e-07 -9.999999995e+02 -9.999999995e+02 -1.8625e-01 -3.3302e+00
450 +3.660150014e-07 +3.660150014e-07 -9.999999996e+02 -9.999999996e+02 -1.8627e-01 -3.3302e+00
470 +1.920948307e-07 +1.920948307e-07 -9.999999998e+02 -9.999999998e+02 -1.8633e-01 -3.3304e+00
487 +1.113451162e-07 +1.113451162e-07 -9.999999999e+02 -9.999999999e+02 -1.8636e-01 -3.3304e+00
501 +2.625506568e-08 +2.625506568e-08 -1.000000000e+03 -1.000000000e+03 -1.8637e-01 -3.3304e+00
528 +4.939806786e-09 +4.939806786e-09 -1.000000000e+03 -1.000000000e+03 -1.8639e-01 -3.3304e+00
% function evaluation | noise-free fitness - Fopt (1.319200000000e+02) | best noise-free fitness - Fopt | measured fitness | best measured fitness | x1 | x2...
1 +1.181655249e+02 +1.181655249e+02 +2.500855249e+02 +2.500855249e+02 -3.1313e+00 -3.0727e+00
4 +5.385909592e+01 +5.385909592e+01 +1.857790959e+02 +1.857790959e+02 -5.4243e+00 -6.9084e-01
14 +1.626374290e+01 +1.626374290e+01 +1.481837429e+02 +1.481837429e+02 -4.6221e+00 +5.2416e-01
16 +7.213254297e+00 +7.213254297e+00 +1.391332543e+02 +1.391332543e+02 -3.4404e+00 +7.7419e-01
42 +2.991835971e+00 +2.991835971e+00 +1.349118360e+02 +1.349118360e+02 -3.5620e+00 +1.2117e+00
74 +2.220326174e+00 +2.220326174e+00 +1.341403262e+02 +1.341403262e+02 -3.2941e+00 +1.2995e+00
88 +1.497607157e+00 +1.497607157e+00 +1.334176072e+02 +1.334176072e+02 -3.0966e+00 +1.3830e+00
108 +7.335966246e-01 +7.335966246e-01 +1.326535966e+02 +1.326535966e+02 -3.2288e+00 +1.6059e+00
123 +3.953828841e-01 +3.953828841e-01 +1.323153829e+02 +1.323153829e+02 -3.4255e+00 +1.7130e+00
135 +2.476093600e-01 +2.476093600e-01 +1.321676094e+02 +1.321676094e+02 -3.5561e+00 +1.7614e+00
145 +9.230748704e-02 +9.230748704e-02 +1.320123075e+02 +1.320123075e+02 -3.7512e+00 +1.8067e+00
151 +3.009010231e-02 +3.009010231e-02 +1.319500901e+02 +1.319500901e+02 -3.9759e+00 +1.8618e+00
218 +2.050875275e-02 +2.050875275e-02 +1.319405088e+02 +1.319405088e+02 -3.9340e+00 +1.8645e+00
231 +1.277328279e-02 +1.277328279e-02 +1.319327733e+02 +1.319327733e+02 -3.9249e+00 +1.8747e+00
235 +7.264058059e-03 +7.264058059e-03 +1.319272641e+02 +1.319272641e+02 -3.9649e+00 +1.8863e+00
237 +1.614467576e-03 +1.614467576e-03 +1.319216145e+02 +1.319216145e+02 -3.9601e+00 +1.8993e+00
255 +3.020913751e-04 +3.020913751e-04 +1.319203021e+02 +1.319203021e+02 -3.9762e+00 +1.9057e+00
317 +2.382737144e-04 +2.382737144e-04 +1.319202383e+02 +1.319202383e+02 -3.9781e+00 +1.9066e+00
322 +5.417648626e-05 +5.417648626e-05 +1.319200542e+02 +1.319200542e+02 -3.9824e+00 +1.9090e+00
416 +3.135947102e-05 +3.135947102e-05 +1.319200314e+02 +1.319200314e+02 -3.9832e+00 +1.9096e+00
427 +1.834630621e-05 +1.834630621e-05 +1.319200183e+02 +1.319200183e+02 -3.9823e+00 +1.9096e+00
466 +1.278606595e-05 +1.278606595e-05 +1.319200128e+02 +1.319200128e+02 -3.9825e+00 +1.9098e+00
472 +6.507722816e-06 +6.507722816e-06 +1.319200065e+02 +1.319200065e+02 -3.9825e+00 +1.9100e+00
476 +5.364919190e-06 +5.364919190e-06 +1.319200054e+02 +1.319200054e+02 -3.9819e+00 +1.9099e+00
484 +4.461755054e-07 +4.461755054e-07 +1.319200004e+02 +1.319200004e+02 -3.9823e+00 +1.9103e+00
510 +2.887355777e-08 +2.887355777e-08 +1.319200000e+02 +1.319200000e+02 -3.9824e+00 +1.9104e+00
592 +1.824096785e-08 +1.824096785e-08 +1.319200000e+02 +1.319200000e+02 -3.9824e+00 +1.9104e+00
626 +9.620237051e-09 +9.620237051e-09 +1.319200000e+02 +1.319200000e+02 -3.9824e+00 +1.9104e+00
% function evaluation | noise-free fitness - Fopt (5.908400000000e+02) | best noise-free fitness - Fopt | measured fitness | best measured fitness | x1 | x2...
1 +2.992018214e+02 +2.992018214e+02 +8.900418214e+02 +8.900418214e+02 -3.2276e+00 +2.0474e+00
2 +1.131395632e+02 +1.131395632e+02 +7.039795632e+02 +7.039795632e+02 -4.0928e+00 -1.2838e+00
9 +8.833931837e+01 +8.833931837e+01 +6.791793184e+02 +6.791793184e+02 -4.0882e+00 +7.2819e-01
14 +4.997004102e+01 +4.997004102e+01 +6.408100410e+02 +6.408100410e+02 -2.9615e+00 +1.0839e+00
21 +3.932173076e+01 +3.932173076e+01 +6.301617308e+02 +6.301617308e+02 -2.3282e+00 +5.8167e-01
43 +2.402525771e+01 +2.402525771e+01 +6.148652577e+02 +6.148652577e+02 -1.5141e+00 -4.7390e-01
55 +1.193600032e+01 +1.193600032e+01 +6.027760003e+02 +6.027760003e+02 -4.4079e-01 -1.4684e+00
72 +6.103873111e+00 +6.103873111e+00 +5.969438731e+02 +5.969438731e+02 +1.3961e-01 -2.1390e+00
74 +1.442482796e+00 +1.442482796e+00 +5.922824828e+02 +5.922824828e+02 +7.9876e-01 -2.6253e+00
82 +2.329099584e-01 +2.329099584e-01 +5.910729100e+02 +5.910729100e+02 +1.4673e+00 -3.6348e+00
83 +9.913231560e-02 +9.913231560e-02 +5.909391323e+02 +5.909391323e+02 +1.3038e+00 -3.1913e+00
166 +6.442848716e-03 +6.442848716e-03 +5.908464428e+02 +5.908464428e+02 +1.4256e+00 -3.3381e+00
240 +5.367256142e-03 +5.367256142e-03 +5.908453673e+02 +5.908453673e+02 +1.4434e+00 -3.3681e+00
327 +3.730158887e-03 +3.730158887e-03 +5.908437302e+02 +5.908437302e+02 +1.4472e+00 -3.3648e+00
330 +9.178904361e-04 +9.178904361e-04 +5.908409179e+02 +5.908409179e+02 +1.4434e+00 -3.3453e+00
363 +2.610582438e-04 +2.610582438e-04 +5.908402611e+02 +5.908402611e+02 +1.4434e+00 -3.3386e+00
372 +1.934355597e-04 +1.934355597e-04 +5.908401934e+02 +5.908401934e+02 +1.4427e+00 -3.3362e+00
427 +1.220691616e-04 +1.220691616e-04 +5.908401221e+02 +5.908401221e+02 +1.4423e+00 -3.3326e+00
480 +8.062770735e-05 +8.062770735e-05 +5.908400806e+02 +5.908400806e+02 +1.4429e+00 -3.3332e+00
482 +4.965278697e-05 +4.965278697e-05 +5.908400497e+02 +5.908400497e+02 +1.4436e+00 -3.3338e+00
491 +3.792534687e-05 +3.792534687e-05 +5.908400379e+02 +5.908400379e+02 +1.4439e+00 -3.3344e+00
495 +1.610764025e-05 +1.610764025e-05 +5.908400161e+02 +5.908400161e+02 +1.4445e+00 -3.3350e+00
546 +8.607267091e-06 +8.607267091e-06 +5.908400086e+02 +5.908400086e+02 +1.4450e+00 -3.3357e+00
578 +5.747553018e-06 +5.747553018e-06 +5.908400057e+02 +5.908400057e+02 +1.4455e+00 -3.3365e+00
585 +1.576058025e-06 +1.576058025e-06 +5.908400016e+02 +5.908400016e+02 +1.4454e+00 -3.3359e+00
617 +5.034356718e-07 +5.034356718e-07 +5.908400005e+02 +5.908400005e+02 +1.4455e+00 -3.3359e+00
625 +3.329279252e-07 +3.329279252e-07 +5.908400003e+02 +5.908400003e+02 +1.4456e+00 -3.3361e+00
654 +9.786549526e-08 +9.786549526e-08 +5.908400001e+02 +5.908400001e+02 +1.4455e+00 -3.3360e+00
660 +5.430740657e-08 +5.430740657e-08 +5.908400001e+02 +5.908400001e+02 +1.4456e+00 -3.3361e+00
666 +3.191189535e-09 +3.191189535e-09 +5.908400000e+02 +5.908400000e+02 +1.4456e+00 -3.3360e+00
% function evaluation | noise-free fitness - Fopt (-2.019100000000e+02) | best noise-free fitness - Fopt | measured fitness | best measured fitness | x1 | x2...
1 +7.009408034e+00 +7.009408034e+00 -1.949005920e+02 -1.949005920e+02 -3.0590e+00 +1.9528e-01
3 +2.635506733e+00 +2.635506733e+00 -1.992744933e+02 -1.992744933e+02 -2.8083e+00 +7.7063e-01
45 +7.625927400e-01 +7.625927400e-01 -2.011474073e+02 -2.011474073e+02 -2.9246e+00 +1.1841e+00
68 +4.150114648e-01 +4.150114648e-01 -2.014949885e+02 -2.014949885e+02 -2.4172e+00 +1.3064e+00
83 +3.079032711e-01 +3.079032711e-01 -2.016020967e+02 -2.016020967e+02 -2.4489e+00 +1.3485e+00
88 +1.401833402e-01 +1.401833402e-01 -2.017698167e+02 -2.017698167e+02 -2.2801e+00 +1.4626e+00
110 +5.393967996e-02 +5.393967996e-02 -2.018560603e+02 -2.018560603e+02 -2.2418e+00 +1.5217e+00
130 +9.197951533e-03 +9.197951533e-03 -2.019008020e+02 -2.019008020e+02 -2.2056e+00 +1.5863e+00
169 +4.467282995e-03 +4.467282995e-03 -2.019055327e+02 -2.019055327e+02 -2.1872e+00 +1.6069e+00
171 +1.517960565e-03 +1.517960565e-03 -2.019084820e+02 -2.019084820e+02 -2.1661e+00 +1.6116e+00
200 +2.430894687e-04 +2.430894687e-04 -2.019097569e+02 -2.019097569e+02 -2.1532e+00 +1.6229e+00
238 +1.382251009e-04 +1.382251009e-04 -2.019098618e+02 -2.019098618e+02 -2.1509e+00 +1.6242e+00
246 +3.080319411e-05 +3.080319411e-05 -2.019099692e+02 -2.019099692e+02 -2.1476e+00 +1.6253e+00
290 +2.025358987e-05 +2.025358987e-05 -2.019099797e+02 -2.019099797e+02 -2.1469e+00 +1.6251e+00
303 +7.783749538e-06 +7.783749538e-06 -2.019099922e+02 -2.019099922e+02 -2.1459e+00 +1.6256e+00
352 +5.790776868e-06 +5.790776868e-06 -2.019099942e+02 -2.019099942e+02 -2.1459e+00 +1.6260e+00
353 +1.793468670e-06 +1.793468670e-06 -2.019099982e+02 -2.019099982e+02 -2.1454e+00 +1.6262e+00
385 +4.908065421e-07 +4.908065421e-07 -2.019099995e+02 -2.019099995e+02 -2.1450e+00 +1.6262e+00
468 +1.295519780e-07 +1.295519780e-07 -2.019099999e+02 -2.019099999e+02 -2.1449e+00 +1.6263e+00
491 +2.758108053e-08 +2.758108053e-08 -2.019100000e+02 -2.019100000e+02 -2.1448e+00 +1.6264e+00
494 +1.433355123e-08 +1.433355123e-08 -2.019100000e+02 -2.019100000e+02 -2.1448e+00 +1.6264e+00
558 +6.079119430e-09 +6.079119430e-09 -2.019100000e+02 -2.019100000e+02 -2.1448e+00 +1.6264e+00
% function evaluation | noise-free fitness - Fopt (-6.224000000000e+01) | best noise-free fitness - Fopt | measured fitness | best measured fitness | x1 | x2...
1 +3.555950090e+05 +3.555950090e+05 +3.555327690e+05 +3.555327690e+05 +1.1735e-01 -3.8291e+00
4 +1.579540354e+05 +1.579540354e+05 +1.578917954e+05 +1.578917954e+05 -2.1756e+00 -1.4473e+00
8 +2.376796972e+01 +2.376796972e+01 -3.847203028e+01 -3.847203028e+01 -3.8944e+00 +2.9816e+00
55 +7.411216999e+00 +7.411216999e+00 -5.482878300e+01 -5.482878300e+01 -1.6178e+00 +2.4460e+00
81 +5.485640858e+00 +5.485640858e+00 -5.675435914e+01 -5.675435914e+01 -6.1429e-01 +2.8512e+00
85 +1.386206463e+00 +1.386206463e+00 -6.085379354e+01 -6.085379354e+01 +1.2658e-01 +2.1295e+00
90 +4.381681278e-01 +4.381681278e-01 -6.180183187e+01 -6.180183187e+01 +6.4376e-01 +1.6686e+00
140 +2.517496953e-01 +2.517496953e-01 -6.198825030e+01 -6.198825030e+01 +7.5682e-01 +1.7432e+00
147 +2.418263408e-02 +2.418263408e-02 -6.221581737e+01 -6.221581737e+01 +1.0798e+00 +1.6119e+00
219 +9.488343434e-04 +9.488343434e-04 -6.223905117e+01 -6.223905117e+01 +1.1584e+00 +1.5560e+00
291 +4.992748819e-04 +4.992748819e-04 -6.223950073e+01 -6.223950073e+01 +1.1647e+00 +1.5533e+00
324 +5.716332640e-05 +5.716332640e-05 -6.223994284e+01 -6.223994284e+01 +1.1733e+00 +1.5471e+00
331 +3.257220225e-05 +3.257220225e-05 -6.223996743e+01 -6.223996743e+01 +1.1745e+00 +1.5481e+00
402 +4.727058538e-06 +4.727058538e-06 -6.223999527e+01 -6.223999527e+01 +1.1758e+00 +1.5468e+00
467 +1.676371099e-06 +1.676371099e-06 -6.223999832e+01 -6.223999832e+01 +1.1763e+00 +1.5465e+00
471 +1.156848256e-06 +1.156848256e-06 -6.223999884e+01 -6.223999884e+01 +1.1764e+00 +1.5465e+00
474 +9.474604710e-07 +9.474604710e-07 -6.223999905e+01 -6.223999905e+01 +1.1765e+00 +1.5466e+00
487 +4.842070922e-07 +4.842070922e-07 -6.223999952e+01 -6.223999952e+01 +1.1765e+00 +1.5465e+00
492 +5.719906682e-08 +5.719906682e-08 -6.223999994e+01 -6.223999994e+01 +1.1767e+00 +1.5464e+00
516 +1.083662227e-08 +1.083662227e-08 -6.223999999e+01 -6.223999999e+01 +1.1768e+00 +1.5464e+00
578 +8.731689149e-09 +8.731689149e-09 -6.223999999e+01 -6.223999999e+01 +1.1768e+00 +1.5464e+00
% function evaluation | noise-free fitness - Fopt (3.960000000000e+01) | best noise-free fitness - Fopt | measured fitness | best measured fitness | x1 | x2...
1 +1.103658492e+05 +1.103658492e+05 +1.104054492e+05 +1.104054492e+05 +3.4393e+00 -2.4161e-01
3 +6.431019872e+04 +6.431019872e+04 +6.434979872e+04 +6.434979872e+04 +3.6899e+00 +3.3375e-01
5 +6.292566986e+04 +6.292566986e+04 +6.296526986e+04 +6.296526986e+04 +5.8176e+00 -3.1687e-01
14 +3.628630573e+04 +3.628630573e+04 +3.632590573e+04 +3.632590573e+04 +3.9663e+00 +8.5921e-01
16 +1.368308619e+04 +1.368308619e+04 +1.372268619e+04 +1.372268619e+04 +4.1740e+00 +1.9255e+00
22 +1.028527491e+03 +1.028527491e+03 +1.068127491e+03 +1.068127491e+03 +4.9312e+00 +3.6472e+00
27 +5.320222017e+01 +5.320222017e+01 +9.280222017e+01 +9.280222017e+01 +6.1669e+00 +5.1695e+00
28 +1.411897949e+01 +1.411897949e+01 +5.371897949e+01 +5.371897949e+01 +3.1398e+00 +7.5218e+00
55 +1.908724769e+00 +1.908724769e+00 +4.150872477e+01 +4.150872477e+01 +3.6055e+00 +4.7785e+00
90 +7.402676860e-01 +7.402676860e-01 +4.034026769e+01 +4.034026769e+01 +3.7861e+00 +4.0697e+00
101 +1.530771872e-01 +1.530771872e-01 +3.975307719e+01 +3.975307719e+01 +3.5640e+00 +4.0867e+00
136 +6.615612864e-02 +6.615612864e-02 +3.966615613e+01 +3.966615613e+01 +3.5497e+00 +3.9926e+00
153 +3.079917728e-02 +3.079917728e-02 +3.963079918e+01 +3.963079918e+01 +3.6103e+00 +3.8810e+00
172 +1.364942152e-02 +1.364942152e-02 +3.961364942e+01 +3.961364942e+01 +3.6073e+00 +3.8479e+00
182 +7.181539949e-03 +7.181539949e-03 +3.960718154e+01 +3.960718154e+01 +3.6130e+00 +3.8173e+00
184 +4.937733966e-03 +4.937733966e-03 +3.960493773e+01 +3.960493773e+01 +3.5989e+00 +3.8353e+00
193 +2.549374397e-03 +2.549374397e-03 +3.960254937e+01 +3.960254937e+01 +3.5949e+00 +3.8268e+00
200 +2.290194208e-03 +2.290194208e-03 +3.960229019e+01 +3.960229019e+01 +3.5992e+00 +3.8196e+00
223 +6.014059612e-04 +6.014059612e-04 +3.960060141e+01 +3.960060141e+01 +3.5998e+00 +3.8074e+00
261 +2.585431885e-04 +2.585431885e-04 +3.960025854e+01 +3.960025854e+01 +3.6013e+00 +3.8008e+00
272 +1.598862731e-04 +1.598862731e-04 +3.960015989e+01 +3.960015989e+01 +3.6039e+00 +3.7947e+00
309 +1.377662105e-04 +1.377662105e-04 +3.960013777e+01 +3.960013777e+01 +3.6005e+00 +3.7997e+00
315 +8.288985097e-05 +8.288985097e-05 +3.960008289e+01 +3.960008289e+01 +3.6002e+00 +3.7987e+00
320 +5.827873373e-05 +5.827873373e-05 +3.960005828e+01 +3.960005828e+01 +3.6008e+00 +3.7976e+00
325 +3.456131679e-05 +3.456131679e-05 +3.960003456e+01 +3.960003456e+01 +3.6008e+00 +3.7968e+00
329 +1.130603015e-05 +1.130603015e-05 +3.960001131e+01 +3.960001131e+01 +3.6019e+00 +3.7944e+00
351 +8.388693374e-06 +8.388693374e-06 +3.960000839e+01 +3.960000839e+01 +3.6016e+00 +3.7946e+00
380 +3.273697736e-06 +3.273697736e-06 +3.960000327e+01 +3.960000327e+01 +3.6015e+00 +3.7943e+00
391 +1.105358372e-06 +1.105358372e-06 +3.960000111e+01 +3.960000111e+01 +3.6014e+00 +3.7941e+00
411 +8.672031697e-07 +8.672031697e-07 +3.960000087e+01 +3.960000087e+01 +3.6016e+00 +3.7938e+00
420 +2.462547144e-08 +2.462547144e-08 +3.960000002e+01 +3.960000002e+01 +3.6016e+00 +3.7937e+00
467 +1.287439488e-08 +1.287439488e-08 +3.960000001e+01 +3.960000001e+01 +3.6016e+00 +3.7936e+00
486 +1.233118496e-09 +1.233118496e-09 +3.960000000e+01 +3.960000000e+01 +3.6016e+00 +3.7936e+00
% function evaluation | noise-free fitness - Fopt (-7.494000000000e+01) | best noise-free fitness - Fopt | measured fitness | best measured fitness | x1 | x2...
1 +2.955748664e+02 +2.955748664e+02 +2.206348664e+02 +2.206348664e+02 +1.4796e+00 +3.8368e+00
2 +1.041851710e+02 +1.041851710e+02 +2.924517105e+01 +2.924517105e+01 +6.1449e-01 +5.0562e-01
11 +8.976174179e+01 +8.976174179e+01 +1.482174179e+01 +1.482174179e+01 +9.4770e-01 +8.9223e-02
12 +4.561871447e+01 +4.561871447e+01 -2.932128553e+01 -2.932128553e+01 +6.6679e-02 -8.2709e-01
20 +2.633339552e+01 +2.633339552e+01 -4.860660448e+01 -4.860660448e+01 -2.5125e+00 -5.5646e-01
26 +2.456460680e+01 +2.456460680e+01 -5.037539320e+01 -5.037539320e+01 +1.4775e+00 -2.4770e+00
32 +1.254498006e+01 +1.254498006e+01 -6.239501994e+01 -6.239501994e+01 +1.7059e-01 -2.6025e+00
38 +7.104151351e+00 +7.104151351e+00 -6.783584865e+01 -6.783584865e+01 -2.1378e-01 -2.9478e+00
58 +4.313873682e+00 +4.313873682e+00 -7.062612632e+01 -7.062612632e+01 -1.2719e+00 -2.5391e+00
128 +3.795748460e+00 +3.795748460e+00 -7.114425154e+01 -7.114425154e+01 -1.0230e+00 -2.8946e+00
151 +2.421877620e+00 +2.421877620e+00 -7.251812238e+01 -7.251812238e+01 -1.4549e+00 -2.8582e+00
157 +8.532691161e-01 +8.532691161e-01 -7.408673088e+01 -7.408673088e+01 -2.2179e+00 -2.5570e+00
165 +5.113983680e-01 +5.113983680e-01 -7.442860163e+01 -7.442860163e+01 -2.3045e+00 -2.6685e+00
173 +2.503998445e-01 +2.503998445e-01 -7.468960016e+01 -7.468960016e+01 -2.5480e+00 -2.5870e+00
247 +9.917639582e-02 +9.917639582e-02 -7.484082360e+01 -7.484082360e+01 -2.7607e+00 -2.5210e+00
256 +5.038380261e-02 +5.038380261e-02 -7.488961620e+01 -7.488961620e+01 -2.8213e+00 -2.5232e+00
264 +1.396253431e-02 +1.396253431e-02 -7.492603747e+01 -7.492603747e+01 -2.9257e+00 -2.5107e+00
323 +8.182022562e-03 +8.182022562e-03 -7.493181798e+01 -7.493181798e+01 -2.8961e+00 -2.5390e+00
327 +2.994330398e-03 +2.994330398e-03 -7.493700567e+01 -7.493700567e+01 -2.9235e+00 -2.5318e+00
370 +1.181355950e-03 +1.181355950e-03 -7.493881864e+01 -7.493881864e+01 -2.9487e+00 -2.5253e+00
375 +7.590196353e-04 +7.590196353e-04 -7.493924098e+01 -7.493924098e+01 -2.9457e+00 -2.5284e+00
381 +1.027819852e-04 +1.027819852e-04 -7.493989722e+01 -7.493989722e+01 -2.9535e+00 -2.5295e+00
426 +8.646737571e-05 +8.646737571e-05 -7.493991353e+01 -7.493991353e+01 -2.9528e+00 -2.5299e+00
434 +2.768255726e-05 +2.768255726e-05 -7.493997232e+01 -7.493997232e+01 -2.9538e+00 -2.5305e+00
436 +8.823139325e-06 +8.823139325e-06 -7.493999118e+01 -7.493999118e+01 -2.9533e+00 -2.5311e+00
497 +1.724533888e-06 +1.724533888e-06 -7.493999828e+01 -7.493999828e+01 -2.9538e+00 -2.5313e+00
507 +2.007159168e-07 +2.007159168e-07 -7.493999980e+01 -7.493999980e+01 -2.9544e+00 -2.5312e+00
650 +1.096413627e-07 +1.096413627e-07 -7.493999989e+01 -7.493999989e+01 -2.9543e+00 -2.5312e+00
653 +9.910667131e-08 +9.910667131e-08 -7.493999990e+01 -7.493999990e+01 -2.9543e+00 -2.5312e+00
670 +1.802570182e-08 +1.802570182e-08 -7.493999998e+01 -7.493999998e+01 -2.9544e+00 -2.5312e+00
702 +2.688679501e-09 +2.688679501e-09 -7.494000000e+01 -7.494000000e+01 -2.9544e+00 -2.5312e+00
% function evaluation | noise-free fitness - Fopt (4.838000000000e+01) | best noise-free fitness - Fopt | measured fitness | best measured fitness | x1 | x2...
1 +1.681338604e+04 +1.681338604e+04 +1.686176604e+04 +1.686176604e+04 +7.4826e-01 -1.0581e+00
3 +7.711777710e+03 +7.711777710e+03 +7.760157710e+03 +7.760157710e+03 +9.9893e-01 -4.8272e-01
5 +1.830177474e+03 +1.830177474e+03 +1.878557474e+03 +1.878557474e+03 +3.1266e+00 -1.1333e+00
11 +1.223063163e+02 +1.223063163e+02 +1.706863163e+02 +1.706863163e+02 +3.6701e+00 -2.2835e-01
16 +4.324518893e+01 +4.324518893e+01 +9.162518893e+01 +9.162518893e+01 +2.1838e+00 +1.6130e+00
22 +1.126933042e+01 +1.126933042e+01 +5.964933042e+01 +5.964933042e+01 +2.0639e+00 +3.9714e+00
42 +2.707104939e+00 +2.707104939e+00 +5.108710494e+01 +5.108710494e+01 +1.8729e-01 +3.1993e+00
54 +1.963590534e+00 +1.963590534e+00 +5.034359053e+01 +5.034359053e+01 -1.9102e-01 +3.0254e+00
62 +1.275824547e+00 +1.275824547e+00 +4.965582455e+01 +4.965582455e+01 -4.2203e-01 +3.0679e+00
93 +7.262371941e-01 +7.262371941e-01 +4.910623719e+01 +4.910623719e+01 -6.6009e-01 +3.0170e+00
108 +5.094795597e-01 +5.094795597e-01 +4.888947956e+01 +4.888947956e+01 -7.9010e-01 +3.1100e+00
128 +9.001228841e-02 +9.001228841e-02 +4.847001229e+01 +4.847001229e+01 -1.1817e+00 +2.8867e+00
145 +6.253492695e-02 +6.253492695e-02 +4.844253493e+01 +4.844253493e+01 -1.2236e+00 +2.9171e+00
157 +2.345195914e-02 +2.345195914e-02 +4.840345196e+01 +4.840345196e+01 -1.3063e+00 +2.8922e+00
177 +9.490550908e-03 +9.490550908e-03 +4.838949055e+01 +4.838949055e+01 -1.3865e+00 +2.8340e+00
204 +9.092491179e-04 +9.092491179e-04 +4.838090925e+01 +4.838090925e+01 -1.4025e+00 +2.8521e+00
271 +5.452187262e-04 +5.452187262e-04 +4.838054522e+01 +4.838054522e+01 -1.4123e+00 +2.8444e+00
383 +3.711147886e-04 +3.711147886e-04 +4.838037111e+01 +4.838037111e+01 -1.4168e+00 +2.8433e+00
454 +2.432368954e-04 +2.432368954e-04 +4.838024324e+01 +4.838024324e+01 -1.4185e+00 +2.8436e+00
464 +1.213131058e-04 +1.213131058e-04 +4.838012131e+01 +4.838012131e+01 -1.4196e+00 +2.8442e+00
472 +7.373679811e-05 +7.373679811e-05 +4.838007374e+01 +4.838007374e+01 -1.4199e+00 +2.8445e+00
480 +4.089574928e-05 +4.089574928e-05 +4.838004090e+01 +4.838004090e+01 -1.4185e+00 +2.8460e+00
484 +9.302672929e-06 +9.302672929e-06 +4.838000930e+01 +4.838000930e+01 -1.4201e+00 +2.8462e+00
510 +5.583133643e-06 +5.583133643e-06 +4.838000558e+01 +4.838000558e+01 -1.4205e+00 +2.8458e+00
512 +2.698990528e-06 +2.698990528e-06 +4.838000270e+01 +4.838000270e+01 -1.4209e+00 +2.8458e+00
585 +1.773350320e-06 +1.773350320e-06 +4.838000177e+01 +4.838000177e+01 -1.4210e+00 +2.8457e+00
597 +6.478995118e-07 +6.478995118e-07 +4.838000065e+01 +4.838000065e+01 -1.4213e+00 +2.8457e+00
613 +4.921426537e-07 +4.921426537e-07 +4.838000049e+01 +4.838000049e+01 -1.4213e+00 +2.8457e+00
624 +1.833829373e-07 +1.833829373e-07 +4.838000018e+01 +4.838000018e+01 -1.4215e+00 +2.8456e+00
679 +4.423458932e-08 +4.423458932e-08 +4.838000004e+01 +4.838000004e+01 -1.4215e+00 +2.8456e+00
693 +3.303208018e-08 +3.303208018e-08 +4.838000003e+01 +4.838000003e+01 -1.4215e+00 +2.8456e+00
714 +1.820548334e-08 +1.820548334e-08 +4.838000002e+01 +4.838000002e+01 -1.4216e+00 +2.8456e+00
718 +1.156413987e-08 +1.156413987e-08 +4.838000001e+01 +4.838000001e+01 -1.4216e+00 +2.8456e+00
721 +6.234294858e-09 +6.234294858e-09 +4.838000001e+01 +4.838000001e+01 -1.4216e+00 +2.8456e+00
% function evaluation | noise-free fitness - Fopt (-9.325000000000e+01) | best noise-free fitness - Fopt | measured fitness | best measured fitness | x1 | x2...
1 +3.494660055e+04 +3.494660055e+04 +3.485335055e+04 +3.485335055e+04 -1.9586e+00 +8.8354e-01
2 +6.017747830e+00 +6.017747830e+00 -8.723225217e+01 -8.723225217e+01 -2.8238e+00 -2.4476e+00
68 +2.412322207e+00 +2.412322207e+00 -9.083767779e+01 -9.083767779e+01 -1.9959e+00 -2.6371e+00
86 +7.127207636e-01 +7.127207636e-01 -9.253727924e+01 -9.253727924e+01 -1.6528e+00 -1.6442e+00
92 +5.731354564e-01 +5.731354564e-01 -9.267686454e+01 -9.267686454e+01 -1.6583e+00 -1.8925e+00
115 +2.433308085e-01 +2.433308085e-01 -9.300666919e+01 -9.300666919e+01 -1.4680e+00 -1.7178e+00
130 +1.236195901e-01 +1.236195901e-01 -9.312638041e+01 -9.312638041e+01 -1.2995e+00 -1.3945e+00
132 +7.674030354e-02 +7.674030354e-02 -9.317325970e+01 -9.317325970e+01 -1.3244e+00 -1.5449e+00
204 +2.906507618e-02 +2.906507618e-02 -9.322093492e+01 -9.322093492e+01 -1.2615e+00 -1.4219e+00
210 +9.818291198e-03 +9.818291198e-03 -9.324018171e+01 -9.324018171e+01 -1.2231e+00 -1.4329e+00
235 +5.197663303e-04 +5.197663303e-04 -9.324948023e+01 -9.324948023e+01 -1.1864e+00 -1.3798e+00
267 +1.525979253e-04 +1.525979253e-04 -9.324984740e+01 -9.324984740e+01 -1.1812e+00 -1.3762e+00
418 +9.324218134e-05 +9.324218134e-05 -9.324990676e+01 -9.324990676e+01 -1.1790e+00 -1.3715e+00
454 +5.423716895e-05 +5.423716895e-05 -9.324994576e+01 -9.324994576e+01 -1.1781e+00 -1.3711e+00
462 +3.052514414e-05 +3.052514414e-05 -9.324996947e+01 -9.324996947e+01 -1.1777e+00 -1.3711e+00
472 +2.327599501e-05 +2.327599501e-05 -9.324997672e+01 -9.324997672e+01 -1.1777e+00 -1.3717e+00
484 +1.301508031e-05 +1.301508031e-05 -9.324998698e+01 -9.324998698e+01 -1.1773e+00 -1.3717e+00
507 +3.259839062e-06 +3.259839062e-06 -9.324999674e+01 -9.324999674e+01 -1.1766e+00 -1.3710e+00
515 +3.942376736e-07 +3.942376736e-07 -9.324999961e+01 -9.324999961e+01 -1.1762e+00 -1.3706e+00
525 +4.385744035e-08 +4.385744035e-08 -9.324999996e+01 -9.324999996e+01 -1.1761e+00 -1.3704e+00
606 +3.831449646e-08 +3.831449646e-08 -9.324999996e+01 -9.324999996e+01 -1.1760e+00 -1.3705e+00
644 +2.396055265e-08 +2.396055265e-08 -9.324999998e+01 -9.324999998e+01 -1.1760e+00 -1.3704e+00
659 +5.684100302e-09 +5.684100302e-09 -9.324999999e+01 -9.324999999e+01 -1.1760e+00 -1.3704e+00
% function evaluation | noise-free fitness - Fopt (9.232000000000e+01) | best noise-free fitness - Fopt | measured fitness | best measured fitness | x1 | x2...
1 +2.094778037e+04 +2.094778037e+04 +2.104010037e+04 +2.104010037e+04 -4.8010e-01 +3.8660e+00
2 +3.718818779e+03 +3.718818779e+03 +3.811138779e+03 +3.811138779e+03 -1.3452e+00 +5.3478e-01
5 +1.195092944e+03 +1.195092944e+03 +1.287412944e+03 +1.287412944e+03 +1.8982e+00 +3.7907e+00
11 +6.718800754e+00 +6.718800754e+00 +9.903880075e+01 +9.903880075e+01 +2.2320e+00 +2.1719e+00
24 +5.070267365e+00 +5.070267365e+00 +9.739026737e+01 +9.739026737e+01 +2.9795e+00 +1.5902e+00
69 +3.306655762e+00 +3.306655762e+00 +9.562665576e+01 +9.562665576e+01 +2.8307e+00 +2.0494e+00
75 +1.186408455e+00 +1.186408455e+00 +9.350640846e+01 +9.350640846e+01 +2.6136e+00 +2.8384e+00
123 +7.241615721e-01 +7.241615721e-01 +9.304416157e+01 +9.304416157e+01 +2.7520e+00 +2.9396e+00
128 +2.566621406e-01 +2.566621406e-01 +9.257666214e+01 +9.257666214e+01 +2.5062e+00 +3.3264e+00
135 +1.170919412e-01 +1.170919412e-01 +9.243709194e+01 +9.243709194e+01 +2.5707e+00 +3.4292e+00
144 +8.102957043e-02 +8.102957043e-02 +9.240102957e+01 +9.240102957e+01 +2.5460e+00 +3.4654e+00
204 +1.900636168e-02 +1.900636168e-02 +9.233900636e+01 +9.233900636e+01 +2.4369e+00 +3.6337e+00
216 +9.759586643e-03 +9.759586643e-03 +9.232975959e+01 +9.232975959e+01 +2.4579e+00 +3.6301e+00
218 +1.664445592e-03 +1.664445592e-03 +9.232166445e+01 +9.232166445e+01 +2.4364e+00 +3.6862e+00
225 +1.509172713e-03 +1.509172713e-03 +9.232150917e+01 +9.232150917e+01 +2.4524e+00 +3.6727e+00
269 +3.280661342e-04 +3.280661342e-04 +9.232032807e+01 +9.232032807e+01 +2.4435e+00 +3.6873e+00
322 +2.496223578e-04 +2.496223578e-04 +9.232024962e+01 +9.232024962e+01 +2.4400e+00 +3.6928e+00
363 +1.459342543e-04 +1.459342543e-04 +9.232014593e+01 +9.232014593e+01 +2.4408e+00 +3.6929e+00
382 +8.174737312e-05 +8.174737312e-05 +9.232008175e+01 +9.232008175e+01 +2.4407e+00 +3.6943e+00
392 +5.242082503e-05 +5.242082503e-05 +9.232005242e+01 +9.232005242e+01 +2.4419e+00 +3.6939e+00
393 +3.629413126e-05 +3.629413126e-05 +9.232003629e+01 +9.232003629e+01 +2.4404e+00 +3.6960e+00
415 +2.300466048e-05 +2.300466048e-05 +9.232002300e+01 +9.232002300e+01 +2.4408e+00 +3.6959e+00
454 +6.304590244e-06 +6.304590244e-06 +9.232000630e+01 +9.232000630e+01 +2.4407e+00 +3.6970e+00
481 +3.768646863e-06 +3.768646863e-06 +9.232000377e+01 +9.232000377e+01 +2.4412e+00 +3.6967e+00
505 +2.191871459e-06 +2.191871459e-06 +9.232000219e+01 +9.232000219e+01 +2.4409e+00 +3.6970e+00
509 +5.972599126e-07 +5.972599126e-07 +9.232000060e+01 +9.232000060e+01 +2.4409e+00 +3.6973e+00
512 +2.119673326e-07 +2.119673326e-07 +9.232000021e+01 +9.232000021e+01 +2.4408e+00 +3.6974e+00
534 +1.433316186e-07 +1.433316186e-07 +9.232000014e+01 +9.232000014e+01 +2.4408e+00 +3.6975e+00
585 +9.062878803e-08 +9.062878803e-08 +9.232000009e+01 +9.232000009e+01 +2.4408e+00 +3.6975e+00
592 +1.466231936e-08 +1.466231936e-08 +9.232000001e+01 +9.232000001e+01 +2.4408e+00 +3.6976e+00
626 +3.991942776e-09 +3.991942776e-09 +9.232000000e+01 +9.232000000e+01 +2.4408e+00 +3.6976e+00
% function evaluation | noise-free fitness - Fopt (-1.000000000000e+03) | best noise-free fitness - Fopt | measured fitness | best measured fitness | x1 | x2...
1 +1.011835407e+04 +1.011835407e+04 +9.118354067e+03 +9.118354067e+03 -1.5993e+00 -3.6192e+00
3 +9.833774280e+02 +9.833774280e+02 -1.662257202e+01 -1.662257202e+01 -1.3487e+00 -3.0439e+00
5 +4.015165970e+01 +4.015165970e+01 -9.598483403e+02 -9.598483403e+02 +7.7899e-01 -3.6945e+00
7 +7.726415101e+00 +7.726415101e+00 -9.922735849e+02 -9.922735849e+02 -1.9728e+00 -2.1676e+00
10 +4.493050337e+00 +4.493050337e+00 -9.955069497e+02 -9.955069497e+02 -2.5360e+00 -1.8544e+00
17 +2.662332948e+00 +2.662332948e+00 -9.973376671e+02 -9.973376671e+02 -2.1663e+00 -1.1842e+00
42 +2.321780575e+00 +2.321780575e+00 -9.976782194e+02 -9.976782194e+02 -2.3983e+00 -1.1022e+00
50 +1.387127013e+00 +1.387127013e+00 -9.986128730e+02 -9.986128730e+02 -2.8449e+00 -1.4175e+00
61 +4.585760233e-01 +4.585760233e-01 -9.995414240e+02 -9.995414240e+02 -3.1857e+00 -1.1551e+00
80 +3.441866610e-01 +3.441866610e-01 -9.996558133e+02 -9.996558133e+02 -3.3507e+00 -1.0446e+00
93 +8.074897616e-02 +8.074897616e-02 -9.999192510e+02 -9.999192510e+02 -3.6150e+00 -1.1084e+00
145 +2.085176006e-02 +2.085176006e-02 -9.999791482e+02 -9.999791482e+02 -3.7335e+00 -1.0436e+00
157 +1.023761303e-03 +1.023761303e-03 -9.999989762e+02 -9.999989762e+02 -3.8200e+00 -1.0416e+00
267 +9.827748991e-04 +9.827748991e-04 -9.999990172e+02 -9.999990172e+02 -3.8205e+00 -1.0414e+00
269 +3.249817734e-04 +3.249817734e-04 -9.999996750e+02 -9.999996750e+02 -3.8305e+00 -1.0389e+00
310 +1.770691520e-04 +1.770691520e-04 -9.999998229e+02 -9.999998229e+02 -3.8337e+00 -1.0387e+00
315 +1.490978832e-04 +1.490978832e-04 -9.999998509e+02 -9.999998509e+02 -3.8344e+00 -1.0403e+00
326 +3.256783373e-05 +3.256783373e-05 -9.999999674e+02 -9.999999674e+02 -3.8385e+00 -1.0392e+00
338 +6.938368642e-06 +6.938368642e-06 -9.999999931e+02 -9.999999931e+02 -3.8403e+00 -1.0386e+00
374 +5.690537364e-06 +5.690537364e-06 -9.999999943e+02 -9.999999943e+02 -3.8406e+00 -1.0388e+00
381 +2.371415007e-06 +2.371415007e-06 -9.999999976e+02 -9.999999976e+02 -3.8412e+00 -1.0387e+00
401 +1.527300128e-06 +1.527300128e-06 -9.999999985e+02 -9.999999985e+02 -3.8412e+00 -1.0386e+00
407 +2.593425279e-07 +2.593425279e-07 -9.999999997e+02 -9.999999997e+02 -3.8415e+00 -1.0385e+00
451 +4.926380370e-08 +4.926380370e-08 -1.000000000e+03 -1.000000000e+03 -3.8415e+00 -1.0384e+00
497 +2.697527179e-08 +2.697527179e-08 -1.000000000e+03 -1.000000000e+03 -3.8415e+00 -1.0384e+00
511 +1.939451977e-08 +1.939451977e-08 -1.000000000e+03 -1.000000000e+03 -3.8416e+00 -1.0384e+00
534 +7.989228834e-09 +7.989228834e-09 -1.000000000e+03 -1.000000000e+03 -3.8416e+00 -1.0384e+00
% function evaluation | noise-free fitness - Fopt (-7.020000000000e+01) | best noise-free fitness - Fopt | measured fitness | best measured fitness | x1 | x2...
1 +1.261779885e+05 +1.261779885e+05 +1.261077885e+05 +1.261077885e+05 -3.8436e+00 -7.3661e-01
2 +6.299367218e+04 +6.299367218e+04 +6.292347218e+04 +6.292347218e+04 -4.7087e+00 -4.0678e+00
5 +1.881313034e+04 +1.881313034e+04 +1.874293034e+04 +1.874293034e+04 -1.4652e+00 -8.1187e-01
11 +7.211530558e+03 +7.211530558e+03 +7.141330558e+03 +7.141330558e+03 -1.1315e+00 -2.4306e+00
26 +1.934720843e+03 +1.934720843e+03 +1.864520843e+03 +1.864520843e+03 -5.5547e-01 -8.5374e-01
32 +2.824657461e-01 +2.824657461e-01 -6.991753425e+01 -6.991753425e+01 -6.1246e-01 -1.3364e+00
128 +1.503813936e-01 +1.503813936e-01 -7.004961861e+01 -7.004961861e+01 -7.4783e-01 -1.3365e+00
145 +4.646392636e-03 +4.646392636e-03 -7.019535361e+01 -7.019535361e+01 -9.9859e-01 -1.4968e+00
210 +3.262779508e-03 +3.262779508e-03 -7.019673722e+01 -7.019673722e+01 -1.0026e+00 -1.5073e+00
252 +2.485563140e-03 +2.485563140e-03 -7.019751444e+01 -7.019751444e+01 -1.0087e+00 -1.5059e+00
262 +9.136986617e-04 +9.136986617e-04 -7.019908630e+01 -7.019908630e+01 -1.0216e+00 -1.5148e+00
267 +1.368878228e-04 +1.368878228e-04 -7.019986311e+01 -7.019986311e+01 -1.0333e+00 -1.5224e+00
372 +9.851808005e-05 +9.851808005e-05 -7.019990148e+01 -7.019990148e+01 -1.0343e+00 -1.5231e+00
377 +6.286284314e-05 +6.286284314e-05 -7.019993714e+01 -7.019993714e+01 -1.0358e+00 -1.5240e+00
382 +3.079623868e-05 +3.079623868e-05 -7.019996920e+01 -7.019996920e+01 -1.0364e+00 -1.5235e+00
387 +1.603924923e-05 +1.603924923e-05 -7.019998396e+01 -7.019998396e+01 -1.0390e+00 -1.5248e+00
407 +8.726691760e-06 +8.726691760e-06 -7.019999127e+01 -7.019999127e+01 -1.0378e+00 -1.5241e+00
427 +5.863247921e-06 +5.863247921e-06 -7.019999414e+01 -7.019999414e+01 -1.0381e+00 -1.5243e+00
429 +2.796724814e-06 +2.796724814e-06 -7.019999720e+01 -7.019999720e+01 -1.0385e+00 -1.5245e+00
440 +2.072092045e-06 +2.072092045e-06 -7.019999793e+01 -7.019999793e+01 -1.0386e+00 -1.5245e+00
460 +1.068031537e-06 +1.068031537e-06 -7.019999893e+01 -7.019999893e+01 -1.0389e+00 -1.5248e+00
463 +9.244248389e-07 +9.244248389e-07 -7.019999908e+01 -7.019999908e+01 -1.0388e+00 -1.5245e+00
465 +5.341701410e-07 +5.341701410e-07 -7.019999947e+01 -7.019999947e+01 -1.0389e+00 -1.5247e+00
477 +1.608126610e-07 +1.608126610e-07 -7.019999984e+01 -7.019999984e+01 -1.0391e+00 -1.5248e+00
484 +9.419657943e-08 +9.419657943e-08 -7.019999991e+01 -7.019999991e+01 -1.0391e+00 -1.5247e+00
509 +5.100261546e-08 +5.100261546e-08 -7.019999995e+01 -7.019999995e+01 -1.0391e+00 -1.5248e+00
554 +3.787454261e-08 +3.787454261e-08 -7.019999996e+01 -7.019999996e+01 -1.0391e+00 -1.5248e+00
581 +9.536066159e-09 +9.536066159e-09 -7.019999999e+01 -7.019999999e+01 -1.0392e+00 -1.5248e+00
% function evaluation | noise-free fitness - Fopt (-4.762000000000e+01) | best noise-free fitness - Fopt | measured fitness | best measured fitness | x1 | x2...
1 +3.072959737e+05 +3.072959737e+05 +3.072483537e+05 +3.072483537e+05 +6.9294e-01 +3.3791e+00
5 +8.885166992e+04 +8.885166992e+04 +8.880404992e+04 +8.880404992e+04 +3.0713e+00 +3.3039e+00
11 +3.591485325e+04 +3.591485325e+04 +3.586723325e+04 +3.586723325e+04 +3.9079e+00 +3.1828e+00
12 +2.059018261e+03 +2.059018261e+03 +2.011398261e+03 +2.011398261e+03 +4.7956e+00 +2.4450e+00
15 +1.295007463e+02 +1.295007463e+02 +8.188074634e+01 +8.188074634e+01 +7.8822e+00 -4.3976e-01
21 +7.131817352e+01 +7.131817352e+01 +2.369817352e+01 +2.369817352e+01 +6.3742e+00 -2.5118e-01
40 +6.153253986e+01 +6.153253986e+01 +1.391253986e+01 +1.391253986e+01 +6.1230e+00 +7.0001e-01
42 +2.411620095e+01 +2.411620095e+01 -2.350379905e+01 -2.350379905e+01 +4.7109e+00 +7.4516e-01
54 +1.572424299e+01 +1.572424299e+01 -3.189575701e+01 -3.189575701e+01 +4.2228e+00 +1.6592e-01
97 +7.587650896e+00 +7.587650896e+00 -4.003234910e+01 -4.003234910e+01 +3.6710e+00 -9.5141e-01
109 +5.870374276e+00 +5.870374276e+00 -4.174962572e+01 -4.174962572e+01 +3.4490e+00 -1.1596e+00
145 +3.530668101e+00 +3.530668101e+00 -4.408933190e+01 -4.408933190e+01 +3.2124e+00 -1.4024e+00
172 +2.477206690e+00 +2.477206690e+00 -4.514279331e+01 -4.514279331e+01 +3.0938e+00 -1.8999e+00
178 +1.304289750e+00 +1.304289750e+00 -4.631571025e+01 -4.631571025e+01 +2.9011e+00 -2.2250e+00
186 +7.059966353e-01 +7.059966353e-01 -4.691400336e+01 -4.691400336e+01 +2.7751e+00 -2.6215e+00
190 +4.353789250e-02 +4.353789250e-02 -4.757646211e+01 -4.757646211e+01 +2.5347e+00 -2.8719e+00
247 +3.206089324e-02 +3.206089324e-02 -4.758793911e+01 -4.758793911e+01 +2.5302e+00 -2.8469e+00
256 +2.430173971e-02 +2.430173971e-02 -4.759569826e+01 -4.759569826e+01 +2.5258e+00 -2.8412e+00
309 +8.100939851e-03 +8.100939851e-03 -4.761189906e+01 -4.761189906e+01 +2.5071e+00 -2.8333e+00
315 +3.059114492e-03 +3.059114492e-03 -4.761694089e+01 -4.761694089e+01 +2.4989e+00 -2.8322e+00
323 +1.653417964e-03 +1.653417964e-03 -4.761834658e+01 -4.761834658e+01 +2.4993e+00 -2.8147e+00
332 +1.496922632e-04 +1.496922632e-04 -4.761985031e+01 -4.761985031e+01 +2.4925e+00 -2.8125e+00
373 +1.605430020e-05 +1.605430020e-05 -4.761998395e+01 -4.761998395e+01 +2.4904e+00 -2.8162e+00
435 +8.435471834e-06 +8.435471834e-06 -4.761999156e+01 -4.761999156e+01 +2.4901e+00 -2.8165e+00
449 +3.286821048e-06 +3.286821048e-06 -4.761999671e+01 -4.761999671e+01 +2.4899e+00 -2.8168e+00
450 +4.982091184e-07 +4.982091184e-07 -4.761999950e+01 -4.761999950e+01 +2.4897e+00 -2.8166e+00
514 +3.246605829e-07 +3.246605829e-07 -4.761999968e+01 -4.761999968e+01 +2.4897e+00 -2.8169e+00
522 +2.174724116e-07 +2.174724116e-07 -4.761999978e+01 -4.761999978e+01 +2.4897e+00 -2.8168e+00
526 +5.574385398e-09 +5.574385398e-09 -4.761999999e+01 -4.761999999e+01 +2.4896e+00 -2.8168e+00
