% function evaluation | noise-free fitness - Fopt (-4.620900000000e+02) | best noise-free fitness - Fopt | measured fitness | best measured fitness | x1 | x2...
1 +8.223560515e+02 +8.223560515e+02 +3.602660515e+02 +3.602660515e+02 -4.3095e+00 -2.8709e+00 -1.8148e+00 +4.1683e+00 +2.4103e+00 -4.7199e+00 +4.8898e+00 -1.1022e+00 -4.2745e+00 +2.4674e+00
3 +3.121996492e+02 +3.121996492e+02 -1.498903508e+02 -1.498903508e+02 -3.4519e-01 +6.0144e-01 -4.0743e+00 +6.1413e-01 +2.0340e+00 -2.7607e-01 -1.2958e+00 +4.8047e-01 +5.0402e-01 +1.2374e+00
57 +1.839057020e+02 +1.839057020e+02 -2.781842980e+02 -2.781842980e+02 -4.1801e+00 +2.2523e+00 -7.1915e-01 -4.1470e-01 +1.0810e+00 +7.2995e-01 +4.7736e+00 +3.9300e+00 +3.6943e+00 -1.5993e-01
278 +1.315710845e+02 +1.315710845e+02 -3.305189155e+02 -3.305189155e+02 -3.9967e+00 +0.0000e+00 +8.9034e-01 -4.9370e-01 +9.7748e-01 +1.7804e+00 +2.5590e+00 +2.4427e+00 +2.0847e+00 -1.3443e-01
3909 +9.575370242e+01 +9.575370242e+01 -3.663362976e+02 -3.663362976e+02 -1.2842e+00 -7.4304e-02 +0.0000e+00 +2.2962e+00 +2.5853e+00 +2.7102e+00 +2.5090e+00 +3.0824e+00 +1.9570e+00 +5.9187e-02
27202 +6.005967554e+01 +6.005967554e+01 -4.020303245e+02 -4.020303245e+02 -3.9069e+00 +2.9945e+00 +2.2519e+00 -5.6153e-01 +2.8573e+00 +1.6378e+00 +2.4356e+00 +3.1088e+00 +2.6587e+00 -2.9795e-01
% function evaluation | noise-free fitness - Fopt (7.766000000000e+01) | best noise-free fitness - Fopt | measured fitness | best measured fitness | x1 | x2...
1 +6.088553428e+02 +6.088553428e+02 +6.865153428e+02 +6.865153428e+02 -2.0381e-01 +3.5314e+00 +1.4381e+00 +6.2967e-01 -2.0827e-02 -2.2070e+00 +2.1375e+00 +4.1241e+00 -4.3011e+00 -3.6956e+00
9 +2.194951759e+02 +2.194951759e+02 +2.971551759e+02 +2.971551759e+02 -2.3021e+00 +2.4994e+00 -4.0434e+00 -1.7128e-01 -9.2035e-01 -3.3458e+00 +1.6980e-01 +1.7303e+00 +1.1946e+00 -4.2920e+00
193 +1.488254314e+02 +1.488254314e+02 +2.264854314e+02 +2.264854314e+02 +2.1097e+00 +0.0000e+00 +1.0850e-01 +2.4155e+00 -1.1821e+00 +1.7430e+00 +1.6366e+00 -1.3276e-01 -2.0333e-01 -3.4522e+00
1535 +9.948503292e+01 +9.948503292e+01 +1.771450329e+02 +1.771450329e+02 +3.8101e-01 +9.3892e-01 +3.1170e-01 +4.1186e+00 -2.0449e+00 -7.8340e-03 +1.9106e+00 +8.9350e-01 -9.1435e-01 -5.0000e+00
6015 +4.930964909e+01 +4.930964909e+01 +1.269696491e+02 +1.269696491e+02 +2.5778e+00 -5.2944e-01 +9.0049e-02 +4.0286e+00 -2.4000e+00 -9.5599e-01 +1.5052e-01 -7.3396e-01 +2.1213e-01 -4.1885e+00
% function evaluation | noise-free fitness - Fopt (1.156800000000e+02) | best noise-free fitness - Fopt | measured fitness | best measured fitness | x1 | x2...
1 +8.157982941e+02 +8.157982941e+02 +9.314782941e+02 +9.314782941e+02 +5.4393e-01 -3.6229e+00 -4.9415e-01 -2.8765e+00 +2.2130e+00 +9.6668e-01 -3.4611e+00 -2.9436e+00 -9.7467e-01 -4.2248e+00
31 +4.539340287e+02 +4.539340287e+02 +5.696140287e+02 +5.696140287e+02 +2.8719e-01 +3.3053e+00 +2.9280e+00 -2.8456e+00 +2.9511e-01 +1.6963e+00 -3.6601e+00 +2.4432e+00 -4.7060e+00 -1.5991e+00
40 +1.883211036e+02 +1.883211036e+02 +3.040011036e+02 +3.040011036e+02 +3.7907e+00 +1.4129e+00 +3.3078e+00 -4.9589e-01 -3.4028e+00 -3.8722e+00 -4.8561e+00 +1.8462e+00 -2.7917e+00 -2.7083e+00
228 +1.514430730e+02 +1.514430730e+02 +2.671230730e+02 +2.671230730e+02 +2.6993e+00 +3.6964e-01 +1.3241e+00 +3.1676e+00 -3.6704e+00 -5.0000e+00 -4.8244e+00 +1.5149e+00 -5.0000e+00 -2.1185e+00
512 +9.765950044e+01 +9.765950044e+01 +2.133395004e+02 +2.133395004e+02 +1.5113e+00 +1.3664e+00 +1.4690e+00 +3.9075e+00 -4.2142e+00 -1.8741e+00 -4.8634e+00 +3.2345e+00 -3.2027e+00 -1.8814e+00
17635 +5.272723914e+01 +5.272723914e+01 +1.684072391e+02 +1.684072391e+02 -2.2213e-01 -9.4481e-01 -5.4339e-01 +2.2159e+00 -2.9615e+00 -3.6517e+00 -3.5841e+00 +3.2948e+00 -5.0000e+00 -1.2747e+00
88030 +2.963208030e+01 +2.963208030e+01 +1.453120803e+02 +1.453120803e+02 -3.0334e+00 -9.9017e-01 +1.1571e+00 +3.8685e+00 -4.1924e+00 -3.3150e+00 -3.5859e+00 +1.9733e+00 -5.0000e+00 -1.9711e+00
% function evaluation | noise-free fitness - Fopt (-3.710000000000e+00) | best noise-free fitness - Fopt | measured fitness | best measured fitness | x1 | x2...
1 +1.846436237e+03 +1.846436237e+03 +1.842726237e+03 +1.842726237e+03 -4.7092e+00 -1.5593e+00 -1.8866e+00 -7.8073e-02 -2.3788e+00 -2.9478e+00 +3.1822e+00 -8.2550e-01 +3.3268e+00 -4.9126e+00
3 +5.065751637e+02 +5.065751637e+02 +5.028651637e+02 +5.028651637e+02 +2.1485e+00 -1.5277e+00 -3.8413e+00 +4.9546e+00 -1.6492e+00 -1.4626e+00 -5.6724e-03 -2.4664e+00 -3.1414e-01 +3.4759e+00
32 +3.637147668e+02 +3.637147668e+02 +3.600047668e+02 +3.600047668e+02 -1.0627e+00 -1.4313e+00 +1.4370e+00 +3.5214e-01 +3.0931e+00 -4.1849e-01 +2.1868e+00 +1.0753e+00 -4.1269e-01 -1.5363e+00
149 +1.939527150e+02 +1.939527150e+02 +1.902427150e+02 +1.902427150e+02 +0.0000e+00 +3.2582e+00 -1.5123e+00 +4.7522e+00 +3.6667e+00 +4.8035e+00 +3.8730e-01 -3.5267e+00 -3.9674e+00 -3.1181e-01
319 +1.478460099e+02 +1.478460099e+02 +1.441360099e+02 +1.441360099e+02 +0.0000e+00 -2.4414e+00 +2.1097e+00 +3.0987e+00 +3.9976e+00 +4.9484e+00 +1.0948e+00 -1.8118e+00 -2.6827e+00 +2.6128e+00
546 +9.991491120e+01 +9.991491120e+01 +9.620491120e+01 +9.620491120e+01 +6.3442e-01 -1.5844e+00 +3.3963e+00 +3.5883e+00 +2.5397e+00 +4.8240e+00 -2.0429e-01 -2.0374e+00 -1.5796e+00 +1.0400e+00
18721 +6.216051417e+01 +6.216051417e+01 +5.845051417e+01 +5.845051417e+01 +0.0000e+00 -3.1958e+00 +9.9023e-01 +5.0000e+00 +2.6329e+00 +4.7022e+00 -3.6972e-01 -1.6476e+00 -2.7555e+00 +1.3330e+00
% function evaluation | noise-free fitness - Fopt (1.321800000000e+02) | best noise-free fitness - Fopt | measured fitness | best measured fitness | x1 | x2...
1 +3.617503083e+02 +3.617503083e+02 +4.939303083e+02 +4.939303083e+02 -4.3100e+00 -2.8900e+00 +2.8393e+00 -4.6410e+00 -1.0451e+00 -1.3476e-01 +5.6704e-01 +1.2164e+00 +3.5463e+00 -1.5476e+00
91 +1.579192036e+02 +1.579192036e+02 +2.900992036e+02 +2.900992036e+02 -3.8277e+00 +1.7624e+00 +3.6681e+00 -3.9171e-01 -5.0000e+00 -7.9169e-01 -2.2575e+00 -1.9009e+00 +4.5154e-01 -9.1455e-01
218 +8.822648999e+01 +8.822648999e+01 +2.204064900e+02 +2.204064900e+02 +1.8414e-01 +0.0000e+00 +5.0000e+00 -1.9453e+00 -2.5220e+00 -1.0400e+00 -2.6508e+00 +0.0000e+00 -4.5257e-01 +2.3598e-01
4264 +5.706455302e+01 +5.706455302e+01 +1.892445530e+02 +1.892445530e+02 -3.1301e+00 +1.5130e+00 +5.0000e+00 -2.6181e+00 -5.0000e+00 -1.0104e+00 -2.7114e+00 +5.6201e-01 +6.3676e-01 -3.1814e-01
% function evaluation | noise-free fitness - Fopt (-5.847300000000e+02) | best noise-free fitness - Fopt | measured fitness | best measured fitness | x1 | x2...
1 +1.342903312e+03 +1.342903312e+03 +7.581733116e+02 +7.581733116e+02 -1.2058e+00 -2.1161e+00 -3.4600e+00 +2.9232e+00 +3.8033e+00 +4.0358e+00 +3.9100e+00 +2.3959e+00 -4.7109e+00 -3.7239e+00
5 +5.733172447e+02 +5.733172447e+02 -1.141275534e+01 -1.141275534e+01 -9.4416e-01 +1.3851e+00 -4.4345e+00 -3.6237e+00 -3.3238e-01 -2.5302e+00 -4.4845e+00 -9.9819e-01 -3.8814e+00 -4.3514e+00
23 +3.923695386e+02 +3.923695386e+02 -1.923604614e+02 -1.923604614e+02 +1.5817e-01 +5.2053e-01 -7.5268e-01 -3.5879e+00 +4.4037e+00 -3.0105e+00 -2.1500e+00 +7.3292e-01 -1.3530e+00 -8.1306e-01
82 +1.962613870e+02 +1.962613870e+02 -3.884686130e+02 -3.884686130e+02 +5.6683e-01 -5.0000e+00 -2.7660e+00 -2.8124e+00 +1.2327e+00 -8.8117e-01 +4.6026e+00 -1.2558e+00 +2.5465e-01 -1.5695e+00
182 +1.558658483e+02 +1.558658483e+02 -4.288641517e+02 -4.288641517e+02 -3.2242e-02 -5.0000e+00 +3.0739e-01 -3.3417e+00 +1.9720e+00 -2.6417e+00 +2.7757e+00 +0.0000e+00 -9.2272e-01 -2.6983e+00
220 +8.101752715e+01 +8.101752715e+01 -5.037124728e+02 -5.037124728e+02 -1.6574e+00 -2.9148e-01 -1.5675e+00 -3.2212e+00 +0.0000e+00 -1.8761e+00 +2.2221e+00 +1.7396e+00 -6.4006e-01 -1.7301e+00
29550 +6.216142356e+01 +6.216142356e+01 -5.225685764e+02 -5.225685764e+02 -2.6675e+00 -3.1786e+00 -1.6590e+00 -3.8243e+00 -1.8587e+00 -2.8539e+00 +1.8711e+00 +2.2974e-01 -9.2051e-01 -1.6280e+00
% function evaluation | noise-free fitness - Fopt (-3.654000000000e+01) | best noise-free fitness - Fopt | measured fitness | best measured fitness | x1 | x2...
1 +2.048593656e+03 +2.048593656e+03 +2.012053656e+03 +2.012053656e+03 -2.7679e+00 -4.9945e+00 -7.3396e-01 +1.4918e+00 -2.9358e+00 +1.4659e+00 +2.0522e+00 +1.7926e+00 +3.1554e-01 +2.9844e+00
2 +2.525183312e+02 +2.525183312e+02 +2.159783312e+02 +2.159783312e+02 +2.3178e+00 -3.9268e+00 -4.5439e+00 +8.5594e-01 -2.0461e+00 -3.9686e+00 -4.8519e+00 +4.2792e-01 -5.6340e-01 -2.6368e+00
59 +2.412788614e+02 +2.412788614e+02 +2.047388614e+02 +2.047388614e+02 +5.0000e+00 -5.0000e+00 +2.6981e+00 +1.0191e+00 -2.6931e+00 -2.6375e+00 -1.0501e+00 +1.4103e+00 -2.0672e+00 -1.3901e+00
150 +1.297432214e+02 +1.297432214e+02 +9.320322137e+01 +9.320322137e+01 -9.8870e-01 -3.4739e-01 +2.7924e-01 -1.5641e+00 +1.2628e+00 -4.2657e+00 -3.2976e+00 -7.1174e-01 -1.1995e+00 -1.5201e+00
718 +6.370501936e+01 +6.370501936e+01 +2.716501936e+01 +2.716501936e+01 -1.1414e+00 -9.3193e-01 -2.5068e-02 +4.8711e-01 -5.0298e-01 -7.9991e-01 -4.0823e+00 -8.8675e-01 -2.4427e+00 -2.4713e+00
30777 +5.939289433e+01 +5.939289433e+01 +2.285289433e+01 +2.285289433e+01 -1.6286e-01 -1.1530e+00 +1.2912e+00 -1.9409e-01 +1.2719e+00 -8.1683e-01 -2.9045e+00 -1.0064e+00 -1.4069e+00 -2.4657e+00
70293 +3.713503104e+01 +3.713503104e+01 +5.950310402e-01 +5.950310402e-01 +2.7514e+00 -2.1621e+00 -1.5116e-01 -3.7378e-01 +8.6316e-01 -1.7829e+00 -3.2027e+00 -5.2798e-01 -1.2929e+00 -2.1453e+00
% function evaluation | noise-free fitness - Fopt (1.000000000000e+03) | best noise-free fitness - Fopt | measured fitness | best measured fitness | x1 | x2...
1 +4.811092511e+03 +4.811092511e+03 +5.811092511e+03 +5.811092511e+03 -6.7749e-01 -2.9514e+00 -2.4680e+00 -2.6657e+00 +1.1412e-01 -1.3125e+00 -4.2010e+00 -2.1299e+00 +4.2521e+00 -4.3261e+00
2 +2.078926047e+03 +2.078926047e+03 +3.078926047e+03 +3.078926047e+03 +3.8651e-01 +4.8345e-01 +1.7316e-01 -3.3549e-01 -2.2560e+00 -3.1872e+00 -4.7060e+00 -2.6697e+00 +2.2425e+00 -4.5940e+00
3 +9.495186500e+02 +9.495186500e+02 +1.949518650e+03 +1.949518650e+03 -2.0595e-01 +3.7552e+00 -3.8956e+00 +8.8218e-01 -1.0508e+00 -1.5272e+00 -4.4480e+00 +2.3987e+00 -3.7302e+00 -2.9232e-01
5 +6.042121508e+02 +6.042121508e+02 +1.604212151e+03 +1.604212151e+03 +3.1299e+00 -5.1503e-01 +1.2633e+00 +3.2242e+00 +4.4603e+00 +8.2297e-01 -1.0728e+00 +2.2779e+00 -3.6162e+00 -4.1495e+00
14 +3.657372163e+02 +3.657372163e+02 +1.365737216e+03 +1.365737216e+03 -2.5501e+00 +4.0907e+00 +7.5899e-01 +1.3915e+00 -1.4520e+00 +3.2645e+00 +9.7259e-01 -2.9988e+00 -7.1272e-01 -1.0234e+00
96 +2.043283869e+02 +2.043283869e+02 +1.204328387e+03 +1.204328387e+03 +2.0583e+00 -1.0985e+00 +2.6490e+00 -7.2780e-01 +4.0038e+00 -1.2843e-01 +3.2269e+00 -4.0501e+00 -5.0000e+00 -2.1354e+00
182 +1.528216106e+02 +1.528216106e+02 +1.152821611e+03 +1.152821611e+03 +1.5620e+00 -1.5470e+00 +1.3789e+00 +3.9978e+00 +4.6293e+00 -7.4336e-01 +4.7583e+00 -1.7721e+00 -3.4225e+00 -1.1035e+00
883 +7.793881470e+01 +7.793881470e+01 +1.077938815e+03 +1.077938815e+03 -1.5864e+00 +1.1533e+00 -9.0236e-01 +3.0729e+00 +2.9946e+00 -5.0250e-01 +4.0126e+00 -1.7324e+00 -4.1350e+00 -2.0543e+00
8157 +6.238508889e+01 +6.238508889e+01 +1.062385089e+03 +1.062385089e+03 -1.7560e+00 +1.5335e+00 -1.0272e-01 +3.1619e+00 +3.5639e+00 +2.5423e+00 +3.3882e+00 -2.1902e+00 -3.7962e+00 -2.5554e+00
% function evaluation | noise-free fitness - Fopt (4.661000000000e+01) | best noise-free fitness - Fopt | measured fitness | best measured fitness | x1 | x2...
1 +1.882522409e+03 +1.882522409e+03 +1.929132409e+03 +1.929132409e+03 +3.8545e+00 -2.8046e+00 -4.7456e+00 +3.3422e+00 -9.6634e-01 +1.1232e+00 -5.6093e-01 +3.7305e+00 -8.2998e-01 +1.4836e+00
2 +6.880448470e+02 +6.880448470e+02 +7.346548470e+02 +7.346548470e+02 +2.3140e+00 +1.0803e+00 -1.4732e+00 -4.9121e+00 +4.7194e+00 -3.2909e+00 -1.4118e+00 -3.3152e+00 -2.1096e+00 -4.5080e+00
3 +5.808656739e+02 +5.808656739e+02 +6.274756739e+02 +6.274756739e+02 -9.8513e-01 -1.6062e+00 +2.6707e+00 +2.9201e+00 -6.0301e-01 +2.4998e+00 -3.3089e+00 -6.0801e-01 +4.8338e-01 -4.1698e+00
5 +3.856540002e+02 +3.856540002e+02 +4.322640002e+02 +4.322640002e+02 +4.1208e+00 +5.2827e-01 +2.8775e+00 -1.8877e+00 -1.8924e+00 -2.7390e+00 -1.9093e+00 -1.1472e+00 +1.9820e+00 -3.6550e+00
62 +1.264759114e+02 +1.264759114e+02 +1.730859114e+02 +1.730859114e+02 -3.0841e+00 +1.2403e+00 +3.2382e+00 +1.6793e+00 +3.8262e-01 -3.0053e+00 +4.2750e+00 -3.2531e+00 +1.5453e-01 -3.0256e+00
156 +9.380925049e+01 +9.380925049e+01 +1.404192505e+02 +1.404192505e+02 -4.3739e+00 +3.9101e+00 +3.1603e+00 +1.2747e+00 -1.4538e+00 -1.9879e+00 +4.1905e+00 -2.6669e+00 +2.6866e-01 -2.1061e+00
7061 +5.466264510e+01 +5.466264510e+01 +1.012726451e+02 +1.012726451e+02 -1.2657e+00 +2.9444e+00 +3.2582e+00 +3.1076e+00 -3.1791e-01 -2.4754e+00 +3.4935e+00 -3.8250e+00 +6.9819e-01 -2.0803e+00
% function evaluation | noise-free fitness - Fopt (-2.643100000000e+02) | best noise-free fitness - Fopt | measured fitness | best measured fitness | x1 | x2...
1 +1.338832243e+03 +1.338832243e+03 +1.074522243e+03 +1.074522243e+03 +2.8876e+00 -2.5751e+00 -1.0565e+00 +1.5034e+00 -4.3815e+00 -2.1982e+00 -1.6305e+00 -1.8076e+00 +4.7835e+00 +1.2612e+00
4 +9.166164361e+02 +9.166164361e+02 +6.523064361e+02 +6.523064361e+02 -3.9834e+00 +4.1388e+00 +3.9319e-01 -1.2774e+00 +1.5010e+00 -4.4200e-01 -3.9551e+00 +3.8324e+00 +2.9446e+00 +4.5994e+00
5 +5.939762393e+02 +5.939762393e+02 +3.296662393e+02 +3.296662393e+02 +3.6776e+00 -7.3234e-02 -3.6866e+00 -1.7133e+00 -2.5465e+00 -3.2273e+00 +2.4254e+00 -3.3076e+00 -1.9934e-01 -2.9871e+00
14 +2.770786948e+02 +2.770786948e+02 +1.276869475e+01 +1.276869475e+01 -2.1454e+00 -4.8648e+00 -1.9784e+00 -7.3145e-01 -2.9704e+00 -1.4765e+00 +1.7418e+00 +2.3298e+00 -1.1375e+00 +2.2484e+00
81 +2.504615584e+02 +2.504615584e+02 -1.384844161e+01 -1.384844161e+01 -3.9917e-01 -3.7486e+00 -3.0018e+00 -1.5515e+00 +5.6588e-01 -1.5927e+00 -7.1957e-01 +3.5888e-02 -2.5702e-01 +2.4213e+00
84 +1.477409175e+02 +1.477409175e+02 -1.165690825e+02 -1.165690825e+02 -2.6279e+00 -3.1519e+00 -3.4578e+00 -7.8325e-01 +1.7182e+00 -1.6226e+00 +2.4056e+00 +2.3992e-01 -3.0826e+00 +1.9071e+00
537 +9.653696227e+01 +9.653696227e+01 -1.677730377e+02 -1.677730377e+02 -4.1834e+00 -2.8032e+00 -3.5025e+00 +5.5399e-01 +3.8429e+00 -3.7220e+00 +4.6394e+00 +1.7097e+00 +4.1592e-01 +3.0972e+00
11836 +5.604890844e+01 +5.604890844e+01 -2.082610916e+02 -2.082610916e+02 -4.3167e+00 -2.2743e+00 -4.9864e+00 -1.5420e-01 +5.0000e+00 -3.7224e+00 +5.0000e+00 +1.5102e+00 -6.3112e-01 +2.1383e+00
76228 +3.591077189e+01 +3.591077189e+01 -2.283992281e+02 -2.283992281e+02 -3.2585e+00 -1.3937e+00 -3.4731e+00 +5.8585e-01 +2.8348e+00 -4.3747e+00 +5.0000e+00 +2.0155e-01 -6.1269e-01 +2.1643e+00
% function evaluation | noise-free fitness - Fopt (7.273000000000e+01) | best noise-free fitness - Fopt | measured fitness | best measured fitness | x1 | x2...
1 +6.224901037e+02 +6.224901037e+02 +6.952201037e+02 +6.952201037e+02 +4.8023e+00 +2.6372e+00 +2.0996e+00 -3.7448e-01 -3.7786e+00 +4.2627e+00 +4.7867e-01 -4.8699e+00 -2.3128e+00 -4.1173e+00
18 +2.451667011e+02 +2.451667011e+02 +3.178967011e+02 +3.178967011e+02 +3.1738e+00 +7.6607e-01 -4.9756e+00 +1.7418e+00 +1.3907e+00 +3.9672e+00 -1.8159e+00 -2.9707e+00 +1.2648e+00 -1.6916e+00
165 +1.578981336e+02 +1.578981336e+02 +2.306281336e+02 +2.306281336e+02 +0.0000e+00 -1.9629e+00 -1.2338e+00 +2.7389e-01 +2.5426e+00 +2.8751e+00 -5.0000e+00 -5.0000e+00 +6.2572e-01 -1.4840e+00
503 +9.021117804e+01 +9.021117804e+01 +1.629411780e+02 +1.629411780e+02 -5.0000e+00 -1.6740e+00 -6.0001e-01 -2.6063e-01 +2.0690e+00 +2.0039e+00 -5.0000e+00 -3.3551e+00 +0.0000e+00 -3.0894e-01
32966 +4.727262655e+01 +4.727262655e+01 +1.200026265e+02 +1.200026265e+02 -4.5571e+00 -4.1844e+00 -2.0996e+00 +7.4167e-01 +1.0466e+00 +2.5837e+00 -3.6380e+00 -3.6788e+00 +2.1773e-01 -7.5446e-01
% function evaluation | noise-free fitness - Fopt (1.368700000000e+02) | best noise-free fitness - Fopt | measured fitness | best measured fitness | x1 | x2...
1 +1.623070560e+03 +1.623070560e+03 +1.759940560e+03 +1.759940560e+03 -2.5464e+00 -2.0833e+00 +3.5669e+00 -1.5873e-01 +1.5265e+00 -2.5202e-01 -8.2902e-01 -4.1788e+00 -2.9694e+00 +1.4763e+00
2 +7.372737845e+02 +7.372737845e+02 +8.741437845e+02 +8.741437845e+02 -3.7768e+00 -1.7408e+00 -1.1322e+00 -1.8530e+00 -4.3492e+00 +2.9940e+00 -3.4952e+00 -3.9064e+00 -3.0572e+00 -4.0198e+00
11 +6.026980721e+02 +6.026980721e+02 +7.395680721e+02 +7.395680721e+02 +3.1277e+00 +1.0809e+00 +7.3416e-01 +2.5617e+00 -2.8769e+00 -8.5628e-01 -4.4430e+00 -1.0609e+00 -4.7700e+00 -3.2655e+00
24 +3.018024273e+02 +3.018024273e+02 +4.386724273e+02 +4.386724273e+02 +3.1092e+00 -3.7348e+00 +9.1066e-01 +3.2547e+00 +2.7216e+00 -2.1598e-01 +1.6089e-01 +2.5128e+00 -3.3790e+00 -4.2567e+00
80 +1.813472784e+02 +1.813472784e+02 +3.182172784e+02 +3.182172784e+02 +5.0000e+00 -4.4000e-01 +1.6026e+00 +9.6295e-01 +2.4072e-01 -3.3868e-01 -1.0185e+00 +4.5388e+00 -6.6506e-01 -2.6982e+00
262 +1.548362728e+02 +1.548362728e+02 +2.917062728e+02 +2.917062728e+02 +5.0000e+00 +2.4831e+00 +1.6662e+00 +8.4314e-01 -6.0516e-01 +1.4632e+00 -1.7763e+00 +4.2013e+00 -1.2908e+00 -3.6969e+00
788 +9.125436792e+01 +9.125436792e+01 +2.281243679e+02 +2.281243679e+02 +4.6123e+00 +0.0000e+00 +3.7802e+00 -6.4325e-01 +5.8240e-01 +3.0346e+00 +9.6218e-01 +4.1741e+00 +2.9733e-02 -3.3755e+00
4643 +6.295364262e+01 +6.295364262e+01 +1.998236426e+02 +1.998236426e+02 +4.4978e+00 +3.6409e+00 +4.7668e+00 +1.0529e-01 +6.0564e-01 +2.7442e+00 +5.0745e-01 +4.1161e+00 -1.1453e+00 -4.5300e+00
% function evaluation | noise-free fitness - Fopt (2.196000000000e+01) | best noise-free fitness - Fopt | measured fitness | best measured fitness | x1 | x2...
1 +4.740672976e+02 +4.740672976e+02 +4.960272976e+02 +4.960272976e+02 -3.7542e-01 +3.9105e+00 -1.0259e-01 -8.3280e-01 -5.8900e-01 -3.3668e+00 +7.9233e-01 -1.5831e+00 -2.5173e+00 -8.0221e-01
2 +3.679054114e+02 +3.679054114e+02 +3.898654114e+02 +3.898654114e+02 +3.7554e+00 -1.4703e+00 -2.9312e+00 +1.9282e+00 +8.7433e-01 +3.7458e+00 +4.4206e+00 +4.1718e+00 +9.9773e-01 -1.1910e+00
82 +1.868636818e+02 +1.868636818e+02 +2.088236818e+02 +2.088236818e+02 -1.8886e+00 -2.3350e+00 +2.6759e+00 -1.0992e+00 -9.2385e-01 +1.0930e+00 +2.2880e+00 -8.5840e-01 +7.1378e-01 -6.9114e-01
139 +1.509495599e+02 +1.509495599e+02 +1.729095599e+02 +1.729095599e+02 -9.4727e-01 -4.7778e-01 +0.0000e+00 +1.3664e+00 -4.1544e+00 +1.4453e+00 +4.4591e+00 +1.8978e-01 -1.2798e+00 +4.3497e-01
1721 +8.711833110e+01 +8.711833110e+01 +1.090783311e+02 +1.090783311e+02 +4.5932e-01 +0.0000e+00 +1.6796e+00 +1.3446e+00 -3.3531e+00 +4.2549e+00 +2.5887e+00 -2.7669e-01 +9.1562e-01 -4.1142e-01
20751 +5.454851393e+01 +5.454851393e+01 +7.650851393e+01 +7.650851393e+01 +1.1703e+00 +1.1282e+00 +2.4153e+00 +2.8392e+00 -2.6674e+00 +3.2957e+00 +3.8456e+00 +1.4440e-01 -8.9863e-01 +9.2815e-01
% function evaluation | noise-free fitness - Fopt (-2.139000000000e+01) | best noise-free fitness - Fopt | measured fitness | best measured fitness | x1 | x2...
1 +1.462262790e+03 +1.462262790e+03 +1.440872790e+03 +1.440872790e+03 +1.6818e+00 -1.4876e+00 +4.0377e+00 -3.5591e+00 +4.3062e+00 +3.1428e+00 +2.7642e+00 -4.9290e+00 -2.1017e+00 -1.5374e+00
2 +8.799453550e+02 +8.799453550e+02 +8.585553550e+02 +8.585553550e+02 -4.3778e+00 +4.2827e+00 -4.4165e+00 -2.3742e+00 -3.1157e+00 -3.5289e+00 +4.9102e-01 -4.2020e+00 -7.5209e-01 -4.2010e+00
6 +4.510264429e+02 +4.510264429e+02 +4.296364429e+02 +4.296364429e+02 -7.0263e-01 +3.8689e+00 +4.9656e+00 -2.6190e+00 +2.5371e+00 +2.8731e+00 -1.7626e+00 -2.1629e+00 -2.3901e-01 +4.6065e-01
17 +3.827591867e+02 +3.827591867e+02 +3.613691867e+02 +3.613691867e+02 -1.5636e+00 +1.0479e-01 +2.5227e+00 -3.6110e+00 -1.9221e+00 +3.1031e+00 -2.2217e+00 +1.3744e+00 -1.6286e+00 -2.5776e+00
120 +2.343278511e+02 +2.343278511e+02 +2.129378511e+02 +2.129378511e+02 +3.6328e+00 +3.5628e+00 +2.7510e+00 -5.0000e+00 -2.0217e+00 +4.1463e+00 -5.0000e+00 +4.0209e+00 +1.1669e+00 -9.8312e-02
335 +1.490509830e+02 +1.490509830e+02 +1.276609830e+02 +1.276609830e+02 -5.1412e-01 +1.0034e+00 +0.0000e+00 -5.0000e+00 +5.3502e-01 -4.1482e-01 -4.4284e+00 +1.5306e+00 +3.2001e+00 -1.3796e-01
1497 +9.660093271e+01 +9.660093271e+01 +7.521093271e+01 +7.521093271e+01 +2.1795e+00 +2.5459e+00 +6.3930e-01 -4.3573e+00 -1.6613e+00 +1.6881e+00 -4.2680e+00 +9.8626e-01 +2.3244e+00 +1.0853e+00
21583 +5.634728831e+01 +5.634728831e+01 +3.495728831e+01 +3.495728831e+01 +3.2741e+00 +3.7500e+00 +3.0780e-01 -8.1828e-01 -2.7786e+00 +1.7315e+00 -2.8521e+00 +1.0540e+00 +2.7771e+00 -4.7833e-01
% function evaluation | noise-free fitness - Fopt (5.176600000000e+02) | best noise-free fitness - Fopt | measured fitness | best measured fitness | x1 | x2...
1 +8.373679462e+02 +8.373679462e+02 +1.355027946e+03 +1.355027946e+03 -5.1795e-01 -1.5929e+00 -2.4103e+00 -4.3437e+00 +3.8370e+00 +4.1599e+00 -3.2994e+00 -4.0230e+00 +2.7413e+00 +4.1510e+00
3 +2.647489624e+02 +2.647489624e+02 +7.824089624e+02 +7.824089624e+02 -1.9395e+00 +3.2397e+00 +4.7892e+00 +1.9974e+00 -2.7653e+00 -1.4980e+00 -1.6551e+00 -1.1944e+00 +4.4328e-01 +1.9644e+00
60 +1.992182174e+02 +1.992182174e+02 +7.168782174e+02 +7.168782174e+02 +1.0117e+00 +5.0000e+00 +2.3015e+00 +1.0476e+00 -1.7151e+00 +8.8941e-01 -4.5203e+00 -7.2275e-01 -1.0646e+00 +2.8777e+00
223 +1.509866148e+02 +1.509866148e+02 +6.686466148e+02 +6.686466148e+02 +0.0000e+00 +5.0000e+00 +1.0400e+00 +2.1775e+00 +1.6646e+00 +1.8911e+00 -4.8527e+00 -5.1941e-01 -2.3924e-01 +1.1885e+00
530 +9.543407831e+01 +9.543407831e+01 +6.130940783e+02 +6.130940783e+02 -1.0192e+00 +4.1155e+00 -2.5471e+00 +3.8340e+00 -4.6196e-01 +3.4189e-01 -5.0000e+00 +3.8948e-01 +9.0177e-01 +1.4968e+00
3270 +5.071098266e+01 +5.071098266e+01 +5.683709827e+02 +5.683709827e+02 -5.0000e+00 +4.9426e+00 -7.9937e-01 +4.3157e+00 +1.3577e+00 -4.5363e-02 -4.3632e+00 +2.5752e-02 +5.5178e-01 +8.4831e-01
22097 +3.697352111e+01 +3.697352111e+01 +5.546335211e+02 +5.546335211e+02 -3.8567e+00 +5.0000e+00 +1.4983e+00 +5.0000e+00 +7.4744e-01 -1.3153e+00 -4.3664e+00 -1.3833e-01 +1.3304e+00 +7.4953e-01
