% function evaluation | noise-free fitness - Fopt (-9.210000000000e+00) | best noise-free fitness - Fopt | measured fitness | best measured fitness | x1 | x2...
1 +8.762456102e+01 +8.762456102e+01 +7.841456102e+01 +7.841456102e+01 +1.6851e+00 +3.7562e+00 +4.3087e+00 +1.0670e+00 +7.7950e-01
2 +4.349286614e+01 +4.349286614e+01 +3.428286614e+01 +3.428286614e+01 +4.2768e+00 +4.7824e+00 -2.9930e+00 +3.1659e+00 -4.3207e+00
49 +1.986266643e+01 +1.986266643e+01 +1.065266643e+01 +1.065266643e+01 +1.9075e+00 +3.0194e+00 +3.5771e+00 +3.6738e+00 -4.8709e+00
64 +1.171462889e+01 +1.171462889e+01 +2.504628893e+00 +2.504628893e+00 -1.1021e+00 +4.7058e+00 +4.1773e+00 +5.0000e+00 -4.7512e+00
105 +3.464018797e+00 +3.464018797e+00 -5.745981203e+00 -5.745981203e+00 +2.8768e+00 +5.0000e+00 +5.0000e+00 +5.0000e+00 -4.8659e+00
135 +1.229767762e+00 +1.229767762e+00 -7.980232238e+00 -7.980232238e+00 +4.6671e+00 +5.0000e+00 +4.7164e+00 +5.0000e+00 -5.0000e+00
154 +1.241471052e-01 +1.241471052e-01 -9.085852895e+00 -9.085852895e+00 +4.9970e+00 +5.0000e+00 +4.9617e+00 +5.0000e+00 -5.0000e+00
190 +8.766270487e-02 +8.766270487e-02 -9.122337295e+00 -9.122337295e+00 +5.0000e+00 +4.9507e+00 +5.0000e+00 +5.0000e+00 -5.0000e+00
206 -7.105427358e-15 -7.105427358e-15 -9.210000000e+00 -9.210000000e+00 +5.0000e+00 +5.0000e+00 +5.0000e+00 +5.0000e+00 -5.0000e+00
% function evaluation | noise-free fitness - Fopt (6.559900000000e+02) | best noise-free fitness - Fopt | measured fitness | best measured fitness | x1 | x2...
1 +9.506083308e+01 +9.506083308e+01 +7.510508331e+02 +7.510508331e+02 -1.3151e+00 +1.4372e+00 +3.4727e-01 +1.2487e-01 -1.7026e+00
4 +6.179005161e+01 +6.179005161e+01 +7.177800516e+02 +7.177800516e+02 -1.3192e+00 +4.0755e+00 -2.0916e+00 +1.0017e+00 -4.2349e+00
7 +3.967905596e+01 +3.967905596e+01 +6.956690560e+02 +6.956690560e+02 +2.2898e+00 +4.1977e+00 -3.0403e+00 +4.6320e+00 -3.7654e+00
87 +2.388913902e+01 +2.388913902e+01 +6.798791390e+02 +6.798791390e+02 +3.2885e+00 +3.4778e+00 -2.7542e+00 +5.0000e+00 -5.0000e+00
102 +1.455246134e+01 +1.455246134e+01 +6.705424613e+02 +6.705424613e+02 +3.6719e+00 -3.0187e+00 -1.9323e+00 +5.0000e+00 -5.0000e+00
103 +1.370585176e+00 +1.370585176e+00 +6.573605852e+02 +6.573605852e+02 +3.6518e+00 -4.9874e+00 -5.0000e+00 +5.0000e+00 -5.0000e+00
153 +4.004830676e-02 +4.004830676e-02 +6.560300483e+02 +6.560300483e+02 +5.0000e+00 -4.9775e+00 -5.0000e+00 +5.0000e+00 -5.0000e+00
169 +0.000000000e+00 +0.000000000e+00 +6.559900000e+02 +6.559900000e+02 +5.0000e+00 -5.0000e+00 -5.0000e+00 +5.0000e+00 -5.0000e+00
% function evaluation | noise-free fitness - Fopt (6.671000000000e+01) | best noise-free fitness - Fopt | measured fitness | best measured fitness | x1 | x2...
1 +9.971475453e+01 +9.971475453e+01 +1.664247545e+02 +1.664247545e+02 +5.3413e-01 +4.9545e+00 +2.2819e+00 +1.7191e+00 -1.4998e+00
17 +3.207176185e+01 +3.207176185e+01 +9.878176185e+01 +9.878176185e+01 -2.1534e+00 -1.3059e+00 +2.8206e-03 +4.4392e+00 -4.6318e+00
60 +1.281197133e+01 +1.281197133e+01 +7.952197133e+01 +7.952197133e+01 -3.9002e+00 -3.0490e+00 -4.8099e+00 +4.7058e+00 -4.4013e+00
105 +5.665872189e+00 +5.665872189e+00 +7.237587219e+01 +7.237587219e+01 -3.9570e+00 -3.2126e+00 -5.0000e+00 +4.7431e+00 -5.0000e+00
110 +3.533040872e+00 +3.533040872e+00 +7.024304087e+01 +7.024304087e+01 -5.0000e+00 -3.0132e+00 -5.0000e+00 +5.0000e+00 -5.0000e+00
139 +2.370091520e+00 +2.370091520e+00 +6.908009152e+01 +6.908009152e+01 -2.8497e+00 -5.0000e+00 -5.0000e+00 +4.9609e+00 -5.0000e+00
151 +7.617275020e-01 +7.617275020e-01 +6.747172750e+01 +6.747172750e+01 -5.0000e+00 -5.0000e+00 -5.0000e+00 +4.8645e+00 -5.0000e+00
165 +3.182180318e-01 +3.182180318e-01 +6.702821803e+01 +6.702821803e+01 -5.0000e+00 -5.0000e+00 -5.0000e+00 +4.9434e+00 -5.0000e+00
170 +1.421085472e-14 +1.421085472e-14 +6.671000000e+01 +6.671000000e+01 -5.0000e+00 -5.0000e+00 -5.0000e+00 +5.0000e+00 -5.0000e+00
% function evaluation | noise-free fitness - Fopt (9.416700000000e+02) | best noise-free fitness - Fopt | measured fitness | best measured fitness | x1 | x2...
1 +9.056543373e+01 +9.056543373e+01 +1.032235434e+03 +1.032235434e+03 +1.8363e+00 +8.7874e-01 -3.3433e+00 +4.5432e+00 -5.6776e-01
11 +5.164293590e+01 +5.164293590e+01 +9.933129359e+02 +9.933129359e+02 +2.7866e+00 -8.7904e-01 +2.9505e+00 +2.2792e+00 -3.5253e+00
24 +2.951550348e+01 +2.951550348e+01 +9.711855035e+02 +9.711855035e+02 +3.7287e+00 -3.6087e+00 +4.2370e+00 +4.0716e+00 -3.9321e+00
61 +2.272251751e+01 +2.272251751e+01 +9.643925175e+02 +9.643925175e+02 +4.7396e+00 -5.0000e+00 +5.0000e+00 +5.0000e+00 -3.7017e+00
84 +1.253477335e+01 +1.253477335e+01 +9.542047733e+02 +9.542047733e+02 -4.8353e+00 -4.2196e+00 +1.6824e+00 +4.9127e+00 -5.0000e+00
101 +9.391730280e+00 +9.391730280e+00 +9.510617303e+02 +9.510617303e+02 +1.4845e+00 -5.0000e+00 +4.1239e+00 +4.9757e+00 -5.0000e+00
105 +2.321108180e+00 +2.321108180e+00 +9.439911082e+02 +9.439911082e+02 -4.0200e+00 -4.2458e+00 +5.0000e+00 +5.0000e+00 -5.0000e+00
134 +7.671813900e-01 +7.671813900e-01 +9.424371814e+02 +9.424371814e+02 -5.0000e+00 -5.0000e+00 +5.0000e+00 +4.8636e+00 -5.0000e+00
162 +2.436344450e-01 +2.436344450e-01 +9.419136344e+02 +9.419136344e+02 -4.7564e+00 -5.0000e+00 +5.0000e+00 +5.0000e+00 -5.0000e+00
175 -1.136868377e-13 -1.136868377e-13 +9.416700000e+02 +9.416700000e+02 -5.0000e+00 -5.0000e+00 +5.0000e+00 +5.0000e+00 -5.0000e+00
% function evaluation | noise-free fitness - Fopt (-3.745000000000e+01) | best noise-free fitness - Fopt | measured fitness | best measured fitness | x1 | x2...
1 +5.643457629e+01 +5.643457629e+01 +1.898457629e+01 +1.898457629e+01 -3.4631e+00 +2.9029e+00 +1.5942e+00 +7.5909e-01 -4.8914e+00
35 +2.412857871e+01 +2.412857871e+01 -1.332142129e+01 -1.332142129e+01 +3.3570e+00 +1.6118e+00 +4.2809e+00 -4.6570e+00 -3.7743e+00
103 +5.514488642e+00 +5.514488642e+00 -3.193551136e+01 -3.193551136e+01 +4.9874e+00 +4.8762e+00 +3.5967e+00 -4.8499e+00 -5.0000e+00
127 +1.432701926e+00 +1.432701926e+00 -3.601729807e+01 -3.601729807e+01 +3.5673e+00 +5.0000e+00 +5.0000e+00 -5.0000e+00 -5.0000e+00
152 +0.000000000e+00 +0.000000000e+00 -3.745000000e+01 -3.745000000e+01 +5.0000e+00 +5.0000e+00 +5.0000e+00 -5.0000e+00 -5.0000e+00
% function evaluation | noise-free fitness - Fopt (2.906200000000e+02) | best noise-free fitness - Fopt | measured fitness | best measured fitness | x1 | x2...
1 +1.133547308e+02 +1.133547308e+02 +4.039747308e+02 +4.039747308e+02 -4.7160e+00 +2.8160e+00 +4.3688e+00 +4.5212e+00 -3.3414e+00
5 +8.434009824e+01 +8.434009824e+01 +3.749600982e+02 +3.749600982e+02 +2.1259e+00 +5.6652e-01 +2.1069e+00 -2.2725e+00 -1.4230e+00
23 +6.171737037e+01 +6.171737037e+01 +3.523373704e+02 +3.523373704e+02 -3.1328e+00 -4.7670e+00 +1.9504e+00 -3.4816e+00 -4.4301e+00
102 +2.863494968e+01 +2.863494968e+01 +3.192549497e+02 +3.192549497e+02 -9.5763e-01 -2.5483e+00 -2.0735e+00 -5.0000e+00 -5.0000e+00
187 +2.274054724e+01 +2.274054724e+01 +3.133605472e+02 +3.133605472e+02 +5.0000e+00 -5.0000e+00 -3.4322e+00 -5.0000e+00 -5.0000e+00
277 +1.403380991e+01 +1.403380991e+01 +3.046538099e+02 +3.046538099e+02 +5.0000e+00 -2.8918e+00 -5.0000e+00 -5.0000e+00 -5.0000e+00
353 +9.500294530e+00 +9.500294530e+00 +3.001202945e+02 +3.001202945e+02 +5.0000e+00 -3.4241e-01 -5.0000e+00 -5.0000e+00 -5.0000e+00
401 +5.584963356e+00 +5.584963356e+00 +2.962049634e+02 +2.962049634e+02 +5.0000e+00 +1.8593e+00 -5.0000e+00 -5.0000e+00 -5.0000e+00
406 +3.742876077e+00 +3.742876077e+00 +2.943628761e+02 +2.943628761e+02 +5.0000e+00 +2.8952e+00 -5.0000e+00 -5.0000e+00 -5.0000e+00
408 +1.266000867e+00 +1.266000867e+00 +2.918860009e+02 +2.918860009e+02 +5.0000e+00 +4.2881e+00 -5.0000e+00 -5.0000e+00 -5.0000e+00
451 +0.000000000e+00 +0.000000000e+00 +2.906200000e+02 +2.906200000e+02 +5.0000e+00 +5.0000e+00 -5.0000e+00 -5.0000e+00 -5.0000e+00
% function evaluation | noise-free fitness - Fopt (-1.015300000000e+02) | best noise-free fitness - Fopt | measured fitness | best measured fitness | x1 | x2...
1 +9.999641301e+01 +9.999641301e+01 -1.533586985e+00 -1.533586985e+00 +9.9699e-01 -2.6438e+00 +1.0163e+00 -3.1740e+00 -1.8754e+00
6 +5.688933346e+01 +5.688933346e+01 -4.464066654e+01 -4.464066654e+01 -2.5181e+00 +3.4719e+00 -2.7674e+00 +4.9167e+00 -3.5689e+00
67 +1.263738608e+01 +1.263738608e+01 -8.889261392e+01 -8.889261392e+01 -4.3320e+00 -2.4113e-01 +3.8910e+00 +5.0000e+00 -5.0000e+00
112 +2.097065989e+00 +2.097065989e+00 -9.943293401e+01 -9.943293401e+01 -4.2496e+00 -5.0000e+00 +4.5742e+00 +5.0000e+00 -5.0000e+00
150 +1.466661203e+00 +1.466661203e+00 -1.000633388e+02 -1.000633388e+02 -5.0000e+00 -4.1752e+00 +5.0000e+00 +5.0000e+00 -5.0000e+00
164 +1.786214174e-01 +1.786214174e-01 -1.013513786e+02 -1.013513786e+02 -5.0000e+00 -4.8996e+00 +5.0000e+00 +5.0000e+00 -5.0000e+00
167 +0.000000000e+00 +0.000000000e+00 -1.015300000e+02 -1.015300000e+02 -5.0000e+00 -5.0000e+00 +5.0000e+00 +5.0000e+00 -5.0000e+00
% function evaluation | noise-free fitness - Fopt (3.019700000000e+02) | best noise-free fitness - Fopt | measured fitness | best measured fitness | x1 | x2...
1 +6.290947107e+01 +6.290947107e+01 +3.648794711e+02 +3.648794711e+02 +3.7688e+00 -3.5411e+00 +2.8469e+00 -8.2027e-03 -4.5927e+00
33 +3.277313240e+01 +3.277313240e+01 +3.347431324e+02 +3.347431324e+02 -2.0512e+00 +2.6118e+00 +1.5966e+00 -2.8977e+00 -4.7007e+00
51 +2.489714635e+01 +2.489714635e+01 +3.268671464e+02 +3.268671464e+02 -1.2312e+00 +1.4589e+00 +1.1130e+00 -4.5484e+00 -5.0000e+00
105 +7.788453593e+00 +7.788453593e+00 +3.097584536e+02 +3.097584536e+02 -4.8655e+00 +5.0000e+00 +4.5208e+00 -5.0000e+00 -4.3861e+00
118 +0.000000000e+00 +0.000000000e+00 +3.019700000e+02 +3.019700000e+02 -5.0000e+00 +5.0000e+00 +5.0000e+00 -5.0000e+00 -5.0000e+00
% function evaluation | noise-free fitness - Fopt (-6.561000000000e+01) | best noise-free fitness - Fopt | measured fitness | best measured fitness | x1 | x2...
1 +5.624826996e+01 +5.624826996e+01 -9.361730039e+00 -9.361730039e+00 +5.2823e-01 -4.4148e+00 +3.2616e+00 -7.2750e-02 +3.4344e+00
5 +2.524372966e+01 +2.524372966e+01 -4.036627034e+01 -4.036627034e+01 -4.4888e+00 +3.3079e+00 +4.8864e+00 +3.3229e+00 +4.9832e+00
51 +2.171507684e+01 +2.171507684e+01 -4.389492316e+01 -4.389492316e+01 -3.5431e+00 +5.8515e-01 +1.8639e+00 +4.9272e+00 +5.0000e+00
100 +1.366856775e+01 +1.366856775e+01 -5.194143225e+01 -5.194143225e+01 -3.5005e+00 -2.0256e+00 +4.1560e+00 +4.2512e+00 +5.0000e+00
102 +7.775428600e+00 +7.775428600e+00 -5.783457140e+01 -5.783457140e+01 -5.0000e+00 -1.8502e+00 +4.3124e+00 +5.0000e+00 +5.0000e+00
119 +8.037703173e-01 +8.037703173e-01 -6.480622968e+01 -6.480622968e+01 -5.0000e+00 -4.5480e+00 +5.0000e+00 +5.0000e+00 +5.0000e+00
152 +0.000000000e+00 +0.000000000e+00 -6.561000000e+01 -6.561000000e+01 -5.0000e+00 -5.0000e+00 +5.0000e+00 +5.0000e+00 +5.0000e+00
% function evaluation | noise-free fitness - Fopt (-3.569000000000e+01) | best noise-free fitness - Fopt | measured fitness | best measured fitness | x1 | x2...
1 +1.561065705e+02 +1.561065705e+02 +1.204165705e+02 +1.204165705e+02 +4.9922e+00 -3.9929e+00 +2.8616e+00 +4.8154e+00 -1.0051e+00
4 +8.542846351e+01 +8.542846351e+01 +4.973846351e+01 +4.973846351e+01 +1.8136e+00 +2.2747e+00 +3.0971e+00 +9.1161e-01 +3.1453e+00
7 +5.386366867e+01 +5.386366867e+01 +1.817366867e+01 +1.817366867e+01 -1.0126e+00 +3.3790e-01 -4.2564e+00 -4.3276e+00 +1.6572e+00
55 +3.710638950e+01 +3.710638950e+01 +1.416389503e+00 +1.416389503e+00 -5.0000e+00 +7.6882e-01 -3.5192e+00 -3.9749e+00 +4.0865e+00
79 +1.595144384e+01 +1.595144384e+01 -1.973855616e+01 -1.973855616e+01 +8.7539e-01 +5.0000e+00 -2.9400e+00 -5.0000e+00 +4.4687e+00
103 +8.280665256e+00 +8.280665256e+00 -2.740933474e+01 -2.740933474e+01 +3.2619e+00 +5.0000e+00 -3.3750e+00 -5.0000e+00 +4.8596e+00
108 +5.876237536e+00 +5.876237536e+00 -2.981376246e+01 -2.981376246e+01 -8.7624e-01 +5.0000e+00 -5.0000e+00 -5.0000e+00 +5.0000e+00
114 +2.752617997e+00 +2.752617997e+00 -3.293738200e+01 -3.293738200e+01 +5.0000e+00 +3.5002e+00 -4.9729e+00 -5.0000e+00 +5.0000e+00
154 +4.006559700e-01 +4.006559700e-01 -3.528934403e+01 -3.528934403e+01 +4.7085e+00 +5.0000e+00 -4.9655e+00 -5.0000e+00 +5.0000e+00
156 +1.560863472e-01 +1.560863472e-01 -3.553391365e+01 -3.553391365e+01 +4.9126e+00 +5.0000e+00 -4.9783e+00 -5.0000e+00 +5.0000e+00
164 +0.000000000e+00 +0.000000000e+00 -3.569000000e+01 -3.569000000e+01 +5.0000e+00 +5.0000e+00 -5.0000e+00 -5.0000e+00 +5.0000e+00
% function evaluation | noise-free fitness - Fopt (3.174000000000e+01) | best noise-free fitness - Fopt | measured fitness | best measured fitness | x1 | x2...
1 +1.553872849e+02 +1.553872849e+02 +1.871272849e+02 +1.871272849e+02 +4.8783e-01 -4.6747e+00 -4.8554e+00 +4.6180e+00 +4.5753e+00
6 +7.593935077e+01 +7.593935077e+01 +1.076793508e+02 +1.076793508e+02 -2.7258e+00 -1.0942e+00 -2.0057e+00 +1.5426e+00 -3.4992e+00
7 +5.957456082e+01 +5.957456082e+01 +9.131456082e+01 +9.131456082e+01 +1.0922e+00 -2.2540e+00 -2.6721e+00 -2.1631e+00 -2.2531e+00
13 +3.038756628e+01 +3.038756628e+01 +6.212756628e+01 +6.212756628e+01 -5.8397e-01 +4.4287e+00 -4.2145e+00 -4.2300e+00 -4.8777e+00
103 +2.502910541e+01 +2.502910541e+01 +5.676910541e+01 +5.676910541e+01 +2.2976e+00 +4.3093e+00 -4.5386e+00 -4.2502e+00 -4.9904e+00
162 +1.404036375e+01 +1.404036375e+01 +4.578036375e+01 +4.578036375e+01 +3.8937e+00 +2.2734e+00 -5.0000e+00 -5.0000e+00 -5.0000e+00
251 +7.759102592e+00 +7.759102592e+00 +3.949910259e+01 +3.949910259e+01 +5.0000e+00 -9.0876e-01 -4.8470e+00 -5.0000e+00 -5.0000e+00
252 +5.760275123e+00 +5.760275123e+00 +3.750027512e+01 +3.750027512e+01 +5.0000e+00 -1.7608e+00 -5.0000e+00 -5.0000e+00 -5.0000e+00
301 +3.676136878e-03 +3.676136878e-03 +3.174367614e+01 +3.174367614e+01 +4.9963e+00 -5.0000e+00 -5.0000e+00 -5.0000e+00 -5.0000e+00
311 +1.065814104e-14 +1.065814104e-14 +3.174000000e+01 +3.174000000e+01 +5.0000e+00 -5.0000e+00 -5.0000e+00 -5.0000e+00 -5.0000e+00
% function evaluation | noise-free fitness - Fopt (8.344900000000e+02) | best noise-free fitness - Fopt | measured fitness | best measured fitness | x1 | x2...
1 +6.019769715e+01 +6.019769715e+01 +8.946876971e+02 +8.946876971e+02 +3.3256e-02 +3.4767e+00 -2.5174e+00 +4.2801e+00 +2.1808e+00
6 +3.634905214e+01 +3.634905214e+01 +8.708390521e+02 +8.708390521e+02 -2.4686e+00 -3.9285e+00 -4.6737e+00 +2.3957e-01 +4.5890e+00
76 +2.345830783e+01 +2.345830783e+01 +8.579483078e+02 +8.579483078e+02 -3.4353e-01 -9.5527e-01 -1.3289e+00 +5.0000e+00 +5.0000e+00
104 +1.201850411e+01 +1.201850411e+01 +8.465085041e+02 +8.465085041e+02 +5.7946e-02 -2.1145e+00 -4.4215e+00 +5.0000e+00 +5.0000e+00
109 +7.029348951e+00 +7.029348951e+00 +8.415193490e+02 +8.415193490e+02 -4.9371e+00 -1.0825e+00 -5.0000e+00 +5.0000e+00 +5.0000e+00
127 +5.795914313e+00 +5.795914313e+00 +8.402859143e+02 +8.402859143e+02 -4.5184e+00 -4.3562e+00 -5.0000e+00 +4.2585e+00 +5.0000e+00
154 +3.949974886e+00 +3.949974886e+00 +8.384399749e+02 +8.384399749e+02 -4.9421e+00 -5.0000e+00 -5.0000e+00 +4.3079e+00 +5.0000e+00
177 +8.629711914e-01 +8.629711914e-01 +8.353529712e+02 +8.353529712e+02 -4.1370e+00 -5.0000e+00 -5.0000e+00 +5.0000e+00 +5.0000e+00
191 +1.532629273e-01 +1.532629273e-01 +8.346432629e+02 +8.346432629e+02 -5.0000e+00 -5.0000e+00 -5.0000e+00 +4.9727e+00 +5.0000e+00
208 +0.000000000e+00 +0.000000000e+00 +8.344900000e+02 +8.344900000e+02 -5.0000e+00 -5.0000e+00 -5.0000e+00 +5.0000e+00 +5.0000e+00
% function evaluation | noise-free fitness - Fopt (4.159000000000e+01) | best noise-free fitness - Fopt | measured fitness | best measured fitness | x1 | x2...
1 +1.226108274e+02 +1.226108274e+02 +1.642008274e+02 +1.642008274e+02 -4.0765e+00 +3.8910e+00 +1.9316e+00 -1.7890e+00 +1.3682e+00
4 +7.499214016e+01 +7.499214016e+01 +1.165821402e+02 +1.165821402e+02 -1.9710e+00 +1.3548e+00 +4.2953e+00 -4.4237e+00 -4.3683e+00
7 +5.286933958e+01 +5.286933958e+01 +9.445933958e+01 +9.445933958e+01 +4.4170e+00 +3.0023e+00 -2.0337e+00 +2.9238e-01 -4.9982e+00
56 +3.185413908e+01 +3.185413908e+01 +7.344413908e+01 +7.344413908e+01 +5.0000e+00 -2.6702e+00 -7.5987e-01 +5.0000e+00 -5.0000e+00
59 +2.375975708e+01 +2.375975708e+01 +6.534975708e+01 +6.534975708e+01 +2.1716e+00 -4.7140e+00 +3.8435e+00 +5.0000e+00 -5.0000e+00
77 +1.455076039e+01 +1.455076039e+01 +5.614076039e+01 +5.614076039e+01 +5.0000e+00 -1.4861e+00 +4.0460e+00 +5.0000e+00 -5.0000e+00
127 +7.180240262e+00 +7.180240262e+00 +4.877024026e+01 +4.877024026e+01 +5.0000e+00 +9.6225e-01 +5.0000e+00 +5.0000e+00 -5.0000e+00
153 +1.522746998e+00 +1.522746998e+00 +4.311274700e+01 +4.311274700e+01 +5.0000e+00 +4.1437e+00 +5.0000e+00 +5.0000e+00 -5.0000e+00
202 +6.538635034e-01 +6.538635034e-01 +4.224386350e+01 +4.224386350e+01 +5.0000e+00 +4.6323e+00 +5.0000e+00 +5.0000e+00 -5.0000e+00
203 +0.000000000e+00 +0.000000000e+00 +4.159000000e+01 +4.159000000e+01 +5.0000e+00 +5.0000e+00 +5.0000e+00 +5.0000e+00 -5.0000e+00
% function evaluation | noise-free fitness - Fopt (1.004200000000e+02) | best noise-free fitness - Fopt | measured fitness | best measured fitness | x1 | x2...
1 +1.177077332e+02 +1.177077332e+02 +2.181277332e+02 +2.181277332e+02 -1.7336e+00 +1.1905e+00 -2.9090e+00 +3.6407e+00 +1.7311e+00
2 +8.067492755e+01 +8.067492755e+01 +1.810949276e+02 +1.810949276e+02 -2.3651e+00 -2.4323e+00 +1.1278e-01 +2.7816e+00 -9.1858e-01
8 +6.157729254e+01 +6.157729254e+01 +1.619972925e+02 +1.619972925e+02 +1.2173e+00 +3.6027e+00 +1.2017e+00 +2.1221e+00 -3.5698e+00
23 +3.591394576e+01 +3.591394576e+01 +1.363339458e+02 +1.363339458e+02 +4.6311e+00 -3.5469e+00 +4.2576e+00 +3.2181e+00 -2.9407e+00
60 +1.728915157e+01 +1.728915157e+01 +1.177091516e+02 +1.177091516e+02 +1.5986e+00 -4.8637e+00 +6.8493e-01 +5.0000e+00 -5.0000e+00
93 +1.313334023e+01 +1.313334023e+01 +1.135533402e+02 +1.135533402e+02 +5.0000e+00 -5.0000e+00 +4.1868e+00 +5.0000e+00 -3.9438e+00
101 +3.572651807e+00 +3.572651807e+00 +1.039926518e+02 +1.039926518e+02 +5.0000e+00 -5.0000e+00 +5.0000e+00 +4.3647e+00 -5.0000e+00
108 +1.051918420e+00 +1.051918420e+00 +1.014719184e+02 +1.014719184e+02 +5.0000e+00 -5.0000e+00 +4.9522e+00 +4.8398e+00 -5.0000e+00
127 -1.421085472e-14 -1.421085472e-14 +1.004200000e+02 +1.004200000e+02 +5.0000e+00 -5.0000e+00 +5.0000e+00 +5.0000e+00 -5.0000e+00
% function evaluation | noise-free fitness - Fopt (-7.530000000000e+00) | best noise-free fitness - Fopt | measured fitness | best measured fitness | x1 | x2...
1 +8.778577572e+01 +8.778577572e+01 +8.025577572e+01 +8.025577572e+01 -3.0429e+00 -3.3240e+00 +5.5787e-01 +3.7952e+00 +3.6743e+00
4 +5.638468473e+01 +5.638468473e+01 +4.885468473e+01 +4.885468473e+01 +8.4369e-01 +4.0666e+00 +3.7236e+00 -3.5360e+00 +2.6164e+00
51 +2.851426209e+01 +2.851426209e+01 +2.098426209e+01 +2.098426209e+01 +1.8383e+00 -3.4621e+00 +5.0000e+00 -1.2048e+00 +4.8724e+00
56 +2.318826296e+01 +2.318826296e+01 +1.565826296e+01 +1.565826296e+01 +5.0000e+00 +3.6967e+00 +2.5577e+00 -5.0000e+00 +5.0000e+00
113 +7.348564915e+00 +7.348564915e+00 -1.814350851e-01 -1.814350851e-01 +5.0000e+00 -2.0906e+00 +5.0000e+00 -5.0000e+00 +4.7825e+00
138 +5.824608527e+00 +5.824608527e+00 -1.705391473e+00 -1.705391473e+00 +5.0000e+00 -4.8607e+00 +3.2364e+00 -5.0000e+00 +5.0000e+00
142 +2.201311570e+00 +2.201311570e+00 -5.328688430e+00 -5.328688430e+00 +5.0000e+00 -3.7621e+00 +5.0000e+00 -5.0000e+00 +5.0000e+00
200 +8.042094895e-01 +8.042094895e-01 -6.725790510e+00 -6.725790510e+00 +5.0000e+00 -4.5478e+00 +5.0000e+00 -5.0000e+00 +5.0000e+00
203 +4.373003248e-01 +4.373003248e-01 -7.092699675e+00 -7.092699675e+00 +5.0000e+00 -4.7541e+00 +5.0000e+00 -5.0000e+00 +5.0000e+00
204 -8.881784197e-16 -8.881784197e-16 -7.530000000e+00 -7.530000000e+00 +5.0000e+00 -5.0000e+00 +5.0000e+00 -5.0000e+00 +5.0000e+00
