% function evaluation | noise-free fitness - Fopt (1.238300000000e+02) | best noise-free fitness - Fopt | measured fitness | best measured fitness | x1 | x2...
1 +2.955232652e+04 +2.955232652e+04 +2.967615652e+04 +2.967615652e+04 -1.2805e+00 -2.6752e-01 -4.8627e+00
2 +2.496830220e+04 +2.496830220e+04 +2.509213220e+04 +2.509213220e+04 +9.2319e-01 -4.3444e+00 -1.4981e+00
3 +5.716192926e+02 +5.716192926e+02 +6.954492926e+02 +6.954492926e+02 +1.1408e+00 +2.1356e+00 -2.3311e-01
14 +7.623373288e+01 +7.623373288e+01 +2.000637329e+02 +2.000637329e+02 +9.5922e-01 +1.5211e+00 -7.1427e-02
20 +3.957001529e+01 +3.957001529e+01 +1.634000153e+02 +1.634000153e+02 -5.0601e-01 +2.8186e-01 +1.3594e-03
113 +1.509682555e+01 +1.509682555e+01 +1.389268256e+02 +1.389268256e+02 -2.8255e-01 +4.0063e-01 +1.3219e-01
145 +4.279804582e+00 +4.279804582e+00 +1.281098046e+02 +1.281098046e+02 +4.0835e-01 +6.1591e-01 +9.6294e-02
167 +2.628245578e+00 +2.628245578e+00 +1.264582456e+02 +1.264582456e+02 -1.7752e-01 +8.3327e-02 +4.8629e-02
187 +6.705261372e-01 +6.705261372e-01 +1.245005261e+02 +1.245005261e+02 -4.0085e-01 -1.2480e-01 +6.2005e-02
649 +6.217906608e-01 +6.217906608e-01 +1.244517907e+02 +1.244517907e+02 -4.1425e-01 -9.8695e-02 +6.6167e-02
925 +3.927856857e-01 +3.927856857e-01 +1.242227857e+02 +1.242227857e+02 -2.9616e-01 +6.0479e-02 +1.1748e-01
1421 +2.427593770e-01 +2.427593770e-01 +1.240727594e+02 +1.240727594e+02 -1.8902e-01 +2.0307e-01 +1.4466e-01
1680 +1.583923029e-01 +1.583923029e-01 +1.239883923e+02 +1.239883923e+02 -6.2365e-02 +3.4574e-01 +1.5858e-01
1853 +8.702236188e-02 +8.702236188e-02 +1.239170224e+02 +1.239170224e+02 +8.2580e-03 +4.2199e-01 +1.7800e-01
1919 +5.643720302e-02 +5.643720302e-02 +1.238864372e+02 +1.238864372e+02 +1.0576e-01 +5.0629e-01 +1.6711e-01
2192 +3.503717716e-02 +3.503717716e-02 +1.238650372e+02 +1.238650372e+02 +1.2975e-01 +5.2612e-01 +1.7287e-01
2410 +2.289751793e-02 +2.289751793e-02 +1.238528975e+02 +1.238528975e+02 +1.7510e-01 +5.6737e-01 +1.7002e-01
2474 +1.584554809e-02 +1.584554809e-02 +1.238458455e+02 +1.238458455e+02 +2.1468e-01 +6.0045e-01 +1.6884e-01
2504 +8.862044260e-03 +8.862044260e-03 +1.238388620e+02 +1.238388620e+02 +2.5684e-01 +6.3690e-01 +1.6509e-01
2544 +6.181900079e-03 +6.181900079e-03 +1.238361819e+02 +1.238361819e+02 +2.8209e-01 +6.5873e-01 +1.6285e-01
2843 +3.875811432e-03 +3.875811432e-03 +1.238338758e+02 +1.238338758e+02 +3.0436e-01 +6.7628e-01 +1.6039e-01
3853 +2.492545381e-03 +2.492545381e-03 +1.238324925e+02 +1.238324925e+02 +3.2272e-01 +6.9048e-01 +1.5857e-01
4329 +1.557455781e-03 +1.557455781e-03 +1.238315575e+02 +1.238315575e+02 +3.3975e-01 +7.0505e-01 +1.5698e-01
4805 +9.970222818e-04 +9.970222818e-04 +1.238309970e+02 +1.238309970e+02 +3.5147e-01 +7.1389e-01 +1.5565e-01
5805 +6.231934377e-04 +6.231934377e-04 +1.238306232e+02 +1.238306232e+02 +3.6155e-01 +7.2212e-01 +1.5413e-01
5911 +3.946439122e-04 +3.946439122e-04 +1.238303946e+02 +1.238303946e+02 +3.6927e-01 +7.2835e-01 +1.5351e-01
6361 +2.462354528e-04 +2.462354528e-04 +1.238302462e+02 +1.238302462e+02 +3.7676e-01 +7.3407e-01 +1.5266e-01
7744 +1.573535379e-04 +1.573535379e-04 +1.238301574e+02 +1.238301574e+02 +3.8072e-01 +7.3732e-01 +1.5208e-01
8814 +9.982668718e-05 +9.982668718e-05 +1.238300998e+02 +1.238300998e+02 +3.8472e-01 +7.4052e-01 +1.5152e-01
9154 +6.303239937e-05 +6.303239937e-05 +1.238300630e+02 +1.238300630e+02 +3.8790e-01 +7.4310e-01 +1.5120e-01
10118 +3.758229063e-05 +3.758229063e-05 +1.238300376e+02 +1.238300376e+02 +3.9206e-01 +7.4622e-01 +1.5067e-01
10418 +2.467363757e-05 +2.467363757e-05 +1.238300247e+02 +1.238300247e+02 +3.9270e-01 +7.4690e-01 +1.5055e-01
11042 +1.500430426e-05 +1.500430426e-05 +1.238300150e+02 +1.238300150e+02 +3.9446e-01 +7.4829e-01 +1.5034e-01
11825 +9.898741126e-06 +9.898741126e-06 +1.238300099e+02 +1.238300099e+02 +3.9555e-01 +7.4918e-01 +1.5022e-01
13290 +6.306979316e-06 +6.306979316e-06 +1.238300063e+02 +1.238300063e+02 +3.9661e-01 +7.5003e-01 +1.5013e-01
13919 +3.978412991e-06 +3.978412991e-06 +1.238300040e+02 +1.238300040e+02 +3.9741e-01 +7.5066e-01 +1.5002e-01
15535 +2.498532467e-06 +2.498532467e-06 +1.238300025e+02 +1.238300025e+02 +3.9801e-01 +7.5113e-01 +1.4994e-01
16142 +1.560973686e-06 +1.560973686e-06 +1.238300016e+02 +1.238300016e+02 +3.9854e-01 +7.5154e-01 +1.4987e-01
16562 +9.836975181e-07 +9.836975181e-07 +1.238300010e+02 +1.238300010e+02 +3.9899e-01 +7.5192e-01 +1.4982e-01
17662 +6.275808033e-07 +6.275808033e-07 +1.238300006e+02 +1.238300006e+02 +3.9926e-01 +7.5212e-01 +1.4977e-01
18583 +3.875804708e-07 +3.875804708e-07 +1.238300004e+02 +1.238300004e+02 +3.9953e-01 +7.5233e-01 +1.4974e-01
19558 +2.504229286e-07 +2.504229286e-07 +1.238300003e+02 +1.238300003e+02 +3.9973e-01 +7.5249e-01 +1.4972e-01
19877 +1.575461113e-07 +1.575461113e-07 +1.238300002e+02 +1.238300002e+02 +3.9990e-01 +7.5263e-01 +1.4970e-01
20413 +9.975875059e-08 +9.975875059e-08 +1.238300001e+02 +1.238300001e+02 +4.0002e-01 +7.5273e-01 +1.4968e-01
20668 +6.163571697e-08 +6.163571697e-08 +1.238300001e+02 +1.238300001e+02 +4.0014e-01 +7.5282e-01 +1.4967e-01
21457 +3.965995177e-08 +3.965995177e-08 +1.238300000e+02 +1.238300000e+02 +4.0021e-01 +7.5288e-01 +1.4965e-01
22407 +2.489522899e-08 +2.489522899e-08 +1.238300000e+02 +1.238300000e+02 +4.0028e-01 +7.5293e-01 +1.4965e-01
23482 +1.579745401e-08 +1.579745401e-08 +1.238300000e+02 +1.238300000e+02 +4.0032e-01 +7.5296e-01 +1.4964e-01
23952 +9.121293942e-09 +9.121293942e-09 +1.238300000e+02 +1.238300000e+02 +4.0037e-01 +7.5301e-01 +1.4964e-01
% function evaluation | noise-free fitness - Fopt (4.751000000000e+01) | best noise-free fitness - Fopt | measured fitness | best measured fitness | x1 | x2...
1 +5.283483940e+04 +5.283483940e+04 +5.288234940e+04 +5.288234940e+04 -2.9342e+00 -3.4641e+00 -4.2999e+00
3 +5.411705993e+02 +5.411705993e+02 +5.886805993e+02 +5.886805993e+02 -2.7867e-01 +7.0324e-02 +1.1434e+00
28 +2.353077331e+02 +2.353077331e+02 +2.828177331e+02 +2.828177331e+02 -2.1406e-01 +1.0143e+00 -1.2173e+00
35 +5.264941840e+01 +5.264941840e+01 +1.001594184e+02 +1.001594184e+02 -1.6976e-01 +1.7404e-01 -5.1835e-01
71 +2.116728538e+01 +2.116728538e+01 +6.867728538e+01 +6.867728538e+01 -1.1139e-01 +1.0084e+00 +7.0402e-01
146 +1.041123621e+01 +1.041123621e+01 +5.792123621e+01 +5.792123621e+01 -7.7644e-03 -2.8847e-01 +6.5885e-02
147 +9.415610386e+00 +9.415610386e+00 +5.692561039e+01 +5.692561039e+01 +3.0320e-02 +1.3090e+00 +7.8870e-01
234 +2.063885978e+00 +2.063885978e+00 +4.957388598e+01 +4.957388598e+01 +1.6970e-01 +1.3064e-02 +2.1094e-01
386 +1.218613182e+00 +1.218613182e+00 +4.872861318e+01 +4.872861318e+01 +1.4661e-01 -4.0929e-01 -3.7173e-02
410 +3.706443271e-01 +3.706443271e-01 +4.788064433e+01 +4.788064433e+01 +1.7990e-01 -2.0946e-01 +1.4571e-01
1018 +2.069386585e-01 +2.069386585e-01 +4.771693866e+01 +4.771693866e+01 +1.8798e-01 -7.6931e-02 +2.5321e-01
1030 +1.516861209e-01 +1.516861209e-01 +4.766168612e+01 +4.766168612e+01 +1.9062e-01 -1.9852e-02 +3.0504e-01
1080 +7.887985995e-02 +7.887985995e-02 +4.758887986e+01 +4.758887986e+01 +1.8360e-01 +1.4380e-01 +4.2679e-01
1410 +5.670910392e-02 +5.670910392e-02 +4.756670910e+01 +4.756670910e+01 +1.7681e-01 +1.7518e-01 +4.4493e-01
1784 +3.559306851e-02 +3.559306851e-02 +4.754559307e+01 +4.754559307e+01 +1.6648e-01 +2.6613e-01 +4.8960e-01
2785 +2.494842534e-02 +2.494842534e-02 +4.753494843e+01 +4.753494843e+01 +1.6551e-01 +2.9026e-01 +5.0757e-01
3352 +1.578211055e-02 +1.578211055e-02 +4.752578211e+01 +4.752578211e+01 +1.6114e-01 +3.4722e-01 +5.3810e-01
3468 +9.694177871e-03 +9.694177871e-03 +4.751969418e+01 +4.751969418e+01 +1.5653e-01 +3.8701e-01 +5.5987e-01
3534 +4.166387630e-03 +4.166387630e-03 +4.751416639e+01 +4.751416639e+01 +1.5035e-01 +4.4627e-01 +5.8989e-01
3544 +3.198355356e-03 +3.198355356e-03 +4.751319836e+01 +4.751319836e+01 +1.4854e-01 +4.6296e-01 +5.9717e-01
3674 +2.434026248e-03 +2.434026248e-03 +4.751243403e+01 +4.751243403e+01 +1.4619e-01 +4.8476e-01 +6.0711e-01
4072 +3.489486971e-04 +3.489486971e-04 +4.751034895e+01 +4.751034895e+01 +1.4261e-01 +5.2695e-01 +6.2872e-01
6432 +2.463731841e-04 +2.463731841e-04 +4.751024637e+01 +4.751024637e+01 +1.4209e-01 +5.3252e-01 +6.3132e-01
6628 +1.560118597e-04 +1.560118597e-04 +4.751015601e+01 +4.751015601e+01 +1.4146e-01 +5.3855e-01 +6.3408e-01
7140 +9.868498280e-05 +9.868498280e-05 +4.751009868e+01 +4.751009868e+01 +1.4095e-01 +5.4298e-01 +6.3617e-01
7918 +6.267662285e-05 +6.267662285e-05 +4.751006268e+01 +4.751006268e+01 +1.4059e-01 +5.4674e-01 +6.3799e-01
8586 +3.945429876e-05 +3.945429876e-05 +4.751003945e+01 +4.751003945e+01 +1.4028e-01 +5.4974e-01 +6.3933e-01
9288 +2.462920708e-05 +2.462920708e-05 +4.751002463e+01 +4.751002463e+01 +1.4003e-01 +5.5217e-01 +6.4050e-01
10578 +1.570700984e-05 +1.570700984e-05 +4.751001571e+01 +4.751001571e+01 +1.3982e-01 +5.5396e-01 +6.4129e-01
11040 +5.204662777e-06 +5.204662777e-06 +4.751000520e+01 +4.751000520e+01 +1.3949e-01 +5.5709e-01 +6.4275e-01
11351 +3.980497631e-06 +3.980497631e-06 +4.751000398e+01 +4.751000398e+01 +1.3945e-01 +5.5761e-01 +6.4300e-01
12231 +2.470677423e-06 +2.470677423e-06 +4.751000247e+01 +4.751000247e+01 +1.3934e-01 +5.5847e-01 +6.4339e-01
12827 +1.578400763e-06 +1.578400763e-06 +4.751000158e+01 +4.751000158e+01 +1.3930e-01 +5.5897e-01 +6.4361e-01
13939 +9.767268665e-07 +9.767268665e-07 +4.751000098e+01 +4.751000098e+01 +1.3926e-01 +5.5946e-01 +6.4384e-01
14349 +6.257463525e-07 +6.257463525e-07 +4.751000063e+01 +4.751000063e+01 +1.3922e-01 +5.5988e-01 +6.4404e-01
15043 +3.978468470e-07 +3.978468470e-07 +4.751000040e+01 +4.751000040e+01 +1.3919e-01 +5.6015e-01 +6.4416e-01
15619 +2.443018872e-07 +2.443018872e-07 +4.751000024e+01 +4.751000024e+01 +1.3916e-01 +5.6044e-01 +6.4429e-01
16267 +1.467241830e-07 +1.467241830e-07 +4.751000015e+01 +4.751000015e+01 +1.3913e-01 +5.6060e-01 +6.4436e-01
16658 +9.243598953e-08 +9.243598953e-08 +4.751000009e+01 +4.751000009e+01 +1.3912e-01 +5.6074e-01 +6.4443e-01
17172 +6.250056828e-08 +6.250056828e-08 +4.751000006e+01 +4.751000006e+01 +1.3911e-01 +5.6083e-01 +6.4447e-01
17633 +3.974515295e-08 +3.974515295e-08 +4.751000004e+01 +4.751000004e+01 +1.3910e-01 +5.6092e-01 +6.4451e-01
17803 +2.351929140e-08 +2.351929140e-08 +4.751000002e+01 +4.751000002e+01 +1.3910e-01 +5.6101e-01 +6.4455e-01
18939 +1.579547870e-08 +1.579547870e-08 +4.751000002e+01 +4.751000002e+01 +1.3909e-01 +5.6105e-01 +6.4458e-01
19359 +9.566235804e-09 +9.566235804e-09 +4.751000001e+01 +4.751000001e+01 +1.3908e-01 +5.6111e-01 +6.4460e-01
% function evaluation | noise-free fitness - Fopt (5.534000000000e+01) | best noise-free fitness - Fopt | measured fitness | best measured fitness | x1 | x2...
1 +3.858314209e+04 +3.858314209e+04 +3.863848209e+04 +3.863848209e+04 -4.9610e-02 -2.5547e+00 -3.2984e+00
5 +2.215547829e+04 +2.215547829e+04 +2.221081829e+04 +2.221081829e+04 +3.6027e+00 +3.4385e+00 +2.1633e+00
6 +2.865605882e+03 +2.865605882e+03 +2.920945882e+03 +2.920945882e+03 -5.9550e-01 +2.7652e+00 +9.9822e-01
13 +5.136933317e+02 +5.136933317e+02 +5.690333317e+02 +5.690333317e+02 +1.1219e+00 +4.7972e-01 -2.8765e+00
36 +2.987278167e+02 +2.987278167e+02 +3.540678167e+02 +3.540678167e+02 +3.7612e+00 -8.2648e-01 -2.5156e+00
54 +1.035780912e+02 +1.035780912e+02 +1.589180912e+02 +1.589180912e+02 +2.0177e+00 -2.8578e-01 -2.1228e+00
63 +2.726960733e+01 +2.726960733e+01 +8.260960733e+01 +8.260960733e+01 -5.0145e-01 -2.4013e-01 +9.9626e-02
74 +1.214299720e+01 +1.214299720e+01 +6.748299720e+01 +6.748299720e+01 -2.9533e-01 +3.8300e-01 -1.0233e-01
220 +9.932870222e+00 +9.932870222e+00 +6.527287022e+01 +6.527287022e+01 -6.2881e-01 +1.0158e+00 -5.5397e-01
281 +5.125151196e+00 +5.125151196e+00 +6.046515120e+01 +6.046515120e+01 -5.6762e-01 +8.9234e-01 -8.7482e-02
317 +2.369985212e+00 +2.369985212e+00 +5.770998521e+01 +5.770998521e+01 -3.5407e-01 +8.1513e-01 -3.9444e-02
358 +1.171265308e+00 +1.171265308e+00 +5.651126531e+01 +5.651126531e+01 -2.4748e-01 -5.8410e-02 +2.4694e-01
444 +8.573576070e-01 +8.573576070e-01 +5.619735761e+01 +5.619735761e+01 -2.7646e-01 -9.4171e-02 +2.4042e-01
558 +5.173460505e-01 +5.173460505e-01 +5.585734605e+01 +5.585734605e+01 -2.7506e-01 -8.6424e-02 +2.2182e-01
986 +3.892041886e-01 +3.892041886e-01 +5.572920419e+01 +5.572920419e+01 -2.6347e-01 -5.6727e-02 +2.0247e-01
1148 +2.471043633e-01 +2.471043633e-01 +5.558710436e+01 +5.558710436e+01 -1.4246e-01 -2.3074e-01 +1.6009e-01
1168 +1.385519350e-01 +1.385519350e-01 +5.547855194e+01 +5.547855194e+01 -6.1699e-02 -3.4569e-01 +1.2178e-01
1238 +9.597063057e-02 +9.597063057e-02 +5.543597063e+01 +5.543597063e+01 -1.0996e-02 -4.0930e-01 +1.0395e-01
2358 +6.220371182e-02 +6.220371182e-02 +5.540220371e+01 +5.540220371e+01 +5.5988e-02 -4.8167e-01 +8.0911e-02
2963 +3.508746491e-02 +3.508746491e-02 +5.537508746e+01 +5.537508746e+01 +1.3101e-01 -5.5093e-01 +5.3810e-02
3240 +1.687210548e-02 +1.687210548e-02 +5.535687211e+01 +5.535687211e+01 +2.3211e-01 -6.4292e-01 +1.8669e-02
3670 +1.423123278e-02 +1.423123278e-02 +5.535423123e+01 +5.535423123e+01 +2.2451e-01 -6.3620e-01 +1.8707e-02
4802 +9.970853980e-03 +9.970853980e-03 +5.534997085e+01 +5.534997085e+01 +2.4746e-01 -6.5210e-01 +1.0957e-02
5370 +6.189813181e-03 +6.189813181e-03 +5.534618981e+01 +5.534618981e+01 +2.8408e-01 -6.8240e-01 -1.4639e-03
6391 +3.943139303e-03 +3.943139303e-03 +5.534394314e+01 +5.534394314e+01 +3.0058e-01 -6.9723e-01 -8.9572e-03
8003 +1.702243106e-03 +1.702243106e-03 +5.534170224e+01 +5.534170224e+01 +3.5883e-01 -7.4529e-01 -2.9709e-02
8646 +1.153017221e-03 +1.153017221e-03 +5.534115302e+01 +5.534115302e+01 +3.6396e-01 -7.4657e-01 -2.9744e-02
8866 +9.813565169e-04 +9.813565169e-04 +5.534098136e+01 +5.534098136e+01 +3.6351e-01 -7.4757e-01 -2.9741e-02
8956 +6.222363909e-04 +6.222363909e-04 +5.534062224e+01 +5.534062224e+01 +3.6221e-01 -7.4525e-01 -2.9739e-02
11651 +3.969682382e-04 +3.969682382e-04 +5.534039697e+01 +5.534039697e+01 +3.6291e-01 -7.4636e-01 -3.0427e-02
13150 +2.496338869e-04 +2.496338869e-04 +5.534024963e+01 +5.534024963e+01 +3.6924e-01 -7.5131e-01 -3.2674e-02
14646 +1.499171279e-04 +1.499171279e-04 +5.534014992e+01 +5.534014992e+01 +3.7518e-01 -7.5571e-01 -3.4838e-02
15194 +9.307268404e-05 +9.307268404e-05 +5.534009307e+01 +5.534009307e+01 +3.7879e-01 -7.5863e-01 -3.6069e-02
18618 +6.245073386e-05 +6.245073386e-05 +5.534006245e+01 +5.534006245e+01 +3.8160e-01 -7.6075e-01 -3.7015e-02
19383 +3.957223980e-05 +3.957223980e-05 +5.534003957e+01 +5.534003957e+01 +3.8407e-01 -7.6278e-01 -3.7893e-02
22023 +2.511442376e-05 +2.511442376e-05 +5.534002511e+01 +5.534002511e+01 +3.8598e-01 -7.6418e-01 -3.8559e-02
24081 +1.584235346e-05 +1.584235346e-05 +5.534001584e+01 +5.534001584e+01 +3.8758e-01 -7.6542e-01 -3.9131e-02
25796 +9.913110887e-06 +9.913110887e-06 +5.534000991e+01 +5.534000991e+01 +3.8891e-01 -7.6644e-01 -3.9580e-02
27874 +6.292095662e-06 +6.292095662e-06 +5.534000629e+01 +5.534000629e+01 +3.8989e-01 -7.6720e-01 -3.9934e-02
28951 +3.628388065e-06 +3.628388065e-06 +5.534000363e+01 +5.534000363e+01 +3.9090e-01 -7.6799e-01 -4.0295e-02
% function evaluation | noise-free fitness - Fopt (-9.033000000000e+01) | best noise-free fitness - Fopt | measured fitness | best measured fitness | x1 | x2...
1 +5.295645921e+04 +5.295645921e+04 +5.286612921e+04 +5.286612921e+04 -4.7698e+00 -2.3564e+00 -1.1351e+00
2 +2.955399388e+03 +2.955399388e+03 +2.865069388e+03 +2.865069388e+03 +1.1423e+00 -4.7421e+00 +3.2763e+00
3 +2.255350718e+03 +2.255350718e+03 +2.165020718e+03 +2.165020718e+03 +1.9061e+00 +2.4566e+00 -2.3318e+00
4 +9.548044382e+02 +9.548044382e+02 +8.644744382e+02 +8.644744382e+02 -2.4080e+00 -3.8437e+00 +3.5742e-02
13 +5.886795567e+02 +5.886795567e+02 +4.983495567e+02 +4.983495567e+02 +2.3524e+00 -2.5434e+00 +1.7379e+00
59 +2.302372216e+02 +2.302372216e+02 +1.399072216e+02 +1.399072216e+02 +0.0000e+00 -1.6700e+00 -4.6904e-01
65 +1.314765691e+02 +1.314765691e+02 +4.114656906e+01 +4.114656906e+01 +1.4092e+00 -1.2880e+00 +0.0000e+00
86 +9.043410084e+01 +9.043410084e+01 +1.041008424e-01 +1.041008424e-01 +3.2173e-01 -8.8692e-01 -1.1394e+00
114 +4.789964091e+01 +4.789964091e+01 -4.243035909e+01 -4.243035909e+01 +9.2402e-01 -6.1686e-01 -5.7935e-01
149 +9.664999373e+00 +9.664999373e+00 -8.066500063e+01 -8.066500063e+01 +0.0000e+00 -6.0450e-01 -9.3654e-01
209 +5.933743404e+00 +5.933743404e+00 -8.439625660e+01 -8.439625660e+01 +2.1362e-02 -5.4526e-01 -1.0326e+00
244 +3.880255590e+00 +3.880255590e+00 -8.644974441e+01 -8.644974441e+01 -7.1110e-02 -5.3736e-01 -1.0413e+00
1674 +2.407329379e+00 +2.407329379e+00 -8.792267062e+01 -8.792267062e+01 +4.0140e-01 -7.3191e-02 -9.0171e-01
1751 +1.522104255e+00 +1.522104255e+00 -8.880789574e+01 -8.880789574e+01 +4.5804e-01 +2.0475e-01 -5.0815e-01
1807 +9.859428842e-01 +9.859428842e-01 -8.934405712e+01 -8.934405712e+01 +3.1679e-01 +3.2082e-01 -2.9744e-01
2062 +6.155546564e-01 +6.155546564e-01 -8.971444534e+01 -8.971444534e+01 +1.7583e-01 +3.3022e-01 -1.5175e-01
2415 +3.967720877e-01 +3.967720877e-01 -8.993322791e+01 -8.993322791e+01 +7.0363e-02 +3.3548e-01 -3.0963e-02
3035 +2.489141962e-01 +2.489141962e-01 -9.008108580e+01 -9.008108580e+01 -3.9477e-02 +2.9483e-01 +1.0055e-01
3971 +1.582005604e-01 +1.582005604e-01 -9.017179944e+01 -9.017179944e+01 -1.2247e-01 +2.5424e-01 +2.0819e-01
4365 +9.736888106e-02 +9.736888106e-02 -9.023263112e+01 -9.023263112e+01 -1.9799e-01 +2.0677e-01 +3.0612e-01
5156 +6.302046901e-02 +6.302046901e-02 -9.026697953e+01 -9.026697953e+01 -2.5044e-01 +1.6651e-01 +3.7983e-01
5829 +3.980438778e-02 +3.980438778e-02 -9.029019561e+01 -9.029019561e+01 -2.9744e-01 +1.2806e-01 +4.4463e-01
7837 +2.511611848e-02 +2.511611848e-02 -9.030488388e+01 -9.030488388e+01 -3.3426e-01 +9.4525e-02 +4.9789e-01
9904 +1.579048673e-02 +1.579048673e-02 -9.031420951e+01 -9.031420951e+01 -3.6394e-01 +6.5072e-02 +5.4204e-01
10796 +9.704247795e-03 +9.704247795e-03 -9.032029575e+01 -9.032029575e+01 -3.8908e-01 +3.9732e-02 +5.7870e-01
13913 +6.261686888e-03 +6.261686888e-03 -9.032373831e+01 -9.032373831e+01 -4.1182e-01 +1.5631e-02 +6.1476e-01
15385 +3.980062287e-03 +3.980062287e-03 -9.032601994e+01 -9.032601994e+01 -4.2175e-01 +5.8499e-03 +6.2759e-01
18586 +2.364805304e-03 +2.364805304e-03 -9.032763519e+01 -9.032763519e+01 -4.3590e-01 -8.9948e-03 +6.4932e-01
20125 +1.449066205e-03 +1.449066205e-03 -9.032855093e+01 -9.032855093e+01 -4.4566e-01 -2.0528e-02 +6.6380e-01
25073 +9.929359563e-04 +9.929359563e-04 -9.032900706e+01 -9.032900706e+01 -4.5121e-01 -2.6319e-02 +6.7245e-01
27468 +6.309014063e-04 +6.309014063e-04 -9.032936910e+01 -9.032936910e+01 -4.5719e-01 -3.2877e-02 +6.8146e-01
% function evaluation | noise-free fitness - Fopt (6.561000000000e+01) | best noise-free fitness - Fopt | measured fitness | best measured fitness | x1 | x2...
1 +4.028870881e+03 +4.028870881e+03 +4.094480881e+03 +4.094480881e+03 -3.7369e+00 +3.7823e+00 +6.5812e-02
8 +1.063405438e+03 +1.063405438e+03 +1.129015438e+03 +1.129015438e+03 -8.4247e-01 -1.9052e+00 -1.6413e+00
10 +9.329502373e+02 +9.329502373e+02 +9.985602373e+02 +9.985602373e+02 +2.1180e+00 -4.1056e+00 +2.3481e+00
16 +1.665609106e+02 +1.665609106e+02 +2.321709106e+02 +2.321709106e+02 +9.6574e-01 -3.4000e-01 -1.1463e+00
21 +9.065319146e+00 +9.065319146e+00 +7.467531915e+01 +7.467531915e+01 -5.2807e-02 +7.1505e-01 -4.2963e-02
175 +4.687991984e+00 +4.687991984e+00 +7.029799198e+01 +7.029799198e+01 -8.9059e-02 +5.1791e-01 -6.2047e-01
215 +3.096435042e+00 +3.096435042e+00 +6.870643504e+01 +6.870643504e+01 -2.1982e-01 +6.1906e-01 -4.9680e-01
386 +1.318492928e+00 +1.318492928e+00 +6.692849293e+01 +6.692849293e+01 -8.0402e-02 +4.2346e-01 -2.3889e-01
510 +7.049662583e-01 +7.049662583e-01 +6.631496626e+01 +6.631496626e+01 -1.5198e-02 +4.5399e-01 -1.1216e-01
538 +6.278447878e-01 +6.278447878e-01 +6.623784479e+01 +6.623784479e+01 +4.3881e-04 +3.8471e-01 -2.9655e-02
855 +3.953739564e-01 +3.953739564e-01 +6.600537396e+01 +6.600537396e+01 +6.7727e-02 +3.2284e-01 +1.1079e-01
1886 +2.500647794e-01 +2.500647794e-01 +6.586006478e+01 +6.586006478e+01 +1.0200e-01 +2.2280e-01 +2.0321e-01
2331 +1.543179645e-01 +1.543179645e-01 +6.576431796e+01 +6.576431796e+01 +1.4813e-01 +1.1351e-01 +3.0366e-01
2683 +9.936903284e-02 +9.936903284e-02 +6.570936903e+01 +6.570936903e+01 +1.8106e-01 +1.9955e-02 +3.7840e-01
3089 +6.251005462e-02 +6.251005462e-02 +6.567251005e+01 +6.567251005e+01 +2.1103e-01 -6.2724e-02 +4.3440e-01
3631 +3.968509110e-02 +3.968509110e-02 +6.564968509e+01 +6.564968509e+01 +2.3646e-01 -1.3574e-01 +4.8074e-01
4842 +2.509406416e-02 +2.509406416e-02 +6.563509406e+01 +6.563509406e+01 +2.5803e-01 -1.9121e-01 +5.1664e-01
5714 +1.579684799e-02 +1.579684799e-02 +6.562579685e+01 +6.562579685e+01 +2.7441e-01 -2.4138e-01 +5.4481e-01
5968 +9.710973252e-03 +9.710973252e-03 +6.561971097e+01 +6.561971097e+01 +2.9454e-01 -2.9852e-01 +5.7483e-01
7748 +6.303462910e-03 +6.303462910e-03 +6.561630346e+01 +6.561630346e+01 +2.9986e-01 -3.1491e-01 +5.8576e-01
8898 +3.964508434e-03 +3.964508434e-03 +6.561396451e+01 +6.561396451e+01 +3.0916e-01 -3.4130e-01 +6.0024e-01
9550 +2.467256542e-03 +2.467256542e-03 +6.561246726e+01 +6.561246726e+01 +3.1682e-01 -3.6432e-01 +6.1215e-01
10259 +1.330715220e-03 +1.330715220e-03 +6.561133072e+01 +6.561133072e+01 +3.2545e-01 -3.9097e-01 +6.2567e-01
10997 +9.555828892e-04 +9.555828892e-04 +6.561095558e+01 +6.561095558e+01 +3.2750e-01 -3.9513e-01 +6.2854e-01
12412 +6.277213568e-04 +6.277213568e-04 +6.561062772e+01 +6.561062772e+01 +3.3070e-01 -4.0483e-01 +6.3371e-01
13900 +3.965949719e-04 +3.965949719e-04 +6.561039659e+01 +6.561039659e+01 +3.3366e-01 -4.1368e-01 +6.3808e-01
16992 +2.491858540e-04 +2.491858540e-04 +6.561024919e+01 +6.561024919e+01 +3.3611e-01 -4.2088e-01 +6.4170e-01
19098 +1.527089369e-04 +1.527089369e-04 +6.561015271e+01 +6.561015271e+01 +3.3812e-01 -4.2676e-01 +6.4471e-01
20735 +9.981191954e-05 +9.981191954e-05 +6.561009981e+01 +6.561009981e+01 +3.3953e-01 -4.3091e-01 +6.4679e-01
22783 +6.298415738e-05 +6.298415738e-05 +6.561006298e+01 +6.561006298e+01 +3.4075e-01 -4.3458e-01 +6.4860e-01
24812 +3.980653685e-05 +3.980653685e-05 +6.561003981e+01 +6.561003981e+01 +3.4167e-01 -4.3728e-01 +6.5001e-01
26275 +2.493079744e-05 +2.493079744e-05 +6.561002493e+01 +6.561002493e+01 +3.4244e-01 -4.3967e-01 +6.5117e-01
26987 +1.452693948e-05 +1.452693948e-05 +6.561001453e+01 +6.561001453e+01 +3.4317e-01 -4.4188e-01 +6.5226e-01
29137 +9.977673571e-06 +9.977673571e-06 +6.561000998e+01 +6.561000998e+01 +3.4351e-01 -4.4281e-01 +6.5276e-01
% function evaluation | noise-free fitness - Fopt (-2.900800000000e+02) | best noise-free fitness - Fopt | measured fitness | best measured fitness | x1 | x2...
1 +3.180332410e+04 +3.180332410e+04 +3.151324410e+04 +3.151324410e+04 -8.5172e-01 -4.0274e+00 -3.7452e+00
7 +3.444954084e+03 +3.444954084e+03 +3.154874084e+03 +3.154874084e+03 -2.6152e+00 +1.6386e+00 +1.9223e+00
11 +9.752142352e+02 +9.752142352e+02 +6.851342352e+02 +6.851342352e+02 -3.7732e+00 +9.7261e-01 -1.0604e+00
31 +1.458137844e+02 +1.458137844e+02 -1.442662156e+02 -1.442662156e+02 -9.0982e-01 +2.9053e+00 -2.1344e+00
35 +6.299854430e+01 +6.299854430e+01 -2.270814557e+02 -2.270814557e+02 -9.5204e-02 +3.4198e-01 +4.9914e-01
71 +9.877467093e+00 +9.877467093e+00 -2.802025329e+02 -2.802025329e+02 +1.9194e-01 +3.5886e-01 +1.2114e-01
141 +5.454932767e+00 +5.454932767e+00 -2.846250672e+02 -2.846250672e+02 -2.0861e-01 -5.4731e-01 -1.9723e-01
160 +2.472177864e+00 +2.472177864e+00 -2.876078221e+02 -2.876078221e+02 -1.7108e-01 -7.6809e-01 -1.4374e-01
396 +1.569860153e+00 +1.569860153e+00 -2.885101398e+02 -2.885101398e+02 -3.0377e-02 -5.7069e-01 -6.7051e-02
750 +9.608824920e-01 +9.608824920e-01 -2.891191175e+02 -2.891191175e+02 +4.8378e-02 -5.4571e-01 +5.1442e-02
920 +5.864043309e-01 +5.864043309e-01 -2.894935957e+02 -2.894935957e+02 +1.3619e-01 -3.5522e-01 +1.2976e-01
988 +3.964574988e-01 +3.964574988e-01 -2.896835425e+02 -2.896835425e+02 +1.8569e-01 -1.8982e-01 +2.0053e-01
1015 +2.182468297e-01 +2.182468297e-01 -2.898617532e+02 -2.898617532e+02 +2.1549e-01 +4.7986e-03 +2.4333e-01
1095 +1.438728593e-01 +1.438728593e-01 -2.899361271e+02 -2.899361271e+02 +2.2480e-01 +1.1721e-01 +2.5984e-01
1239 +9.340736247e-02 +9.340736247e-02 -2.899865926e+02 -2.899865926e+02 +2.2654e-01 +2.3668e-01 +2.7867e-01
1255 +3.902318899e-02 +3.902318899e-02 -2.900409768e+02 -2.900409768e+02 +2.2163e-01 +4.3719e-01 +3.0854e-01
1491 +2.487704360e-02 +2.487704360e-02 -2.900551230e+02 -2.900551230e+02 +2.0981e-01 +5.0856e-01 +3.2118e-01
1824 +1.520013469e-02 +1.520013469e-02 -2.900647999e+02 -2.900647999e+02 +2.0891e-01 +5.3718e-01 +3.2205e-01
1911 +8.112229470e-03 +8.112229470e-03 -2.900718878e+02 -2.900718878e+02 +1.9489e-01 +6.2762e-01 +3.3134e-01
1930 +6.234395001e-03 +6.234395001e-03 -2.900737656e+02 -2.900737656e+02 +1.9611e-01 +6.2758e-01 +3.3059e-01
2070 +2.430485256e-03 +2.430485256e-03 -2.900775695e+02 -2.900775695e+02 +1.9035e-01 +6.8021e-01 +3.3735e-01
2529 +1.523096678e-03 +1.523096678e-03 -2.900784769e+02 -2.900784769e+02 +1.8681e-01 +7.0648e-01 +3.3887e-01
2724 +9.134333458e-04 +9.134333458e-04 -2.900790866e+02 -2.900790866e+02 +1.8469e-01 +7.1524e-01 +3.4026e-01
2829 +6.048859370e-04 +6.048859370e-04 -2.900793951e+02 -2.900793951e+02 +1.8289e-01 +7.2709e-01 +3.4143e-01
2921 +2.764281735e-04 +2.764281735e-04 -2.900797236e+02 -2.900797236e+02 +1.8078e-01 +7.4126e-01 +3.4258e-01
2944 +1.728329769e-04 +1.728329769e-04 -2.900798272e+02 -2.900798272e+02 +1.7962e-01 +7.4820e-01 +3.4315e-01
3044 +1.394910542e-04 +1.394910542e-04 -2.900798605e+02 -2.900798605e+02 +1.7854e-01 +7.5750e-01 +3.4396e-01
3294 +9.063426535e-05 +9.063426535e-05 -2.900799094e+02 -2.900799094e+02 +1.7854e-01 +7.5608e-01 +3.4391e-01
3416 +2.202776659e-05 +2.202776659e-05 -2.900799780e+02 -2.900799780e+02 +1.7695e-01 +7.6511e-01 +3.4473e-01
4123 +1.456918153e-05 +1.456918153e-05 -2.900799854e+02 -2.900799854e+02 +1.7664e-01 +7.6702e-01 +3.4484e-01
4346 +7.866938859e-06 +7.866938859e-06 -2.900799921e+02 -2.900799921e+02 +1.7629e-01 +7.6949e-01 +3.4510e-01
4420 +4.765405833e-06 +4.765405833e-06 -2.900799952e+02 -2.900799952e+02 +1.7588e-01 +7.7216e-01 +3.4540e-01
4600 +3.813961769e-06 +3.813961769e-06 -2.900799962e+02 -2.900799962e+02 +1.7585e-01 +7.7199e-01 +3.4540e-01
4722 +2.290841508e-06 +2.290841508e-06 -2.900799977e+02 -2.900799977e+02 +1.7560e-01 +7.7308e-01 +3.4537e-01
5046 +1.537542801e-06 +1.537542801e-06 -2.900799985e+02 -2.900799985e+02 +1.7582e-01 +7.7200e-01 +3.4534e-01
5652 +9.732602280e-07 +9.732602280e-07 -2.900799990e+02 -2.900799990e+02 +1.7572e-01 +7.7268e-01 +3.4538e-01
6068 +4.430964964e-07 +4.430964964e-07 -2.900799996e+02 -2.900799996e+02 +1.7551e-01 +7.7403e-01 +3.4553e-01
6248 +1.625696768e-07 +1.625696768e-07 -2.900799998e+02 -2.900799998e+02 +1.7551e-01 +7.7399e-01 +3.4551e-01
6291 +1.453279310e-07 +1.453279310e-07 -2.900799999e+02 -2.900799999e+02 +1.7545e-01 +7.7416e-01 +3.4553e-01
6311 +3.263852477e-08 +3.263852477e-08 -2.900800000e+02 -2.900800000e+02 +1.7544e-01 +7.7427e-01 +3.4554e-01
6539 +1.893766921e-08 +1.893766921e-08 -2.900800000e+02 -2.900800000e+02 +1.7544e-01 +7.7426e-01 +3.4553e-01
6622 +1.092337243e-08 +1.092337243e-08 -2.900800000e+02 -2.900800000e+02 +1.7544e-01 +7.7428e-01 +3.4554e-01
6758 +8.567951681e-09 +8.567951681e-09 -2.900800000e+02 -2.900800000e+02 +1.7544e-01 +7.7430e-01 +3.4554e-01
% function evaluation | noise-free fitness - Fopt (2.510000000000e+01) | best noise-free fitness - Fopt | measured fitness | best measured fitness | x1 | x2...
1 +4.776987531e+04 +4.776987531e+04 +4.779497531e+04 +4.779497531e+04 +3.8367e+00 +4.5444e+00 +3.1985e+00
3 +2.959529353e+04 +2.959529353e+04 +2.962039353e+04 +2.962039353e+04 +2.0362e+00 -4.0708e+00 +3.4322e+00
6 +1.497842565e+04 +1.497842565e+04 +1.500352565e+04 +1.500352565e+04 +2.9447e+00 +2.8593e+00 -1.8657e-01
8 +1.728629134e+03 +1.728629134e+03 +1.753729134e+03 +1.753729134e+03 +3.7485e+00 -1.5812e+00 +1.6762e+00
24 +1.017254490e+03 +1.017254490e+03 +1.042354490e+03 +1.042354490e+03 +2.8740e+00 +0.0000e+00 +2.4701e+00
65 +1.509199844e+02 +1.509199844e+02 +1.760199844e+02 +1.760199844e+02 -2.0661e-01 -4.8526e-01 +1.4234e+00
89 +1.745141317e+01 +1.745141317e+01 +4.255141317e+01 +4.255141317e+01 +1.8743e-01 -2.9150e-01 +9.2787e-01
111 +1.091539442e+01 +1.091539442e+01 +3.601539442e+01 +3.601539442e+01 +0.0000e+00 -1.4818e-01 +1.0421e-01
229 +6.806325453e+00 +6.806325453e+00 +3.190632545e+01 +3.190632545e+01 +4.9209e-01 -1.3645e-01 +6.8368e-01
287 +3.300511843e+00 +3.300511843e+00 +2.840051184e+01 +2.840051184e+01 +3.9162e-01 -2.4797e-01 +5.4874e-01
349 +1.957521927e+00 +1.957521927e+00 +2.705752193e+01 +2.705752193e+01 +3.6388e-01 -1.7352e-01 +2.1024e-01
489 +5.567220600e-01 +5.567220600e-01 +2.565672206e+01 +2.565672206e+01 +2.1162e-01 -1.8477e-01 -1.7037e-01
573 +3.975795867e-01 +3.975795867e-01 +2.549757959e+01 +2.549757959e+01 +1.5300e-01 -2.0015e-01 -1.7557e-01
773 +2.507301634e-01 +2.507301634e-01 +2.535073016e+01 +2.535073016e+01 +2.0596e-01 -2.0922e-01 -1.1860e-01
847 +1.377507140e-01 +1.377507140e-01 +2.523775071e+01 +2.523775071e+01 +1.1480e-01 -1.9307e-01 -3.4135e-01
973 +9.478009660e-02 +9.478009660e-02 +2.519478010e+01 +2.519478010e+01 +7.0855e-02 -1.7601e-01 -3.8997e-01
1727 +6.101105393e-02 +6.101105393e-02 +2.516101105e+01 +2.516101105e+01 +3.4728e-02 -1.6935e-01 -4.6312e-01
2211 +3.707975963e-02 +3.707975963e-02 +2.513707976e+01 +2.513707976e+01 -1.7001e-02 -1.5604e-01 -5.4435e-01
2733 +2.481133531e-02 +2.481133531e-02 +2.512481134e+01 +2.512481134e+01 -4.7364e-02 -1.4655e-01 -5.9070e-01
3575 +1.314954369e-02 +1.314954369e-02 +2.511314954e+01 +2.511314954e+01 -9.3466e-02 -1.3307e-01 -6.5496e-01
3846 +9.736852596e-03 +9.736852596e-03 +2.510973685e+01 +2.510973685e+01 -1.0988e-01 -1.2998e-01 -6.7784e-01
4734 +6.254453315e-03 +6.254453315e-03 +2.510625445e+01 +2.510625445e+01 -1.3579e-01 -1.2373e-01 -7.1392e-01
6042 +3.935890727e-03 +3.935890727e-03 +2.510393589e+01 +2.510393589e+01 -1.5061e-01 -1.1901e-01 -7.3345e-01
6802 +2.501893995e-03 +2.501893995e-03 +2.510250189e+01 +2.510250189e+01 -1.6523e-01 -1.1467e-01 -7.5189e-01
7096 +1.340223064e-03 +1.340223064e-03 +2.510134022e+01 +2.510134022e+01 -1.8341e-01 -1.1046e-01 -7.7595e-01
8959 +9.835191360e-04 +9.835191360e-04 +2.510098352e+01 +2.510098352e+01 -1.8740e-01 -1.0896e-01 -7.8096e-01
9706 +6.269157288e-04 +6.269157288e-04 +2.510062692e+01 +2.510062692e+01 -1.9507e-01 -1.0687e-01 -7.9081e-01
12697 +3.977381931e-04 +3.977381931e-04 +2.510039774e+01 +2.510039774e+01 -2.0128e-01 -1.0522e-01 -7.9899e-01
12828 +2.251128080e-04 +2.251128080e-04 +2.510022511e+01 +2.510022511e+01 -2.1141e-01 -1.0208e-01 -8.1200e-01
13218 +1.528294477e-04 +1.528294477e-04 +2.510015283e+01 +2.510015283e+01 -2.1130e-01 -1.0261e-01 -8.1185e-01
15175 +9.606063017e-05 +9.606063017e-05 +2.510009606e+01 +2.510009606e+01 -2.1513e-01 -1.0130e-01 -8.1620e-01
16396 +5.494857113e-05 +5.494857113e-05 +2.510005495e+01 +2.510005495e+01 -2.1683e-01 -1.0101e-01 -8.1872e-01
16541 +3.832967677e-05 +3.832967677e-05 +2.510003833e+01 +2.510003833e+01 -2.1839e-01 -1.0057e-01 -8.2049e-01
17954 +2.470608570e-05 +2.470608570e-05 +2.510002471e+01 +2.510002471e+01 -2.1984e-01 -1.0021e-01 -8.2239e-01
18901 +1.554415303e-05 +1.554415303e-05 +2.510001554e+01 +2.510001554e+01 -2.2119e-01 -9.9865e-02 -8.2413e-01
21114 +9.996123854e-06 +9.996123854e-06 +2.510001000e+01 +2.510001000e+01 -2.2207e-01 -9.9607e-02 -8.2522e-01
22265 +6.248634740e-06 +6.248634740e-06 +2.510000625e+01 +2.510000625e+01 -2.2339e-01 -9.9276e-02 -8.2698e-01
23136 +3.703729732e-06 +3.703729732e-06 +2.510000370e+01 +2.510000370e+01 -2.2362e-01 -9.9167e-02 -8.2717e-01
25253 +2.427865336e-06 +2.427865336e-06 +2.510000243e+01 +2.510000243e+01 -2.2418e-01 -9.9001e-02 -8.2787e-01
26441 +1.564367388e-06 +1.564367388e-06 +2.510000156e+01 +2.510000156e+01 -2.2446e-01 -9.8945e-02 -8.2823e-01
28421 +9.951510016e-07 +9.951510016e-07 +2.510000100e+01 +2.510000100e+01 -2.2479e-01 -9.8857e-02 -8.2862e-01
29002 +6.305946556e-07 +6.305946556e-07 +2.510000063e+01 +2.510000063e+01 -2.2503e-01 -9.8803e-02 -8.2895e-01
% function evaluation | noise-free fitness - Fopt (-8.756000000000e+01) | best noise-free fitness - Fopt | measured fitness | best measured fitness | x1 | x2...
1 +6.421758120e+04 +6.421758120e+04 +6.413002120e+04 +6.413002120e+04 +2.5746e+00 -3.9832e+00 +4.4675e+00
2 +6.119924838e+03 +6.119924838e+03 +6.032364838e+03 +6.032364838e+03 +1.5487e+00 +4.4349e+00 -4.4349e+00
4 +5.467205834e+02 +5.467205834e+02 +4.591605834e+02 +4.591605834e+02 +1.1396e+00 +1.1859e+00 -2.5406e+00
6 +1.849499521e+01 +1.849499521e+01 -6.906500479e+01 -6.906500479e+01 +2.8356e-01 +1.5737e+00 -2.4051e+00
163 +5.387325048e+00 +5.387325048e+00 -8.217267495e+01 -8.217267495e+01 +3.7769e-01 +1.4124e+00 -2.3567e+00
183 +3.509612741e+00 +3.509612741e+00 -8.405038726e+01 -8.405038726e+01 +3.9123e-01 +1.5087e+00 -2.3461e+00
223 +1.279997552e+00 +1.279997552e+00 -8.628000245e+01 -8.628000245e+01 +3.9470e-01 +1.5422e+00 -2.4426e+00
423 +8.908387088e-01 +8.908387088e-01 -8.666916129e+01 -8.666916129e+01 +3.9483e-01 +1.5425e+00 -2.5130e+00
1712 +6.279577909e-01 +6.279577909e-01 -8.693204221e+01 -8.693204221e+01 +3.7182e-01 +1.5077e+00 -2.4339e+00
13196 +3.949447881e-01 +3.949447881e-01 -8.716505521e+01 -8.716505521e+01 +1.8240e-01 +1.2336e+00 -2.0179e+00
18849 +2.511863626e-01 +2.511863626e-01 -8.730881364e+01 -8.730881364e+01 +5.2905e-02 +1.0306e+00 -1.7122e+00
25449 +1.582715670e-01 +1.582715670e-01 -8.740172843e+01 -8.740172843e+01 -3.1131e-02 +8.8230e-01 -1.4963e+00
29565 +9.987381135e-02 +9.987381135e-02 -8.746012619e+01 -8.746012619e+01 -9.3353e-02 +7.5927e-01 -1.3167e+00
% function evaluation | noise-free fitness - Fopt (6.007000000000e+01) | best noise-free fitness - Fopt | measured fitness | best measured fitness | x1 | x2...
1 +1.793312602e+04 +1.793312602e+04 +1.799319602e+04 +1.799319602e+04 +4.5495e+00 -2.3638e+00 +1.1175e+00
2 +1.209474876e+03 +1.209474876e+03 +1.269544876e+03 +1.269544876e+03 +1.6052e-01 -1.9194e+00 -2.2037e+00
12 +9.428574358e+02 +9.428574358e+02 +1.002927436e+03 +1.002927436e+03 -9.0194e-02 +1.3496e+00 -2.0847e+00
15 +3.242773762e+02 +3.242773762e+02 +3.843473762e+02 +3.843473762e+02 -7.5435e-01 +6.0712e-01 -1.8681e+00
65 +2.489922177e+02 +2.489922177e+02 +3.090622177e+02 +3.090622177e+02 -3.9313e-01 -3.0008e-01 -2.1234e+00
92 +4.794070797e+01 +4.794070797e+01 +1.080107080e+02 +1.080107080e+02 -2.9980e-01 -1.8950e-01 -1.2246e+00
106 +5.059079552e+00 +5.059079552e+00 +6.512907955e+01 +6.512907955e+01 +3.1800e-01 -8.0966e-01 -5.0439e-01
232 +3.919941458e+00 +3.919941458e+00 +6.398994146e+01 +6.398994146e+01 -2.4391e-02 -5.6918e-01 -5.0479e-01
399 +1.940217576e+00 +1.940217576e+00 +6.201021758e+01 +6.201021758e+01 -1.5952e-01 -4.8140e-01 -6.4220e-01
442 +9.639878534e-01 +9.639878534e-01 +6.103398785e+01 +6.103398785e+01 -2.2462e-01 +7.1048e-02 -4.1620e-01
480 +6.221195656e-01 +6.221195656e-01 +6.069211957e+01 +6.069211957e+01 -2.0508e-01 +3.4192e-02 -3.7270e-01
780 +2.664848543e-01 +2.664848543e-01 +6.033648485e+01 +6.033648485e+01 -1.2425e-01 +2.7643e-01 -1.2396e-01
995 +2.426942969e-01 +2.426942969e-01 +6.031269430e+01 +6.031269430e+01 -1.1746e-01 +2.8115e-01 -1.1009e-01
1381 +1.544421413e-01 +1.544421413e-01 +6.022444214e+01 +6.022444214e+01 -7.6867e-02 +3.5273e-01 +1.8409e-02
1490 +9.703716860e-02 +9.703716860e-02 +6.016703717e+01 +6.016703717e+01 -4.2038e-02 +4.0525e-01 +1.1474e-01
1821 +5.761593907e-02 +5.761593907e-02 +6.012761594e+01 +6.012761594e+01 -7.8508e-03 +4.4836e-01 +2.1897e-01
1886 +3.904307533e-02 +3.904307533e-02 +6.010904308e+01 +6.010904308e+01 +1.2283e-02 +4.7942e-01 +2.8758e-01
1936 +2.434919483e-02 +2.434919483e-02 +6.009434919e+01 +6.009434919e+01 +3.5666e-02 +5.0759e-01 +3.6244e-01
2956 +1.557941002e-02 +1.557941002e-02 +6.008557941e+01 +6.008557941e+01 +4.6740e-02 +5.2045e-01 +4.0432e-01
3239 +9.443844132e-03 +9.443844132e-03 +6.007944384e+01 +6.007944384e+01 +6.2892e-02 +5.3968e-01 +4.5976e-01
3729 +6.247352037e-03 +6.247352037e-03 +6.007624735e+01 +6.007624735e+01 +7.0128e-02 +5.4599e-01 +4.8301e-01
5159 +3.961939180e-03 +3.961939180e-03 +6.007396194e+01 +6.007396194e+01 +7.8124e-02 +5.5349e-01 +5.0956e-01
6193 +2.493595907e-03 +2.493595907e-03 +6.007249360e+01 +6.007249360e+01 +8.5143e-02 +5.6111e-01 +5.3353e-01
7186 +1.461445074e-03 +1.461445074e-03 +6.007146145e+01 +6.007146145e+01 +9.1136e-02 +5.6717e-01 +5.5460e-01
7692 +9.946970817e-04 +9.946970817e-04 +6.007099470e+01 +6.007099470e+01 +9.4891e-02 +5.7117e-01 +5.6854e-01
9128 +6.227096698e-04 +6.227096698e-04 +6.007062271e+01 +6.007062271e+01 +9.8307e-02 +5.7470e-01 +5.7970e-01
9407 +3.961515804e-04 +3.961515804e-04 +6.007039615e+01 +6.007039615e+01 +1.0091e-01 +5.7705e-01 +5.8865e-01
11161 +2.487299771e-04 +2.487299771e-04 +6.007024873e+01 +6.007024873e+01 +1.0317e-01 +5.7924e-01 +5.9651e-01
12541 +1.580523714e-04 +1.580523714e-04 +6.007015805e+01 +6.007015805e+01 +1.0489e-01 +5.8117e-01 +6.0274e-01
13600 +9.972280507e-05 +9.972280507e-05 +6.007009972e+01 +6.007009972e+01 +1.0626e-01 +5.8238e-01 +6.0727e-01
13855 +6.274066435e-05 +6.274066435e-05 +6.007006274e+01 +6.007006274e+01 +1.0775e-01 +5.8379e-01 +6.1213e-01
14406 +3.951695305e-05 +3.951695305e-05 +6.007003952e+01 +6.007003952e+01 +1.0831e-01 +5.8448e-01 +6.1448e-01
15793 +2.037104417e-05 +2.037104417e-05 +6.007002037e+01 +6.007002037e+01 +1.1013e-01 +5.8630e-01 +6.2137e-01
15895 +1.373575270e-05 +1.373575270e-05 +6.007001374e+01 +6.007001374e+01 +1.0967e-01 +5.8580e-01 +6.1931e-01
16253 +8.121140091e-06 +8.121140091e-06 +6.007000812e+01 +6.007000812e+01 +1.1020e-01 +5.8635e-01 +6.2123e-01
16361 +5.942632349e-06 +5.942632349e-06 +6.007000594e+01 +6.007000594e+01 +1.1035e-01 +5.8642e-01 +6.2171e-01
19489 +3.975259602e-06 +3.975259602e-06 +6.007000398e+01 +6.007000398e+01 +1.1057e-01 +5.8663e-01 +6.2244e-01
20729 +2.509216209e-06 +2.509216209e-06 +6.007000251e+01 +6.007000251e+01 +1.1080e-01 +5.8685e-01 +6.2322e-01
21662 +1.022314173e-06 +1.022314173e-06 +6.007000102e+01 +6.007000102e+01 +1.1113e-01 +5.8717e-01 +6.2437e-01
21883 +9.624359762e-07 +9.624359762e-07 +6.007000096e+01 +6.007000096e+01 +1.1113e-01 +5.8717e-01 +6.2441e-01
23682 +6.288709571e-07 +6.288709571e-07 +6.007000063e+01 +6.007000063e+01 +1.1122e-01 +5.8727e-01 +6.2471e-01
25222 +3.964903925e-07 +3.964903925e-07 +6.007000040e+01 +6.007000040e+01 +1.1131e-01 +5.8736e-01 +6.2504e-01
27262 +2.509598218e-07 +2.509598218e-07 +6.007000025e+01 +6.007000025e+01 +1.1138e-01 +5.8742e-01 +6.2527e-01
28516 +1.582731954e-07 +1.582731954e-07 +6.007000016e+01 +6.007000016e+01 +1.1143e-01 +5.8748e-01 +6.2546e-01
28718 +8.044551691e-08 +8.044551691e-08 +6.007000008e+01 +6.007000008e+01 +1.1153e-01 +5.8759e-01 +6.2582e-01
29176 +6.302511224e-08 +6.302511224e-08 +6.007000006e+01 +6.007000006e+01 +1.1153e-01 +5.8757e-01 +6.2581e-01
% function evaluation | noise-free fitness - Fopt (-1.366300000000e+02) | best noise-free fitness - Fopt | measured fitness | best measured fitness | x1 | x2...
1 +3.494919843e+03 +3.494919843e+03 +3.358289843e+03 +3.358289843e+03 +3.9423e+00 -4.7512e+00 -4.7417e+00
3 +1.026669353e+03 +1.026669353e+03 +8.900393527e+02 +8.900393527e+02 +9.5765e-01 -2.3911e+00 -1.1668e+00
7 +6.934227667e+02 +6.934227667e+02 +5.567927667e+02 +5.567927667e+02 +2.4141e+00 -3.5198e+00 -3.0847e+00
12 +6.297702637e+02 +6.297702637e+02 +4.931402637e+02 +4.931402637e+02 +6.9546e-01 -1.7968e+00 -7.8438e-01
23 +1.121399297e+02 +1.121399297e+02 -2.449007025e+01 -2.449007025e+01 -9.2167e-01 -3.9838e-01 -1.1416e+00
51 +7.171727174e+01 +7.171727174e+01 -6.491272826e+01 -6.491272826e+01 +0.0000e+00 -2.4500e-01 -1.0992e+00
64 +4.420614220e+01 +4.420614220e+01 -9.242385780e+01 -9.242385780e+01 -1.3034e+00 +6.1073e-01 -6.1195e-01
71 +2.180218543e+01 +2.180218543e+01 -1.148278146e+02 -1.148278146e+02 -1.0400e+00 -2.4138e-01 -5.9272e-01
73 +8.148065723e+00 +8.148065723e+00 -1.284819343e+02 -1.284819343e+02 -1.1245e+00 +2.7725e-01 -4.8903e-01
105 +3.183266925e+00 +3.183266925e+00 -1.334467331e+02 -1.334467331e+02 -2.1154e-01 +5.9984e-01 -2.2718e-01
178 +1.465878297e+00 +1.465878297e+00 -1.351641217e+02 -1.351641217e+02 -3.3153e-01 +4.0784e-01 -3.2470e-01
374 +9.553876994e-01 +9.553876994e-01 -1.356746123e+02 -1.356746123e+02 -2.0600e-01 +4.7368e-01 -2.1144e-01
462 +5.836357790e-01 +5.836357790e-01 -1.360463642e+02 -1.360463642e+02 -6.0461e-02 +3.8725e-01 -3.0068e-02
934 +3.974112127e-01 +3.974112127e-01 -1.362325888e+02 -1.362325888e+02 +2.8033e-02 +3.4015e-01 +4.9905e-02
1916 +2.508010539e-01 +2.508010539e-01 -1.363791989e+02 -1.363791989e+02 +1.2927e-01 +2.4933e-01 +1.5207e-01
2689 +1.546560443e-01 +1.546560443e-01 -1.364753440e+02 -1.364753440e+02 +2.2378e-01 +1.4756e-01 +2.3434e-01
3619 +9.940370102e-02 +9.940370102e-02 -1.365305963e+02 -1.365305963e+02 +2.8999e-01 +7.2030e-02 +2.9450e-01
5537 +6.305840305e-02 +6.305840305e-02 -1.365669416e+02 -1.365669416e+02 +3.4661e-01 -1.2056e-03 +3.3889e-01
7011 +3.928933182e-02 +3.928933182e-02 -1.365907107e+02 -1.365907107e+02 +3.9959e-01 -6.8241e-02 +3.7826e-01
7229 +2.472019756e-02 +2.472019756e-02 -1.366052798e+02 -1.366052798e+02 +4.3873e-01 -1.2299e-01 +4.0593e-01
9053 +1.579487993e-02 +1.579487993e-02 -1.366142051e+02 -1.366142051e+02 +4.6931e-01 -1.6567e-01 +4.2896e-01
11510 +9.984737182e-03 +9.984737182e-03 -1.366200153e+02 -1.366200153e+02 +4.9520e-01 -2.0085e-01 +4.4584e-01
12943 +5.983535565e-03 +5.983535565e-03 -1.366240165e+02 -1.366240165e+02 +5.1954e-01 -2.3488e-01 +4.6147e-01
14483 +3.878590754e-03 +3.878590754e-03 -1.366261214e+02 -1.366261214e+02 +5.3446e-01 -2.5657e-01 +4.7171e-01
15708 +2.471644374e-03 +2.471644374e-03 -1.366275284e+02 -1.366275284e+02 +5.4786e-01 -2.7557e-01 +4.8018e-01
17988 +1.584561265e-03 +1.584561265e-03 -1.366284154e+02 -1.366284154e+02 +5.5830e-01 -2.9034e-01 +4.8695e-01
19157 +9.889653017e-04 +9.889653017e-04 -1.366290110e+02 -1.366290110e+02 +5.6731e-01 -3.0325e-01 +4.9270e-01
21028 +6.298754416e-04 +6.298754416e-04 -1.366293701e+02 -1.366293701e+02 +5.7411e-01 -3.1316e-01 +4.9685e-01
22623 +3.979116052e-04 +3.979116052e-04 -1.366296021e+02 -1.366296021e+02 +5.7971e-01 -3.2118e-01 +5.0035e-01
25543 +2.403506122e-04 +2.403506122e-04 -1.366297596e+02 -1.366297596e+02 +5.8448e-01 -3.2822e-01 +5.0335e-01
26572 +1.570115669e-04 +1.570115669e-04 -1.366298430e+02 -1.366298430e+02 +5.8781e-01 -3.3311e-01 +5.0546e-01
29332 +9.995788537e-05 +9.995788537e-05 -1.366299000e+02 -1.366299000e+02 +5.9057e-01 -3.3717e-01 +5.0706e-01
% function evaluation | noise-free fitness - Fopt (1.639300000000e+02) | best noise-free fitness - Fopt | measured fitness | best measured fitness | x1 | x2...
1 +1.715040021e+04 +1.715040021e+04 +1.731433021e+04 +1.731433021e+04 +1.0707e+00 +1.3720e+00 -3.6087e+00
4 +9.558478212e+02 +9.558478212e+02 +1.119777821e+03 +1.119777821e+03 +1.4463e+00 -4.8230e-01 +2.5577e+00
50 +2.486369667e+02 +2.486369667e+02 +4.125669667e+02 +4.125669667e+02 +6.8415e-01 +1.3903e-01 +2.1290e+00
52 +1.260056310e+02 +1.260056310e+02 +2.899356310e+02 +2.899356310e+02 +9.1258e-01 -8.9634e-01 +1.1322e+00
59 +6.099110829e+01 +6.099110829e+01 +2.249211083e+02 +2.249211083e+02 +5.3176e-01 +5.1722e-01 +1.0358e+00
65 +5.745835869e+00 +5.745835869e+00 +1.696758359e+02 +1.696758359e+02 +4.4661e-01 +1.7137e-01 +3.6861e-01
222 +3.318962829e+00 +3.318962829e+00 +1.672489628e+02 +1.672489628e+02 +2.1916e-01 -5.8389e-01 +7.0649e-01
274 +2.485999408e+00 +2.485999408e+00 +1.664159994e+02 +1.664159994e+02 +3.8100e-01 -5.2645e-01 +7.3202e-01
489 +1.521375322e+00 +1.521375322e+00 +1.654513753e+02 +1.654513753e+02 +4.0918e-01 -1.2295e-01 +5.0706e-01
599 +9.347615664e-01 +9.347615664e-01 +1.648647616e+02 +1.648647616e+02 +3.3974e-01 +9.8764e-02 +4.1551e-01
1021 +6.252542347e-01 +6.252542347e-01 +1.645552542e+02 +1.645552542e+02 +2.1344e-01 +1.8909e-01 +2.9927e-01
1227 +3.836174052e-01 +3.836174052e-01 +1.643136174e+02 +1.643136174e+02 +8.1082e-02 +2.7283e-01 +1.1807e-01
1666 +2.444610400e-01 +2.444610400e-01 +1.641744610e+02 +1.641744610e+02 +1.2769e-02 +3.1300e-01 +3.8677e-02
1874 +1.421012726e-01 +1.421012726e-01 +1.640721013e+02 +1.640721013e+02 -9.1997e-02 +3.3978e-01 -1.0449e-01
2252 +9.811871649e-02 +9.811871649e-02 +1.640281187e+02 +1.640281187e+02 -1.4645e-01 +3.5084e-01 -1.8103e-01
2368 +6.068173471e-02 +6.068173471e-02 +1.639906817e+02 +1.639906817e+02 -2.2534e-01 +3.5627e-01 -3.0134e-01
2389 +3.338822972e-02 +3.338822972e-02 +1.639633882e+02 +1.639633882e+02 -2.6181e-01 +3.6627e-01 -3.6057e-01
2604 +2.140492883e-02 +2.140492883e-02 +1.639514049e+02 +1.639514049e+02 -3.4645e-01 +3.6652e-01 -5.0518e-01
2659 +1.149939209e-02 +1.149939209e-02 +1.639414994e+02 +1.639414994e+02 -3.4689e-01 +3.6629e-01 -5.0053e-01
2907 +7.383167956e-03 +7.383167956e-03 +1.639373832e+02 +1.639373832e+02 -3.6167e-01 +3.6423e-01 -5.2095e-01
2917 +5.021588888e-03 +5.021588888e-03 +1.639350216e+02 +1.639350216e+02 -3.7021e-01 +3.6309e-01 -5.3716e-01
2937 +3.715084899e-03 +3.715084899e-03 +1.639337151e+02 +1.639337151e+02 -3.8235e-01 +3.6146e-01 -5.6017e-01
4355 +1.638368375e-03 +1.638368375e-03 +1.639316384e+02 +1.639316384e+02 -4.0087e-01 +3.6022e-01 -5.9056e-01
4379 +1.358206565e-03 +1.358206565e-03 +1.639313582e+02 +1.639313582e+02 -4.0205e-01 +3.5934e-01 -5.9209e-01
5319 +9.996199247e-04 +9.996199247e-04 +1.639309996e+02 +1.639309996e+02 -4.0749e-01 +3.5904e-01 -6.0150e-01
5829 +6.283502580e-04 +6.283502580e-04 +1.639306284e+02 +1.639306284e+02 -4.1420e-01 +3.5834e-01 -6.1331e-01
6374 +3.946185657e-04 +3.946185657e-04 +1.639303946e+02 +1.639303946e+02 -4.1910e-01 +3.5760e-01 -6.2186e-01
6589 +2.278486350e-04 +2.278486350e-04 +1.639302278e+02 +1.639302278e+02 -4.2451e-01 +3.5716e-01 -6.3120e-01
7025 +1.525186204e-04 +1.525186204e-04 +1.639301525e+02 +1.639301525e+02 -4.2680e-01 +3.5666e-01 -6.3498e-01
8155 +9.926031439e-05 +9.926031439e-05 +1.639300993e+02 +1.639300993e+02 -4.2899e-01 +3.5637e-01 -6.3898e-01
9009 +6.144075064e-05 +6.144075064e-05 +1.639300614e+02 +1.639300614e+02 -4.3140e-01 +3.5617e-01 -6.4310e-01
9735 +3.961939126e-05 +3.961939126e-05 +1.639300396e+02 +1.639300396e+02 -4.3270e-01 +3.5589e-01 -6.4545e-01
10007 +2.506029335e-05 +2.506029335e-05 +1.639300251e+02 +1.639300251e+02 -4.3420e-01 +3.5575e-01 -6.4798e-01
10302 +1.284869668e-05 +1.284869668e-05 +1.639300128e+02 +1.639300128e+02 -4.3567e-01 +3.5558e-01 -6.5071e-01
10637 +9.916907089e-06 +9.916907089e-06 +1.639300099e+02 +1.639300099e+02 -4.3595e-01 +3.5552e-01 -6.5111e-01
11422 +6.087123097e-06 +6.087123097e-06 +1.639300061e+02 +1.639300061e+02 -4.3661e-01 +3.5543e-01 -6.5229e-01
12407 +3.117099567e-06 +3.117099567e-06 +1.639300031e+02 +1.639300031e+02 -4.3746e-01 +3.5532e-01 -6.5385e-01
12539 +2.499269669e-06 +2.499269669e-06 +1.639300025e+02 +1.639300025e+02 -4.3757e-01 +3.5532e-01 -6.5397e-01
12954 +1.323473157e-06 +1.323473157e-06 +1.639300013e+02 +1.639300013e+02 -4.3790e-01 +3.5524e-01 -6.5457e-01
12974 +9.623302901e-07 +9.623302901e-07 +1.639300010e+02 +1.639300010e+02 -4.3817e-01 +3.5521e-01 -6.5500e-01
13591 +5.896401944e-07 +5.896401944e-07 +1.639300006e+02 +1.639300006e+02 -4.3837e-01 +3.5520e-01 -6.5539e-01
15284 +3.805056679e-07 +3.805056679e-07 +1.639300004e+02 +1.639300004e+02 -4.3853e-01 +3.5518e-01 -6.5567e-01
16454 +2.509555372e-07 +2.509555372e-07 +1.639300003e+02 +1.639300003e+02 -4.3856e-01 +3.5516e-01 -6.5572e-01
17536 +1.577417379e-07 +1.577417379e-07 +1.639300002e+02 +1.639300002e+02 -4.3866e-01 +3.5514e-01 -6.5590e-01
17958 +7.795810575e-08 +7.795810575e-08 +1.639300001e+02 +1.639300001e+02 -4.3880e-01 +3.5513e-01 -6.5614e-01
18719 +5.099380473e-08 +5.099380473e-08 +1.639300001e+02 +1.639300001e+02 -4.3885e-01 +3.5512e-01 -6.5623e-01
18908 +3.915044999e-08 +3.915044999e-08 +1.639300000e+02 +1.639300000e+02 -4.3887e-01 +3.5511e-01 -6.5626e-01
19657 +2.499231755e-08 +2.499231755e-08 +1.639300000e+02 +1.639300000e+02 -4.3891e-01 +3.5511e-01 -6.5633e-01
20690 +7.336382168e-09 +7.336382168e-09 +1.639300000e+02 +1.639300000e+02 -4.3907e-01 +3.5509e-01 -6.5660e-01
% function evaluation | noise-free fitness - Fopt (-5.002000000000e+01) | best noise-free fitness - Fopt | measured fitness | best measured fitness | x1 | x2...
1 +1.242323264e+04 +1.242323264e+04 +1.237321264e+04 +1.237321264e+04 -1.6017e-01 -3.2396e+00 -9.9659e-01
4 +7.163822639e+03 +7.163822639e+03 +7.113802639e+03 +7.113802639e+03 +2.3398e-01 +3.4824e+00 -2.9229e+00
5 +2.625750529e+03 +2.625750529e+03 +2.575730529e+03 +2.575730529e+03 +3.2208e+00 -1.1802e+00 +1.7875e+00
7 +2.135093396e+03 +2.135093396e+03 +2.085073396e+03 +2.085073396e+03 +1.9895e+00 +3.9878e-01 +2.2374e+00
15 +6.658756222e+02 +6.658756222e+02 +6.158556222e+02 +6.158556222e+02 +1.9140e+00 +8.8166e-01 +1.4103e+00
17 +1.883252009e+02 +1.883252009e+02 +1.383052009e+02 +1.383052009e+02 -4.6862e-01 +3.7790e-01 -7.7369e-01
44 +1.087373173e+01 +1.087373173e+01 -3.914626827e+01 -3.914626827e+01 +5.7922e-01 +2.7635e-01 -4.6226e-01
176 +5.006423562e+00 +5.006423562e+00 -4.501357644e+01 -4.501357644e+01 +3.7698e-01 -3.8542e-01 -6.7914e-02
205 +2.886642258e+00 +2.886642258e+00 -4.713335774e+01 -4.713335774e+01 +8.2037e-01 +1.8328e-01 -1.2147e-01
286 +2.606308030e-01 +2.606308030e-01 -4.975936920e+01 -4.975936920e+01 -2.8602e-01 -3.2874e-01 +6.3275e-02
396 +2.149527878e-01 +2.149527878e-01 -4.980504721e+01 -4.980504721e+01 -2.5909e-01 -3.2547e-01 +7.4894e-02
416 +1.179663689e-01 +1.179663689e-01 -4.990203363e+01 -4.990203363e+01 -2.7415e-01 -3.1116e-01 +7.4498e-02
496 +9.959849165e-02 +9.959849165e-02 -4.992040151e+01 -4.992040151e+01 -2.7677e-01 -3.0518e-01 +6.7522e-02
916 +6.273035246e-02 +6.273035246e-02 -4.995726965e+01 -4.995726965e+01 -3.8014e-01 -2.9513e-01 +1.0202e-01
1233 +3.932504692e-02 +3.932504692e-02 -4.998067495e+01 -4.998067495e+01 -4.7438e-01 -2.7825e-01 +1.2865e-01
1386 +2.424619245e-02 +2.424619245e-02 -4.999575381e+01 -4.999575381e+01 -5.3518e-01 -2.6446e-01 +1.4983e-01
1745 +1.516983712e-02 +1.516983712e-02 -5.000483016e+01 -5.000483016e+01 -5.8999e-01 -2.5296e-01 +1.6503e-01
2743 +9.940839671e-03 +9.940839671e-03 -5.001005916e+01 -5.001005916e+01 -6.3057e-01 -2.4299e-01 +1.7508e-01
3216 +6.284450963e-03 +6.284450963e-03 -5.001371555e+01 -5.001371555e+01 -6.6553e-01 -2.3491e-01 +1.8534e-01
3490 +3.958481747e-03 +3.958481747e-03 -5.001604152e+01 -5.001604152e+01 -6.9585e-01 -2.2754e-01 +1.9375e-01
3760 +2.494810200e-03 +2.494810200e-03 -5.001750519e+01 -5.001750519e+01 -7.1965e-01 -2.2142e-01 +2.0012e-01
4815 +1.583459487e-03 +1.583459487e-03 -5.001841654e+01 -5.001841654e+01 -7.3829e-01 -2.1646e-01 +2.0504e-01
5445 +8.892604821e-04 +8.892604821e-04 -5.001911074e+01 -5.001911074e+01 -7.5896e-01 -2.1121e-01 +2.1080e-01
6739 +6.309156907e-04 +6.309156907e-04 -5.001936908e+01 -5.001936908e+01 -7.6552e-01 -2.0911e-01 +2.1229e-01
7752 +3.975517142e-04 +3.975517142e-04 -5.001960245e+01 -5.001960245e+01 -7.7538e-01 -2.0650e-01 +2.1496e-01
9389 +2.482059846e-04 +2.482059846e-04 -5.001975179e+01 -5.001975179e+01 -7.8303e-01 -2.0432e-01 +2.1698e-01
9951 +1.574545786e-04 +1.574545786e-04 -5.001984255e+01 -5.001984255e+01 -7.8912e-01 -2.0261e-01 +2.1860e-01
10534 +8.504533318e-05 +8.504533318e-05 -5.001991495e+01 -5.001991495e+01 -8.1814e-01 -1.9503e-01 +2.2634e-01
11020 +4.150048471e-05 +4.150048471e-05 -5.001995850e+01 -5.001995850e+01 -8.1730e-01 -1.9492e-01 +2.2570e-01
11060 +2.929312721e-05 +2.929312721e-05 -5.001997071e+01 -5.001997071e+01 -8.1738e-01 -1.9497e-01 +2.2611e-01
11070 +1.361560065e-05 +1.361560065e-05 -5.001998638e+01 -5.001998638e+01 -8.1742e-01 -1.9497e-01 +2.2596e-01
11270 +5.648387010e-06 +5.648387010e-06 -5.001999435e+01 -5.001999435e+01 -8.1719e-01 -1.9492e-01 +2.2591e-01
21721 +3.884799980e-06 +3.884799980e-06 -5.001999612e+01 -5.001999612e+01 -8.1475e-01 -1.9548e-01 +2.2521e-01
22231 +8.578930704e-07 +8.578930704e-07 -5.001999914e+01 -5.001999914e+01 -8.1460e-01 -1.9558e-01 +2.2521e-01
25101 +6.225325535e-07 +6.225325535e-07 -5.001999938e+01 -5.001999938e+01 -8.1453e-01 -1.9560e-01 +2.2522e-01
26610 +3.974477707e-07 +3.974477707e-07 -5.001999960e+01 -5.001999960e+01 -8.1425e-01 -1.9568e-01 +2.2514e-01
27951 +2.408772914e-07 +2.408772914e-07 -5.001999976e+01 -5.001999976e+01 -8.1397e-01 -1.9576e-01 +2.2507e-01
28626 +1.572959789e-07 +1.572959789e-07 -5.001999984e+01 -5.001999984e+01 -8.1379e-01 -1.9581e-01 +2.2502e-01
29741 +9.942387180e-08 +9.942387180e-08 -5.001999990e+01 -5.001999990e+01 -8.1363e-01 -1.9586e-01 +2.2498e-01
% function evaluation | noise-free fitness - Fopt (5.888600000000e+02) | best noise-free fitness - Fopt | measured fitness | best measured fitness | x1 | x2...
1 +4.394817456e+04 +4.394817456e+04 +4.453703456e+04 +4.453703456e+04 -6.9413e-01 -4.0306e+00 -4.5765e+00
4 +6.339179496e+02 +6.339179496e+02 +1.222777950e+03 +1.222777950e+03 -3.7798e+00 -1.7017e+00 -1.5824e+00
5 +3.684282796e+02 +3.684282796e+02 +9.572882796e+02 +9.572882796e+02 -1.4366e+00 -9.2741e-01 -6.5200e-01
16 +1.119171517e+02 +1.119171517e+02 +7.007771517e+02 +7.007771517e+02 -3.6968e-01 +1.3847e+00 -9.0341e-01
24 +3.199635732e+01 +3.199635732e+01 +6.208563573e+02 +6.208563573e+02 +0.0000e+00 +7.9046e-01 -8.7447e-01
122 +2.443098159e+01 +2.443098159e+01 +6.132909816e+02 +6.132909816e+02 -1.0235e-01 -2.3388e-01 +1.4144e-01
140 +8.424316837e+00 +8.424316837e+00 +5.972843168e+02 +5.972843168e+02 -3.6555e-01 +5.9372e-01 -5.3080e-01
225 +2.903186709e+00 +2.903186709e+00 +5.917631867e+02 +5.917631867e+02 -1.9447e-01 +6.2983e-01 -4.2573e-01
330 +2.285630124e+00 +2.285630124e+00 +5.911456301e+02 +5.911456301e+02 -1.5653e-01 +6.4514e-01 -4.2400e-01
482 +1.555488075e+00 +1.555488075e+00 +5.904154881e+02 +5.904154881e+02 +1.6255e-01 +4.3373e-01 -4.2119e-01
664 +8.850306187e-01 +8.850306187e-01 +5.897450306e+02 +5.897450306e+02 +2.0400e-01 +3.7186e-01 -3.1551e-01
953 +6.029112716e-01 +6.029112716e-01 +5.894629113e+02 +5.894629113e+02 +2.9531e-01 +1.1342e-01 -1.5235e-01
1182 +3.679972565e-01 +3.679972565e-01 +5.892279973e+02 +5.892279973e+02 +3.3771e-01 -7.0242e-02 -1.3131e-03
1279 +2.510902247e-01 +2.510902247e-01 +5.891110902e+02 +5.891110902e+02 +3.1044e-01 -5.0398e-02 +4.5901e-03
1352 +1.235292278e-01 +1.235292278e-01 +5.889835292e+02 +5.889835292e+02 +3.0091e-01 -2.1430e-01 +1.1105e-01
1877 +9.581849815e-02 +9.581849815e-02 +5.889558185e+02 +5.889558185e+02 +2.9156e-01 -2.6549e-01 +1.4775e-01
2724 +5.387843465e-02 +5.387843465e-02 +5.889138784e+02 +5.889138784e+02 +2.6830e-01 -4.0152e-01 +2.3625e-01
3042 +1.836015273e-02 +1.836015273e-02 +5.888783602e+02 +5.888783602e+02 +2.2847e-01 -5.3395e-01 +3.2102e-01
3562 +1.574381857e-02 +1.574381857e-02 +5.888757438e+02 +5.888757438e+02 +2.2677e-01 -5.3109e-01 +3.2064e-01
6672 +9.970658692e-03 +9.970658692e-03 +5.888699707e+02 +5.888699707e+02 +2.1466e-01 -5.6765e-01 +3.4274e-01
7115 +6.175110210e-03 +6.175110210e-03 +5.888661751e+02 +5.888661751e+02 +2.0298e-01 -6.0349e-01 +3.6404e-01
8419 +3.972439713e-03 +3.972439713e-03 +5.888639724e+02 +5.888639724e+02 +1.9505e-01 -6.2807e-01 +3.7958e-01
9151 +2.115862388e-03 +2.115862388e-03 +5.888621159e+02 +5.888621159e+02 +1.8373e-01 -6.5619e-01 +3.9723e-01
11922 +1.232177369e-03 +1.232177369e-03 +5.888612322e+02 +5.888612322e+02 +1.7908e-01 -6.7339e-01 +4.0713e-01
12726 +9.349587351e-04 +9.349587351e-04 +5.888609350e+02 +5.888609350e+02 +1.7597e-01 -6.7912e-01 +4.1062e-01
14831 +5.474534937e-04 +5.474534937e-04 +5.888605475e+02 +5.888605475e+02 +1.7191e-01 -6.9088e-01 +4.1758e-01
17383 +3.843189101e-04 +3.843189101e-04 +5.888603843e+02 +5.888603843e+02 +1.6992e-01 -6.9690e-01 +4.2116e-01
18785 +2.441109368e-04 +2.441109368e-04 +5.888602441e+02 +5.888602441e+02 +1.6788e-01 -7.0267e-01 +4.2476e-01
20681 +1.583088289e-04 +1.583088289e-04 +5.888601583e+02 +5.888601583e+02 +1.6612e-01 -7.0776e-01 +4.2788e-01
21414 +9.868100051e-05 +9.868100051e-05 +5.888600987e+02 +5.888600987e+02 +1.6448e-01 -7.1208e-01 +4.3044e-01
24732 +6.296627873e-05 +6.296627873e-05 +5.888600630e+02 +5.888600630e+02 +1.6325e-01 -7.1560e-01 +4.3249e-01
26313 +3.978076313e-05 +3.978076313e-05 +5.888600398e+02 +5.888600398e+02 +1.6226e-01 -7.1814e-01 +4.3404e-01
27790 +2.510243792e-05 +2.510243792e-05 +5.888600251e+02 +5.888600251e+02 +1.6148e-01 -7.2039e-01 +4.3537e-01
% function evaluation | noise-free fitness - Fopt (-3.294000000000e+01) | best noise-free fitness - Fopt | measured fitness | best measured fitness | x1 | x2...
1 +6.825656648e+04 +6.825656648e+04 +6.822362648e+04 +6.822362648e+04 -4.2059e+00 -2.6367e-01 -3.5062e+00
2 +8.880116336e+03 +8.880116336e+03 +8.847176336e+03 +8.847176336e+03 +1.2493e+00 -4.7774e+00 +1.6871e+00
7 +4.742330084e+03 +4.742330084e+03 +4.709390084e+03 +4.709390084e+03 +3.5970e+00 -1.0877e-01 -5.8911e-01
8 +2.809546571e+03 +2.809546571e+03 +2.776606571e+03 +2.776606571e+03 +1.0847e+00 -2.7733e+00 -1.5105e-01
10 +2.833506886e+01 +2.833506886e+01 -4.604931139e+00 -4.604931139e+00 +5.3803e-01 +8.5675e-01 +9.1511e-01
35 +1.878470017e+01 +1.878470017e+01 -1.415529983e+01 -1.415529983e+01 +4.4290e-01 +2.5425e-01 +1.4049e+00
76 +9.566639447e+00 +9.566639447e+00 -2.337336055e+01 -2.337336055e+01 -5.7825e-01 +1.7612e+00 -1.2956e+00
436 +4.944347889e+00 +4.944347889e+00 -2.799565211e+01 -2.799565211e+01 -6.2630e-01 +1.8028e+00 -1.2894e+00
456 +3.155385226e+00 +3.155385226e+00 -2.978461477e+01 -2.978461477e+01 -6.4809e-01 +1.7862e+00 -1.2899e+00
624 +1.834743323e+00 +1.834743323e+00 -3.110525668e+01 -3.110525668e+01 -7.1879e-01 +1.7110e+00 -1.2892e+00
682 +1.505763906e+00 +1.505763906e+00 -3.143423609e+01 -3.143423609e+01 -6.2879e-01 +1.4014e+00 -1.0841e+00
1148 +5.426278446e-01 +5.426278446e-01 -3.239737216e+01 -3.239737216e+01 -6.6503e-01 +1.3219e+00 -1.0630e+00
1168 +2.944979667e-01 +2.944979667e-01 -3.264550203e+01 -3.264550203e+01 -6.6398e-01 +1.2992e+00 -1.0837e+00
1242 +2.151774030e-01 +2.151774030e-01 -3.272482260e+01 -3.272482260e+01 -6.5150e-01 +1.3212e+00 -1.0817e+00
2503 +1.215848747e-01 +1.215848747e-01 -3.281841513e+01 -3.281841513e+01 -6.2425e-01 +1.0605e+00 -9.2042e-01
2856 +8.836802564e-02 +8.836802564e-02 -3.285163197e+01 -3.285163197e+01 -6.0388e-01 +8.8309e-01 -8.2848e-01
3075 +5.496423826e-02 +5.496423826e-02 -3.288503576e+01 -3.288503576e+01 -5.8239e-01 +8.0273e-01 -7.7616e-01
3805 +3.857974508e-02 +3.857974508e-02 -3.290142025e+01 -3.290142025e+01 -5.8311e-01 +7.8145e-01 -7.6069e-01
7995 +2.499433458e-02 +2.499433458e-02 -3.291500567e+01 -3.291500567e+01 -5.6982e-01 +7.2894e-01 -7.2680e-01
10292 +1.581750465e-02 +1.581750465e-02 -3.292418250e+01 -3.292418250e+01 -5.5704e-01 +6.6713e-01 -6.8852e-01
11621 +9.541666162e-03 +9.541666162e-03 -3.293045833e+01 -3.293045833e+01 -5.4503e-01 +6.1288e-01 -6.5606e-01
12461 +6.183656069e-03 +6.183656069e-03 -3.293381634e+01 -3.293381634e+01 -5.3740e-01 +5.8016e-01 -6.3525e-01
14255 +3.967885601e-03 +3.967885601e-03 -3.293603211e+01 -3.293603211e+01 -5.3033e-01 +5.5156e-01 -6.1745e-01
15631 +2.511394506e-03 +2.511394506e-03 -3.293748861e+01 -3.293748861e+01 -5.2513e-01 +5.2886e-01 -6.0330e-01
16735 +1.584010147e-03 +1.584010147e-03 -3.293841599e+01 -3.293841599e+01 -5.2062e-01 +5.1055e-01 -5.9200e-01
18740 +9.992949123e-04 +9.992949123e-04 -3.293900071e+01 -3.293900071e+01 -5.1689e-01 +4.9662e-01 -5.8333e-01
19766 +6.297118958e-04 +6.297118958e-04 -3.293937029e+01 -3.293937029e+01 -5.1401e-01 +4.8481e-01 -5.7608e-01
22979 +3.972159977e-04 +3.972159977e-04 -3.293960278e+01 -3.293960278e+01 -5.1154e-01 +4.7634e-01 -5.7073e-01
24444 +2.508043795e-04 +2.508043795e-04 -3.293974920e+01 -3.293974920e+01 -5.0974e-01 +4.6930e-01 -5.6635e-01
26023 +1.578178988e-04 +1.578178988e-04 -3.293984218e+01 -3.293984218e+01 -5.0822e-01 +4.6345e-01 -5.6275e-01
26212 +9.805030378e-05 +9.805030378e-05 -3.293990195e+01 -3.293990195e+01 -5.0699e-01 +4.5916e-01 -5.5991e-01
27422 +6.275752930e-05 +6.275752930e-05 -3.293993724e+01 -3.293993724e+01 -5.0610e-01 +4.5582e-01 -5.5785e-01
28613 +3.964089948e-05 +3.964089948e-05 -3.293996036e+01 -3.293996036e+01 -5.0535e-01 +4.5305e-01 -5.5611e-01
28926 +2.477174256e-05 +2.477174256e-05 -3.293997523e+01 -3.293997523e+01 -5.0475e-01 +4.5077e-01 -5.5471e-01
% function evaluation | noise-free fitness - Fopt (-1.116200000000e+02) | best noise-free fitness - Fopt | measured fitness | best measured fitness | x1 | x2...
1 +4.907685832e+03 +4.907685832e+03 +4.796065832e+03 +4.796065832e+03 -5.8121e-02 +2.3069e+00 +5.2324e-01
4 +4.360399242e+02 +4.360399242e+02 +3.244199242e+02 +3.244199242e+02 -1.1762e+00 +6.8124e-01 -9.0753e-01
20 +4.762251078e+00 +4.762251078e+00 -1.068577489e+02 -1.068577489e+02 -4.7794e-01 -2.8032e-01 -3.6036e-01
151 +1.493230753e+00 +1.493230753e+00 -1.101267692e+02 -1.101267692e+02 -2.9258e-01 -3.0408e-01 -4.2896e-01
443 +6.394141561e-01 +6.394141561e-01 -1.109805858e+02 -1.109805858e+02 -6.6368e-02 +7.7635e-02 -3.6665e-01
481 +4.906534987e-01 +4.906534987e-01 -1.111293465e+02 -1.111293465e+02 -8.9644e-02 +6.8546e-02 -3.6252e-01
722 +3.656950401e-01 +3.656950401e-01 -1.112543050e+02 -1.112543050e+02 +2.0983e-02 +1.7680e-01 -2.3738e-01
823 +2.351712904e-01 +2.351712904e-01 -1.113848287e+02 -1.113848287e+02 +7.5831e-02 +2.4246e-01 -2.0074e-01
1501 +1.556526187e-01 +1.556526187e-01 -1.114643474e+02 -1.114643474e+02 +1.4245e-01 +3.0249e-01 -1.2375e-01
1912 +9.359180850e-02 +9.359180850e-02 -1.115264082e+02 -1.115264082e+02 +2.5661e-01 +4.0146e-01 +1.1595e-02
3056 +5.618450696e-02 +5.618450696e-02 -1.115638155e+02 -1.115638155e+02 +3.0615e-01 +4.2995e-01 +6.7341e-02
5022 +3.964351652e-02 +3.964351652e-02 -1.115803565e+02 -1.115803565e+02 +3.3192e-01 +4.3757e-01 +1.0115e-01
6458 +2.390518649e-02 +2.390518649e-02 -1.115960948e+02 -1.115960948e+02 +3.7630e-01 +4.6548e-01 +1.4893e-01
8010 +1.580333334e-02 +1.580333334e-02 -1.116041967e+02 -1.116041967e+02 +4.0519e-01 +4.8276e-01 +1.8491e-01
9933 +9.716483866e-03 +9.716483866e-03 -1.116102835e+02 -1.116102835e+02 +4.3837e-01 +4.9980e-01 +2.2421e-01
11384 +6.283079445e-03 +6.283079445e-03 -1.116137169e+02 -1.116137169e+02 +4.5811e-01 +5.1023e-01 +2.4934e-01
12850 +3.852948330e-03 +3.852948330e-03 -1.116161471e+02 -1.116161471e+02 +4.7842e-01 +5.2069e-01 +2.7447e-01
14315 +2.507900393e-03 +2.507900393e-03 -1.116174921e+02 -1.116174921e+02 +4.9222e-01 +5.2779e-01 +2.9081e-01
15702 +1.584440700e-03 +1.584440700e-03 -1.116184156e+02 -1.116184156e+02 +5.0473e-01 +5.3408e-01 +3.0623e-01
17952 +9.997279041e-04 +9.997279041e-04 -1.116190003e+02 -1.116190003e+02 +5.1456e-01 +5.3868e-01 +3.1813e-01
19011 +6.267160201e-04 +6.267160201e-04 -1.116193733e+02 -1.116193733e+02 +5.2251e-01 +5.4252e-01 +3.2767e-01
20377 +3.964528745e-04 +3.964528745e-04 -1.116196035e+02 -1.116196035e+02 +5.2952e-01 +5.4562e-01 +3.3632e-01
22372 +2.502168484e-04 +2.502168484e-04 -1.116197498e+02 -1.116197498e+02 +5.3382e-01 +5.4791e-01 +3.4143e-01
22994 +1.496141539e-04 +1.496141539e-04 -1.116198504e+02 -1.116198504e+02 +5.3833e-01 +5.4996e-01 +3.4706e-01
24820 +9.621739547e-05 +9.621739547e-05 -1.116199038e+02 -1.116199038e+02 +5.4143e-01 +5.5142e-01 +3.5088e-01
27442 +6.289770089e-05 +6.289770089e-05 -1.116199371e+02 -1.116199371e+02 +5.4355e-01 +5.5245e-01 +3.5337e-01
28372 +3.903757202e-05 +3.903757202e-05 -1.116199610e+02 -1.116199610e+02 +5.4618e-01 +5.5376e-01 +3.5663e-01
29924 +2.499138056e-05 +2.499138056e-05 -1.116199750e+02 -1.116199750e+02 +5.4721e-01 +5.5411e-01 +3.5780e-01
