% function evaluation | noise-free fitness - Fopt (-5.235000000000e+01) | best noise-free fitness - Fopt | measured fitness | best measured fitness | x1 | x2...
1 +3.464705067e+02 +3.464705067e+02 +2.941205067e+02 +2.941205067e+02 -4.1470e+00 +1.1164e+00 -1.4174e+00 -2.6315e+00 -2.6205e+00 -1.6663e+00 +6.2924e-01 +3.7284e+00 +2.9813e+00 -5.4977e-01 -4.3731e+00 -4.3208e+00 +4.2569e+00 -3.7701e+00 +3.9082e+00 -1.2049e+00 +3.5932e+00 +1.6714e+00 -1.9883e-01 +2.3367e+00
3 +1.686007517e+02 +1.686007517e+02 +1.162507517e+02 +1.162507517e+02 -3.6573e+00 -6.2944e-01 +2.5928e+00 -2.0110e+00 +2.7088e+00 -2.9192e+00 -1.0862e+00 -8.4817e-01 -3.7206e+00 -6.3687e-01 -1.9442e+00 +1.8949e+00 +3.2387e+00 -3.7112e+00 -1.9597e+00 +3.1787e-01 -5.0062e-01 -7.9344e-01 -3.4616e+00 +2.2687e+00
8 +8.600822871e+01 +8.600822871e+01 +3.365822871e+01 +3.365822871e+01 +3.7824e+00 -4.6214e+00 -1.9207e+00 -5.1639e-01 +4.7186e+00 +1.7990e+00 +3.0359e+00 -3.3228e+00 +1.5650e-01 -3.7582e+00 -1.1869e+00 -4.2542e+00 -9.3290e-01 +2.7464e+00 +4.7223e+00 -1.6362e+00 +3.6153e+00 -2.5459e+00 -4.1151e+00 -3.1485e+00
22 +4.667440643e+01 +4.667440643e+01 -5.675593571e+00 -5.675593571e+00 +2.6431e+00 +8.0102e-01 -1.8144e+00 -2.5293e+00 -4.6492e+00 +3.4867e+00 -2.1847e+00 -2.7505e+00 -2.1108e+00 -1.1611e+00 +9.5985e-01 +4.2969e+00 -1.8294e+00 +1.9600e+00 +2.1869e+00 -2.3703e-01 -4.3461e+00 -9.3016e-01 +4.5405e+00 +1.4488e+00
97 +2.944487415e+01 +2.944487415e+01 -2.290512585e+01 -2.290512585e+01 -4.7148e-01 +2.1952e+00 -4.3881e+00 -2.7641e+00 +5.1108e-01 +5.0000e+00 -5.0000e+00 -3.1350e+00 +1.7666e+00 -5.0410e-01 +2.4870e+00 +4.8425e-01 +2.2565e-01 +3.2608e+00 +2.8569e+00 +1.0473e-01 -5.0000e+00 -2.4502e+00 +1.2022e+00 +8.3897e-01
347 +2.186039644e+01 +2.186039644e+01 -3.048960356e+01 -3.048960356e+01 +1.1314e+00 +1.1509e+00 -2.8314e+00 -2.1862e+00 -1.2601e+00 +4.4617e+00 -4.9943e+00 -2.3723e+00 +5.0000e+00 -9.9935e-01 +2.1492e+00 +2.7536e+00 +3.0998e+00 +2.5798e+00 +4.8770e+00 -3.1921e+00 -5.0000e+00 -1.2243e+00 +4.8290e+00 -2.6425e+00
403 +1.551720397e+01 +1.551720397e+01 -3.683279603e+01 -3.683279603e+01 -2.6097e-01 -3.9647e-01 +9.3128e-01 -2.4491e+00 -3.1325e+00 +5.0000e+00 -4.9979e+00 -1.0549e+00 +0.0000e+00 +1.6111e+00 +2.7008e+00 +1.9077e+00 +3.4861e+00 +2.6799e+00 -1.7737e-01 +6.8665e-01 -4.9963e+00 -2.4768e+00 +4.4614e+00 -1.7345e+00
1332 +9.561007053e+00 +9.561007053e+00 -4.278899295e+01 -4.278899295e+01 +2.7447e-01 -7.6458e-01 +1.9548e+00 -4.0283e+00 -1.8326e+00 +4.4519e+00 -4.8948e+00 +4.5012e-01 +2.5350e+00 -1.6445e+00 +2.3089e+00 -2.2488e+00 +5.0000e+00 -4.6688e-01 +8.1194e-01 +6.4225e-01 -4.9975e+00 +7.7238e-01 +2.9437e+00 -5.0000e+00
27788 +5.937230998e+00 +5.937230998e+00 -4.641276900e+01 -4.641276900e+01 -4.4553e-01 -6.0104e-02 +3.0356e+00 -2.8856e+00 -2.0647e+00 +4.1573e+00 -5.0000e+00 -6.8954e-01 +2.3461e+00 -2.4413e+00 +2.5882e+00 -1.6508e-01 +5.0000e+00 -3.9737e-01 -1.1050e+00 +1.1256e+00 -4.9625e+00 +1.5854e+00 +2.7162e+00 -5.0000e+00
% function evaluation | noise-free fitness - Fopt (-1.795400000000e+02) | best noise-free fitness - Fopt | measured fitness | best measured fitness | x1 | x2...
1 +2.701476654e+02 +2.701476654e+02 +9.060766541e+01 +9.060766541e+01 +2.4250e-01 +2.4395e+00 -8.3502e-01 +4.8263e+00 -1.1568e+00 +1.6384e+00 +4.9427e+00 -2.6411e+00 +2.4403e+00 -3.3049e+00 -3.9235e+00 -9.6336e-01 -1.2658e+00 +2.3883e+00 -1.2331e+00 -3.9566e+00 -1.3603e+00 -3.5286e+00 -3.4696e+00 -4.9790e+00
2 +6.758578377e+01 +6.758578377e+01 -1.119542162e+02 -1.119542162e+02 +2.5930e+00 +3.0074e+00 -1.7629e+00 +1.3428e+00 +1.3428e+00 -2.7623e+00 +4.1420e+00 -4.5076e-01 +3.4156e-01 -7.2277e-02 -7.8903e-01 -1.4445e+00 -5.3635e-01 +2.4460e+00 +3.9232e+00 +4.7574e+00 +3.9668e-01 +1.0424e-01 +1.9690e+00 -3.0821e+00
6 +6.010655421e+01 +6.010655421e+01 -1.194334458e+02 -1.194334458e+02 -4.0664e+00 +4.3527e+00 -2.9551e+00 +4.5423e+00 +2.9049e+00 -2.9023e+00 +2.6841e+00 -1.5498e+00 +8.3599e-01 -4.1130e+00 +1.8445e+00 -4.9274e+00 +1.5927e-01 +1.7312e+00 +3.6607e+00 -3.3668e+00 +9.0632e-01 +5.4434e-01 -2.6986e+00 +2.7856e+00
80 +3.724535817e+01 +3.724535817e+01 -1.422946418e+02 -1.422946418e+02 -5.0000e+00 +3.1899e+00 -4.2620e-01 +5.0000e+00 +1.6813e+00 +1.7250e+00 +2.6664e+00 +7.4696e-02 -2.2132e-01 -8.5173e-01 +2.2433e+00 +3.4060e-01 -5.9594e-01 +1.5560e+00 +8.3429e-01 -2.2874e-01 -1.1269e+00 +2.7526e+00 +1.3652e-01 -4.6580e-01
203 +2.172608238e+01 +2.172608238e+01 -1.578139176e+02 -1.578139176e+02 -1.7463e+00 +2.8499e-01 -3.0030e+00 +3.6331e+00 +1.6052e+00 -3.9857e-01 -5.7596e-01 +4.8924e+00 -3.3464e+00 +1.0140e+00 +1.7640e+00 -2.5544e+00 +3.4091e-01 +0.0000e+00 +1.5611e+00 +1.1600e+00 +1.1665e+00 +2.5838e+00 +9.0044e-01 -3.0796e+00
356 +1.366858227e+01 +1.366858227e+01 -1.658714177e+02 -1.658714177e+02 +2.8282e-01 +1.1615e+00 -2.7530e+00 +5.0000e+00 +3.7398e+00 +5.7193e-01 +4.6659e-01 +4.7026e+00 -1.4962e+00 -1.1638e+00 +5.4639e-01 -2.2972e+00 -1.9353e+00 +1.9770e+00 -2.5114e+00 +6.2840e-01 +0.0000e+00 +5.0000e+00 +1.6703e+00 -3.2926e+00
1156 +9.757937720e+00 +9.757937720e+00 -1.697820623e+02 -1.697820623e+02 +6.7793e-01 -7.3112e-01 -4.9486e-01 +5.0000e+00 +1.4771e+00 -1.1552e+00 +2.8137e+00 +4.9482e+00 -1.6362e+00 +2.1995e+00 +7.4589e-01 +2.2158e+00 -1.9906e+00 +0.0000e+00 +2.6119e+00 +2.4215e+00 +6.7070e-02 +5.0000e+00 -4.5700e-01 -2.8257e+00
8988 +5.430918042e+00 +5.430918042e+00 -1.741090820e+02 -1.741090820e+02 +5.9915e-01 +2.5613e+00 -1.6129e+00 +4.2976e+00 +2.0422e+00 -2.4397e-01 +2.5403e+00 +4.0173e+00 -5.4532e-01 +2.2532e+00 -1.4627e-01 +1.6616e+00 -3.1845e+00 +4.3311e-01 +1.6289e+00 +2.4398e+00 -1.6742e+00 +5.0000e+00 +1.6127e+00 -1.6244e+00
68188 +3.779096565e+00 +3.779096565e+00 -1.757609034e+02 -1.757609034e+02 +4.6142e-01 +1.1122e+00 -2.6881e+00 +2.3066e+00 +2.4753e+00 -1.8750e+00 +4.5664e+00 +5.0000e+00 +1.3099e-01 +2.6990e-01 -5.4240e-02 +2.4009e-01 -1.0838e+00 +1.6150e+00 +3.5763e+00 +8.2676e-01 -1.2926e+00 +5.0000e+00 +2.6241e+00 -1.9658e+00
% function evaluation | noise-free fitness - Fopt (7.731000000000e+01) | best noise-free fitness - Fopt | measured fitness | best measured fitness | x1 | x2...
1 +8.096001682e+01 +8.096001682e+01 +1.582700168e+02 +1.582700168e+02 -1.0270e+00 +4.7135e+00 +4.1518e-01 +1.3309e+00 -3.1146e-01 +1.6603e+00 -3.9036e+00 +3.8717e+00 +1.0603e+00 +7.0606e-01 -3.0993e+00 +1.7831e+00 +2.1291e+00 -9.9518e-01 -1.3595e+00 +2.3332e+00 -5.6141e-01 -2.6875e+00 +9.6529e-01 +4.2020e+00
11 +6.177748204e+01 +6.177748204e+01 +1.390874820e+02 +1.390874820e+02 +4.2014e+00 +1.1670e+00 +1.4222e+00 -6.9163e-01 +1.3771e+00 +4.7484e+00 -1.1990e+00 +4.0053e+00 -3.1629e+00 +9.3120e-01 -3.6770e+00 +8.2682e-01 +3.4832e+00 -6.7565e-01 -1.7500e+00 +9.9999e-01 -4.8066e+00 +2.1724e+00 +2.9122e-02 +4.5502e+00
46 +2.668156466e+01 +2.668156466e+01 +1.039915647e+02 +1.039915647e+02 +3.8279e+00 +4.9392e+00 -1.3836e+00 -1.7276e+00 -7.5886e-03 -2.2139e+00 +3.3724e+00 -3.7921e+00 +2.0133e+00 +3.0239e+00 +2.0576e+00 -2.2980e+00 -1.7457e+00 +1.8356e+00 +2.9774e+00 -5.9816e-01 -2.3824e+00 +3.6863e+00 +4.2709e+00 +3.4047e+00
172 +2.343954034e+01 +2.343954034e+01 +1.007495403e+02 +1.007495403e+02 +2.3640e+00 +3.9866e+00 -3.0332e+00 -2.0854e-01 -2.3420e+00 -3.4158e+00 +3.5282e+00 -5.0000e+00 +1.4593e+00 +1.9995e+00 +2.2811e+00 +0.0000e+00 +8.8757e-01 +1.9726e+00 +0.0000e+00 +0.0000e+00 -3.8547e+00 +3.7595e+00 +5.0000e+00 +0.0000e+00
541 +1.425608384e+01 +1.425608384e+01 +9.156608384e+01 +9.156608384e+01 -1.2606e+00 +0.0000e+00 -1.1036e+00 +0.0000e+00 -3.2041e-01 -2.4341e+00 +2.8567e+00 -4.0388e+00 +2.4569e+00 +2.1151e+00 +4.9784e+00 +1.6569e+00 +6.1649e-02 -4.2615e-01 +1.2592e+00 +1.7550e+00 -4.1546e+00 +3.6757e+00 +3.7189e+00 +2.2890e+00
2887 +9.592973871e+00 +9.592973871e+00 +8.690297387e+01 +8.690297387e+01 -1.1181e+00 -3.3448e+00 -8.2763e-01 -3.5644e+00 +1.0851e+00 -1.7115e+00 -2.5185e-01 -3.5864e+00 +3.8883e+00 +3.3530e+00 +3.8037e+00 +1.0309e+00 +1.2589e+00 +4.1684e+00 -9.4946e-01 +1.9536e+00 -3.4737e+00 +3.3121e+00 +4.7386e+00 +1.9348e+00
4534 +5.599701979e+00 +5.599701979e+00 +8.290970198e+01 +8.290970198e+01 +1.5427e+00 -8.7886e-01 -1.4519e+00 -3.5923e+00 -1.3660e-01 -3.0386e+00 -2.0571e-01 -3.0878e+00 +2.7517e+00 +3.4732e+00 +9.4043e-01 +8.4504e-01 +5.2452e-01 +1.5278e-01 -3.1679e-01 +4.4395e+00 -2.5371e-01 +6.6041e-01 +5.0000e+00 +2.8245e+00
41019 +3.840237550e+00 +3.840237550e+00 +8.115023755e+01 +8.115023755e+01 +7.8409e-01 -8.8752e-01 -2.9116e+00 -2.3939e+00 -1.9145e-01 -1.4283e+00 -3.8160e-01 -2.7308e+00 +1.6993e+00 +3.3186e+00 +1.4737e+00 +2.1289e+00 +1.1185e+00 +2.0146e+00 +8.2501e-02 +3.8440e+00 +4.4957e-01 +2.0829e+00 +5.0000e+00 +2.2354e+00
% function evaluation | noise-free fitness - Fopt (3.992000000000e+01) | best noise-free fitness - Fopt | measured fitness | best measured fitness | x1 | x2...
1 +2.050934544e+02 +2.050934544e+02 +2.450134544e+02 +2.450134544e+02 -1.5387e+00 -3.4946e+00 -3.4812e+00 -2.3770e+00 +3.5548e+00 +1.2450e+00 -3.2790e-02 +3.9337e+00 -3.1975e+00 +4.3419e+00 -1.1327e+00 -4.7924e+00 -2.0050e+00 +4.9839e+00 -2.5071e+00 -4.1337e+00 +3.2956e+00 -3.7161e+00 +1.7475e+00 -1.2019e+00
3 +1.184030408e+02 +1.184030408e+02 +1.583230408e+02 +1.583230408e+02 -3.6161e+00 +3.4452e+00 +1.6858e+00 +9.0506e-01 -2.2730e+00 +2.5203e+00 -4.8430e+00 +2.8797e+00 -4.2003e+00 +1.7254e+00 +3.9983e+00 -3.2018e+00 +4.0235e+00 +4.5595e+00 -2.3125e+00 +4.6848e+00 -1.5881e+00 +4.7847e+00 -3.2888e+00 -4.1271e+00
6 +9.036299378e+01 +9.036299378e+01 +1.302829938e+02 +1.302829938e+02 -3.1689e+00 +2.3299e+00 +3.5101e+00 -4.6959e+00 -2.8639e+00 +3.4153e+00 +8.2947e-01 +4.4599e+00 -4.6943e+00 -2.9888e+00 -3.5401e+00 +1.7446e+00 +4.9149e+00 +8.9131e-01 -3.2671e+00 -2.6032e+00 -3.2549e+00 +6.7682e-01 -3.4131e+00 -1.0418e+00
27 +5.246282653e+01 +5.246282653e+01 +9.238282653e+01 +9.238282653e+01 -2.8992e+00 +4.4935e+00 +2.3586e+00 -1.2539e+00 +6.8702e-03 -3.2801e+00 -3.2690e+00 -2.4806e+00 +1.5432e+00 -8.3871e-01 +3.9784e+00 -1.8421e-01 -4.3473e+00 +3.8503e+00 -4.7468e+00 -4.8818e+00 -4.6736e+00 -4.7272e+00 -2.6124e+00 -4.1529e+00
174 +3.697888737e+01 +3.697888737e+01 +7.689888737e+01 +7.689888737e+01 +0.0000e+00 +5.0000e+00 +1.3004e+00 +0.0000e+00 +2.1729e+00 -1.4611e+00 -2.0553e+00 +2.8655e-02 +3.6374e+00 +1.6614e+00 +2.2308e+00 +0.0000e+00 -4.2438e+00 +1.7596e+00 -3.2897e-01 -1.9787e+00 -1.2208e+00 -4.3764e+00 +0.0000e+00 +1.1173e-01
532 +1.910540592e+01 +1.910540592e+01 +5.902540592e+01 +5.902540592e+01 +3.6371e+00 +5.0000e+00 -1.2996e-01 -3.5004e+00 +6.8745e-01 -1.3496e+00 -2.4232e+00 -8.7765e-01 +3.0230e+00 +3.3335e+00 -1.6668e+00 -1.3106e+00 -4.1733e+00 -1.2571e+00 +6.2947e-02 -4.8953e-01 -9.6509e-01 -2.2619e-01 -2.6946e-02 -1.7410e+00
1354 +1.475921561e+01 +1.475921561e+01 +5.467921561e+01 +5.467921561e+01 +5.0000e+00 +2.7396e-01 -4.6983e-01 -4.9558e+00 -2.2113e+00 -2.6706e+00 +1.1188e+00 -9.1360e-01 +2.3665e+00 +2.5011e+00 -5.9579e-01 -1.7379e+00 -5.0000e+00 -1.0323e+00 +1.3410e+00 -2.5031e+00 -3.2241e-01 -4.2611e-01 +4.4989e-01 -4.0358e+00
2435 +7.266301064e+00 +7.266301064e+00 +4.718630106e+01 +4.718630106e+01 +5.0000e+00 -8.7507e-01 -4.3780e-02 -4.0395e+00 +2.6617e-01 +2.0786e+00 +1.7941e-01 -3.5424e-01 +9.1270e-01 +3.1587e+00 -8.0318e-01 -3.8980e-01 -3.4856e+00 +0.0000e+00 -1.0685e+00 +9.5234e-01 -9.5550e-01 +2.6594e+00 +1.4123e+00 -5.0000e+00
6211 +5.104339621e+00 +5.104339621e+00 +4.502433962e+01 +4.502433962e+01 +4.2839e+00 -8.6443e-01 +6.3272e-01 -2.7639e+00 -6.3857e-01 +3.5053e+00 +6.3172e-01 -4.1424e-01 +3.0889e+00 +2.0884e+00 -3.5393e-01 +6.9303e-01 -1.9443e-01 +2.9417e-01 -1.8324e+00 +1.7456e+00 +3.6331e-01 +0.0000e+00 -9.8801e-02 -5.0000e+00
18065 +3.596547060e+00 +3.596547060e+00 +4.351654706e+01 +4.351654706e+01 +5.0000e+00 -9.7576e-01 +2.4807e+00 -2.7729e+00 -1.7522e+00 +2.1222e+00 +1.3693e+00 +6.5953e-02 +2.5777e+00 +3.8105e+00 -6.3215e-01 +1.8124e+00 +1.7402e-01 -6.9251e-02 -1.3711e+00 +2.3100e-02 -3.8623e-01 -2.9503e-01 +1.0052e+00 -5.0000e+00
% function evaluation | noise-free fitness - Fopt (-5.661000000000e+01) | best noise-free fitness - Fopt | measured fitness | best measured fitness | x1 | x2...
1 +1.036584265e+02 +1.036584265e+02 +4.704842649e+01 +4.704842649e+01 +4.4471e+00 +4.3072e-01 +4.7298e+00 +4.9401e+00 -4.3106e+00 -1.5695e+00 -2.3613e-01 -1.4182e+00 -3.9525e+00 -1.7976e+00 +3.8251e+00 +3.6507e+00 +2.9448e+00 -1.3198e+00 +3.7110e+00 -2.0987e+00 +3.9716e+00 +5.3382e-02 -1.8904e+00 +1.3786e+00
7 +9.010792216e+01 +9.010792216e+01 +3.349792216e+01 +3.349792216e+01 +3.5507e+00 -2.5493e+00 -6.3882e-01 -1.6555e+00 +2.7199e+00 +2.8755e+00 +4.5108e+00 -2.6905e+00 +2.3696e+00 -2.7639e-01 -1.9800e+00 -4.0637e+00 +2.4349e+00 -2.2901e+00 +2.6816e+00 +3.4806e-01 +4.6477e+00 +1.8887e+00 -1.4954e+00 +2.5971e+00
36 +5.875991555e+01 +5.875991555e+01 +2.149915550e+00 +2.149915550e+00 -6.4834e-01 -4.5582e+00 -4.1847e+00 +4.2043e+00 -2.0593e+00 +7.1091e-02 -1.6311e+00 -1.8212e+00 -2.0136e+00 -2.6350e+00 -2.1178e+00 -4.8898e-01 +3.9095e+00 +3.7306e+00 +3.2204e+00 -4.8023e+00 +3.1752e-01 +1.9791e+00 -2.4366e+00 +4.4188e+00
110 +3.753999203e+01 +3.753999203e+01 -1.907000797e+01 -1.907000797e+01 -4.8850e+00 -8.9938e-01 -1.4455e-01 +4.6643e+00 -2.8273e+00 -4.5233e+00 +5.0000e+00 +7.2791e-01 -2.5497e+00 -2.0870e+00 -1.1189e+00 +5.0000e+00 -3.5949e+00 -5.0000e+00 +9.8608e-01 -7.2084e-02 -1.6288e+00 -2.4258e+00 -3.1090e+00 +2.4443e+00
255 +2.403746104e+01 +2.403746104e+01 -3.257253896e+01 -3.257253896e+01 -3.2047e+00 +1.6950e+00 -9.1517e-01 +1.3694e+00 -3.1674e+00 -1.4524e+00 +5.0000e+00 -5.0000e+00 -4.9646e+00 -3.2200e-01 -2.0990e+00 +1.2392e+00 -3.3775e+00 -4.6433e+00 -1.8353e+00 +2.0882e+00 +0.0000e+00 +0.0000e+00 -3.5724e+00 +3.3455e-01
604 +1.432990650e+01 +1.432990650e+01 -4.228009350e+01 -4.228009350e+01 +6.7919e-02 -1.2458e+00 +5.9625e-01 -2.6996e+00 -1.2351e+00 -1.4691e+00 +5.0000e+00 -3.8383e+00 -5.0000e+00 -3.0255e+00 -2.3502e+00 -5.0618e-01 +9.8534e-01 +1.0332e+00 -1.0804e+00 +3.5966e-01 -2.2367e+00 +9.2227e-01 -2.8829e+00 -3.2315e+00
2345 +9.851059458e+00 +9.851059458e+00 -4.675894054e+01 -4.675894054e+01 +2.6551e+00 +2.8126e+00 +2.5731e+00 -2.3410e+00 -1.7563e+00 -8.5547e-01 +5.0000e+00 -2.0472e+00 -5.0000e+00 +4.6197e-01 -3.8346e+00 -4.9328e-01 +1.8788e+00 -2.3544e-01 +8.0611e-01 +4.8552e-01 +0.0000e+00 +5.9878e-01 -4.6210e+00 -1.9975e+00
9364 +5.774849335e+00 +5.774849335e+00 -5.083515067e+01 -5.083515067e+01 +1.8139e+00 +2.7135e+00 +2.8201e+00 -2.5160e+00 -4.5626e+00 +2.6093e+00 +4.9829e+00 -3.5686e+00 -5.0000e+00 -7.1234e-02 -1.9801e+00 -1.2182e+00 +1.8776e+00 -4.1252e-01 -2.6476e+00 +3.5475e-01 -1.9108e+00 +1.4382e+00 -4.9875e+00 -5.0000e+00
% function evaluation | noise-free fitness - Fopt (5.134000000000e+01) | best noise-free fitness - Fopt | measured fitness | best measured fitness | x1 | x2...
1 +1.438087207e+02 +1.438087207e+02 +1.951487207e+02 +1.951487207e+02 -4.5860e+00 +1.9841e-01 -2.8402e+00 +1.9123e+00 +3.5463e+00 +2.7805e+00 +2.2917e+00 +3.4142e+00 +2.7765e-02 +2.1836e+00 +1.3768e+00 -2.1857e+00 -1.8132e+00 -4.0057e+00 +3.2863e-01 +2.1489e+00 -2.3984e+00 +9.0992e-01 +1.4269e+00 +2.7906e+00
6 +4.394905820e+01 +4.394905820e+01 +9.528905820e+01 +9.528905820e+01 -2.4567e+00 +3.0015e+00 +4.0619e-01 +4.1859e+00 +1.4098e+00 +4.5071e+00 -2.5793e+00 +2.2124e+00 +4.9926e+00 +4.3241e+00 +2.7142e+00 +1.8935e+00 -3.3797e+00 -4.6680e+00 -4.3443e+00 +3.7439e+00 -8.2051e-01 +4.6064e+00 -2.3923e+00 -1.7177e+00
38 +3.386577837e+01 +3.386577837e+01 +8.520577837e+01 +8.520577837e+01 +1.7545e+00 -9.4977e-01 +8.3449e-01 +1.5604e+00 -8.4260e-01 +3.7113e+00 -4.0609e+00 -5.6177e-01 -2.2436e+00 -4.3595e+00 -1.1064e+00 +7.9554e-01 -4.6207e+00 +1.7653e+00 +1.6142e+00 +1.7326e+00 +4.4343e+00 -1.9282e+00 +2.0748e+00 -3.7248e+00
165 +2.179526671e+01 +2.179526671e+01 +7.313526671e+01 +7.313526671e+01 +6.3028e-01 -4.7470e-01 -4.4498e-02 +4.4839e+00 +1.7860e+00 +5.0000e+00 -2.6362e+00 -1.1835e-01 +0.0000e+00 -3.3428e+00 +1.2044e+00 +5.0000e+00 -2.1133e+00 +1.6335e+00 +8.6277e-01 +2.8763e+00 +3.4239e+00 +4.4640e+00 +9.5359e-02 +2.8063e+00
372 +1.568388861e+01 +1.568388861e+01 +6.702388861e+01 +6.702388861e+01 -1.8985e+00 +2.1443e-01 +2.3151e+00 +0.0000e+00 -1.1296e+00 +2.7502e+00 -2.4032e+00 -1.4758e+00 +0.0000e+00 +5.0000e+00 -2.6004e-01 +7.8220e-01 -1.5228e+00 -1.0650e+00 -2.2905e+00 +1.7320e+00 +1.0113e+00 +2.8149e+00 -4.4176e+00 -6.6742e-01
2068 +8.582407631e+00 +8.582407631e+00 +5.992240763e+01 +5.992240763e+01 -5.0000e+00 -2.8187e+00 +9.9141e-01 +3.5305e+00 +9.8568e-03 +4.5032e+00 -2.2122e+00 +1.3700e+00 -1.0982e+00 +1.6488e+00 -2.6768e+00 +8.0958e-01 -5.6058e-01 -9.9434e-01 -9.9911e-01 +7.9737e-01 +4.5913e+00 +3.7144e+00 -1.3993e+00 +8.6928e-01
3650 +6.029292675e+00 +6.029292675e+00 +5.736929268e+01 +5.736929268e+01 -4.9609e+00 -3.7762e+00 +9.1868e-01 +1.4124e+00 +9.7857e-01 +4.8580e+00 -1.7689e+00 +5.4042e-01 -2.0430e+00 +3.3080e+00 +0.0000e+00 +2.7484e+00 -4.5570e-01 -1.1184e+00 -2.7450e+00 +2.2352e+00 +3.9205e+00 +3.5223e+00 -2.1546e+00 +2.8649e+00
145581 +3.370009588e+00 +3.370009588e+00 +5.471000959e+01 +5.471000959e+01 -2.6101e+00 -1.8896e+00 -6.3249e-02 +3.2137e+00 -1.2650e-01 +5.0000e+00 -9.7100e-01 +2.1160e-01 -2.0362e+00 +3.3406e+00 -1.0430e+00 +1.9230e+00 -3.6975e-01 -3.3237e+00 -2.3931e+00 +3.7475e+00 +2.6498e+00 +3.3576e+00 -1.4484e+00 +2.8715e+00
% function evaluation | noise-free fitness - Fopt (-1.244000000000e+02) | best noise-free fitness - Fopt | measured fitness | best measured fitness | x1 | x2...
1 +5.174180922e+01 +5.174180922e+01 -7.265819078e+01 -7.265819078e+01 -2.7384e-01 -4.1867e+00 -4.5261e-02 +3.6685e+00 -7.6460e-01 -4.6668e+00 +2.8823e+00 -2.8329e+00 +1.0344e+00 +4.7677e-01 +9.5346e-01 -4.1519e+00 +2.5185e+00 +4.5333e+00 +1.6049e+00 -1.7214e+00 -2.1334e+00 -2.3839e+00 -4.3890e+00 +4.1276e+00
70 +3.928170420e+01 +3.928170420e+01 -8.511829580e+01 -8.511829580e+01 -3.7197e-01 -3.4238e+00 +2.7141e-01 +8.2307e-01 -8.5531e-02 -1.5511e-01 +2.1788e+00 -7.0954e-03 +1.9723e+00 +7.4036e-01 -1.2693e+00 -4.8857e+00 -1.3241e-02 +5.0000e+00 +4.9833e+00 -3.3365e+00 -2.8867e+00 -5.0000e+00 -4.1443e+00 +3.8619e+00
256 +2.301305424e+01 +2.301305424e+01 -1.013869458e+02 -1.013869458e+02 +3.2156e-01 -5.0000e+00 -3.1479e-01 -2.4910e+00 -4.9531e-01 -5.0000e+00 -4.0484e-01 +1.6123e+00 +4.4348e+00 +1.4406e+00 +1.7644e-01 -3.0632e+00 +1.3560e+00 +7.5505e-01 +1.9772e+00 -2.2499e+00 -1.0172e+00 -1.0400e+00 +2.0378e+00 -1.6070e-01
471 +1.463868731e+01 +1.463868731e+01 -1.097613127e+02 -1.097613127e+02 +3.7943e+00 -3.2543e+00 +2.2246e+00 -2.8278e+00 -4.4446e-02 -5.0000e+00 -2.9552e+00 +5.2783e-01 -5.0341e-01 +9.7000e-01 +2.4655e-02 -2.2674e+00 +3.3608e+00 +5.2134e-01 +2.2486e+00 -5.0000e+00 -2.7026e+00 -1.0706e+00 +1.1995e+00 +0.0000e+00
4456 +9.915514964e+00 +9.915514964e+00 -1.144844850e+02 -1.144844850e+02 +1.5605e+00 +2.1510e+00 +2.1367e+00 -3.5002e-01 -4.6022e-01 -5.0000e+00 -8.1881e-01 -8.6620e-01 -3.8230e-01 +4.0679e+00 +1.4367e+00 -4.1800e+00 +1.2364e+00 -3.1195e+00 -2.3968e-01 -4.8324e+00 -3.2977e+00 -4.2849e+00 +4.3120e+00 -2.0706e+00
20764 +6.044226126e+00 +6.044226126e+00 -1.183557739e+02 -1.183557739e+02 +9.9549e-01 +3.3936e+00 +2.0519e+00 -9.9077e-01 -8.7377e-01 -5.0000e+00 -1.4429e-01 +0.0000e+00 +4.2222e-01 +7.7574e-01 +5.0000e+00 -2.0348e+00 +9.2822e-02 -1.0415e+00 -1.5822e+00 -2.1244e+00 -3.5065e+00 -1.9846e+00 +2.0479e+00 -2.4096e+00
39696 +3.152548373e+00 +3.152548373e+00 -1.212474516e+02 -1.212474516e+02 +6.5083e-01 +2.4202e+00 +3.1335e+00 -1.5436e+00 -2.6269e+00 -5.0000e+00 -3.0056e-01 +3.6408e-01 +7.4129e-01 +2.0581e+00 +4.0489e+00 -2.0043e+00 -9.3015e-01 -1.9012e+00 -5.1043e-01 -1.4077e+00 -2.4458e+00 -3.2943e+00 +4.2492e+00 -2.5147e+00
% function evaluation | noise-free fitness - Fopt (6.000000000000e-01) | best noise-free fitness - Fopt | measured fitness | best measured fitness | x1 | x2...
1 +3.542157999e+02 +3.542157999e+02 +3.548157999e+02 +3.548157999e+02 -3.2238e+00 -1.4476e+00 -3.3774e+00 -4.2685e+00 +4.9640e+00 +1.6446e+00 +2.2017e+00 +1.2468e+00 -2.6579e+00 -1.5696e+00 -1.4063e+00 -1.4658e+00 -1.9373e+00 -6.3285e-01 -2.4328e+00 -2.5973e+00 +4.7380e+00 +1.4220e+00 -4.2227e+00 +1.3513e+00
3 +1.257770236e+02 +1.257770236e+02 +1.263770236e+02 +1.263770236e+02 +4.9591e+00 +2.6445e+00 -3.8072e+00 +4.5035e+00 -3.7816e+00 -2.5248e+00 +5.4154e-01 -4.2516e+00 +2.7913e+00 +4.5247e+00 +2.2401e-01 +7.8787e-01 -4.4784e+00 -2.9104e-01 +6.1144e-01 -4.4303e+00 +3.2130e+00 +1.6355e-01 -1.9607e+00 -3.1282e+00
6 +5.932794084e+01 +5.932794084e+01 +5.992794084e+01 +5.992794084e+01 -6.7586e-01 -1.8154e+00 +4.1015e+00 -4.3929e-01 -1.1895e+00 +3.1143e+00 -2.6488e+00 -1.5424e+00 +2.3499e+00 +1.5650e-01 -2.3807e+00 +1.1340e-01 +1.4919e+00 -4.6380e+00 +4.5249e-01 +3.5322e-01 +3.5621e+00 +5.5487e-01 +3.6011e+00 -3.3992e+00
37 +3.971620860e+01 +3.971620860e+01 +4.031620860e+01 +4.031620860e+01 +4.9283e+00 -1.9255e+00 -3.0033e-01 +3.4602e+00 +1.0715e+00 +2.6023e+00 +5.1189e-01 +3.5769e+00 +1.9967e+00 +3.1277e+00 +1.1590e+00 +4.0962e+00 -1.3595e-01 +3.5790e+00 -1.3126e+00 +8.1486e-01 -1.9680e+00 -1.7191e+00 -7.2283e-01 -3.4811e+00
71 +2.434352601e+01 +2.434352601e+01 +2.494352601e+01 +2.494352601e+01 +4.0974e+00 -2.6129e+00 -8.4525e-01 +2.5281e+00 -2.5262e+00 -1.7897e+00 +7.2837e-01 +5.1738e-01 +2.4529e+00 +3.4861e+00 +3.1993e+00 +3.7398e+00 +1.8727e+00 +3.4692e+00 +2.3229e+00 +3.2623e+00 -4.6079e+00 -3.3174e+00 +1.1242e+00 -4.1839e-01
167 +1.559570226e+01 +1.559570226e+01 +1.619570226e+01 +1.619570226e+01 +1.2664e+00 +0.0000e+00 -1.0030e+00 +2.7602e+00 +0.0000e+00 -1.2136e+00 +1.2330e+00 +7.6102e-01 +1.7133e+00 +2.2691e+00 +0.0000e+00 +5.0000e+00 +2.5395e+00 +0.0000e+00 +3.6017e+00 +5.0000e+00 -4.3674e+00 -4.1703e+00 +1.6509e+00 +1.5906e-02
1031 +9.342285714e+00 +9.342285714e+00 +9.942285714e+00 +9.942285714e+00 +3.9942e+00 -1.3152e+00 +7.2947e-01 +3.5946e+00 +9.8868e-01 -5.0000e+00 +7.7494e-01 -9.4775e-01 -6.8000e-01 +1.5020e+00 -2.1002e+00 +3.8837e+00 -1.0500e+00 +3.4767e+00 +1.0041e+00 +4.4869e+00 -2.8669e+00 -4.0363e+00 -3.0315e-01 -2.4314e-02
6055 +6.024843733e+00 +6.024843733e+00 +6.624843733e+00 +6.624843733e+00 +3.6262e+00 -2.1926e+00 -1.1119e+00 +3.5278e+00 -2.2245e+00 -4.5458e+00 -1.7958e+00 +5.7365e-01 -8.1888e-01 -1.3986e+00 -1.7435e+00 +4.0729e+00 +1.7920e+00 +7.5653e-01 -2.1795e+00 +2.8074e+00 -1.3920e+00 -5.0000e+00 -1.0694e+00 -3.5343e-01
12258 +3.675976345e+00 +3.675976345e+00 +4.275976345e+00 +4.275976345e+00 +2.9883e+00 -6.5565e-01 -6.0990e-01 +4.3452e+00 +2.4195e-01 -4.7161e+00 -2.2260e+00 +9.2257e-02 +3.7625e-01 +3.5496e-02 -1.8793e+00 +4.0310e+00 +1.9075e+00 +2.3923e-01 -1.4783e+00 +2.9460e+00 -1.4271e+00 -5.0000e+00 -8.7602e-01 +6.9913e-02
172713 +2.014688122e+00 +2.014688122e+00 +2.614688122e+00 +2.614688122e+00 +2.3772e+00 -3.3029e+00 -3.7812e-01 +2.9534e+00 +8.1717e-01 -4.0455e+00 -2.1028e+00 +8.6324e-01 -6.8267e-01 -3.6498e-01 -2.6343e+00 +3.3355e+00 +1.3043e+00 +2.2765e+00 -9.6895e-01 +1.6607e+00 -8.9838e-02 -5.0000e+00 -7.6998e-02 -8.9206e-01
% function evaluation | noise-free fitness - Fopt (-4.071000000000e+01) | best noise-free fitness - Fopt | measured fitness | best measured fitness | x1 | x2...
1 +1.177787269e+02 +1.177787269e+02 +7.706872686e+01 +7.706872686e+01 +9.1337e-01 -1.4179e+00 +1.8757e-01 -9.6227e-01 -1.4467e+00 -9.3696e-01 -2.3178e-01 -3.0740e+00 +4.6866e+00 -2.6394e+00 -4.3898e+00 -1.2699e+00 -2.1324e+00 +1.4789e+00 -3.6567e+00 +3.5661e+00 +2.4407e+00 +1.5394e+00 -1.7286e+00 -2.2338e+00
2 +6.843152702e+01 +6.843152702e+01 +2.772152702e+01 +2.772152702e+01 +1.8350e+00 -6.0248e-01 +3.0688e+00 -2.9445e-01 -1.3253e+00 +1.6456e+00 +2.0627e+00 +3.0437e+00 -1.5267e+00 -3.1815e+00 -2.4676e+00 -2.3573e+00 +3.3318e+00 -3.2342e+00 +2.3726e+00 -1.6494e+00 +1.1237e+00 +1.6338e+00 +2.8326e+00 -3.8615e-01
54 +6.203153038e+01 +6.203153038e+01 +2.132153038e+01 +2.132153038e+01 -5.0000e+00 -2.8052e+00 +2.9963e+00 +2.1170e+00 -5.0000e+00 +2.7012e+00 +5.0000e+00 +1.0343e+00 +1.6087e+00 +1.9841e+00 -3.3499e-01 -5.0000e+00 -3.6649e-01 +2.6890e+00 +3.5934e-01 -1.1121e+00 +9.1252e-01 -2.5180e+00 +1.8664e+00 -1.9586e+00
129 +3.013085532e+01 +3.013085532e+01 -1.057914468e+01 -1.057914468e+01 +2.0228e+00 +8.2135e-01 +4.3805e+00 -1.2016e-01 -4.3562e+00 -2.3074e+00 +2.5033e+00 -3.7986e+00 -1.0920e+00 -2.9330e+00 +5.7938e-01 +7.4070e-01 +3.3138e+00 +1.1927e+00 +7.1800e-01 -3.1584e-01 +2.5743e+00 +2.3292e+00 -3.8980e+00 -5.9164e-01
449 +2.374955787e+01 +2.374955787e+01 -1.696044213e+01 -1.696044213e+01 +1.4734e+00 -2.3911e+00 +2.4461e+00 -5.1625e-01 -3.6800e+00 -1.0062e+00 +3.7633e+00 -5.0000e+00 -1.4547e+00 -3.4990e+00 +2.7493e+00 +5.4462e-01 +3.9778e+00 -2.8222e+00 -2.2124e+00 +1.0018e+00 +2.8194e-01 +2.3025e+00 -4.1210e+00 +2.5297e-01
1383 +1.207577312e+01 +1.207577312e+01 -2.863422688e+01 -2.863422688e+01 +4.3947e+00 -5.0000e+00 +3.0235e+00 +2.7679e+00 +3.5766e-01 -4.5294e+00 +2.0892e+00 -1.8830e+00 +1.0528e+00 -1.4763e+00 +4.4515e+00 +1.0049e+00 +4.8316e+00 -2.3371e+00 -1.5826e+00 +4.1789e+00 +2.0154e+00 +9.9141e-01 -2.4791e+00 -2.9821e+00
1995 +9.975499969e+00 +9.975499969e+00 -3.073450003e+01 -3.073450003e+01 +8.7306e-01 -5.0000e+00 -2.2818e-01 +4.0407e+00 +3.8851e-02 -2.0679e+00 +2.6645e+00 -2.1622e+00 +1.5415e-01 -3.5826e-01 +5.0000e+00 +1.2488e+00 +4.9908e+00 -1.5061e+00 -1.7145e+00 +3.2920e+00 +2.6610e+00 -1.7890e+00 -4.7131e-01 -2.5298e+00
5250 +6.228492995e+00 +6.228492995e+00 -3.448150700e+01 -3.448150700e+01 +1.5170e+00 -4.9459e+00 +2.6003e-01 +1.5871e+00 +6.7085e-01 -2.9294e+00 +2.5564e+00 -5.2641e-01 -1.1951e+00 +3.0831e-01 +4.8035e+00 -2.0426e+00 +4.9714e+00 +5.0848e-01 -1.3624e+00 +1.7618e+00 -9.0615e-01 -3.7798e+00 -3.7308e-01 -3.2984e+00
41312 +3.661669003e+00 +3.661669003e+00 -3.704833100e+01 -3.704833100e+01 +2.2109e-01 -3.3385e+00 +1.7751e+00 +1.6163e+00 +1.2807e-01 -2.3947e+00 +1.4155e+00 -4.5398e-01 -2.4622e+00 +1.0360e+00 +4.9842e+00 -5.8140e-02 +4.6952e+00 +5.8211e-01 -2.2259e+00 +4.2672e+00 +9.7799e-01 -4.9612e+00 +6.5417e-01 -2.3270e+00
% function evaluation | noise-free fitness - Fopt (8.143200000000e+02) | best noise-free fitness - Fopt | measured fitness | best measured fitness | x1 | x2...
1 +9.706232697e+01 +9.706232697e+01 +9.113823270e+02 +9.113823270e+02 +1.9681e+00 +1.2775e+00 -4.2103e+00 -1.4715e+00 -3.5869e+00 +3.1068e+00 -1.1592e+00 +3.6299e+00 -3.8516e-01 -4.4402e+00 -7.4948e-01 +3.1357e+00 -3.4783e-01 -1.0295e+00 +9.1730e-01 -4.1759e+00 -2.1877e+00 -4.7952e+00 +7.7743e-01 +3.2971e+00
26 +6.091339243e+01 +6.091339243e+01 +8.752333924e+02 +8.752333924e+02 -3.2264e+00 +3.3076e+00 +8.2870e-03 -2.7183e+00 +2.8655e+00 +4.3644e-01 +2.6147e+00 +3.7239e+00 -1.0045e+00 -4.2881e+00 -4.6918e-01 -2.8224e+00 +2.8986e-01 +3.9376e+00 +3.5339e+00 +2.5584e+00 +1.6834e+00 -1.7063e+00 -4.4721e+00 -1.6384e+00
63 +3.814377140e+01 +3.814377140e+01 +8.524637714e+02 +8.524637714e+02 -3.1388e-01 +2.0360e+00 +2.4959e+00 +5.0055e-01 +1.2176e+00 -9.1579e-01 +4.0777e+00 -1.9203e+00 +7.5886e-02 -3.1666e+00 -1.9083e+00 -2.0741e+00 -1.6346e+00 +2.5490e+00 +3.9503e+00 -7.8339e-01 +2.3210e-01 +1.6922e+00 +4.5134e-01 +1.8686e+00
265 +2.231443784e+01 +2.231443784e+01 +8.366344378e+02 +8.366344378e+02 -3.3237e+00 -3.0448e+00 +1.4682e+00 -9.7335e-01 +9.1067e-01 -5.0000e+00 +5.0000e+00 +1.4035e+00 +0.0000e+00 -2.7037e+00 +1.8039e-01 +2.5533e+00 -2.9421e+00 -2.1231e+00 +1.4549e+00 +5.0000e+00 +0.0000e+00 +2.6881e+00 +5.2069e-01 +4.9184e+00
435 +1.502765146e+01 +1.502765146e+01 +8.293476515e+02 +8.293476515e+02 -1.9719e+00 -3.0235e+00 +4.1114e+00 -2.7933e+00 +1.0935e+00 +9.8249e-01 +4.4102e+00 +1.6997e+00 +0.0000e+00 -3.8447e+00 -2.0384e+00 +0.0000e+00 +8.2854e-01 +0.0000e+00 +2.1688e+00 +5.0000e+00 +1.0400e+00 +2.8352e+00 -1.0400e+00 +5.0000e+00
1606 +9.475691859e+00 +9.475691859e+00 +8.237956919e+02 +8.237956919e+02 -1.5079e+00 -4.2759e+00 +3.4024e+00 -1.3495e+00 +2.2930e+00 -2.1011e+00 -7.4602e-02 +1.9222e+00 +1.0540e+00 -3.8942e+00 -4.0814e-01 +1.1979e+00 +4.0483e+00 -2.5026e-01 +1.4686e+00 +5.0000e+00 +1.6005e+00 +1.4279e+00 -1.4194e+00 +4.7551e+00
4182 +5.978884038e+00 +5.978884038e+00 +8.202988840e+02 +8.202988840e+02 -3.7243e+00 -3.2885e+00 +3.6739e+00 -1.6363e+00 +1.6742e+00 -9.2105e-01 +1.3705e+00 +1.0427e+00 -2.3267e-01 -1.0790e+00 -1.7227e+00 +1.8193e+00 +2.5747e+00 -6.7407e-01 +3.3950e+00 +5.0000e+00 +8.4042e-01 +1.6527e+00 -2.1955e+00 +3.7839e+00
42403 +3.924186128e+00 +3.924186128e+00 +8.182441861e+02 +8.182441861e+02 -2.6100e+00 -4.4212e+00 +3.7418e+00 -9.1256e-01 +3.1649e+00 -7.8851e-01 +3.2832e+00 +7.4315e-01 -1.4122e+00 -2.3563e+00 +1.6558e-01 -7.6972e-01 +2.6346e+00 +6.6050e-01 +2.9114e+00 +5.0000e+00 +9.1451e-01 +3.7098e+00 -4.2254e+00 +1.6092e+00
% function evaluation | noise-free fitness - Fopt (-6.205000000000e+01) | best noise-free fitness - Fopt | measured fitness | best measured fitness | x1 | x2...
1 +2.686034317e+02 +2.686034317e+02 +2.065534317e+02 +2.065534317e+02 -4.8193e+00 -4.9548e+00 -1.0503e+00 -3.1678e-01 +2.3616e+00 +3.0653e+00 -7.0109e-01 +4.1280e+00 -3.0470e+00 -2.9124e+00 +2.3730e+00 +1.8249e+00 +2.1611e+00 +3.6971e+00 +6.4021e-01 -2.5752e+00 -3.9442e+00 -3.8223e+00 +2.4933e+00 +3.7837e+00
2 +8.275873633e+01 +8.275873633e+01 +2.070873633e+01 +2.070873633e+01 -2.6583e+00 +3.3580e+00 -3.3189e+00 +4.0238e+00 -1.8239e+00 +9.6392e-01 -2.4763e+00 -1.8055e+00 -3.0280e+00 -5.6275e-01 -6.5942e-01 -3.0573e+00 -2.7005e+00 +7.3556e-01 +3.0155e+00 -3.6358e+00 +1.1035e+00 +4.0720e-01 -2.1830e+00 -2.4956e+00
32 +6.205408085e+01 +6.205408085e+01 +4.080848592e-03 +4.080848592e-03 -1.8570e+00 +1.7913e+00 +1.1212e+00 +4.3459e+00 -2.9735e+00 -2.3640e+00 +4.5538e+00 -2.4931e+00 -4.7747e+00 -5.8431e-01 -4.8199e+00 -2.8078e+00 -1.8005e+00 -4.6739e+00 -3.9071e+00 -1.9502e+00 +4.0595e+00 -3.4672e+00 -4.0828e+00 +2.3303e+00
60 +1.991230863e+01 +1.991230863e+01 -4.213769137e+01 -4.213769137e+01 -1.3728e-01 -1.0719e+00 -8.8066e-02 +1.4079e+00 +1.5899e+00 -1.7815e+00 +3.5342e+00 -2.2195e+00 +9.7769e-01 +1.3285e+00 -6.9568e-01 -1.1126e+00 +4.0894e-01 +1.7006e+00 -8.1123e-01 -1.6764e+00 -7.9014e-01 +2.7907e+00 +9.3157e-01 -2.9324e+00
366 +1.456376751e+01 +1.456376751e+01 -4.748623249e+01 -4.748623249e+01 +5.5690e-01 -4.2450e-01 +0.0000e+00 +3.7988e+00 -1.3962e+00 -1.7793e+00 +1.8184e+00 -3.4152e+00 +1.8068e+00 +3.6885e+00 +4.7539e-01 -1.8215e+00 -8.0497e-01 -1.9350e-01 -1.9397e+00 -3.6283e+00 +2.0444e+00 +2.8972e+00 -1.8066e+00 +2.5121e+00
1632 +9.990881790e+00 +9.990881790e+00 -5.205911821e+01 -5.205911821e+01 +4.0743e-01 +0.0000e+00 -1.2726e+00 +5.0000e+00 -8.1854e-01 -1.3443e+00 +5.0000e+00 -1.8332e+00 -8.7127e-01 +4.2522e+00 -8.1994e-01 -2.3433e+00 -2.1212e+00 +1.9790e+00 +2.8244e+00 -3.6897e+00 -4.6323e-01 +2.2190e+00 -1.1524e+00 +2.9643e-01
6595 +5.960326504e+00 +5.960326504e+00 -5.608967350e+01 -5.608967350e+01 +1.6344e+00 -6.3960e-01 +6.7086e-01 +1.6317e+00 -1.8201e+00 -4.8294e+00 +5.0000e+00 -3.4895e+00 -1.8169e+00 +4.8138e+00 +3.9510e+00 -1.8961e+00 -1.5711e+00 +5.5444e-01 +2.9407e+00 -2.1834e+00 +1.6668e+00 +2.9557e+00 -5.7006e-01 +9.1992e-01
49694 +3.887690595e+00 +3.887690595e+00 -5.816230940e+01 -5.816230940e+01 +2.7913e+00 +1.2070e-01 -2.5610e-01 +1.5899e+00 -1.8111e+00 -2.7378e+00 +5.0000e+00 -3.3799e+00 -2.5118e+00 +4.9792e+00 +0.0000e+00 -2.7235e+00 +7.5645e-01 -2.4616e-01 +1.6378e+00 -2.4283e+00 +1.4202e+00 +8.6824e-01 -5.5793e-01 +1.2122e+00
% function evaluation | noise-free fitness - Fopt (-4.328000000000e+01) | best noise-free fitness - Fopt | measured fitness | best measured fitness | x1 | x2...
1 +4.433330138e+02 +4.433330138e+02 +4.000530138e+02 +4.000530138e+02 -4.8414e+00 +2.4436e+00 -4.7465e+00 -4.4380e+00 -2.5340e+00 +4.8820e+00 +1.4000e+00 +3.3221e+00 -4.9346e+00 -3.9316e+00 +4.0832e-01 -1.8811e+00 -1.7693e+00 -4.8417e+00 +2.7538e+00 -4.6284e+00 +3.3880e+00 +1.5083e+00 +1.6347e+00 +1.6583e+00
5 +2.087669514e+02 +2.087669514e+02 +1.654869514e+02 +1.654869514e+02 -4.4520e+00 -4.5067e+00 -3.3075e+00 -8.6661e-01 -3.7130e+00 -6.3557e-01 -1.4546e+00 +1.1534e+00 -1.2927e+00 -1.0621e+00 -3.1709e+00 -4.8909e+00 -1.8517e+00 +8.7834e-02 +3.9600e+00 +9.5884e-01 -7.9965e-01 -1.7371e+00 +3.7756e-01 -3.5332e+00
7 +7.672125308e+01 +7.672125308e+01 +3.344125308e+01 +3.344125308e+01 -4.2925e-02 -1.2341e+00 -3.9680e-01 +2.4188e-01 +6.0313e-01 +1.0873e+00 -3.1354e+00 -1.3327e+00 +4.6223e+00 +2.1758e+00 +3.1077e+00 -3.0436e+00 -2.4165e+00 +2.8824e+00 -2.3845e+00 -2.7673e-01 +3.9464e+00 +4.7774e+00 -2.2025e+00 -3.8635e-01
35 +2.721383609e+01 +2.721383609e+01 -1.606616391e+01 -1.606616391e+01 -5.3010e-01 +3.4473e+00 -4.0487e+00 -2.7682e-01 +3.4264e+00 -4.0793e+00 -3.1637e+00 -3.3572e+00 -1.8714e+00 -3.8172e+00 -2.4771e+00 +8.7821e-01 -1.9963e+00 +1.2578e+00 -9.3289e-01 +2.0081e+00 -3.5491e+00 -1.0258e+00 +2.5290e+00 +8.1689e-01
156 +2.109734453e+01 +2.109734453e+01 -2.218265547e+01 -2.218265547e+01 +0.0000e+00 +7.4403e-01 -4.0709e+00 +1.1526e-01 +5.0000e+00 -1.4641e+00 -2.5093e+00 -4.7214e-01 +0.0000e+00 -5.3069e-01 +1.7653e+00 +1.2130e+00 -1.8437e+00 +2.2204e+00 -3.2746e-01 -1.1415e+00 +0.0000e+00 +3.1801e+00 +2.8228e+00 -7.9154e-01
157 +1.501875411e+01 +1.501875411e+01 -2.826124589e+01 -2.826124589e+01 -9.5040e-01 +4.4677e+00 -5.0000e+00 +9.8374e-01 +5.0000e+00 -2.2685e+00 -2.7533e+00 -3.3754e+00 +3.0054e-04 -4.1176e-01 +0.0000e+00 -1.3762e-01 -2.4569e+00 +1.9521e+00 -2.4397e+00 -1.1077e+00 -2.2369e+00 +0.0000e+00 +3.2188e+00 +7.2563e-01
2294 +9.063225175e+00 +9.063225175e+00 -3.421677482e+01 -3.421677482e+01 +8.8516e-01 -7.0353e-01 -4.3332e+00 +2.1062e+00 +4.6612e+00 -1.3582e+00 -5.0000e+00 -8.3737e-01 -1.0308e+00 -1.5614e+00 +1.1595e+00 -4.5449e-01 -4.9898e+00 +4.0566e+00 -2.7946e+00 +2.6695e-01 +9.9388e-01 -2.2185e-01 +3.0697e+00 -1.1993e-01
7703 +6.308609236e+00 +6.308609236e+00 -3.697139076e+01 -3.697139076e+01 -7.2721e-01 +1.6455e+00 -3.8969e+00 +1.6620e+00 +5.0000e+00 +1.9407e-01 -3.5885e+00 -2.6236e+00 +1.6305e+00 +0.0000e+00 +1.1152e+00 +1.6510e+00 -4.9878e+00 +3.4265e+00 -1.9302e+00 +3.5426e-01 +1.9640e+00 +9.5642e-01 +2.8000e+00 -3.0670e+00
9534 +3.570631692e+00 +3.570631692e+00 -3.970936831e+01 -3.970936831e+01 -6.3247e-01 +1.6999e+00 -3.3198e+00 +1.7730e+00 +5.0000e+00 -1.3229e+00 -3.8229e+00 -2.4931e+00 +1.9432e+00 -6.3016e-01 +1.7391e+00 -1.3957e+00 -3.6947e+00 +2.8170e+00 -1.7694e+00 +1.0767e+00 +2.3939e+00 +0.0000e+00 +3.4851e+00 -1.0867e+00
% function evaluation | noise-free fitness - Fopt (-3.916000000000e+01) | best noise-free fitness - Fopt | measured fitness | best measured fitness | x1 | x2...
1 +1.814583876e+02 +1.814583876e+02 +1.422983876e+02 +1.422983876e+02 +6.4130e-01 -2.5424e+00 -2.3985e+00 +4.2237e+00 -8.0320e-01 +6.2381e-01 -3.7956e+00 -1.5759e+00 +2.2800e+00 +2.5354e+00 +4.9132e+00 +4.3419e+00 -3.9871e+00 +1.1743e+00 -8.2670e-01 +2.3948e+00 +3.4221e+00 -7.7073e-01 +2.7597e+00 +6.4111e-01
3 +1.422429063e+02 +1.422429063e+02 +1.030829063e+02 +1.030829063e+02 -2.3681e+00 -4.9920e+00 -4.2800e+00 +2.6860e+00 +8.4863e-01 +6.2416e-01 -1.1890e+00 +1.4322e+00 -3.2366e+00 -8.4064e-01 +1.5308e+00 -3.3275e+00 +1.2614e+00 -4.9049e+00 +3.9153e+00 +3.9932e+00 +1.9107e-01 -2.0397e+00 -7.3546e-01 -2.5442e+00
10 +7.890338255e+01 +7.890338255e+01 +3.974338255e+01 +3.974338255e+01 -2.2006e+00 +4.7344e+00 +2.7644e+00 -4.8810e+00 -2.2330e+00 -3.7113e+00 -3.4749e+00 -4.9307e+00 -2.7579e+00 +3.4761e+00 +4.1183e+00 +2.3880e-01 -3.1226e+00 +4.8100e+00 +2.5308e+00 -3.2675e+00 +3.8316e+00 +1.6599e+00 -1.7011e+00 -2.2962e+00
56 +6.026829879e+01 +6.026829879e+01 +2.110829879e+01 +2.110829879e+01 +1.8824e+00 -4.4965e-01 +2.8794e+00 +1.0699e+00 +3.9651e-01 -2.4598e+00 +9.8438e-02 -7.7274e-01 -3.0900e+00 -7.1936e-01 -4.2398e+00 -8.9483e-01 -7.8655e-01 -3.2591e+00 +3.0948e+00 +6.4401e-01 +5.0000e+00 -4.9479e+00 -5.8973e-01 -4.3243e+00
107 +3.128585033e+01 +3.128585033e+01 -7.874149675e+00 -7.874149675e+00 -3.3769e-01 +3.2679e+00 +1.5466e+00 +4.0654e+00 -3.5325e+00 +5.1827e-01 -2.4898e-01 -5.6570e-01 -1.9689e-01 +2.9133e+00 -4.0310e+00 -2.0092e+00 +1.1398e+00 -4.2630e+00 -2.0641e-01 -4.8901e+00 -1.8673e-01 +0.0000e+00 -3.5383e+00 -1.6682e+00
398 +2.200505465e+01 +2.200505465e+01 -1.715494535e+01 -1.715494535e+01 -6.2455e-01 +1.9578e+00 +3.6327e+00 -1.5465e+00 -5.0000e+00 +1.1641e+00 -4.5891e-02 -1.3053e+00 -9.2110e-01 +0.0000e+00 -8.3056e-02 -1.3167e+00 +8.3558e-01 -1.8472e+00 -1.0400e+00 -3.3451e+00 +2.9565e+00 -4.7607e-01 -1.3458e+00 -1.4471e+00
1258 +1.474215395e+01 +1.474215395e+01 -2.441784605e+01 -2.441784605e+01 -1.9730e+00 +6.4884e-01 +5.0000e+00 +2.6111e+00 -5.0000e+00 +2.0022e+00 +1.3975e+00 +2.2754e+00 -8.2724e-01 +2.1031e+00 -2.3618e+00 +9.7186e-01 +0.0000e+00 -3.6859e+00 -4.5690e+00 -3.5498e+00 +3.6109e-01 -5.0000e+00 +3.3604e+00 -2.1528e+00
2306 +9.756490163e+00 +9.756490163e+00 -2.940350984e+01 -2.940350984e+01 -2.6862e+00 +9.0759e-01 +5.0000e+00 +2.3912e+00 -5.0000e+00 -1.2924e+00 +7.0169e-01 +2.1613e+00 -1.2726e+00 +4.2050e+00 +2.7801e+00 -1.3445e+00 -5.8248e-01 -2.8245e+00 -1.5044e+00 -2.2273e+00 -2.9345e-01 -4.7663e+00 +5.0000e+00 +1.3936e-01
7644 +6.149020256e+00 +6.149020256e+00 -3.301097974e+01 -3.301097974e+01 -3.8937e+00 +9.4423e-02 +5.0000e+00 +4.1357e+00 -4.4647e+00 -7.0590e-01 +3.3099e+00 +2.6659e-01 -2.3893e+00 +4.3423e+00 +2.0004e+00 -1.6195e+00 -3.3572e+00 -2.2009e+00 -1.9619e+00 -5.0000e+00 +2.0574e+00 -3.5330e+00 +3.3484e+00 -1.7150e+00
% function evaluation | noise-free fitness - Fopt (-1.732800000000e+02) | best noise-free fitness - Fopt | measured fitness | best measured fitness | x1 | x2...
1 +2.812352783e+02 +2.812352783e+02 +1.079552783e+02 +1.079552783e+02 +1.1726e-01 +2.7391e+00 -3.2519e+00 +3.3534e+00 +1.0402e+00 +9.4742e-01 +2.7902e+00 -5.5750e-01 +2.8527e+00 +3.6445e+00 -9.8049e-01 +3.1759e-01 -1.7815e+00 +2.2179e+00 +1.0467e+00 -4.8231e+00 +2.0785e-01 +1.9034e+00 +3.7108e+00 -4.8652e+00
2 +2.142977735e+02 +2.142977735e+02 +4.101777353e+01 +4.101777353e+01 +1.6863e+00 +2.3885e+00 -3.8500e+00 +4.1265e+00 -2.6763e+00 +7.8578e-02 -9.1960e-01 +3.8722e+00 -1.7488e+00 +1.3495e+00 -2.0854e+00 -3.5108e+00 +9.4747e-01 -2.8056e+00 +7.2083e-01 +1.7348e+00 -2.3649e+00 -3.6633e+00 +1.6116e+00 -4.5159e-01
4 +1.448485119e+02 +1.448485119e+02 -2.843148806e+01 -2.843148806e+01 -2.9123e+00 +2.2874e+00 +4.4037e+00 +1.3791e+00 -2.6033e+00 -1.0220e+00 +1.3801e+00 +2.6174e+00 +3.4485e+00 +1.2662e+00 +4.5302e+00 -2.0299e+00 -8.2867e-01 -1.7143e+00 +2.2306e+00 -1.1580e+00 -2.3296e+00 +4.6316e+00 -4.1716e+00 -4.2875e+00
8 +4.787791230e+01 +4.787791230e+01 -1.254020877e+02 -1.254020877e+02 -1.3148e+00 -2.1020e+00 -4.7692e-01 +2.8738e+00 -2.5862e+00 -1.4660e+00 -3.1968e+00 -1.6070e+00 +5.0360e-01 +2.1983e+00 +7.5364e-01 +3.1620e+00 +1.4122e-01 -7.2993e-01 +1.8025e+00 -1.4430e+00 -2.5328e-01 +9.0454e-01 -3.0953e+00 +3.9048e+00
124 +3.356347725e+01 +3.356347725e+01 -1.397165227e+02 -1.397165227e+02 -1.8254e+00 -1.7100e+00 +1.7859e+00 +5.2937e-01 -7.2936e-01 +3.2160e+00 -5.0000e+00 -2.8612e-01 +0.0000e+00 +3.6782e+00 +1.5944e+00 +8.6197e-01 -1.9491e+00 -4.2403e-01 +4.1083e+00 -1.7834e+00 +9.1351e-01 +1.1693e+00 -4.6642e+00 -1.6092e+00
196 +2.464513972e+01 +2.464513972e+01 -1.486348603e+02 -1.486348603e+02 -9.4293e-01 -2.4532e+00 +2.2713e+00 -5.1157e-01 +4.9495e-01 +0.0000e+00 -2.6308e+00 +1.0877e+00 -6.1565e-02 +5.0000e+00 +2.0817e+00 +0.0000e+00 -3.2892e+00 +5.0990e-01 +3.9015e+00 -2.6913e+00 +6.5815e-01 +1.1688e-01 -2.7698e+00 +0.0000e+00
589 +1.539389655e+01 +1.539389655e+01 -1.578861034e+02 -1.578861034e+02 -3.4664e+00 -4.1281e+00 +4.0543e-02 +0.0000e+00 -9.4365e-01 +3.5113e-01 -2.2804e+00 -1.3617e+00 -7.9058e-01 +5.0000e+00 +2.6233e-01 +3.3101e+00 -1.9327e+00 +8.5161e-01 +2.5921e+00 -7.3167e-01 -4.3550e+00 +5.3653e-01 -1.7878e+00 +0.0000e+00
1437 +8.463255747e+00 +8.463255747e+00 -1.648167443e+02 -1.648167443e+02 -2.4127e+00 -4.8042e-01 +8.8408e-01 -4.2035e-01 -5.6280e-01 +1.6319e+00 -3.7686e+00 +1.8691e+00 -1.3591e+00 +4.9915e+00 -3.0566e-03 +3.7440e+00 -1.7190e+00 +1.0913e-01 +3.9330e+00 +9.9663e-01 -3.5005e+00 -4.5266e+00 -8.9168e-01 -3.3569e-01
13907 +6.121855595e+00 +6.121855595e+00 -1.671581444e+02 -1.671581444e+02 -4.1456e+00 -1.0984e+00 +2.5302e+00 +7.5939e-01 +1.5741e+00 +2.3713e+00 -1.0164e+00 +1.2833e+00 -1.3382e+00 +5.0000e+00 +1.3017e-01 +4.9098e+00 -4.9295e+00 +3.9553e-01 +3.2303e+00 +1.0456e+00 -4.7248e+00 -2.6629e+00 -2.3591e+00 -1.3626e+00
% function evaluation | noise-free fitness - Fopt (-1.017000000000e+01) | best noise-free fitness - Fopt | measured fitness | best measured fitness | x1 | x2...
1 +1.071866274e+02 +1.071866274e+02 +9.701662736e+01 +9.701662736e+01 +4.8752e+00 +3.5255e+00 +1.1346e+00 -3.1420e+00 -5.8957e-01 +8.6222e-02 -4.7360e+00 -2.6485e+00 +2.7937e+00 +1.3418e+00 +2.9748e+00 +3.1015e+00 +4.3186e+00 +2.4583e+00 +1.8723e+00 +1.7963e+00 -2.5834e+00 +2.9877e+00 +5.3688e-01 -3.9699e+00
6 +6.058488037e+01 +6.058488037e+01 +5.041488037e+01 +5.041488037e+01 +2.4176e+00 +3.7533e+00 +4.2930e+00 -4.8224e+00 -2.0686e+00 -3.6747e+00 +3.7248e+00 +3.7800e+00 +3.5322e+00 +9.6506e-01 +3.1738e+00 -4.5016e+00 +8.2192e-01 +3.5659e+00 +1.2669e+00 -1.1604e+00 +1.7641e+00 -8.4265e-01 +1.3037e+00 +2.7249e+00
51 +3.027091522e+01 +3.027091522e+01 +2.010091522e+01 +2.010091522e+01 +5.0000e+00 +2.4092e+00 +5.0000e+00 -5.0000e+00 +1.3948e+00 +2.5384e+00 -3.0398e-01 +2.3515e+00 -2.2063e+00 +1.5677e+00 -2.0252e+00 -1.8985e+00 +9.3649e-02 -2.5417e+00 +2.8464e+00 -1.0404e+00 +2.4166e+00 -2.0123e+00 +4.3828e+00 -2.1643e+00
156 +2.438291195e+01 +2.438291195e+01 +1.421291195e+01 +1.421291195e+01 +5.0000e+00 +2.6700e+00 +5.0000e+00 -5.0000e+00 -6.2086e-02 +0.0000e+00 -2.4093e+00 +3.9502e+00 -2.2505e+00 +1.3785e+00 +0.0000e+00 +2.2909e+00 -2.1991e+00 +0.0000e+00 +2.7885e+00 -1.0172e+00 +3.0142e+00 -1.3805e+00 +2.7393e+00 -4.9545e-02
450 +1.564182698e+01 +1.564182698e+01 +5.471826983e+00 +5.471826983e+00 +5.0000e+00 -1.6808e+00 +5.0000e+00 -5.0000e+00 +5.3172e-01 +1.8445e+00 -2.6896e+00 +2.9405e+00 -2.0417e+00 +1.8680e+00 -1.5974e+00 -2.1019e+00 -1.2487e+00 +2.7837e+00 +4.5483e+00 +6.2168e-01 +1.9152e+00 +9.7507e-01 +3.3871e+00 -3.3746e-02
1473 +9.395459647e+00 +9.395459647e+00 -7.745403525e-01 -7.745403525e-01 +5.0000e+00 +4.8603e+00 +5.0000e+00 -5.0000e+00 +3.0637e+00 +1.7987e-01 -4.7244e+00 +3.1986e+00 -1.1555e+00 +1.9116e+00 -7.7885e-01 -2.1149e+00 +2.2502e+00 +2.9261e+00 +4.6972e+00 +1.6375e+00 +2.0816e+00 +1.2123e+00 +5.0000e+00 +1.5516e+00
