% function evaluation | noise-free fitness - Fopt (4.078000000000e+01) | best noise-free fitness - Fopt | measured fitness | best measured fitness | x1 | x2...
1 +4.862154509e+01 +4.862154509e+01 +8.940154509e+01 +8.940154509e+01 -1.1001e+00 +2.2905e+00 +2.4890e+00 +2.4759e+00 -2.5407e+00
2 +3.785000111e+01 +3.785000111e+01 +7.863000111e+01 +7.863000111e+01 -3.6382e+00 -2.0974e+00 -3.5595e-01 -3.5408e+00 -1.8225e+00
7 +1.356267001e+01 +1.356267001e+01 +5.434267001e+01 +5.434267001e+01 -2.2200e+00 -2.2411e-01 -4.0104e+00 +4.9707e+00 +2.3607e+00
257 +7.764965171e+00 +7.764965171e+00 +4.854496517e+01 +4.854496517e+01 -2.1789e+00 +4.6688e-02 -1.8108e+00 +4.5077e+00 +3.0151e+00
907 +5.262647855e+00 +5.262647855e+00 +4.604264786e+01 +4.604264786e+01 -1.8904e+00 +2.2997e-01 -2.6279e+00 +5.0000e+00 +2.9905e+00
2407 +3.846314101e+00 +3.846314101e+00 +4.462631410e+01 +4.462631410e+01 -2.2205e+00 +6.2649e-01 -2.8842e+00 +5.0000e+00 +3.0020e+00
18436 +2.135173493e+00 +2.135173493e+00 +4.291517349e+01 +4.291517349e+01 -2.6195e+00 +3.2883e+00 -1.1091e+00 -2.7601e+00 +5.3273e-01
18947 +1.049199622e+00 +1.049199622e+00 +4.182919962e+01 +4.182919962e+01 -1.8910e+00 -6.7970e-01 +2.6465e+00 -2.7286e+00 -2.8401e+00
20211 +1.789886903e-01 +1.789886903e-01 +4.095898869e+01 +4.095898869e+01 -2.6664e+00 -1.8517e+00 +3.7246e+00 -1.8133e+00 -3.2483e+00
25994 +1.267623624e-01 +1.267623624e-01 +4.090676236e+01 +4.090676236e+01 -2.6076e+00 -1.9765e+00 +3.5243e+00 -1.8575e+00 -3.6030e+00
26244 +9.069505529e-02 +9.069505529e-02 +4.087069506e+01 +4.087069506e+01 -2.5829e+00 -1.1727e+00 +3.2975e+00 -2.3815e+00 -3.3075e+00
28111 +2.527164896e-02 +2.527164896e-02 +4.080527165e+01 +4.080527165e+01 -2.8018e+00 -1.4187e+00 +3.5750e+00 -2.2342e+00 -3.6717e+00
28711 +1.852447984e-02 +1.852447984e-02 +4.079852448e+01 +4.079852448e+01 -2.7606e+00 -1.4164e+00 +3.9061e+00 -2.3643e+00 -3.8962e+00
30461 +3.644516112e-03 +3.644516112e-03 +4.078364452e+01 +4.078364452e+01 -2.6310e+00 -1.7882e+00 +3.9080e+00 -2.2910e+00 -3.8500e+00
49511 +9.551422561e-04 +9.551422561e-04 +4.078095514e+01 +4.078095514e+01 -2.5913e+00 -1.7855e+00 +4.0365e+00 -2.2819e+00 -3.7644e+00
% function evaluation | noise-free fitness - Fopt (-1.600000000000e+00) | best noise-free fitness - Fopt | measured fitness | best measured fitness | x1 | x2...
1 +3.765141766e+01 +3.765141766e+01 +3.605141766e+01 +3.605141766e+01 -2.4090e+00 +1.7190e+00 +4.4467e-01 -1.4226e+00 +4.1866e+00
27 +1.872963269e+01 +1.872963269e+01 +1.712963269e+01 +1.712963269e+01 -3.6444e+00 +4.7108e+00 +4.7323e+00 +2.5964e-01 -1.9589e+00
39 +1.006410425e+01 +1.006410425e+01 +8.464104251e+00 +8.464104251e+00 +8.3344e-01 +2.5741e+00 +2.6829e+00 +4.1845e+00 -6.9728e-01
63 +9.275087429e+00 +9.275087429e+00 +7.675087429e+00 +7.675087429e+00 -3.2787e+00 +4.7399e+00 +2.8351e+00 -7.2804e-01 -3.1182e+00
484 +2.666781764e+00 +2.666781764e+00 +1.066781764e+00 +1.066781764e+00 -3.1526e+00 +5.0000e+00 +3.7747e+00 -1.9528e+00 -2.5145e+00
805 +2.316279454e+00 +2.316279454e+00 +7.162794538e-01 +7.162794538e-01 -3.0339e+00 +5.0000e+00 +3.6823e+00 -1.7556e+00 -2.5604e+00
% function evaluation | noise-free fitness - Fopt (-3.708400000000e+02) | best noise-free fitness - Fopt | measured fitness | best measured fitness | x1 | x2...
1 +5.820357313e+01 +5.820357313e+01 -3.126364269e+02 -3.126364269e+02 +4.3798e+00 -2.0172e+00 -3.9508e+00 -3.8232e+00 -4.3994e+00
24 +1.370412386e+01 +1.370412386e+01 -3.571358761e+02 -3.571358761e+02 +4.9799e+00 +2.5760e+00 +9.2930e-01 -3.2552e+00 +2.6086e+00
102 +5.073944169e+00 +5.073944169e+00 -3.657660558e+02 -3.657660558e+02 +2.7543e+00 -3.7811e-01 -1.0465e+00 +2.3075e+00 +1.2393e+00
453 +2.185584390e+00 +2.185584390e+00 -3.686544156e+02 -3.686544156e+02 +3.3086e+00 -2.5509e+00 -1.0761e+00 +2.5401e+00 +9.3698e-01
575 +5.212934048e-02 +5.212934048e-02 -3.707878707e+02 -3.707878707e+02 +2.7041e+00 -4.0971e-01 -2.3556e+00 +1.8857e+00 +7.1765e-01
3827 +1.500363351e-02 +1.500363351e-02 -3.708249964e+02 -3.708249964e+02 +3.3142e+00 -1.1327e+00 -1.4973e+00 +1.8466e+00 +5.8951e-01
6777 +3.778647572e-03 +3.778647572e-03 -3.708362214e+02 -3.708362214e+02 +3.3619e+00 -7.1652e-01 -1.2689e+00 +1.9498e+00 +5.4339e-01
10804 +9.388147080e-04 +9.388147080e-04 -3.708390612e+02 -3.708390612e+02 +3.1133e+00 -9.5120e-01 -1.4845e+00 +1.9142e+00 +5.8373e-01
% function evaluation | noise-free fitness - Fopt (-3.256000000000e+01) | best noise-free fitness - Fopt | measured fitness | best measured fitness | x1 | x2...
1 +2.348005079e+01 +2.348005079e+01 -9.079949212e+00 -9.079949212e+00 +1.8477e+00 -1.6326e+00 +3.4354e+00 +2.6108e+00 -1.3883e+00
55 +8.707929130e+00 +8.707929130e+00 -2.385207087e+01 -2.385207087e+01 -2.2327e+00 +1.2482e+00 +2.2457e+00 +4.8629e+00 +3.9212e+00
487 +5.610140220e+00 +5.610140220e+00 -2.694985978e+01 -2.694985978e+01 +2.6011e+00 +2.0638e+00 +4.0000e+00 +4.4995e+00 +5.0000e+00
594 +3.562760404e+00 +3.562760404e+00 -2.899723960e+01 -2.899723960e+01 +3.1429e+00 +2.2024e+00 +3.3906e+00 +4.4163e+00 +5.0000e+00
1358 +2.314611942e+00 +2.314611942e+00 -3.024538806e+01 -3.024538806e+01 +3.2252e+00 +2.3228e+00 +3.4294e+00 +3.9532e+00 +4.4694e+00
6084 +7.953591241e-01 +7.953591241e-01 -3.176464088e+01 -3.176464088e+01 +1.2737e+00 -3.1525e+00 -1.5033e+00 +4.0291e+00 -1.7138e+00
7920 +3.265543016e-01 +3.265543016e-01 -3.223344570e+01 -3.223344570e+01 +1.0685e+00 -3.1710e+00 -1.2403e+00 +4.0372e+00 -1.0021e+00
13227 +2.392611496e-01 +2.392611496e-01 -3.232073885e+01 -3.232073885e+01 +1.1766e+00 -4.2266e+00 -1.0885e+00 +2.9259e+00 -1.6823e+00
18165 +3.066455930e-02 +3.066455930e-02 -3.252933544e+01 -3.252933544e+01 +1.0426e+00 -3.5021e+00 -1.5032e+00 +3.6187e+00 -1.5775e+00
19534 +1.983949800e-02 +1.983949800e-02 -3.254016050e+01 -3.254016050e+01 +8.4439e-01 -3.6768e+00 -1.3125e+00 +3.4427e+00 -1.2125e+00
33684 +1.073340851e-02 +1.073340851e-02 -3.254926659e+01 -3.254926659e+01 +9.1514e-01 -3.3899e+00 -1.3206e+00 +3.4259e+00 -1.0655e+00
45743 +5.976892171e-03 +5.976892171e-03 -3.255402311e+01 -3.255402311e+01 +9.3305e-01 -2.9200e+00 -1.8399e+00 +3.8930e+00 -1.0240e+00
% function evaluation | noise-free fitness - Fopt (5.154000000000e+02) | best noise-free fitness - Fopt | measured fitness | best measured fitness | x1 | x2...
1 +4.771825865e+01 +4.771825865e+01 +5.631182587e+02 +5.631182587e+02 +1.2704e+00 -8.7021e-01 +4.5073e+00 -5.7844e-01 -4.3558e-02
3 +1.634297682e+01 +1.634297682e+01 +5.317429768e+02 +5.317429768e+02 -2.6317e+00 -2.0781e+00 +4.7395e+00 -3.8763e+00 -1.0262e+00
9 +1.534525639e+01 +1.534525639e+01 +5.307452564e+02 +5.307452564e+02 -4.1109e+00 -2.3762e+00 -7.6105e-01 +1.9330e+00 -2.4610e+00
216 +8.533689397e+00 +8.533689397e+00 +5.239336894e+02 +5.239336894e+02 -3.5374e+00 -4.1131e-01 -8.9794e-01 +3.8509e-01 -3.0684e+00
272 +5.074669738e+00 +5.074669738e+00 +5.204746697e+02 +5.204746697e+02 -3.9151e+00 +0.0000e+00 -3.9102e+00 +5.5966e-01 -3.4165e+00
358 +1.923336742e+00 +1.923336742e+00 +5.173233367e+02 +5.173233367e+02 -2.3249e+00 +0.0000e+00 -1.7199e+00 -2.8355e-01 -1.9718e+00
1077 +5.227161595e-01 +5.227161595e-01 +5.159227162e+02 +5.159227162e+02 -2.3543e+00 +1.0683e-01 -1.9236e+00 -1.1140e-01 -1.4842e+00
1652 +2.168652332e-01 +2.168652332e-01 +5.156168652e+02 +5.156168652e+02 -2.9208e+00 -4.8997e-01 -2.0477e+00 +2.9214e-01 -1.6807e+00
2252 +1.242998076e-01 +1.242998076e-01 +5.155242998e+02 +5.155242998e+02 -3.1629e+00 -3.1620e-01 -2.6047e+00 +2.6960e-01 -1.9535e+00
3850 +7.490017408e-02 +7.490017408e-02 +5.154749002e+02 +5.154749002e+02 -3.4724e+00 -1.0828e+00 -2.6563e+00 +5.0203e-01 -2.0118e+00
4349 +2.667055603e-02 +2.667055603e-02 +5.154266706e+02 +5.154266706e+02 -3.1601e+00 -5.9050e-01 -2.6692e+00 +1.6820e-01 -2.2003e+00
9592 +1.171664645e-02 +1.171664645e-02 +5.154117166e+02 +5.154117166e+02 -3.1757e+00 -3.0098e-01 -2.6559e+00 +1.8019e-01 -2.3942e+00
26979 +7.266867246e-03 +7.266867246e-03 +5.154072669e+02 +5.154072669e+02 -3.2737e+00 -4.2903e-01 -2.7710e+00 +2.5821e-01 -2.4491e+00
36879 +5.553522963e-03 +5.553522963e-03 +5.154055535e+02 +5.154055535e+02 -3.7037e+00 -5.7563e-01 -2.6338e+00 +3.7376e-01 -2.6381e+00
44436 +3.721374299e-03 +3.721374299e-03 +5.154037214e+02 +5.154037214e+02 -3.6787e+00 -8.3085e-01 -2.5922e+00 +3.6373e-01 -2.5064e+00
% function evaluation | noise-free fitness - Fopt (9.862300000000e+02) | best noise-free fitness - Fopt | measured fitness | best measured fitness | x1 | x2...
1 +6.928583335e+01 +6.928583335e+01 +1.055515833e+03 +1.055515833e+03 +1.6644e+00 +1.4682e+00 +1.9271e+00 -1.1988e+00 +2.5441e+00
2 +5.785145236e+01 +5.785145236e+01 +1.044081452e+03 +1.044081452e+03 -9.0834e-01 +4.2421e+00 -1.3082e+00 +4.8574e+00 -2.6893e+00
6 +3.252370336e+01 +3.252370336e+01 +1.018753703e+03 +1.018753703e+03 +5.5269e-01 -2.8573e-01 -2.5853e+00 +1.6515e+00 -1.8052e+00
16 +2.057993216e+01 +2.057993216e+01 +1.006809932e+03 +1.006809932e+03 -1.4365e+00 +3.1348e+00 -3.7159e+00 +3.4454e+00 -4.3466e+00
21 +5.163736319e-01 +5.163736319e-01 +9.867463736e+02 +9.867463736e+02 -4.8017e+00 -3.2819e+00 +1.3010e+00 +3.1948e+00 -2.4434e+00
817 +2.500651086e-02 +2.500651086e-02 +9.862550065e+02 +9.862550065e+02 -3.6656e+00 -3.5899e+00 +1.4516e+00 +3.3475e+00 -2.0644e+00
5021 +5.706361244e-03 +5.706361244e-03 +9.862357064e+02 +9.862357064e+02 -3.2409e+00 -3.5652e+00 +1.2206e+00 +3.3429e+00 -2.1630e+00
10752 +3.611924111e-03 +3.611924111e-03 +9.862336119e+02 +9.862336119e+02 -3.8345e+00 -3.6169e+00 +1.3905e+00 +3.3045e+00 -2.3133e+00
20067 +6.280490838e-04 +6.280490838e-04 +9.862306280e+02 +9.862306280e+02 -3.8170e+00 -3.5658e+00 +1.3135e+00 +3.4165e+00 -2.3859e+00
36469 +2.429044279e-04 +2.429044279e-04 +9.862302429e+02 +9.862302429e+02 -3.5045e+00 -3.5325e+00 +1.1509e+00 +3.5955e+00 -2.3755e+00
% function evaluation | noise-free fitness - Fopt (1.240800000000e+02) | best noise-free fitness - Fopt | measured fitness | best measured fitness | x1 | x2...
1 +7.467720723e+01 +7.467720723e+01 +1.987572072e+02 +1.987572072e+02 +4.3458e+00 -2.5258e+00 +1.2034e+00 -1.9284e+00 -1.4905e+00
3 +4.810312345e+01 +4.810312345e+01 +1.721831234e+02 +1.721831234e+02 +5.9625e-01 -2.3123e+00 +3.6656e+00 +1.5818e+00 -1.9463e+00
5 +2.237977869e+01 +2.237977869e+01 +1.464597787e+02 +1.464597787e+02 -2.9449e+00 +4.6465e+00 -6.8752e-01 +8.0356e-01 +4.1393e-01
51 +8.469345382e+00 +8.469345382e+00 +1.325493454e+02 +1.325493454e+02 +9.4470e-01 +2.4742e+00 -1.5870e+00 +3.0716e+00 -3.8063e+00
336 +4.063444354e+00 +4.063444354e+00 +1.281434444e+02 +1.281434444e+02 -3.7751e+00 +3.2291e+00 +9.8572e-02 +4.4743e+00 -5.8122e-01
513 +1.914200242e+00 +1.914200242e+00 +1.259942002e+02 +1.259942002e+02 -4.3518e+00 +0.0000e+00 +0.0000e+00 +9.3000e-01 -2.6604e+00
998 +1.221355839e-01 +1.221355839e-01 +1.242021356e+02 +1.242021356e+02 -4.6793e+00 -6.7619e-01 -2.9248e-01 -2.1180e-01 -3.3477e+00
1183 +6.802733060e-02 +6.802733060e-02 +1.241480273e+02 +1.241480273e+02 -4.0164e+00 -6.2318e-01 -4.4386e-01 +0.0000e+00 -3.1668e+00
3356 +3.627896353e-03 +3.627896353e-03 +1.240836279e+02 +1.240836279e+02 -3.5129e+00 -4.9671e-01 -2.0050e-01 -2.9707e-01 -3.2193e+00
5856 +1.688496066e-03 +1.688496066e-03 +1.240816885e+02 +1.240816885e+02 -3.5102e+00 -5.7338e-01 -3.7201e-01 -4.5938e-01 -3.4430e+00
12085 +2.406122138e-04 +2.406122138e-04 +1.240802406e+02 +1.240802406e+02 -3.7784e+00 -5.2961e-01 -2.2705e-01 -2.9953e-01 -3.3340e+00
% function evaluation | noise-free fitness - Fopt (-4.683100000000e+02) | best noise-free fitness - Fopt | measured fitness | best measured fitness | x1 | x2...
1 +7.399809527e+01 +7.399809527e+01 -3.943119047e+02 -3.943119047e+02 -2.3158e+00 -4.4646e+00 -9.2818e-01 +8.1231e-01 -3.8626e+00
4 +4.678126173e+01 +4.678126173e+01 -4.215287383e+02 -4.215287383e+02 -2.3525e+00 -3.6973e-01 -2.9729e+00 -3.5183e+00 -1.7483e-03
6 +3.660047013e+01 +3.660047013e+01 -4.317095299e+02 -4.317095299e+02 +1.2888e+00 +1.3702e+00 -1.0426e+00 +4.6920e-01 +2.1786e+00
18 +1.831541337e+01 +1.831541337e+01 -4.499945866e+02 -4.499945866e+02 -2.6278e-01 +5.5854e-01 -3.7389e+00 +2.6703e+00 +2.4223e+00
46 +8.688513049e+00 +8.688513049e+00 -4.596214870e+02 -4.596214870e+02 -3.5238e+00 +2.9221e+00 +3.5421e+00 -2.1411e+00 +3.2380e+00
1553 +3.822117549e+00 +3.822117549e+00 -4.644878825e+02 -4.644878825e+02 +4.9615e-02 +2.6892e-01 +3.5496e+00 +4.2468e+00 -4.0993e+00
1934 +2.070967049e+00 +2.070967049e+00 -4.662390330e+02 -4.662390330e+02 +1.0235e+00 +5.3048e-01 +3.6874e+00 +4.3225e+00 -4.1905e+00
5258 +1.650140493e-01 +1.650140493e-01 -4.681449860e+02 -4.681449860e+02 -3.0459e+00 +1.1841e+00 +1.4743e+00 -3.9590e+00 +1.1844e+00
8159 +1.444388063e-01 +1.444388063e-01 -4.681655612e+02 -4.681655612e+02 -3.0227e+00 +1.3632e+00 +1.4290e+00 -3.8610e+00 +1.4281e+00
8808 +8.065740974e-02 +8.065740974e-02 -4.682293426e+02 -4.682293426e+02 -3.0141e+00 +1.2310e+00 +1.5494e+00 -3.7497e+00 +1.5930e+00
11108 +1.363450949e-02 +1.363450949e-02 -4.682963655e+02 -4.682963655e+02 -2.7903e+00 +1.2516e+00 +2.3642e+00 -3.4964e+00 +2.1470e+00
25931 +8.811930570e-03 +8.811930570e-03 -4.683011881e+02 -4.683011881e+02 -3.0264e+00 +8.4154e-01 +2.3335e+00 -3.5992e+00 +2.5963e+00
% function evaluation | noise-free fitness - Fopt (-6.062000000000e+01) | best noise-free fitness - Fopt | measured fitness | best measured fitness | x1 | x2...
1 +6.995840614e+01 +6.995840614e+01 +9.338406137e+00 +9.338406137e+00 +2.6444e+00 +2.2691e+00 -1.5919e+00 -4.4568e+00 +2.4768e+00
2 +3.435477896e+01 +3.435477896e+01 -2.626522104e+01 -2.626522104e+01 -1.6112e+00 +2.2232e+00 -4.3532e+00 +3.3638e+00 -7.9596e-01
3 +2.504691474e+01 +2.504691474e+01 -3.557308526e+01 -3.557308526e+01 +2.0602e+00 +1.5962e+00 -3.1130e+00 -1.1077e+00 -2.1307e+00
13 +1.104432287e+01 +1.104432287e+01 -4.957567713e+01 -4.957567713e+01 -1.4043e+00 -1.6270e+00 +3.2048e+00 +1.8699e+00 +3.3690e+00
512 +8.965761197e+00 +8.965761197e+00 -5.165423880e+01 -5.165423880e+01 +2.0176e+00 +2.8391e+00 +2.8436e+00 +2.4413e+00 -3.4329e+00
762 +5.810578359e+00 +5.810578359e+00 -5.480942164e+01 -5.480942164e+01 +1.1672e+00 +1.7449e+00 +2.8878e+00 +2.1341e+00 -2.0934e+00
871 +2.325381268e+00 +2.325381268e+00 -5.829461873e+01 -5.829461873e+01 +1.1002e+00 +2.6484e+00 +2.5752e+00 +1.9910e+00 -3.0202e+00
19650 +7.826692397e-01 +7.826692397e-01 -5.983733076e+01 -5.983733076e+01 +4.8934e+00 +2.5801e+00 +3.3215e+00 -2.9714e+00 +2.7248e+00
21500 +4.449137784e-01 +4.449137784e-01 -6.017508622e+01 -6.017508622e+01 +4.6692e+00 +2.8157e+00 +3.2577e+00 -2.7946e+00 +2.2336e+00
24950 +3.564968342e-01 +3.564968342e-01 -6.026350317e+01 -6.026350317e+01 +4.6835e+00 +2.7827e+00 +3.3248e+00 -2.8018e+00 +2.4812e+00
25010 +1.391709264e-01 +1.391709264e-01 -6.048082907e+01 -6.048082907e+01 +4.4555e+00 +3.3719e+00 +3.8889e+00 -2.8900e+00 +2.9147e+00
29085 +4.978569703e-02 +4.978569703e-02 -6.057021430e+01 -6.057021430e+01 +3.4300e+00 +3.8094e+00 +4.2521e+00 -2.6476e+00 +2.9341e+00
35919 +1.427018059e-02 +1.427018059e-02 -6.060572982e+01 -6.060572982e+01 +4.1327e+00 +3.7062e+00 +4.0685e+00 -2.8100e+00 +2.5898e+00
% function evaluation | noise-free fitness - Fopt (2.864600000000e+02) | best noise-free fitness - Fopt | measured fitness | best measured fitness | x1 | x2...
1 +6.667409411e+01 +6.667409411e+01 +3.531340941e+02 +3.531340941e+02 -2.3496e+00 -2.2326e+00 -1.3613e+00 +1.6285e+00 +4.9198e+00
4 +5.308230994e+01 +5.308230994e+01 +3.395423099e+02 +3.395423099e+02 +3.9304e+00 -1.0298e+00 -4.9883e+00 -7.1958e-01 -1.8183e+00
8 +2.893876064e+01 +2.893876064e+01 +3.153987606e+02 +3.153987606e+02 +1.4712e+00 -3.4936e+00 -2.7378e+00 +1.4527e+00 +4.9884e+00
33 +2.037562913e+01 +2.037562913e+01 +3.068356291e+02 +3.068356291e+02 -3.7841e+00 +2.2455e-01 -4.5546e+00 -4.2506e+00 +2.2847e+00
73 +1.041590836e+01 +1.041590836e+01 +2.968759084e+02 +2.968759084e+02 -1.2832e+00 -1.4255e+00 -5.0000e+00 -5.0000e+00 +3.1368e+00
156 +5.737070567e+00 +5.737070567e+00 +2.921970706e+02 +2.921970706e+02 -2.5843e+00 -2.1426e+00 -5.0000e+00 -4.4149e+00 +2.6722e+00
602 +3.539292527e+00 +3.539292527e+00 +2.899992925e+02 +2.899992925e+02 -1.7000e+00 -9.6922e-01 -4.1011e+00 -5.0000e+00 +4.1729e+00
855 +2.046085936e+00 +2.046085936e+00 +2.885060859e+02 +2.885060859e+02 -2.7385e+00 -6.6495e-01 -5.0000e+00 -4.8354e+00 +3.1645e+00
1605 +1.566689579e+00 +1.566689579e+00 +2.880266896e+02 +2.880266896e+02 -2.4008e+00 -1.0279e+00 -5.0000e+00 -5.0000e+00 +3.4366e+00
5008 +9.472090856e-01 +9.472090856e-01 +2.874072091e+02 +2.874072091e+02 -2.2538e+00 -1.0100e+00 -4.7087e+00 -4.9324e+00 +3.3351e+00
% function evaluation | noise-free fitness - Fopt (1.134200000000e+02) | best noise-free fitness - Fopt | measured fitness | best measured fitness | x1 | x2...
1 +7.671182986e+01 +7.671182986e+01 +1.901318299e+02 +1.901318299e+02 -4.7616e+00 +2.2694e+00 -4.2476e+00 +2.9392e+00 +2.8073e+00
4 +3.867620920e+01 +3.867620920e+01 +1.520962092e+02 +1.520962092e+02 +2.7985e+00 -9.3042e-01 -1.5678e+00 -1.7040e+00 +2.1364e+00
5 +2.445946533e+01 +2.445946533e+01 +1.378794653e+02 +1.378794653e+02 -1.4767e+00 +7.1337e-01 +8.4573e-01 +3.6577e+00 -2.5740e+00
7 +8.826663995e+00 +8.826663995e+00 +1.222466640e+02 +1.222466640e+02 +1.2528e+00 -7.7601e-01 -3.1367e-01 -1.7304e+00 -2.2082e+00
712 +5.044262340e+00 +5.044262340e+00 +1.184642623e+02 +1.184642623e+02 +5.0000e+00 -3.5155e+00 -3.2725e+00 -5.0000e+00 -4.5223e+00
852 +2.110210004e+00 +2.110210004e+00 +1.155302100e+02 +1.155302100e+02 +3.8505e+00 -2.5951e+00 -1.9262e+00 -4.2552e+00 -3.9267e+00
3112 +1.462128817e+00 +1.462128817e+00 +1.148821288e+02 +1.148821288e+02 +3.6379e+00 -2.8665e+00 -3.2891e+00 -5.0000e+00 -4.0186e+00
3562 +8.745775666e-01 +8.745775666e-01 +1.142945776e+02 +1.142945776e+02 +3.5939e+00 -2.9348e+00 -2.9495e+00 -5.0000e+00 -4.0161e+00
% function evaluation | noise-free fitness - Fopt (-1.958600000000e+02) | best noise-free fitness - Fopt | measured fitness | best measured fitness | x1 | x2...
1 +3.219900207e+01 +3.219900207e+01 -1.636609979e+02 -1.636609979e+02 -2.1235e+00 -2.4727e+00 -1.7139e+00 +2.1065e+00 +3.4321e+00
10 +2.323147111e+01 +2.323147111e+01 -1.726285289e+02 -1.726285289e+02 -2.8719e+00 -3.5212e+00 -3.2164e+00 -1.5935e+00 -1.0040e-01
52 +6.096800593e+00 +6.096800593e+00 -1.897631994e+02 -1.897631994e+02 -1.0377e+00 +1.6507e+00 -1.4012e+00 +3.0896e+00 +1.2752e-01
1197 +1.898570850e+00 +1.898570850e+00 -1.939614292e+02 -1.939614292e+02 -1.3280e+00 +1.4647e+00 +2.4796e-01 +2.7002e+00 -1.1194e+00
7277 +1.506565485e+00 +1.506565485e+00 -1.943534345e+02 -1.943534345e+02 -6.9819e-01 +1.8016e+00 +3.2142e-01 +2.4807e+00 -1.3041e+00
% function evaluation | noise-free fitness - Fopt (-5.760000000000e+00) | best noise-free fitness - Fopt | measured fitness | best measured fitness | x1 | x2...
1 +5.693272619e+01 +5.693272619e+01 +5.117272619e+01 +5.117272619e+01 -1.6639e+00 +2.7963e+00 +2.1216e+00 -4.9048e-01 +2.9506e+00
3 +1.957001279e+01 +1.957001279e+01 +1.381001279e+01 +1.381001279e+01 +2.7340e+00 +4.2213e+00 -4.5667e+00 +6.1741e-02 +4.3774e+00
174 +1.055822854e+01 +1.055822854e+01 +4.798228541e+00 +4.798228541e+00 +2.4947e+00 -2.6039e+00 -1.1215e+00 -1.0559e+00 +2.1410e+00
298 +7.191076337e+00 +7.191076337e+00 +1.431076337e+00 +1.431076337e+00 +5.0000e+00 +9.2378e-02 +0.0000e+00 +1.5888e+00 +3.1789e+00
492 +3.426172441e+00 +3.426172441e+00 -2.333827559e+00 -2.333827559e+00 +2.8248e+00 +8.4996e-01 -6.8921e-01 -2.4496e+00 +2.3927e+00
706 +6.342299970e-01 +6.342299970e-01 -5.125770003e+00 -5.125770003e+00 +3.0862e+00 -1.9845e+00 -5.5354e-01 -1.5957e+00 +2.5521e+00
1610 +4.963845568e-01 +4.963845568e-01 -5.263615443e+00 -5.263615443e+00 +3.1634e+00 -1.8775e+00 -2.5576e-01 -1.4253e+00 +2.7363e+00
3110 +7.172236788e-02 +7.172236788e-02 -5.688277632e+00 -5.688277632e+00 +3.0351e+00 -1.0566e+00 -6.2158e-01 -1.8613e+00 +2.4033e+00
5064 +1.381308487e-02 +1.381308487e-02 -5.746186915e+00 -5.746186915e+00 +3.4428e+00 -1.3891e+00 -4.5796e-02 -1.5663e+00 +2.5373e+00
14674 +9.731425312e-03 +9.731425312e-03 -5.750268575e+00 -5.750268575e+00 +3.3554e+00 -1.8032e+00 -9.2880e-02 -1.4897e+00 +2.4232e+00
27218 +3.621986441e-03 +3.621986441e-03 -5.756378014e+00 -5.756378014e+00 +3.2959e+00 -1.3360e+00 +0.0000e+00 -1.7982e+00 +2.5177e+00
27529 +2.178524820e-03 +2.178524820e-03 -5.757821475e+00 -5.757821475e+00 +3.4934e+00 -1.7506e+00 +0.0000e+00 -1.6022e+00 +2.5337e+00
31094 +3.275160473e-04 +3.275160473e-04 -5.759672484e+00 -5.759672484e+00 +3.4183e+00 -1.6063e+00 -6.2879e-02 -1.6918e+00 +2.5338e+00
31894 +1.742635908e-04 +1.742635908e-04 -5.759825736e+00 -5.759825736e+00 +3.4693e+00 -1.6179e+00 +3.7491e-02 -1.6933e+00 +2.5286e+00
% function evaluation | noise-free fitness - Fopt (-4.986500000000e+02) | best noise-free fitness - Fopt | measured fitness | best measured fitness | x1 | x2...
1 +6.233530221e+01 +6.233530221e+01 -4.363146978e+02 -4.363146978e+02 +2.6049e+00 -4.8796e+00 +1.2036e+00 +2.2878e+00 -5.6721e-01
3 +3.200930168e+01 +3.200930168e+01 -4.666406983e+02 -4.666406983e+02 -3.2625e+00 +4.5176e+00 -8.8750e-01 -4.5296e+00 -4.4407e-01
29 +1.476768060e+01 +1.476768060e+01 -4.838823194e+02 -4.838823194e+02 -2.7998e+00 -1.2974e+00 -1.2230e+00 +9.8464e-01 -4.7008e+00
56 +6.972652406e+00 +6.972652406e+00 -4.916773476e+02 -4.916773476e+02 +7.0037e-01 +1.4103e+00 -2.0806e+00 +1.6243e-01 -5.0000e+00
229 +4.185955202e+00 +4.185955202e+00 -4.944640448e+02 -4.944640448e+02 -3.5974e+00 -5.9300e-01 -3.8212e-01 +1.2643e+00 -4.3161e+00
320 +2.608653821e+00 +2.608653821e+00 -4.960413462e+02 -4.960413462e+02 -1.5869e+00 +1.4775e+00 -1.8777e+00 +9.3763e-01 -4.3343e+00
420 +2.024237878e+00 +2.024237878e+00 -4.966257621e+02 -4.966257621e+02 -1.4147e+00 +1.4771e+00 -2.0369e+00 +7.4592e-01 -4.5436e+00
889 +7.843916977e-01 +7.843916977e-01 -4.978656083e+02 -4.978656083e+02 -1.6620e+00 +1.4027e+00 -1.6310e+00 +2.0365e-01 -4.6038e+00
1133 +5.385587785e-01 +5.385587785e-01 -4.981114412e+02 -4.981114412e+02 -5.7282e-01 +9.2874e-01 -1.6702e+00 +1.4401e-01 -4.9045e+00
1341 +2.569041873e-02 +2.569041873e-02 -4.986243096e+02 -4.986243096e+02 -7.7052e-01 +1.0747e+00 -1.5501e+00 -9.5455e-01 -3.7633e+00
7024 +4.458905306e-03 +4.458905306e-03 -4.986455411e+02 -4.986455411e+02 -1.2702e+00 +1.2699e+00 -1.3502e+00 -1.0268e+00 -3.5220e+00
7774 +1.856256155e-03 +1.856256155e-03 -4.986481437e+02 -4.986481437e+02 -1.3037e+00 +1.2210e+00 -1.4232e+00 -6.2572e-01 -3.7658e+00
10651 +1.303498713e-03 +1.303498713e-03 -4.986486965e+02 -4.986486965e+02 -1.3055e+00 +1.2038e+00 -1.3888e+00 -6.3178e-01 -3.7834e+00
% function evaluation | noise-free fitness - Fopt (-4.286000000000e+01) | best noise-free fitness - Fopt | measured fitness | best measured fitness | x1 | x2...
1 +4.874831438e+01 +4.874831438e+01 +5.888314375e+00 +5.888314375e+00 +1.2603e+00 +3.6456e+00 +8.4233e-01 +3.0748e-01 -4.6892e+00
7 +3.582188518e+01 +3.582188518e+01 -7.038114820e+00 -7.038114820e+00 -3.8813e+00 -3.7173e+00 -2.3320e-01 +2.0148e+00 +2.9623e+00
14 +1.905347569e+01 +1.905347569e+01 -2.380652431e+01 -2.380652431e+01 +6.5330e-01 -1.1745e+00 +4.4274e+00 +3.1238e+00 -4.6019e+00
19 +1.103230205e+01 +1.103230205e+01 -3.182769795e+01 -3.182769795e+01 +2.0569e+00 -2.5775e+00 +1.8382e+00 +1.7541e+00 -2.0007e-01
105 +8.780314613e+00 +8.780314613e+00 -3.407968539e+01 -3.407968539e+01 +3.4741e+00 -9.0427e-01 +5.6233e-01 +2.0240e+00 -1.2737e+00
1300 +3.626093723e+00 +3.626093723e+00 -3.923390628e+01 -3.923390628e+01 +2.1380e+00 -2.3281e+00 +1.8361e+00 +3.3504e+00 -2.3181e+00
1723 +2.069927332e+00 +2.069927332e+00 -4.079007267e+01 -4.079007267e+01 +1.6883e+00 -1.6742e+00 +1.3927e+00 +2.9177e+00 -1.1413e-01
1903 +6.948403239e-01 +6.948403239e-01 -4.216515968e+01 -4.216515968e+01 +2.0029e+00 -1.6175e+00 +1.4910e+00 +2.5100e+00 -2.5537e-01
3030 +5.132114993e-01 +5.132114993e-01 -4.234678850e+01 -4.234678850e+01 +2.6671e+00 -1.0081e+00 +1.5135e+00 +2.6499e+00 +1.4570e-01
5389 +1.310504946e-01 +1.310504946e-01 -4.272894951e+01 -4.272894951e+01 +2.5089e+00 -3.4378e-01 +9.5376e-01 +1.6089e+00 +5.1907e-01
8245 +4.218613381e-02 +4.218613381e-02 -4.281781387e+01 -4.281781387e+01 +1.9072e+00 -1.1251e+00 +7.0211e-01 +1.6416e+00 +4.2526e-01
11621 +3.057240712e-02 +3.057240712e-02 -4.282942759e+01 -4.282942759e+01 +2.2726e+00 -9.0108e-01 +8.2747e-01 +1.5502e+00 +4.1841e-01
13676 +1.601293113e-02 +1.601293113e-02 -4.284398707e+01 -4.284398707e+01 +2.3899e+00 -1.0533e+00 +9.2067e-01 +1.7017e+00 -1.8437e-01
17760 +1.444232423e-02 +1.444232423e-02 -4.284555768e+01 -4.284555768e+01 +2.6249e+00 -9.7052e-01 +9.8138e-01 +1.7360e+00 -1.5823e-01
18110 +3.376245427e-03 +3.376245427e-03 -4.285662375e+01 -4.285662375e+01 +2.7490e+00 -1.0118e+00 +1.3077e+00 +1.8647e+00 -2.3769e-01
20980 +2.108575050e-03 +2.108575050e-03 -4.285789142e+01 -4.285789142e+01 +2.6492e+00 -1.1270e+00 +1.3132e+00 +1.9494e+00 -2.8446e-01
48707 +1.168502876e-03 +1.168502876e-03 -4.285883150e+01 -4.285883150e+01 +2.4907e+00 -1.1264e+00 +1.2479e+00 +1.8877e+00 -7.9726e-02
