% function evaluation | noise-free fitness - Fopt (-1.694000000000e+01) | best noise-free fitness - Fopt | measured fitness | best measured fitness | x1 | x2...
1 +1.384155461e+02 +1.384155461e+02 +1.214755461e+02 +1.214755461e+02 +4.6002e-01 -3.6013e+00 -1.9767e+00 +4.1156e-01 +4.4570e+00
8 +9.759966527e+01 +9.759966527e+01 +8.065966527e+01 +8.065966527e+01 -9.4854e-01 +3.8264e+00 +2.9185e-01 +3.6341e+00 -4.1009e-02
11 +4.863974728e+01 +4.863974728e+01 +3.169974728e+01 +3.169974728e+01 +3.0873e+00 -7.7060e-01 -4.4514e+00 +2.2954e+00 +8.7173e-01
77 +1.961129415e+01 +1.961129415e+01 +2.671294151e+00 +2.671294151e+00 +4.0669e+00 +1.7800e+00 -3.0546e+00 +8.0369e-01 +2.6294e+00
183 +1.438205907e+01 +1.438205907e+01 -2.557940933e+00 -2.557940933e+00 +4.5144e+00 +3.0591e-01 -2.7011e+00 +1.7180e+00 +2.6442e+00
412 +7.484827193e+00 +7.484827193e+00 -9.455172807e+00 -9.455172807e+00 +3.5979e+00 +2.4211e+00 -2.8263e+00 +1.5921e+00 +1.4351e+00
425 +5.222528903e+00 +5.222528903e+00 -1.171747110e+01 -1.171747110e+01 +2.8079e+00 +1.8659e+00 -1.6832e+00 +2.0674e+00 +1.5680e+00
562 +2.756808767e+00 +2.756808767e+00 -1.418319123e+01 -1.418319123e+01 +3.1273e+00 +2.1403e+00 -1.5870e+00 +1.8398e+00 +1.5115e+00
800 +2.281204018e+00 +2.281204018e+00 -1.465879598e+01 -1.465879598e+01 +2.9766e+00 +1.9794e+00 -1.9976e+00 +1.7265e+00 +1.1866e+00
858 +1.163395021e+00 +1.163395021e+00 -1.577660498e+01 -1.577660498e+01 +2.5527e+00 +1.0788e+00 -2.3088e+00 +2.6096e+00 +1.1329e+00
2333 +9.715008313e-01 +9.715008313e-01 -1.596849917e+01 -1.596849917e+01 +2.5544e+00 +1.1120e+00 -2.2742e+00 +2.6214e+00 +1.0744e+00
3873 +6.162214769e-01 +6.162214769e-01 -1.632377852e+01 -1.632377852e+01 +2.5647e+00 +1.0947e+00 -2.2779e+00 +2.6273e+00 +1.0874e+00
5687 +3.784699409e-01 +3.784699409e-01 -1.656153006e+01 -1.656153006e+01 +2.5492e+00 +1.6308e+00 -2.2214e+00 +2.3007e+00 +1.1167e+00
8697 +2.496361520e-01 +2.496361520e-01 -1.669036385e+01 -1.669036385e+01 +2.5467e+00 +1.5768e+00 -2.2260e+00 +2.3328e+00 +1.1170e+00
% function evaluation | noise-free fitness - Fopt (1.881000000000e+01) | best noise-free fitness - Fopt | measured fitness | best measured fitness | x1 | x2...
1 +1.695715394e+02 +1.695715394e+02 +1.883815394e+02 +1.883815394e+02 +1.3605e-01 +4.2982e+00 -4.6783e+00 -3.9278e+00 -6.7828e-01
2 +5.395415602e+01 +5.395415602e+01 +7.276415602e+01 +7.276415602e+01 -3.5629e+00 +1.2548e-01 -2.4986e+00 +2.2417e+00 -1.5398e+00
13 +3.870645212e+01 +3.870645212e+01 +5.751645212e+01 +5.751645212e+01 -3.8985e+00 +3.3258e+00 -3.0810e+00 +7.8757e-01 +2.2142e+00
74 +1.706266454e+01 +1.706266454e+01 +3.587266454e+01 +3.587266454e+01 -8.0689e-01 +1.4999e+00 -5.7178e-01 +1.5053e+00 -1.8420e-01
160 +1.086281077e+01 +1.086281077e+01 +2.967281077e+01 +2.967281077e+01 -6.1375e-01 +2.5029e+00 +2.5658e-02 +1.4994e+00 +1.0920e+00
193 +7.325000169e+00 +7.325000169e+00 +2.613500017e+01 +2.613500017e+01 -5.6772e-01 +2.6936e+00 -1.0547e+00 +3.8247e-01 +2.9252e+00
308 +5.322081853e+00 +5.322081853e+00 +2.413208185e+01 +2.413208185e+01 -7.5357e-01 +1.8828e+00 -5.2196e-01 -3.0154e-01 +1.3456e+00
355 +2.866527789e+00 +2.866527789e+00 +2.167652779e+01 +2.167652779e+01 -2.2924e-01 +2.2818e+00 -6.7806e-01 -2.7822e-01 +2.1973e+00
789 +2.148490805e+00 +2.148490805e+00 +2.095849080e+01 +2.095849080e+01 -2.3107e-01 +1.5809e+00 -5.8237e-01 -5.1152e-01 +2.0149e+00
922 +8.242461036e-01 +8.242461036e-01 +1.963424610e+01 +1.963424610e+01 -2.1761e-01 +1.6583e+00 -8.1764e-01 -1.7909e-01 +1.7732e+00
1299 +6.030469971e-01 +6.030469971e-01 +1.941304700e+01 +1.941304700e+01 -1.3530e-01 +1.6379e+00 -8.1335e-01 -1.4617e-01 +1.7587e+00
1899 +3.564683675e-01 +3.564683675e-01 +1.916646837e+01 +1.916646837e+01 -1.5358e-01 +1.6413e+00 -8.3583e-01 -1.3893e-01 +1.7704e+00
2271 +2.348574788e-01 +2.348574788e-01 +1.904485748e+01 +1.904485748e+01 -1.7628e-01 +1.6689e+00 -8.1886e-01 -1.5555e-01 +1.7619e+00
2603 +1.498156431e-01 +1.498156431e-01 +1.895981564e+01 +1.895981564e+01 -1.7274e-01 +1.6881e+00 -8.1171e-01 -1.3756e-01 +1.7470e+00
2806 +9.835815603e-02 +9.835815603e-02 +1.890835816e+01 +1.890835816e+01 -1.7744e-01 +1.6763e+00 -8.1313e-01 -1.3755e-01 +1.7408e+00
3904 +5.739837430e-02 +5.739837430e-02 +1.886739837e+01 +1.886739837e+01 -1.7659e-01 +1.7350e+00 -8.1434e-01 -9.7645e-02 +1.7249e+00
4427 +3.525733543e-02 +3.525733543e-02 +1.884525734e+01 +1.884525734e+01 -1.7653e-01 +1.7391e+00 -8.1292e-01 -9.7277e-02 +1.7290e+00
5416 +2.263766789e-02 +2.263766789e-02 +1.883263767e+01 +1.883263767e+01 -1.7718e-01 +1.7364e+00 -8.1230e-01 -9.7659e-02 +1.7299e+00
7530 +1.547596197e-02 +1.547596197e-02 +1.882547596e+01 +1.882547596e+01 -1.7719e-01 +1.7346e+00 -8.1201e-01 -9.9115e-02 +1.7292e+00
% function evaluation | noise-free fitness - Fopt (2.731500000000e+02) | best noise-free fitness - Fopt | measured fitness | best measured fitness | x1 | x2...
1 +9.979311444e+02 +9.979311444e+02 +1.271081144e+03 +1.271081144e+03 +1.9708e+00 +2.3216e+00 +2.9528e+00 -4.9516e+00 -4.5269e+00
2 +1.111128176e+02 +1.111128176e+02 +3.842628176e+02 +3.842628176e+02 +2.9269e+00 -3.3562e+00 -4.4683e+00 +7.0832e-01 +2.9347e+00
3 +5.113002839e+01 +5.113002839e+01 +3.242800284e+02 +3.242800284e+02 +5.2685e-01 +1.3644e+00 -2.3815e+00 -4.8505e-01 -1.4449e+00
9 +2.297991804e+01 +2.297991804e+01 +2.961299180e+02 +2.961299180e+02 +3.4992e+00 +4.4602e+00 -2.6722e+00 +3.2054e-01 +1.3146e+00
168 +1.396733941e+01 +1.396733941e+01 +2.871173394e+02 +2.871173394e+02 -1.8264e+00 +4.5922e+00 -1.6562e+00 +2.0410e+00 +1.2665e+00
199 +8.945411889e+00 +8.945411889e+00 +2.820954119e+02 +2.820954119e+02 -1.2279e+00 +4.1190e+00 +3.0720e-01 +1.8378e+00 +2.1095e+00
262 +4.910237130e+00 +4.910237130e+00 +2.780602371e+02 +2.780602371e+02 -1.2136e+00 +3.9994e+00 -3.9707e-01 +2.1008e+00 +2.2352e+00
482 +3.352584097e+00 +3.352584097e+00 +2.765025841e+02 +2.765025841e+02 +5.1347e-01 +3.8821e+00 -2.1696e-01 +1.8856e+00 +1.2548e+00
831 +2.280338169e+00 +2.280338169e+00 +2.754303382e+02 +2.754303382e+02 -4.1332e+00 +3.7646e+00 -3.5681e-01 +2.5776e+00 +1.9017e+00
1016 +1.236106953e+00 +1.236106953e+00 +2.743861070e+02 +2.743861070e+02 -3.0720e+00 +3.7530e+00 -2.5643e-01 +2.5505e+00 +1.9049e+00
1537 +8.640660482e-01 +8.640660482e-01 +2.740140660e+02 +2.740140660e+02 -3.5044e+00 +3.8122e+00 -2.3122e-01 +2.6197e+00 +1.9657e+00
1978 +3.169450541e-01 +3.169450541e-01 +2.734669451e+02 +2.734669451e+02 -3.5486e+00 +3.7197e+00 -3.3618e-01 +2.6275e+00 +2.0198e+00
2628 +2.265729009e-01 +2.265729009e-01 +2.733765729e+02 +2.733765729e+02 -3.5490e+00 +3.7166e+00 -3.4442e-01 +2.6235e+00 +2.0177e+00
3524 +1.340305396e-01 +1.340305396e-01 +2.732840305e+02 +2.732840305e+02 -3.6135e+00 +3.7421e+00 -4.2138e-01 +2.6003e+00 +2.0134e+00
4069 +9.270419883e-02 +9.270419883e-02 +2.732427042e+02 +2.732427042e+02 -3.6145e+00 +3.7475e+00 -4.1796e-01 +2.6009e+00 +2.0131e+00
5315 +5.973948231e-02 +5.973948231e-02 +2.732097395e+02 +2.732097395e+02 -3.5989e+00 +3.7428e+00 -4.1933e-01 +2.5984e+00 +2.0140e+00
11889 +3.693629732e-02 +3.693629732e-02 +2.731869363e+02 +2.731869363e+02 -3.6032e+00 +3.7481e+00 -4.7203e-01 +2.5741e+00 +2.0127e+00
13559 +2.441428365e-02 +2.441428365e-02 +2.731744143e+02 +2.731744143e+02 -3.5967e+00 +3.7489e+00 -4.8328e-01 +2.5703e+00 +2.0132e+00
15481 +1.163743639e-02 +1.163743639e-02 +2.731616374e+02 +2.731616374e+02 -3.5974e+00 +3.7524e+00 -4.8003e-01 +2.5712e+00 +2.0111e+00
15635 +7.214848811e-03 +7.214848811e-03 +2.731572148e+02 +2.731572148e+02 -3.5953e+00 +3.7527e+00 -4.7783e-01 +2.5721e+00 +2.0109e+00
17935 +6.206234400e-03 +6.206234400e-03 +2.731562062e+02 +2.731562062e+02 -3.5953e+00 +3.7526e+00 -4.7776e-01 +2.5721e+00 +2.0108e+00
% function evaluation | noise-free fitness - Fopt (3.718000000000e+01) | best noise-free fitness - Fopt | measured fitness | best measured fitness | x1 | x2...
1 +6.630822352e+02 +6.630822352e+02 +7.002622352e+02 +7.002622352e+02 -2.2799e+00 +3.3022e+00 -4.7734e+00 +3.4272e+00 +2.7660e+00
2 +3.310665324e+02 +3.310665324e+02 +3.682465324e+02 +3.682465324e+02 +1.6252e+00 -1.9772e+00 -3.1294e+00 +3.1025e+00 -1.7733e+00
3 +1.494530245e+02 +1.494530245e+02 +1.866330245e+02 +1.866330245e+02 +2.0983e+00 -1.1185e+00 -4.2311e+00 +3.0114e+00 -4.8746e+00
4 +5.823473594e+01 +5.823473594e+01 +9.541473594e+01 +9.541473594e+01 -4.0212e+00 +9.1691e-01 +1.6023e+00 +5.4376e-01 +1.6017e+00
7 +2.930287056e+01 +2.930287056e+01 +6.648287056e+01 +6.648287056e+01 +3.8914e-01 +4.3019e+00 +2.0068e+00 +4.9742e+00 -3.1262e+00
106 +2.119704254e+01 +2.119704254e+01 +5.837704254e+01 +5.837704254e+01 -4.8931e+00 +3.1865e+00 +1.5695e-01 +3.8449e+00 -3.7829e+00
166 +1.501575559e+01 +1.501575559e+01 +5.219575559e+01 +5.219575559e+01 -3.5424e+00 +7.7060e-02 +2.6678e+00 +1.7408e+00 -2.7431e+00
206 +8.753824807e+00 +8.753824807e+00 +4.593382481e+01 +4.593382481e+01 -4.2021e+00 +2.4893e+00 +4.8876e-01 +2.3153e+00 -3.4481e+00
381 +4.965948018e+00 +4.965948018e+00 +4.214594802e+01 +4.214594802e+01 -4.6791e+00 +2.1804e+00 +1.2579e+00 +1.9206e+00 -3.4190e+00
473 +3.169777285e+00 +3.169777285e+00 +4.034977728e+01 +4.034977728e+01 -2.2582e+00 +2.4848e+00 +5.0000e+00 +8.1164e-01 -2.6773e+00
1104 +1.997082691e+00 +1.997082691e+00 +3.917708269e+01 +3.917708269e+01 -2.6158e+00 +1.7422e+00 +3.7308e+00 +1.1299e+00 -2.9242e+00
1504 +1.422097847e+00 +1.422097847e+00 +3.860209785e+01 +3.860209785e+01 -2.5761e+00 +1.7572e+00 +3.7257e+00 +1.1351e+00 -2.9060e+00
1604 +9.104155841e-01 +9.104155841e-01 +3.809041558e+01 +3.809041558e+01 -2.5825e+00 +1.7711e+00 +3.7191e+00 +1.1162e+00 -2.9000e+00
2576 +6.203588186e-01 +6.203588186e-01 +3.780035882e+01 +3.780035882e+01 -2.5568e+00 +1.7004e+00 +3.7127e+00 +1.1069e+00 -2.8885e+00
5808 +3.972137794e-01 +3.972137794e-01 +3.757721378e+01 +3.757721378e+01 -2.5601e+00 +1.6980e+00 +3.7094e+00 +1.1040e+00 -2.8822e+00
% function evaluation | noise-free fitness - Fopt (-1.479000000000e+02) | best noise-free fitness - Fopt | measured fitness | best measured fitness | x1 | x2...
1 +1.404877427e+02 +1.404877427e+02 -7.412257326e+00 -7.412257326e+00 -4.9327e+00 -2.0850e+00 -3.3262e+00 +1.0196e+00 +4.9835e+00
2 +9.988134831e+01 +9.988134831e+01 -4.801865169e+01 -4.801865169e+01 +1.7964e+00 -2.8665e+00 +1.9042e+00 +2.2587e+00 -4.2051e+00
9 +4.544386570e+01 +4.544386570e+01 -1.024561343e+02 -1.024561343e+02 -2.0472e+00 -6.5895e-02 -2.5765e+00 -1.7222e+00 -3.6279e+00
18 +3.838174379e+01 +3.838174379e+01 -1.095182562e+02 -1.095182562e+02 +1.3924e+00 +9.4732e-01 +4.0048e+00 -1.2454e+00 -2.3375e+00
71 +2.356069370e+01 +2.356069370e+01 -1.243393063e+02 -1.243393063e+02 +5.9869e-02 +3.1848e+00 -8.0316e-01 -4.4268e+00 -4.0045e+00
215 +1.236403140e+01 +1.236403140e+01 -1.355359686e+02 -1.355359686e+02 -5.0110e-01 +0.0000e+00 +6.5016e-01 -3.9230e+00 -5.0000e+00
349 +9.605637377e+00 +9.605637377e+00 -1.382943626e+02 -1.382943626e+02 -1.1934e+00 +1.0478e+00 +8.0582e-02 -2.9127e+00 -5.0000e+00
531 +4.919985342e+00 +4.919985342e+00 -1.429800147e+02 -1.429800147e+02 -1.5347e+00 +3.3087e-01 +7.0759e-01 -2.1192e+00 -3.9863e+00
695 +3.931187022e+00 +3.931187022e+00 -1.439688130e+02 -1.439688130e+02 -1.3385e+00 +4.4836e-01 +9.4703e-01 -2.3496e+00 -3.7181e+00
888 +1.891666287e+00 +1.891666287e+00 -1.460083337e+02 -1.460083337e+02 -1.3757e+00 +2.7094e-01 +1.0199e+00 -2.4293e+00 -3.5890e+00
1042 +1.271466956e+00 +1.271466956e+00 -1.466285330e+02 -1.466285330e+02 -1.4685e+00 +3.1740e-01 +7.1763e-01 -2.4040e+00 -3.5877e+00
1663 +9.266783512e-01 +9.266783512e-01 -1.469733216e+02 -1.469733216e+02 -1.7151e+00 +6.8431e-01 +1.7140e-01 -2.3798e+00 -3.6847e+00
1809 +6.278084129e-01 +6.278084129e-01 -1.472721916e+02 -1.472721916e+02 -1.6764e+00 +6.6507e-01 +5.2565e-02 -2.5014e+00 -3.6826e+00
2209 +3.466336641e-01 +3.466336641e-01 -1.475533663e+02 -1.475533663e+02 -1.7110e+00 +6.8311e-01 +6.0797e-02 -2.4819e+00 -3.7004e+00
3341 +2.457248707e-01 +2.457248707e-01 -1.476542751e+02 -1.476542751e+02 -1.7061e+00 +6.7698e-01 +6.8416e-02 -2.4802e+00 -3.6916e+00
16797 +1.584697249e-01 +1.584697249e-01 -1.477415303e+02 -1.477415303e+02 -1.7064e+00 +6.7820e-01 +6.4586e-02 -2.4789e+00 -3.6923e+00
% function evaluation | noise-free fitness - Fopt (-2.218900000000e+02) | best noise-free fitness - Fopt | measured fitness | best measured fitness | x1 | x2...
1 +1.063814133e+02 +1.063814133e+02 -1.155085867e+02 -1.155085867e+02 +2.8100e+00 -2.3174e+00 +1.2836e+00 -3.5880e+00 +6.9810e-01
2 +7.181978003e+01 +7.181978003e+01 -1.500702200e+02 -1.500702200e+02 +4.7015e+00 +8.6743e-01 -3.6263e-02 -2.1510e+00 +6.6036e-01
13 +6.043088610e+01 +6.043088610e+01 -1.614591139e+02 -1.614591139e+02 +9.2517e-01 +3.6368e+00 -1.7175e+00 -1.3808e+00 -1.3428e+00
39 +3.548410166e+01 +3.548410166e+01 -1.864058983e+02 -1.864058983e+02 +9.5131e-01 -4.6431e+00 -4.0806e+00 -2.6182e+00 -1.0485e+00
113 +2.423184548e+01 +2.423184548e+01 -1.976581545e+02 -1.976581545e+02 +1.0483e-02 +8.9961e-01 -1.3921e+00 -4.0459e+00 -1.9781e+00
124 +9.643396575e+00 +9.643396575e+00 -2.122466034e+02 -2.122466034e+02 -1.8486e+00 -5.9023e-01 -5.6254e-01 -2.2974e-01 -1.6928e+00
533 +4.913289907e+00 +4.913289907e+00 -2.169767101e+02 -2.169767101e+02 -3.8070e+00 -2.3237e-01 -1.6315e-01 +2.6905e-01 -2.3521e+00
725 +3.036716526e+00 +3.036716526e+00 -2.188532835e+02 -2.188532835e+02 -3.4507e+00 -7.8375e-03 -4.6952e-01 +8.1148e-01 -1.9298e+00
824 +2.108203881e+00 +2.108203881e+00 -2.197817961e+02 -2.197817961e+02 -4.0686e+00 +2.8283e-01 +1.9118e-01 +1.0220e+00 -2.1375e+00
1165 +1.493439827e+00 +1.493439827e+00 -2.203965602e+02 -2.203965602e+02 -3.8001e+00 +2.5111e-01 -2.8209e-02 +1.0180e+00 -1.8925e+00
1173 +8.157493087e-01 +8.157493087e-01 -2.210742507e+02 -2.210742507e+02 -3.9666e+00 +2.7076e-01 +3.3031e-01 +9.8060e-01 -1.8984e+00
1485 +5.078849515e-01 +5.078849515e-01 -2.213821150e+02 -2.213821150e+02 -3.9612e+00 +2.4003e-01 +3.4016e-01 +9.2566e-01 -1.9135e+00
1532 +3.245920814e-01 +3.245920814e-01 -2.215654079e+02 -2.215654079e+02 -3.9793e+00 +2.3463e-01 +3.1654e-01 +8.7096e-01 -1.9058e+00
1710 +1.762602135e-01 +1.762602135e-01 -2.217137398e+02 -2.217137398e+02 -4.0595e+00 +2.6387e-01 +3.9154e-01 +1.0323e+00 -1.9434e+00
2758 +1.578826422e-01 +1.578826422e-01 -2.217321174e+02 -2.217321174e+02 -4.0723e+00 +2.7002e-01 +4.1075e-01 +1.0146e+00 -1.9324e+00
3124 +8.138542588e-02 +8.138542588e-02 -2.218086146e+02 -2.218086146e+02 -4.0771e+00 +2.7087e-01 +4.2318e-01 +1.0257e+00 -1.9345e+00
4025 +6.046244734e-02 +6.046244734e-02 -2.218295376e+02 -2.218295376e+02 -4.0771e+00 +2.7629e-01 +4.1520e-01 +1.0261e+00 -1.9441e+00
4671 +3.349585239e-02 +3.349585239e-02 -2.218565041e+02 -2.218565041e+02 -4.0748e+00 +2.7482e-01 +4.1637e-01 +1.0274e+00 -1.9441e+00
6456 +2.476670735e-02 +2.476670735e-02 -2.218652333e+02 -2.218652333e+02 -4.0747e+00 +2.7553e-01 +4.1636e-01 +1.0264e+00 -1.9452e+00
% function evaluation | noise-free fitness - Fopt (1.195400000000e+02) | best noise-free fitness - Fopt | measured fitness | best measured fitness | x1 | x2...
1 +6.920571728e+01 +6.920571728e+01 +1.887457173e+02 +1.887457173e+02 -3.1644e+00 +1.4092e+00 -8.1011e-01 -2.5038e+00 -8.7713e-02
8 +5.332794148e+01 +5.332794148e+01 +1.728679415e+02 +1.728679415e+02 -2.6266e+00 -3.2706e+00 -4.7126e+00 -3.0278e+00 +2.3198e+00
34 +2.684451728e+01 +2.684451728e+01 +1.463845173e+02 +1.463845173e+02 -1.2597e-01 -1.2677e+00 -3.1287e+00 -3.2890e+00 +4.0904e+00
60 +2.473501167e+01 +2.473501167e+01 +1.442750117e+02 +1.442750117e+02 -3.5493e+00 +1.7839e+00 -4.1718e+00 -2.4652e+00 +2.9639e+00
169 +1.339593264e+01 +1.339593264e+01 +1.329359326e+02 +1.329359326e+02 +1.1946e+00 -1.2544e-01 -4.7559e+00 -9.0966e-01 +3.4845e+00
217 +9.835495279e+00 +9.835495279e+00 +1.293754953e+02 +1.293754953e+02 +1.8220e+00 +1.6568e+00 -2.7663e+00 -1.2119e+00 +4.0365e+00
519 +5.991370969e+00 +5.991370969e+00 +1.255313710e+02 +1.255313710e+02 +1.3475e-01 +1.1990e+00 -3.1780e+00 -3.5931e-01 +3.4649e+00
547 +3.419787153e+00 +3.419787153e+00 +1.229597872e+02 +1.229597872e+02 +2.1204e+00 +4.1682e-01 -3.6520e+00 -9.3416e-01 +3.9999e+00
769 +2.041942297e+00 +2.041942297e+00 +1.215819423e+02 +1.215819423e+02 +1.9460e+00 +5.0264e-01 -3.6716e+00 -8.6981e-01 +3.9707e+00
1456 +1.122481534e+00 +1.122481534e+00 +1.206624815e+02 +1.206624815e+02 +1.4903e+00 +8.1710e-01 -3.1116e+00 -5.8848e-01 +3.8330e+00
1524 +9.654949582e-01 +9.654949582e-01 +1.205054950e+02 +1.205054950e+02 +1.7774e+00 +8.0168e-01 -3.2145e+00 -5.5478e-01 +3.8672e+00
1910 +5.923805829e-01 +5.923805829e-01 +1.201323806e+02 +1.201323806e+02 +1.7504e+00 +8.5514e-01 -3.1373e+00 -4.4426e-01 +3.8359e+00
2789 +3.756877082e-01 +3.756877082e-01 +1.199156877e+02 +1.199156877e+02 +1.6164e+00 +9.1014e-01 -3.0711e+00 -4.7429e-01 +3.8274e+00
3193 +2.252473734e-01 +2.252473734e-01 +1.197652474e+02 +1.197652474e+02 +1.4538e+00 +8.8170e-01 -3.0972e+00 -4.1971e-01 +3.8043e+00
3743 +1.544936320e-01 +1.544936320e-01 +1.196944936e+02 +1.196944936e+02 +1.4452e+00 +8.8691e-01 -3.1022e+00 -4.1391e-01 +3.7962e+00
4751 +8.513176850e-02 +8.513176850e-02 +1.196251318e+02 +1.196251318e+02 +1.4537e+00 +8.8277e-01 -3.1011e+00 -4.0749e-01 +3.7969e+00
10436 +6.301594508e-02 +6.301594508e-02 +1.196030159e+02 +1.196030159e+02 +1.4524e+00 +8.8252e-01 -3.1005e+00 -4.0742e-01 +3.7969e+00
% function evaluation | noise-free fitness - Fopt (6.983000000000e+01) | best noise-free fitness - Fopt | measured fitness | best measured fitness | x1 | x2...
1 +1.470645913e+02 +1.470645913e+02 +2.168945913e+02 +2.168945913e+02 -3.6728e+00 +1.9859e+00 -1.8747e+00 +4.4192e+00 +3.9241e+00
6 +4.435000475e+01 +4.435000475e+01 +1.141800047e+02 +1.141800047e+02 +1.9995e+00 -4.8700e+00 -3.5900e+00 -2.6271e+00 +3.1373e+00
39 +2.856980653e+01 +2.856980653e+01 +9.839980653e+01 +9.839980653e+01 -4.0995e+00 +1.4416e-01 +1.6812e+00 -4.3278e+00 -8.4779e-01
59 +2.431189919e+01 +2.431189919e+01 +9.414189919e+01 +9.414189919e+01 -7.1131e-01 +3.1474e-01 -1.7728e+00 -4.5775e+00 +3.2003e+00
109 +1.335090042e+01 +1.335090042e+01 +8.318090042e+01 +8.318090042e+01 -4.5336e+00 -3.0100e+00 -2.1877e+00 -5.0000e+00 +4.3163e+00
287 +4.373465422e+00 +4.373465422e+00 +7.420346542e+01 +7.420346542e+01 -2.8708e+00 -2.5539e+00 -2.8322e+00 -3.5139e+00 +3.0944e+00
915 +3.972313504e+00 +3.972313504e+00 +7.380231350e+01 +7.380231350e+01 -3.4978e+00 -1.8004e+00 -2.7487e+00 -3.3894e+00 +1.4229e+00
1063 +1.896464781e+00 +1.896464781e+00 +7.172646478e+01 +7.172646478e+01 -2.9868e+00 -1.5161e+00 -2.6759e+00 -3.8015e+00 +1.7714e+00
1308 +1.142030584e+00 +1.142030584e+00 +7.097203058e+01 +7.097203058e+01 -2.7306e+00 -1.4606e+00 -2.7146e+00 -3.4312e+00 +1.4259e+00
1543 +8.870741836e-01 +8.870741836e-01 +7.071707418e+01 +7.071707418e+01 -2.9495e+00 -1.5714e+00 -2.6972e+00 -3.5429e+00 +1.5815e+00
1884 +2.387663349e-01 +2.387663349e-01 +7.006876633e+01 +7.006876633e+01 -2.8712e+00 -1.3886e+00 -2.6427e+00 -3.4773e+00 +1.5792e+00
2998 +7.371070752e-02 +7.371070752e-02 +6.990371071e+01 +6.990371071e+01 -2.8884e+00 -1.4683e+00 -2.6468e+00 -3.5052e+00 +1.5926e+00
3287 +6.252602879e-02 +6.252602879e-02 +6.989252603e+01 +6.989252603e+01 -2.8842e+00 -1.4669e+00 -2.6431e+00 -3.5102e+00 +1.5912e+00
3498 +3.119584227e-02 +3.119584227e-02 +6.986119584e+01 +6.986119584e+01 -2.8815e+00 -1.4666e+00 -2.6446e+00 -3.5043e+00 +1.5909e+00
3848 +2.403245443e-02 +2.403245443e-02 +6.985403245e+01 +6.985403245e+01 -2.8821e+00 -1.4657e+00 -2.6446e+00 -3.5046e+00 +1.5933e+00
3998 +1.421724651e-02 +1.421724651e-02 +6.984421725e+01 +6.984421725e+01 -2.8808e+00 -1.4662e+00 -2.6444e+00 -3.5044e+00 +1.5935e+00
4348 +7.892827706e-03 +7.892827706e-03 +6.983789283e+01 +6.983789283e+01 -2.8809e+00 -1.4668e+00 -2.6443e+00 -3.5045e+00 +1.5936e+00
4698 +5.125392643e-03 +5.125392643e-03 +6.983512539e+01 +6.983512539e+01 -2.8809e+00 -1.4671e+00 -2.6443e+00 -3.5045e+00 +1.5935e+00
7475 +3.883933186e-03 +3.883933186e-03 +6.983388393e+01 +6.983388393e+01 -2.8809e+00 -1.4671e+00 -2.6442e+00 -3.5045e+00 +1.5935e+00
% function evaluation | noise-free fitness - Fopt (7.000000000000e-02) | best noise-free fitness - Fopt | measured fitness | best measured fitness | x1 | x2...
1 +2.178965786e+02 +2.178965786e+02 +2.179665786e+02 +2.179665786e+02 +8.7166e-01 -3.5048e+00 +4.1575e-01 -2.6392e-01 -4.6118e+00
2 +5.699988483e+01 +5.699988483e+01 +5.706988483e+01 +5.706988483e+01 +3.5732e+00 +1.8354e+00 +2.3711e+00 -2.7920e+00 -8.5593e-01
4 +2.979069427e+01 +2.979069427e+01 +2.986069427e+01 +2.986069427e+01 +2.6613e+00 -4.2364e+00 +7.2562e-01 -3.9957e+00 +1.8330e+00
19 +2.141284067e+01 +2.141284067e+01 +2.148284067e+01 +2.148284067e+01 +4.1470e+00 -9.0422e-01 +3.4696e+00 +4.1622e-02 +4.5020e+00
221 +1.415344570e+01 +1.415344570e+01 +1.422344570e+01 +1.422344570e+01 +5.0000e+00 -1.9464e+00 +3.4430e+00 +7.4996e-03 +3.8828e+00
251 +7.342469073e+00 +7.342469073e+00 +7.412469073e+00 +7.412469073e+00 +4.6096e+00 -1.1862e+00 +5.0000e+00 +5.8063e-01 +3.9065e+00
382 +5.271941876e+00 +5.271941876e+00 +5.341941876e+00 +5.341941876e+00 +3.6287e+00 -1.5692e+00 +4.4834e+00 -5.6012e-01 +3.7601e+00
503 +3.263414933e+00 +3.263414933e+00 +3.333414933e+00 +3.333414933e+00 +4.7297e+00 -1.3042e+00 +4.6683e+00 +8.0783e-01 +4.4720e+00
1275 +2.449168690e+00 +2.449168690e+00 +2.519168690e+00 +2.519168690e+00 +4.7935e+00 -1.2795e+00 +4.6886e+00 +8.6836e-01 +4.4191e+00
2397 +1.538486424e+00 +1.538486424e+00 +1.608486424e+00 +1.608486424e+00 +4.5204e+00 -1.3119e+00 +4.8028e+00 +7.2720e-01 +4.4152e+00
3854 +9.685643259e-01 +9.685643259e-01 +1.038564326e+00 +1.038564326e+00 +4.6161e+00 -1.3158e+00 +4.7672e+00 +7.6618e-01 +4.4128e+00
% function evaluation | noise-free fitness - Fopt (4.960000000000e+00) | best noise-free fitness - Fopt | measured fitness | best measured fitness | x1 | x2...
1 +2.164970881e+02 +2.164970881e+02 +2.214570881e+02 +2.214570881e+02 +1.4498e-01 -2.4596e+00 +2.4545e+00 -1.1363e+00 +4.1365e+00
2 +3.847042806e+01 +3.847042806e+01 +4.343042806e+01 +4.343042806e+01 +2.3175e+00 +2.0838e+00 +1.7084e+00 -5.4331e-01 +1.2430e+00
29 +2.377323298e+01 +2.377323298e+01 +2.873323298e+01 +2.873323298e+01 +2.2320e+00 +1.7990e+00 +1.7860e+00 -3.8862e+00 +5.3662e-01
140 +1.120108785e+01 +1.120108785e+01 +1.616108785e+01 +1.616108785e+01 +1.1398e+00 +2.7839e+00 -2.0962e-01 -3.8071e+00 -5.3030e-01
211 +9.267540219e+00 +9.267540219e+00 +1.422754022e+01 +1.422754022e+01 +9.3691e-01 +3.6066e+00 +7.1381e-02 -3.4012e+00 -5.5973e-02
417 +5.710490855e+00 +5.710490855e+00 +1.067049086e+01 +1.067049086e+01 +1.3071e+00 +2.8925e+00 +6.4307e-01 -3.3124e+00 -5.4286e-02
921 +2.528916868e+00 +2.528916868e+00 +7.488916868e+00 +7.488916868e+00 +7.9048e-01 +3.5084e+00 +6.0402e-01 -3.2979e+00 +9.1111e-01
1463 +2.371598060e+00 +2.371598060e+00 +7.331598060e+00 +7.331598060e+00 +8.0960e-01 +3.2579e+00 +7.8148e-01 -3.1232e+00 +8.4715e-01
2124 +1.422314493e+00 +1.422314493e+00 +6.382314493e+00 +6.382314493e+00 +7.9702e-01 +3.2603e+00 +7.5170e-01 -3.2098e+00 +8.6971e-01
2838 +9.477919784e-01 +9.477919784e-01 +5.907791978e+00 +5.907791978e+00 +7.7924e-01 +3.2550e+00 +7.7833e-01 -3.2025e+00 +8.5860e-01
6150 +6.232944969e-01 +6.232944969e-01 +5.583294497e+00 +5.583294497e+00 +7.8719e-01 +3.2473e+00 +7.8169e-01 -3.1831e+00 +8.5846e-01
% function evaluation | noise-free fitness - Fopt (1.923000000000e+02) | best noise-free fitness - Fopt | measured fitness | best measured fitness | x1 | x2...
1 +1.443986789e+02 +1.443986789e+02 +3.366986789e+02 +3.366986789e+02 -9.0364e-02 +1.8376e+00 -2.5762e+00 -1.5522e+00 +4.7182e+00
7 +6.395228930e+01 +6.395228930e+01 +2.562522893e+02 +2.562522893e+02 -2.4595e+00 -1.8608e+00 +4.5794e+00 +1.3963e+00 -6.1116e-01
8 +6.309255853e+01 +6.309255853e+01 +2.553925585e+02 +2.553925585e+02 -2.8734e+00 -2.4783e+00 -7.0871e-01 -8.1254e-01 +3.3421e+00
16 +3.751769312e+01 +3.751769312e+01 +2.298176931e+02 +2.298176931e+02 -4.0621e+00 +4.8231e+00 -2.9700e+00 -4.1733e+00 +3.0033e+00
150 +2.318794597e+01 +2.318794597e+01 +2.154879460e+02 +2.154879460e+02 -3.5708e+00 +1.8982e+00 -1.6972e+00 -1.4794e+00 -2.4055e+00
178 +1.418051159e+01 +1.418051159e+01 +2.064805116e+02 +2.064805116e+02 -3.1969e+00 +3.5055e+00 -2.6790e+00 -2.9146e+00 -2.0380e+00
337 +4.356538510e+00 +4.356538510e+00 +1.966565385e+02 +1.966565385e+02 -3.0073e+00 +3.2443e+00 -2.9533e+00 -9.8780e-01 -4.4934e+00
405 +3.704496966e+00 +3.704496966e+00 +1.960044970e+02 +1.960044970e+02 -2.7932e+00 +2.9410e+00 -3.1928e+00 -8.7703e-01 -3.7371e+00
978 +1.375805248e+00 +1.375805248e+00 +1.936758052e+02 +1.936758052e+02 -2.7321e+00 +3.2436e+00 -2.8194e+00 -1.3033e+00 -3.7054e+00
1183 +8.487882265e-01 +8.487882265e-01 +1.931487882e+02 +1.931487882e+02 -2.8424e+00 +3.7479e+00 -2.8119e+00 -1.4577e+00 -3.8838e+00
1455 +5.697162720e-01 +5.697162720e-01 +1.928697163e+02 +1.928697163e+02 -2.8651e+00 +3.6990e+00 -2.8626e+00 -1.3297e+00 -3.8720e+00
2203 +2.484267596e-01 +2.484267596e-01 +1.925484268e+02 +1.925484268e+02 -2.9923e+00 +3.8256e+00 -2.8374e+00 -1.2820e+00 -3.9296e+00
2589 +8.831440262e-02 +8.831440262e-02 +1.923883144e+02 +1.923883144e+02 -2.9033e+00 +3.7495e+00 -2.8439e+00 -1.3108e+00 -3.9134e+00
4536 +5.299488908e-02 +5.299488908e-02 +1.923529949e+02 +1.923529949e+02 -2.9059e+00 +3.7482e+00 -2.8459e+00 -1.3120e+00 -3.9116e+00
% function evaluation | noise-free fitness - Fopt (4.971000000000e+01) | best noise-free fitness - Fopt | measured fitness | best measured fitness | x1 | x2...
1 +6.051209163e+01 +6.051209163e+01 +1.102220916e+02 +1.102220916e+02 +3.2563e+00 -4.3175e+00 +3.8982e+00 +2.1066e+00 -3.4564e+00
3 +2.468446392e+01 +2.468446392e+01 +7.439446392e+01 +7.439446392e+01 +3.9498e+00 -2.3983e+00 -8.9915e-01 +1.6209e-01 +1.3299e+00
104 +1.178428758e+01 +1.178428758e+01 +6.149428758e+01 +6.149428758e+01 +4.2616e+00 -4.5231e+00 -8.1370e-01 +1.6134e+00 -6.6046e-01
215 +9.804035543e+00 +9.804035543e+00 +5.951403554e+01 +5.951403554e+01 +4.6572e+00 -4.4381e+00 +1.1991e-02 +1.9178e+00 -1.8699e-01
406 +6.079465125e+00 +6.079465125e+00 +5.578946513e+01 +5.578946513e+01 +4.2802e+00 -4.2608e+00 -7.7578e-01 +2.6090e+00 -9.4924e-01
597 +2.872784449e+00 +2.872784449e+00 +5.258278445e+01 +5.258278445e+01 +4.2781e+00 -4.1157e+00 -8.2080e-01 +2.4576e+00 -9.5512e-01
655 +2.471332135e+00 +2.471332135e+00 +5.218133214e+01 +5.218133214e+01 +4.2997e+00 -4.1578e+00 -1.1844e+00 +2.4431e+00 -9.6664e-01
901 +1.045669085e+00 +1.045669085e+00 +5.075566908e+01 +5.075566908e+01 +4.2904e+00 -4.2314e+00 -1.0521e+00 +2.5049e+00 -9.3275e-01
1153 +9.926443170e-01 +9.926443170e-01 +5.070264432e+01 +5.070264432e+01 +4.3022e+00 -4.2462e+00 -1.0853e+00 +2.4853e+00 -8.6198e-01
1278 +5.857872625e-01 +5.857872625e-01 +5.029578726e+01 +5.029578726e+01 +4.2223e+00 -4.2062e+00 -1.2014e+00 +2.6239e+00 -8.3865e-01
2247 +3.924889587e-01 +3.924889587e-01 +5.010248896e+01 +5.010248896e+01 +4.3221e+00 -4.2796e+00 -1.1562e+00 +2.5778e+00 -8.9927e-01
2854 +2.242928284e-01 +2.242928284e-01 +4.993429283e+01 +4.993429283e+01 +4.2966e+00 -4.2608e+00 -1.1700e+00 +2.5788e+00 -8.6630e-01
3813 +1.312916616e-01 +1.312916616e-01 +4.984129166e+01 +4.984129166e+01 +4.2977e+00 -4.2559e+00 -1.1666e+00 +2.5831e+00 -8.7308e-01
4917 +9.658957895e-02 +9.658957895e-02 +4.980658958e+01 +4.980658958e+01 +4.2991e+00 -4.2575e+00 -1.1656e+00 +2.5829e+00 -8.7023e-01
% function evaluation | noise-free fitness - Fopt (2.051200000000e+02) | best noise-free fitness - Fopt | measured fitness | best measured fitness | x1 | x2...
1 +2.166996508e+03 +2.166996508e+03 +2.372116508e+03 +2.372116508e+03 -1.2982e+00 -4.6872e+00 +8.9343e-01 +3.3889e+00 -4.9530e+00
2 +1.743028113e+02 +1.743028113e+02 +3.794228113e+02 +3.794228113e+02 -8.0042e-01 +3.0521e+00 -1.8483e+00 +3.2726e+00 +1.8414e+00
4 +5.920739500e+01 +5.920739500e+01 +2.643273950e+02 +2.643273950e+02 +2.2383e+00 +3.8687e+00 -2.1274e+00 +1.0099e-01 +3.8690e+00
35 +3.833447032e+01 +3.833447032e+01 +2.434544703e+02 +2.434544703e+02 -2.2615e-01 +3.6400e+00 -4.7672e+00 +1.7429e+00 -4.8089e+00
39 +2.127450090e+01 +2.127450090e+01 +2.263945009e+02 +2.263945009e+02 +2.5333e+00 +4.0245e+00 -2.5578e+00 -4.8857e+00 -2.1299e+00
184 +1.514582472e+01 +1.514582472e+01 +2.202658247e+02 +2.202658247e+02 +7.3677e-01 +4.5573e+00 -4.7433e+00 -2.2771e+00 -1.0972e-01
255 +4.872312745e+00 +4.872312745e+00 +2.099923127e+02 +2.099923127e+02 +3.0644e-02 +3.3751e+00 -4.2720e+00 -3.1665e+00 -1.0862e+00
372 +3.618583560e+00 +3.618583560e+00 +2.087385836e+02 +2.087385836e+02 -9.9992e-02 +3.3289e+00 -4.0913e+00 -3.5148e+00 -5.4807e-01
512 +2.058131529e+00 +2.058131529e+00 +2.071781315e+02 +2.071781315e+02 -4.5026e-03 +3.2656e+00 -4.2948e+00 -3.4741e+00 -6.5222e-01
970 +1.564529346e+00 +1.564529346e+00 +2.066845293e+02 +2.066845293e+02 -5.7878e-02 +3.3794e+00 -4.3568e+00 -3.5824e+00 -4.7951e-01
1231 +9.164864731e-01 +9.164864731e-01 +2.060364865e+02 +2.060364865e+02 -1.3267e-01 +3.4439e+00 -4.2384e+00 -3.4434e+00 -6.3790e-01
1885 +5.425846340e-01 +5.425846340e-01 +2.056625846e+02 +2.056625846e+02 -1.4606e-01 +3.4580e+00 -4.2888e+00 -3.4522e+00 -5.9869e-01
2715 +3.597465735e-01 +3.597465735e-01 +2.054797466e+02 +2.054797466e+02 -1.3387e-01 +3.4534e+00 -4.2661e+00 -3.4411e+00 -5.9695e-01
4179 +2.440707436e-01 +2.440707436e-01 +2.053640707e+02 +2.053640707e+02 -1.4052e-01 +3.4594e+00 -4.2888e+00 -3.4514e+00 -6.0070e-01
% function evaluation | noise-free fitness - Fopt (-1.729000000000e+02) | best noise-free fitness - Fopt | measured fitness | best measured fitness | x1 | x2...
1 +1.212761131e+02 +1.212761131e+02 -5.162388689e+01 -5.162388689e+01 -1.8456e+00 +8.1664e-01 +1.7576e+00 -3.6139e+00 +4.6125e+00
2 +8.407969665e+01 +8.407969665e+01 -8.882030335e+01 -8.882030335e+01 -1.8604e+00 +2.1114e+00 +2.8363e+00 -2.5985e+00 +3.2275e+00
11 +5.388048080e+01 +5.388048080e+01 -1.190195192e+02 -1.190195192e+02 -3.2214e+00 +4.9505e+00 +1.2733e+00 +1.4997e+00 +4.1487e+00
84 +3.336613442e+01 +3.336613442e+01 -1.395338656e+02 -1.395338656e+02 +2.4527e-01 -1.7042e+00 +1.6055e+00 -4.4265e-01 -1.8240e+00
134 +2.420109029e+01 +2.420109029e+01 -1.486989097e+02 -1.486989097e+02 -2.1971e+00 -2.9300e+00 +3.1232e+00 -1.7758e+00 -4.0091e+00
229 +1.474017718e+01 +1.474017718e+01 -1.581598228e+02 -1.581598228e+02 -1.1223e+00 -7.6101e-01 +3.6955e+00 -5.0000e+00 -4.5786e+00
337 +9.328823381e+00 +9.328823381e+00 -1.635711766e+02 -1.635711766e+02 -2.1476e+00 -1.7810e+00 +3.2245e+00 -4.3432e+00 -5.0000e+00
558 +3.612361061e+00 +3.612361061e+00 -1.692876389e+02 -1.692876389e+02 -2.5390e+00 -1.5406e+00 +3.7174e+00 -4.5512e+00 -4.1347e+00
662 +2.484123058e+00 +2.484123058e+00 -1.704158769e+02 -1.704158769e+02 -2.7278e+00 -1.6901e+00 +3.4984e+00 -4.3898e+00 -4.0350e+00
887 +1.504695547e+00 +1.504695547e+00 -1.713953045e+02 -1.713953045e+02 -2.7088e+00 -1.6348e+00 +3.6043e+00 -4.1819e+00 -4.0079e+00
1685 +8.742500508e-01 +8.742500508e-01 -1.720257499e+02 -1.720257499e+02 -2.6828e+00 -1.6685e+00 +3.7933e+00 -4.0780e+00 -3.9002e+00
1950 +5.056066090e-01 +5.056066090e-01 -1.723943934e+02 -1.723943934e+02 -2.6731e+00 -1.7083e+00 +3.7798e+00 -4.0958e+00 -3.9111e+00
2202 +3.160002802e-01 +3.160002802e-01 -1.725839997e+02 -1.725839997e+02 -2.6613e+00 -1.6959e+00 +3.7805e+00 -4.0890e+00 -3.9074e+00
2952 +2.432362596e-01 +2.432362596e-01 -1.726567637e+02 -1.726567637e+02 -2.6583e+00 -1.6976e+00 +3.7807e+00 -4.0911e+00 -3.9145e+00
% function evaluation | noise-free fitness - Fopt (-3.506200000000e+02) | best noise-free fitness - Fopt | measured fitness | best measured fitness | x1 | x2...
1 +1.224538957e+02 +1.224538957e+02 -2.281661043e+02 -2.281661043e+02 -4.3842e+00 +4.0374e+00 -2.3951e-01 +1.3336e-01 +3.6918e+00
2 +8.455656692e+01 +8.455656692e+01 -2.660634331e+02 -2.660634331e+02 +1.2627e+00 -4.4402e+00 -4.9419e+00 +4.9350e+00 +2.8938e+00
8 +4.249756294e+01 +4.249756294e+01 -3.081224371e+02 -3.081224371e+02 +4.0916e-01 -3.9419e+00 -8.6043e-01 -2.4007e+00 -1.7918e+00
47 +2.662381048e+01 +2.662381048e+01 -3.239961895e+02 -3.239961895e+02 -2.2203e-01 -2.7063e+00 +1.1903e+00 +3.0129e+00 +5.7680e-01
105 +1.603982211e+01 +1.603982211e+01 -3.345801779e+02 -3.345801779e+02 -2.6040e+00 -4.3198e+00 -8.0832e-01 -3.4350e+00 +7.2888e-01
208 +8.886541953e+00 +8.886541953e+00 -3.417334580e+02 -3.417334580e+02 -5.0000e+00 -4.6069e+00 -8.6216e-01 -3.8081e+00 +2.5842e+00
273 +2.916045368e+00 +2.916045368e+00 -3.477039546e+02 -3.477039546e+02 -4.0328e+00 -3.6386e+00 -1.0824e+00 -3.2572e+00 +1.4067e+00
724 +1.678157572e+00 +1.678157572e+00 -3.489418424e+02 -3.489418424e+02 -3.7913e+00 -3.7350e+00 -5.1032e-01 -2.5614e+00 +1.2532e+00
846 +1.120781050e+00 +1.120781050e+00 -3.494992190e+02 -3.494992190e+02 -3.8585e+00 -3.7474e+00 -4.5481e-01 -2.2520e+00 +1.2840e+00
1185 +9.373947250e-01 +9.373947250e-01 -3.496826053e+02 -3.496826053e+02 -3.8585e+00 -3.7875e+00 -3.6952e-01 -2.0715e+00 +1.2677e+00
1635 +5.201494754e-01 +5.201494754e-01 -3.500998505e+02 -3.500998505e+02 -3.9945e+00 -3.7782e+00 -3.7682e-01 -2.0478e+00 +1.3625e+00
1735 +2.603755961e-01 +2.603755961e-01 -3.503596244e+02 -3.503596244e+02 -3.9432e+00 -3.7844e+00 -4.2967e-01 -2.0496e+00 +1.3410e+00
1931 +2.005748115e-01 +2.005748115e-01 -3.504194252e+02 -3.504194252e+02 -3.9545e+00 -3.7965e+00 -4.4128e-01 -2.0290e+00 +1.3407e+00
2232 +8.326870413e-02 +8.326870413e-02 -3.505367313e+02 -3.505367313e+02 -3.9437e+00 -3.7902e+00 -4.1053e-01 -1.9769e+00 +1.3367e+00
2983 +4.833955117e-02 +4.833955117e-02 -3.505716604e+02 -3.505716604e+02 -3.9445e+00 -3.7896e+00 -4.0534e-01 -1.9729e+00 +1.3377e+00
3442 +3.652691294e-02 +3.652691294e-02 -3.505834731e+02 -3.505834731e+02 -3.9449e+00 -3.7868e+00 -4.0965e-01 -1.9730e+00 +1.3382e+00
4115 +2.352645912e-02 +2.352645912e-02 -3.505964735e+02 -3.505964735e+02 -3.9455e+00 -3.7866e+00 -4.1063e-01 -1.9734e+00 +1.3391e+00
6274 +1.582463499e-02 +1.582463499e-02 -3.506041754e+02 -3.506041754e+02 -3.9454e+00 -3.7866e+00 -4.1098e-01 -1.9735e+00 +1.3391e+00
