% function evaluation | noise-free fitness - Fopt (-4.620900000000e+02) | best noise-free fitness - Fopt | measured fitness | best measured fitness | x1 | x2...
1 +3.589219936e+03 +3.589219936e+03 +3.127129936e+03 +3.127129936e+03 -3.8003e+00 -1.6494e+00 +4.5205e-01 -2.0539e+00 +2.5273e+00 -1.3399e+00 +3.7273e+00 -2.2201e+00 +7.5365e-01 -7.8662e-01 +2.4178e+00 +4.8179e+00 -4.7608e+00 +4.3056e+00 -1.5031e+00 -1.9804e+00 -1.7960e+00 -2.8133e+00 -9.4698e-01 -3.2379e+00
2 +2.367726831e+03 +2.367726831e+03 +1.905636831e+03 +1.905636831e+03 -2.5289e+00 +3.5301e+00 -1.6823e+00 +3.1129e+00 +4.2974e+00 -3.1851e+00 -2.2159e+00 -2.6250e+00 +7.0973e-01 -1.9618e+00 +2.9938e-01 -2.0808e+00 +3.4364e+00 +3.9983e+00 -4.1323e+00 +1.4330e+00 +1.9352e+00 +4.7614e+00 -3.8175e+00 +2.2258e+00
10 +1.380306511e+03 +1.380306511e+03 +9.182165112e+02 +9.182165112e+02 +1.4226e+00 -4.3111e+00 -3.3082e+00 +4.0811e+00 -4.7275e+00 +3.2940e+00 -3.3301e+00 -3.7733e-01 +1.9397e+00 -1.3389e+00 +2.9243e+00 +1.8601e+00 +2.6713e+00 -4.8203e+00 -3.2797e+00 -3.2277e-01 +3.8159e-01 +2.3545e+00 -2.2068e+00 -2.6002e-01
11 +8.297078872e+02 +8.297078872e+02 +3.676178872e+02 +3.676178872e+02 -2.4399e+00 -8.3393e-01 +2.1437e+00 +4.2181e+00 +8.6448e-01 +2.3793e-01 -4.1533e+00 -4.0837e+00 +4.6004e-01 -2.9470e+00 -1.8256e+00 -1.5722e+00 +1.8547e+00 -2.0421e+00 +6.4163e-01 -2.6422e+00 -3.4454e+00 -2.5765e+00 -3.3323e+00 +2.4212e+00
122 +5.993152183e+02 +5.993152183e+02 +1.372252183e+02 +1.372252183e+02 -1.0795e+00 -2.7586e+00 +1.8326e+00 -1.6529e+00 -3.8477e+00 +2.3404e+00 +3.3950e-01 +2.8057e+00 +1.7116e+00 +3.3959e-01 -1.7698e+00 -4.2647e+00 -1.8238e+00 -2.2938e+00 -1.3283e+00 -3.8842e+00 -2.8976e+00 -2.1197e+00 -4.5946e+00 +2.2097e+00
162 +3.778726835e+02 +3.778726835e+02 -8.421731654e+01 -8.421731654e+01 -5.2873e-01 +2.2414e+00 +9.6528e-01 -3.5097e+00 -1.7393e+00 +2.0565e+00 +4.0423e+00 +5.0000e+00 +4.4409e+00 -2.0985e-01 -2.7314e+00 -2.4059e+00 -1.9166e+00 -1.7794e+00 -1.2844e+00 -9.1140e-01 -3.0391e-01 +2.8803e+00 -4.4319e+00 +2.1719e+00
624 +2.016908206e+02 +2.016908206e+02 -2.603991794e+02 -2.603991794e+02 -2.2523e+00 +2.2290e+00 +6.3210e-01 -1.4269e+00 +2.4287e+00 +8.8981e-01 +1.3333e+00 +3.5532e+00 +2.8022e+00 -3.8520e-02 -3.2863e+00 -3.2948e+00 -2.3518e+00 -3.8372e+00 -4.9500e-01 -4.2771e+00 -7.2108e-01 +3.1882e+00 -3.0640e+00 +2.7797e+00
1922 +1.535239499e+02 +1.535239499e+02 -3.085660501e+02 -3.085660501e+02 -3.0427e+00 +2.9249e+00 +2.0228e+00 +1.6131e-01 +2.6099e+00 +2.2476e+00 +2.3492e+00 +1.9805e+00 +1.2071e+00 +5.7298e-01 -2.6401e+00 -3.2634e+00 +2.6358e-01 -3.9386e+00 -9.1402e-01 -3.7984e+00 -3.0328e-01 +2.2317e+00 -2.8569e+00 +2.5490e+00
3727 +9.968360240e+01 +9.968360240e+01 -3.624063976e+02 -3.624063976e+02 -2.3540e+00 +3.2943e+00 +1.2680e+00 -8.4460e-01 +3.2500e+00 +1.9648e+00 +3.1600e+00 +1.3433e+00 +1.2335e+00 +5.7120e-01 -2.7125e+00 -3.2139e+00 +3.0268e-01 -3.8769e+00 -1.0852e+00 -3.9990e+00 -6.9794e-01 +2.1886e+00 -2.8818e+00 +2.6090e+00
5985 +5.660069227e+01 +5.660069227e+01 -4.054893077e+02 -4.054893077e+02 -2.3541e+00 +3.2505e+00 +1.2893e+00 +7.1564e-01 +3.2131e+00 +2.9670e+00 +2.8648e+00 +2.6841e+00 +1.2110e+00 +6.2913e-01 -2.6925e+00 -3.8165e+00 +3.6030e-01 -3.8953e+00 -1.3646e+00 -3.9638e+00 -6.8905e-01 +2.1843e+00 -2.8165e+00 +2.5808e+00
7583 +3.909225531e+01 +3.909225531e+01 -4.229977447e+02 -4.229977447e+02 -2.3674e+00 +3.3105e+00 +1.3018e+00 +7.6269e-01 +3.2272e+00 +2.9828e+00 +2.6290e+00 +2.5378e+00 +1.2123e+00 +6.3800e-01 -2.7199e+00 -3.7538e+00 +3.6465e-01 -3.8793e+00 -1.3872e+00 -3.9679e+00 -6.8963e-01 +2.1606e+00 -2.8073e+00 +2.5609e+00
10377 +2.461577996e+01 +2.461577996e+01 -4.374742200e+02 -4.374742200e+02 -2.3514e+00 +3.2760e+00 +1.3246e+00 +7.6038e-01 +3.1385e+00 +3.0030e+00 +2.5670e+00 +2.5950e+00 +1.1919e+00 +6.1371e-01 -2.7539e+00 -3.7475e+00 +3.5774e-01 -3.8831e+00 -1.3952e+00 -3.9302e+00 -6.9358e-01 +2.1692e+00 -2.7983e+00 +2.4372e+00
19019 +1.545559618e+01 +1.545559618e+01 -4.466344038e+02 -4.466344038e+02 -2.3411e+00 +3.2658e+00 +2.2113e+00 +7.2983e-01 +3.1688e+00 +2.9896e+00 +2.5457e+00 +2.5980e+00 +1.1345e+00 +6.1654e-01 -2.7474e+00 -3.7750e+00 +3.6294e-01 -2.9450e+00 -1.3861e+00 -3.9232e+00 -7.0381e-01 +2.1748e+00 -2.8377e+00 +2.4327e+00
% function evaluation | noise-free fitness - Fopt (7.766000000000e+01) | best noise-free fitness - Fopt | measured fitness | best measured fitness | x1 | x2...
1 +1.117368855e+04 +1.117368855e+04 +1.125134855e+04 +1.125134855e+04 -3.0896e+00 +3.1269e+00 +4.0989e+00 -4.7007e-01 -9.0899e-01 +4.6540e+00 -1.6949e-01 +2.7985e+00 -4.5398e+00 +2.9604e+00 -4.6270e+00 -5.2110e-01 +2.2706e+00 -1.4163e+00 +4.6307e+00 -3.5547e+00 -2.1062e+00 +2.7725e+00 -4.6227e+00 +4.3792e+00
2 +8.759279591e+03 +8.759279591e+03 +8.836939591e+03 +8.836939591e+03 +4.2957e+00 -1.8831e+00 +1.5709e-01 -2.8208e-01 -3.2491e+00 -7.6354e-01 -2.5574e+00 +2.8332e+00 +1.2724e+00 +2.1024e+00 -2.5632e+00 -2.6698e+00 -1.8987e-01 -3.5532e+00 +2.5100e+00 +2.0127e+00 -3.8524e+00 +3.5601e-01 -2.7513e+00 +4.5510e+00
3 +3.846240617e+03 +3.846240617e+03 +3.923900617e+03 +3.923900617e+03 +4.3576e+00 +1.3474e+00 -2.0219e-01 +2.1432e+00 -2.2897e+00 -4.2160e+00 -1.8123e-01 +4.3895e+00 -1.1148e+00 +1.0377e-01 +4.2517e+00 +2.6184e+00 +9.9848e-01 -2.4000e-01 -2.4719e-01 +9.6346e-01 +5.1592e-01 -4.3289e+00 +3.8896e+00 +3.0835e+00
4 +2.196827379e+03 +2.196827379e+03 +2.274487379e+03 +2.274487379e+03 -3.2155e+00 -3.9263e+00 +1.5597e-01 +6.4427e-02 +1.4203e+00 -2.8860e+00 -2.5977e+00 +2.7677e+00 +2.6096e+00 +2.8056e+00 -2.7517e-01 -2.8347e+00 +3.1142e+00 +4.1894e+00 -4.1927e+00 +3.1355e+00 +4.4946e+00 -2.0221e+00 -1.1118e+00 -1.0280e+00
14 +1.082867303e+03 +1.082867303e+03 +1.160527303e+03 +1.160527303e+03 -3.0326e+00 -2.7704e+00 -3.5595e+00 -2.3260e+00 -8.6077e-01 +9.1654e-01 -2.7202e+00 -4.7534e+00 +2.6436e+00 -2.3698e+00 +8.0140e-01 -1.7164e+00 +4.8193e+00 +2.5151e+00 +8.2116e-01 +1.6407e+00 -2.6616e-01 -3.9964e+00 -8.1912e-01 -4.7929e+00
18 +8.964106378e+02 +8.964106378e+02 +9.740706378e+02 +9.740706378e+02 -4.8239e+00 -3.9713e+00 -1.0825e+00 +3.5476e+00 +1.0732e-01 +3.2105e+00 +9.9732e-01 +4.2535e+00 +3.0491e+00 -3.6199e+00 -4.0202e+00 +8.1145e-01 -4.2578e+00 +1.0284e+00 -4.3831e-01 -2.0180e+00 +7.0585e-02 -2.9016e+00 +4.2497e+00 -1.9877e+00
46 +6.140811814e+02 +6.140811814e+02 +6.917411814e+02 +6.917411814e+02 +4.6540e+00 -2.0637e+00 +3.0319e+00 -2.3974e+00 -4.1904e+00 -2.3129e+00 +9.4141e-01 +3.8475e-02 +2.2275e+00 -8.8464e-01 -3.0006e-01 -1.0448e+00 +2.7556e-01 -9.3044e-01 -2.5768e+00 -6.6104e-01 -4.0651e+00 -3.0753e+00 +7.5494e-02 -5.0000e+00
207 +3.479142252e+02 +3.479142252e+02 +4.255742252e+02 +4.255742252e+02 +4.3478e+00 -3.3895e-01 +5.8192e-01 -3.5571e+00 -4.2151e+00 +7.0527e-01 +1.5769e+00 -2.1558e+00 +2.1010e+00 -5.0000e+00 +2.3998e+00 +3.5111e-01 +4.2492e-01 -2.7827e+00 -2.2954e+00 -9.4974e-01 -1.0282e+00 -1.5002e+00 +1.7550e+00 -2.8020e+00
624 +2.508407616e+02 +2.508407616e+02 +3.285007616e+02 +3.285007616e+02 +3.2279e+00 -3.5524e+00 -1.8056e-01 +1.8429e+00 -4.9125e+00 -2.7912e-01 +2.1825e-01 -7.8490e-01 -6.2237e-01 -5.0000e+00 +2.6686e+00 -8.1998e-01 -8.6376e-01 -6.1277e-01 -2.3132e+00 +2.0871e-01 +6.4666e-01 -2.6761e+00 +1.6103e+00 -3.0680e+00
1802 +1.496282359e+02 +1.496282359e+02 +2.272882359e+02 +2.272882359e+02 +3.3980e+00 -1.3657e+00 +6.9878e-02 +3.3639e+00 -4.9407e+00 -5.0316e-01 -1.3816e-01 -1.9707e+00 -1.0288e+00 -3.4181e+00 +3.9147e+00 +1.1186e+00 +7.2553e-01 -1.9939e+00 -2.8022e+00 +1.7662e+00 -2.8776e-01 -3.0607e+00 +3.7751e+00 -2.8567e+00
4239 +9.510782387e+01 +9.510782387e+01 +1.727678239e+02 +1.727678239e+02 +3.3309e+00 -1.6696e+00 +6.4547e-01 +3.3179e+00 -4.8660e+00 -5.8551e-01 -9.6697e-02 -1.7782e+00 -9.4088e-01 -3.3762e+00 +3.5044e+00 +1.0657e-01 +8.2396e-01 -2.0789e+00 -3.3207e+00 +1.7045e+00 -1.1245e+00 -3.0738e+00 +1.7648e+00 -2.8018e+00
8495 +6.236544375e+01 +6.236544375e+01 +1.400254437e+02 +1.400254437e+02 +3.3555e+00 -1.7989e+00 +5.6956e-01 +3.3771e+00 -4.9309e+00 -4.9939e-01 -1.0281e-01 -1.7629e+00 -9.4926e-01 -3.3667e+00 +3.4939e+00 +1.5181e-01 +8.2240e-01 -2.0443e+00 -3.2749e+00 +1.8187e+00 -1.0901e+00 -3.1208e+00 +2.4565e+00 -2.8008e+00
14740 +3.941485639e+01 +3.941485639e+01 +1.170748564e+02 +1.170748564e+02 +3.4169e+00 -1.8049e+00 -1.2702e+00 +3.3782e+00 -4.8397e+00 -5.3619e-01 -1.6740e-01 -1.8035e+00 -5.0305e-01 -3.2901e+00 +3.4942e+00 +1.3507e-01 +7.9374e-01 -2.0288e+00 -3.2334e+00 +1.8220e+00 -6.8323e-01 -3.1019e+00 +2.4365e+00 -2.7956e+00
85122 +2.379303179e+01 +2.379303179e+01 +1.014530318e+02 +1.014530318e+02 +2.3935e+00 -1.7919e+00 -1.2823e+00 +3.3393e+00 -4.8729e+00 -5.4540e-01 -1.6371e-01 -6.5309e-01 +1.7876e-01 -3.3023e+00 +3.4609e+00 +1.5017e-01 +8.0261e-01 -1.5969e+00 -3.2323e+00 +1.8108e+00 -2.9442e-01 -3.0986e+00 +2.4582e+00 -3.4366e+00
% function evaluation | noise-free fitness - Fopt (1.156800000000e+02) | best noise-free fitness - Fopt | measured fitness | best measured fitness | x1 | x2...
1 +2.305193164e+03 +2.305193164e+03 +2.420873164e+03 +2.420873164e+03 +2.1979e+00 +3.6368e+00 +1.7959e+00 +3.5435e+00 +2.1237e+00 +3.8823e+00 +1.4123e+00 +6.3033e-01 +4.3556e+00 -3.1655e+00 +3.6761e+00 -3.6375e-01 -2.6804e+00 -3.2161e+00 -2.9781e+00 -4.2258e+00 -4.5394e+00 +3.8494e+00 -1.6201e+00 +3.5011e+00
5 +1.268442846e+03 +1.268442846e+03 +1.384122846e+03 +1.384122846e+03 +1.9330e+00 +4.8005e+00 +7.9396e-02 -3.0278e+00 +1.6110e+00 +4.5283e+00 -1.1511e+00 -2.9507e-01 +3.9105e+00 -2.1691e+00 +3.8066e+00 +1.3445e+00 -1.9564e+00 +1.0038e+00 -1.4759e+00 -2.2802e+00 -3.5704e+00 +3.3779e+00 +4.5388e+00 -2.3838e+00
43 +9.902250349e+02 +9.902250349e+02 +1.105905035e+03 +1.105905035e+03 -1.3709e+00 -5.0000e+00 -2.9323e+00 -5.0317e-01 -7.0229e-01 -7.3264e-01 -8.4261e-01 +4.6918e+00 -6.4409e-01 +3.6877e+00 -1.8659e+00 -3.4454e+00 -2.4458e+00 +3.5397e+00 +2.5328e-01 -2.9695e+00 -2.1305e+00 +1.6530e+00 +4.4407e-01 +1.2290e+00
124 +6.137222551e+02 +6.137222551e+02 +7.294022551e+02 +7.294022551e+02 -5.0000e+00 -5.0000e+00 -4.1767e+00 +2.9528e+00 -4.0362e+00 -2.4868e-01 -5.0000e+00 +1.3573e+00 -4.9490e+00 +2.0489e+00 +1.1712e+00 +1.7501e+00 -3.4103e+00 +0.0000e+00 -4.2205e+00 +2.3666e-01 -3.1141e+00 +3.0209e+00 +4.7299e+00 +2.6448e-01
285 +3.715948129e+02 +3.715948129e+02 +4.872748129e+02 +4.872748129e+02 -1.9425e+00 -1.0997e+00 -4.0321e+00 +2.0593e+00 -4.8383e+00 +2.2199e+00 -4.2631e+00 +4.0816e-01 -3.3813e+00 -1.1436e+00 +4.1637e-01 -1.9243e+00 -1.5291e+00 +3.4906e-01 -1.4900e+00 -2.4604e+00 -1.2030e+00 +2.6713e+00 +3.3447e+00 -1.0695e+00
542 +2.229341911e+02 +2.229341911e+02 +3.386141911e+02 +3.386141911e+02 +1.9424e+00 -1.1785e+00 +2.2796e-01 +3.1320e+00 -8.5019e-01 -1.5528e+00 -3.9626e+00 -1.1344e-01 -4.0721e+00 -3.2290e-01 +5.0000e+00 -1.7434e+00 -2.1671e+00 -1.9475e-01 -1.2992e+00 +4.9517e-01 -4.4854e-01 +3.9449e+00 +3.0840e+00 -1.4341e-01
2449 +1.543990697e+02 +1.543990697e+02 +2.700790697e+02 +2.700790697e+02 +8.7553e-01 -2.2438e+00 +2.9689e-01 +3.2264e+00 -5.0000e+00 -2.3125e+00 -4.4433e+00 +1.7184e+00 -4.2162e+00 -1.3628e+00 +4.9123e+00 -2.8608e+00 -3.4171e+00 +9.0675e-01 -1.7784e+00 -3.4758e-01 -1.3024e+00 +4.1890e+00 +3.3624e+00 -9.5894e-01
6289 +9.780221279e+01 +9.780221279e+01 +2.134822128e+02 +2.134822128e+02 +5.4192e-01 -1.9832e+00 +2.7180e-01 +4.0013e+00 -5.0000e+00 -2.3602e+00 -2.8111e+00 +2.4378e+00 -4.2416e+00 -8.5785e-01 +4.9284e+00 -2.8143e+00 -3.4208e+00 +6.5062e-01 -3.2659e+00 +4.0128e-02 -8.6186e-02 +4.5549e+00 +3.4716e+00 -8.6175e-01
9209 +6.042536497e+01 +6.042536497e+01 +1.761053650e+02 +1.761053650e+02 -1.2252e+00 -1.9203e+00 +2.0520e-01 +4.0137e+00 -5.0000e+00 -1.8755e+00 -2.8994e+00 +2.4153e+00 -4.6191e+00 -8.9070e-01 +4.9342e+00 -2.8009e+00 -3.4358e+00 +6.4020e-01 -2.9619e+00 -1.0013e-02 -7.1293e-02 +4.6158e+00 +3.4826e+00 -9.0419e-01
12834 +3.754003209e+01 +3.754003209e+01 +1.532200321e+02 +1.532200321e+02 -1.1973e+00 -1.9202e+00 +2.2773e-01 +3.9894e+00 -5.0000e+00 -1.8665e+00 -2.8325e+00 +1.6221e+00 -4.5876e+00 -8.8226e-01 +4.9544e+00 -2.8076e+00 -3.3833e+00 +6.5342e-01 -2.4549e+00 +1.1117e-01 -4.7013e-01 +4.6729e+00 +3.4396e+00 -9.0206e-01
29138 +2.506826641e+01 +2.506826641e+01 +1.407482664e+02 +1.407482664e+02 -2.1792e+00 -1.9584e+00 +2.4403e-01 +3.9961e+00 -5.0000e+00 -3.2722e+00 -2.8475e+00 +1.6461e+00 -4.5946e+00 -8.7797e-01 +4.9342e+00 -2.8158e+00 -3.3857e+00 +6.6696e-01 -2.0748e+00 +1.1101e-01 -4.4001e-01 +3.8441e+00 +3.4397e+00 -9.1134e-01
% function evaluation | noise-free fitness - Fopt (-3.710000000000e+00) | best noise-free fitness - Fopt | measured fitness | best measured fitness | x1 | x2...
1 +2.929908946e+03 +2.929908946e+03 +2.926198946e+03 +2.926198946e+03 +3.4580e+00 -4.9404e+00 -3.7547e+00 +4.2146e+00 -1.1373e-01 +2.6575e+00 +1.2660e+00 +3.5698e+00 -2.3447e+00 +2.2746e+00 +1.2155e+00 +9.4050e-01 -4.9106e+00 -4.4584e+00 -1.2312e-01 +3.6947e+00 -6.7022e-01 +3.3990e+00 -2.5961e+00 -4.6403e+00
2 +1.967792963e+03 +1.967792963e+03 +1.964082963e+03 +1.964082963e+03 -2.3071e+00 +2.7694e+00 +2.8160e+00 -1.2661e+00 -1.4546e+00 +1.0592e+00 -4.1747e+00 +4.2124e+00 +2.1691e+00 +3.9109e+00 +3.3770e+00 +2.4456e+00 -2.0283e+00 -3.8392e+00 +1.5104e+00 +1.4878e+00 -3.8710e+00 -2.2180e+00 -3.3173e+00 -3.2689e+00
19 +1.411206477e+03 +1.411206477e+03 +1.407496477e+03 +1.407496477e+03 -2.3686e+00 +1.8112e-01 +2.7260e-02 -2.6089e+00 +1.1286e+00 -4.1249e+00 -2.5272e+00 -8.6131e-01 +3.8273e+00 +3.7275e+00 +1.8878e+00 +2.1109e+00 +4.9642e+00 -4.3442e+00 -3.1326e+00 -4.0272e+00 +4.0465e+00 -2.1117e+00 -3.4048e+00 -1.5117e+00
38 +9.981365528e+02 +9.981365528e+02 +9.944265528e+02 +9.944265528e+02 -1.4252e+00 -9.6189e-01 +7.2154e-01 -4.0731e+00 -7.5966e-01 -4.7706e+00 +1.3056e-01 -1.1701e+00 +1.3029e+00 -2.7458e+00 +4.7923e+00 -4.9003e+00 +1.3636e+00 +1.8942e-01 +6.1536e-01 -7.6623e-02 +4.2751e+00 -4.4270e-01 +2.1290e+00 -4.0356e+00
168 +6.280073753e+02 +6.280073753e+02 +6.242973753e+02 +6.242973753e+02 +5.0000e+00 +1.9374e+00 -8.4328e-01 +5.2916e-01 -4.3625e+00 -1.9393e+00 +2.9902e+00 -2.7579e+00 -1.7588e+00 -3.3525e+00 +2.0936e+00 -5.0000e+00 +2.9556e+00 -1.7140e+00 -2.1676e+00 -4.2362e+00 +6.9426e-01 +2.6121e+00 +3.8540e+00 -5.0000e+00
422 +3.949770223e+02 +3.949770223e+02 +3.912670223e+02 +3.912670223e+02 +2.7294e+00 -4.3313e-01 +4.3568e+00 +5.6947e-01 +8.9387e-01 +1.3666e+00 -1.5765e+00 -2.9959e+00 -2.2626e+00 +7.4766e-01 +1.3987e+00 -2.0126e+00 +4.5257e+00 -1.7384e+00 +1.2310e-01 -5.0880e-01 +7.5268e-01 -3.5410e-01 +3.4156e+00 -3.3230e+00
677 +2.494086045e+02 +2.494086045e+02 +2.456986045e+02 +2.456986045e+02 +0.0000e+00 -2.7176e-02 +2.5262e+00 +4.5061e+00 +3.9848e+00 +1.4706e+00 +2.4112e-01 -9.6297e-01 -2.8902e+00 -1.5820e+00 +5.1639e-01 +1.0337e+00 +4.4916e+00 -2.6615e+00 +1.3441e+00 -3.7092e+00 +1.4708e-01 +9.3985e-01 +3.3513e+00 -2.8286e+00
2379 +1.242071003e+02 +1.242071003e+02 +1.204971003e+02 +1.204971003e+02 +1.2419e+00 -4.2465e+00 +1.8432e+00 +4.8803e+00 +4.4210e+00 +3.2568e+00 -5.5249e-01 -3.2421e+00 -2.3465e+00 +5.8979e-02 +3.1578e+00 +1.9736e+00 +4.8164e+00 -1.6855e+00 +5.2684e-01 -3.7265e+00 +2.1726e+00 +1.1027e+00 +2.7586e+00 -3.1851e+00
6704 +9.672578474e+01 +9.672578474e+01 +9.301578474e+01 +9.301578474e+01 +1.3785e+00 -3.9347e+00 +2.0128e+00 +4.8988e+00 +3.9621e+00 +2.9564e+00 +9.4952e-01 -2.2991e+00 -2.3611e+00 +4.2921e-02 +3.2062e+00 +1.5306e+00 +4.8207e+00 -1.7488e+00 +4.7196e-01 -2.8144e+00 +1.8136e+00 +1.1730e+00 +2.8470e+00 -3.1705e+00
10658 +6.035308172e+01 +6.035308172e+01 +5.664308172e+01 +5.664308172e+01 -1.0920e-02 -4.1413e+00 +2.7452e+00 +4.6301e+00 +3.9717e+00 +2.8349e+00 +7.5470e-01 -1.9443e+00 -2.3406e+00 +7.1627e-01 +3.1270e+00 +1.1419e+00 +4.8211e+00 -1.7518e+00 +5.3889e-01 -2.8012e+00 +1.1220e+00 +1.9281e+00 +2.8311e+00 -3.1622e+00
15864 +3.944875614e+01 +3.944875614e+01 +3.573875614e+01 +3.573875614e+01 +1.1373e+00 -4.1245e+00 +2.7221e+00 +4.7609e+00 +4.0119e+00 +2.8796e+00 +7.3808e-01 -1.9711e+00 -2.3907e+00 +6.9157e-01 +3.1744e+00 +1.0249e+00 +4.8239e+00 -1.7089e+00 +4.9781e-01 -2.8028e+00 +1.5119e+00 +1.9323e+00 +2.8328e+00 -3.1953e+00
% function evaluation | noise-free fitness - Fopt (1.321800000000e+02) | best noise-free fitness - Fopt | measured fitness | best measured fitness | x1 | x2...
1 +2.862481227e+03 +2.862481227e+03 +2.994661227e+03 +2.994661227e+03 +3.1400e+00 -3.7521e+00 -3.0476e+00 +3.2761e+00 +3.6065e+00 +4.3880e+00 +3.8294e+00 +2.6028e+00 -3.0090e+00 +8.2606e-01 +1.3230e+00 -1.4909e+00 -4.7238e+00 -3.6402e+00 -3.3439e+00 +3.3423e-01 +2.1981e+00 -2.8123e+00 +4.2106e+00 -2.8438e+00
2 +1.786314073e+03 +1.786314073e+03 +1.918494073e+03 +1.918494073e+03 +3.4941e+00 -1.2605e-01 -1.8390e+00 -1.7695e+00 +2.0187e+00 -7.0261e-01 +4.6311e+00 +1.4870e+00 -1.0851e+00 -2.3010e+00 -1.5889e+00 -3.6182e+00 +4.2223e+00 +3.2605e+00 -3.2104e-01 -3.1386e+00 -3.7804e+00 -2.3470e+00 -8.2741e-01 +8.8730e-01
4 +1.304027878e+03 +1.304027878e+03 +1.436207878e+03 +1.436207878e+03 -1.3080e+00 -3.7455e+00 -4.7483e+00 +1.8010e+00 -3.6850e+00 +3.3780e+00 -6.6982e-01 -1.8114e+00 -5.2382e-01 -1.5998e+00 +4.8496e+00 +2.9615e+00 +1.4932e+00 +2.7879e+00 +7.8526e-02 +4.8064e+00 -3.2912e+00 -1.6744e+00 -3.1667e+00 +4.0423e+00
7 +9.174247208e+02 +9.174247208e+02 +1.049604721e+03 +1.049604721e+03 +2.9252e+00 -4.2262e+00 +1.5251e+00 -4.3222e-01 -2.1579e+00 +3.4675e+00 +2.3842e+00 -4.6334e+00 -3.8795e+00 +2.5801e+00 +3.3401e+00 -8.9955e-01 +3.7645e-01 -2.2159e+00 -3.9811e+00 +3.7761e+00 +4.6029e+00 +4.1985e+00 -3.3357e+00 +1.1683e+00
117 +5.761299889e+02 +5.761299889e+02 +7.083099889e+02 +7.083099889e+02 +2.3463e+00 -8.0191e-01 -2.7209e-01 +4.3745e-01 -5.0000e+00 -3.3728e-01 +2.2653e+00 +0.0000e+00 -2.2443e+00 +2.1351e+00 -1.7779e+00 -1.8343e-01 -1.5997e+00 +2.1733e+00 -3.2697e+00 +4.1098e+00 -2.2773e+00 +1.7717e+00 -2.1314e+00 +2.2380e+00
255 +3.150892318e+02 +3.150892318e+02 +4.472692318e+02 +4.472692318e+02 -2.5223e+00 -1.0432e+00 -1.3653e+00 -5.3091e-01 -2.0136e+00 -8.3572e-01 -9.0539e-01 -1.0299e+00 +7.8821e-01 +8.0579e-01 +2.3517e+00 +2.9158e+00 +3.2513e-01 +7.9038e-01 -3.5217e+00 +3.5486e+00 +1.5647e+00 +4.2766e+00 -2.9913e+00 +7.7514e-01
525 +2.459949352e+02 +2.459949352e+02 +3.781749352e+02 +3.781749352e+02 -2.6820e+00 -1.5132e+00 +1.4219e+00 -1.4042e+00 -3.1042e+00 -6.6678e-02 +2.6254e-01 -8.1314e-01 +2.1096e+00 +9.2398e-01 +6.4615e-01 +2.5138e+00 -1.9855e+00 +2.7165e+00 -4.4361e+00 +2.9866e+00 +8.3441e-01 +4.0667e+00 -1.8492e+00 +4.8057e-02
1750 +1.582917142e+02 +1.582917142e+02 +2.904717142e+02 +2.904717142e+02 -4.8313e+00 -1.5969e+00 +3.3721e+00 -1.3655e-01 -2.6918e+00 -1.1638e+00 -2.3235e+00 +8.7727e-03 +1.6259e+00 -2.5026e-01 -2.7713e-01 +3.3325e+00 +6.4566e-01 +3.6295e+00 -4.4820e+00 +2.8003e+00 +1.6076e+00 +3.3512e+00 -1.7159e+00 +5.1362e-01
5431 +8.998922094e+01 +8.998922094e+01 +2.221692209e+02 +2.221692209e+02 -4.6977e+00 -2.3577e+00 +1.6584e+00 -1.9162e+00 -2.4825e+00 -9.2180e-01 -2.1633e+00 +1.4124e+00 +1.6734e+00 -1.8881e-01 +7.6715e-01 +3.0554e+00 +4.3814e-01 +2.8580e+00 -4.7569e+00 +3.2177e+00 +1.7242e+00 +3.4814e+00 -1.3663e+00 +3.7773e-01
7091 +5.755725634e+01 +5.755725634e+01 +1.897372563e+02 +1.897372563e+02 -4.7921e+00 -4.2946e-01 +1.7034e+00 -1.9236e+00 -2.5176e+00 -1.0901e+00 -2.2123e+00 +8.5885e-01 +1.6074e+00 -2.1909e-01 +8.0841e-01 +3.1243e+00 +3.7266e-01 +2.7487e+00 -4.7772e+00 +3.2205e+00 +1.6619e+00 +3.4503e+00 -1.3792e+00 +3.7135e-01
11941 +3.959129653e+01 +3.959129653e+01 +1.717712965e+02 +1.717712965e+02 -4.7832e+00 -3.3909e-01 +1.7458e+00 -1.9539e+00 -3.3226e+00 -1.0699e+00 -2.2815e+00 +7.8831e-01 +1.4981e+00 -2.1730e-01 +7.9196e-01 +3.0408e+00 +3.0825e-01 +2.8358e+00 -4.7704e+00 +3.1940e+00 +1.6724e+00 +3.4437e+00 -1.3871e+00 +3.7245e-01
20703 +2.511018629e+01 +2.511018629e+01 +1.572901863e+02 +1.572901863e+02 -4.7601e+00 -3.0908e-01 +2.5387e+00 -1.9626e+00 -3.3243e+00 -1.0479e+00 -2.2727e+00 +7.1235e-01 +1.5123e+00 -2.1494e-01 +7.9570e-01 +3.0434e+00 -9.8782e-01 +2.8370e+00 -4.7770e+00 +3.1930e+00 +1.6786e+00 +3.4576e+00 -1.3854e+00 +3.8250e-01
42932 +1.402243914e+01 +1.402243914e+01 +1.462024391e+02 +1.462024391e+02 -4.7603e+00 +1.4822e+00 +3.4645e+00 -1.9565e+00 -2.4919e+00 -1.0557e+00 -2.2733e+00 +7.1345e-01 +1.5101e+00 -2.1160e-01 +7.9219e-01 +3.0359e+00 -9.8669e-01 +2.8324e+00 -4.4716e+00 +3.1960e+00 +1.6737e+00 +3.4592e+00 -1.3862e+00 +3.7820e-01
43448 +9.991361796e+00 +9.991361796e+00 +1.421713618e+02 +1.421713618e+02 -4.7603e+00 +1.4819e+00 +3.4580e+00 -1.9603e+00 -2.4923e+00 -1.0556e+00 -2.2734e+00 +7.1308e-01 +1.5104e+00 -2.1082e-01 +7.9256e-01 +3.0360e+00 -9.8340e-01 +2.8342e+00 -3.5807e+00 +3.1953e+00 +1.6736e+00 +3.4590e+00 -1.3865e+00 +3.7823e-01
% function evaluation | noise-free fitness - Fopt (-5.847300000000e+02) | best noise-free fitness - Fopt | measured fitness | best measured fitness | x1 | x2...
1 +4.537218266e+03 +4.537218266e+03 +3.952488266e+03 +3.952488266e+03 +3.5025e+00 +3.1644e+00 -1.3754e+00 -9.8361e-01 +3.9331e+00 -2.3936e+00 -3.7647e+00 +1.5989e+00 +9.4145e-01 -4.4263e+00 -6.0657e-01 +1.5819e+00 +3.3760e+00 +1.7732e+00 +1.8794e+00 +3.1049e+00 +2.1567e+00 +1.5546e+00 +2.1799e+00 +3.1700e+00
2 +1.693000190e+03 +1.693000190e+03 +1.108270190e+03 +1.108270190e+03 +1.3410e+00 -2.4014e+00 +1.4232e+00 +1.7056e+00 +1.7119e+00 +1.1056e+00 +2.5391e+00 -2.3647e+00 -3.0037e+00 +3.6914e+00 -3.9762e+00 -1.7415e+00 -2.9735e+00 -4.0374e+00 +3.8885e+00 -3.5877e+00 +1.6138e+00 +1.5633e+00 -4.1081e+00 -6.2981e-02
3 +6.059381758e+02 +6.059381758e+02 +2.120817575e+01 +2.120817575e+01 -7.8792e-01 +5.2827e-01 -1.4550e+00 -9.4386e-01 -2.8970e+00 -8.4963e-01 -2.7030e+00 +3.1999e+00 -3.0039e+00 +1.1738e+00 -7.5327e-01 -4.8088e+00 -3.7593e+00 +3.3112e+00 +3.6142e+00 -3.1609e+00 -3.6627e+00 +3.4208e+00 +7.9552e-01 -1.4947e+00
124 +3.933039882e+02 +3.933039882e+02 -1.914260118e+02 -1.914260118e+02 +6.6647e-01 -3.7864e+00 -4.6653e+00 -3.1287e+00 -2.3001e+00 -2.0963e+00 +2.0768e+00 +5.0000e+00 -2.8558e+00 -2.1950e+00 +5.8857e-01 -3.2543e+00 -5.6625e-01 +2.5964e+00 +2.2154e+00 -1.2165e+00 -1.6858e+00 +2.8551e+00 +3.0633e-01 -5.0000e+00
530 +2.340106187e+02 +2.340106187e+02 -3.507193813e+02 -3.507193813e+02 -3.1767e+00 -2.2291e+00 -5.0000e+00 -3.2558e+00 -2.6135e+00 -1.2892e+00 +2.4730e+00 -2.2522e+00 -3.7391e+00 -9.9439e-01 -1.4755e-01 -1.3679e+00 -1.1764e+00 +4.4376e+00 +3.0942e+00 +5.3241e-01 -3.3062e+00 +4.3990e+00 -8.7765e-01 -3.8650e+00
1831 +1.572923035e+02 +1.572923035e+02 -4.274376965e+02 -4.274376965e+02 -2.5021e+00 -3.0978e+00 -4.9984e+00 -3.6772e+00 -1.3455e+00 -2.7909e+00 +1.8085e+00 +5.7417e-01 -3.6353e+00 -1.9578e+00 +9.7206e-01 -1.1517e+00 -6.7634e-02 +4.4492e+00 +2.7096e+00 +2.9507e-01 -1.8110e+00 +2.9254e+00 -1.6199e-01 -3.9187e+00
6258 +9.749087156e+01 +9.749087156e+01 -4.872391284e+02 -4.872391284e+02 -2.5786e+00 -2.0287e+00 -4.9985e+00 -3.9813e+00 -8.1760e-01 -3.3900e+00 +1.8148e+00 -3.9860e-01 -2.2242e+00 -2.7166e+00 +2.5301e+00 -7.4002e-01 -1.4879e+00 +4.4119e+00 +3.0826e+00 -1.3313e+00 -2.1883e+00 +3.6681e+00 -8.8678e-01 -3.4949e+00
9440 +6.297365547e+01 +6.297365547e+01 -5.217563445e+02 -5.217563445e+02 -1.6196e+00 -2.1352e+00 -4.9985e+00 -3.7772e+00 -6.8042e-01 -2.6071e+00 +1.8376e+00 -2.9512e-01 -9.8852e-01 -2.9419e+00 +2.5770e+00 -7.6017e-01 -1.6374e+00 +4.3972e+00 +2.5535e+00 -5.4796e-01 -2.1468e+00 +4.1078e+00 -9.9411e-01 -3.4906e+00
13527 +3.931729769e+01 +3.931729769e+01 -5.454127023e+02 -5.454127023e+02 -1.6346e+00 -2.0643e+00 -4.9986e+00 -3.8896e+00 -5.9491e-01 -2.7046e+00 +1.8903e+00 -2.9217e-01 -1.0818e+00 -2.9187e+00 +2.5627e+00 -7.1752e-01 -1.5291e+00 +4.4243e+00 +2.5638e+00 -5.4769e-01 -2.1346e+00 +4.1228e+00 -9.6489e-01 -3.5026e+00
16763 +2.478483777e+01 +2.478483777e+01 -5.599451622e+02 -5.599451622e+02 -1.6591e+00 -2.0519e+00 -4.9972e+00 -3.8964e+00 -6.5746e-01 -2.6104e+00 +1.9214e+00 -4.0125e-01 -1.0600e+00 -2.9513e+00 +8.7136e-01 -7.1543e-01 -1.5020e+00 +4.4264e+00 +2.5857e+00 -5.6103e-01 -2.1340e+00 +4.1505e+00 -9.6753e-01 -3.5164e+00
% function evaluation | noise-free fitness - Fopt (-3.654000000000e+01) | best noise-free fitness - Fopt | measured fitness | best measured fitness | x1 | x2...
1 +7.351953919e+03 +7.351953919e+03 +7.315413919e+03 +7.315413919e+03 +3.3894e+00 -1.6319e+00 +2.8636e+00 +2.0081e+00 +3.6976e+00 -4.4484e+00 -1.2023e+00 +4.6418e+00 +5.9772e-01 +7.8350e-01 +9.3857e-01 +9.9924e-01 -4.3720e+00 +4.4504e+00 +4.3664e+00 -3.4219e+00 +1.6726e+00 -2.3192e+00 +4.7661e+00 +4.8213e+00
2 +2.260140394e+03 +2.260140394e+03 +2.223600394e+03 +2.223600394e+03 -2.3394e+00 -4.4881e+00 -1.6343e+00 -4.8442e+00 +1.9878e+00 -1.3493e+00 -3.8354e+00 +4.7944e+00 +5.5930e-01 -1.2739e+00 +2.9836e+00 +1.8641e+00 -2.9192e+00 +2.6810e+00 +4.1631e+00 +2.5566e+00 +3.6278e+00 +2.5571e+00 +5.0911e-01 -1.8134e+00
3 +1.143747588e+03 +1.143747588e+03 +1.107207588e+03 +1.107207588e+03 +2.1887e+00 -3.7923e+00 -3.6340e+00 -2.1314e+00 +1.6522e+00 +2.5037e+00 -4.7740e+00 -3.3955e+00 -5.5443e-01 -4.3734e+00 +2.0574e+00 +1.5057e+00 -3.9375e+00 -1.5755e+00 +3.8814e+00 +7.5217e-01 +1.8613e+00 -1.7911e-01 -2.5157e+00 +3.6640e+00
9 +7.825451021e+02 +7.825451021e+02 +7.460051021e+02 +7.460051021e+02 +7.0619e-01 +7.5385e-01 +4.0741e-01 -2.6184e+00 -3.3772e-01 -2.0994e+00 -4.3222e+00 -3.0489e+00 -1.8099e+00 +1.2804e+00 +1.0463e+00 -4.8648e+00 -7.2691e-01 -2.9585e+00 +2.1061e+00 +1.7920e+00 +3.4883e+00 -1.9876e+00 -2.8542e+00 +1.8736e-01
75 +5.520931779e+02 +5.520931779e+02 +5.155531779e+02 +5.155531779e+02 -1.2814e+00 -9.1986e-01 -3.0932e+00 +2.8379e+00 +2.1230e-01 -2.2129e+00 -4.1680e-01 -3.2912e+00 +3.9055e+00 -1.7750e+00 -4.4803e-01 -2.2106e+00 -3.1075e+00 +8.5789e-01 -3.2482e+00 -1.5145e+00 +2.5391e+00 -9.8922e-02 -3.8380e+00 +9.0544e-02
142 +3.467481198e+02 +3.467481198e+02 +3.102081198e+02 +3.102081198e+02 +1.6865e+00 +3.5691e-01 +3.5122e+00 -7.5008e-01 -2.0912e+00 -1.4074e+00 -1.7821e+00 +1.7451e-01 +2.1765e+00 -4.7601e-01 -7.3712e-01 -2.5200e+00 -2.8581e+00 +1.4654e+00 -1.2778e+00 -1.4331e+00 +2.7865e+00 -1.2259e+00 -2.5270e+00 +1.1357e-01
883 +2.467215978e+02 +2.467215978e+02 +2.101815978e+02 +2.101815978e+02 +9.1220e-01 +2.6416e-01 +1.7966e+00 -1.8894e+00 +2.8183e-01 -3.8720e+00 -2.6559e+00 -1.4321e+00 -6.4263e-01 -1.6956e+00 +9.4599e-02 -1.9471e+00 -1.0973e+00 +5.7066e-01 +7.3181e-02 -3.0746e+00 +2.6051e+00 -2.1382e+00 -3.9137e+00 +1.2696e-01
943 +1.541543939e+02 +1.541543939e+02 +1.176143939e+02 +1.176143939e+02 +1.6336e+00 +1.3996e-01 +8.5699e-01 -1.1478e+00 +0.0000e+00 -1.2849e+00 -3.0078e+00 -1.0907e+00 -1.0721e+00 -1.9128e+00 +2.0127e-01 -2.0472e+00 -8.4309e-01 +3.2721e-01 -1.0278e+00 -2.7192e+00 +2.3680e+00 -1.1635e+00 -3.7521e+00 +1.0837e-01
4929 +9.637784052e+01 +9.637784052e+01 +5.983784052e+01 +5.983784052e+01 +7.0191e-01 +1.2484e+00 +1.8531e+00 -1.1502e+00 +6.9309e-01 -9.5092e-01 -3.6017e+00 -9.5579e-01 -2.3682e+00 -1.9020e+00 +2.0620e-01 -1.9401e+00 -8.2915e-01 +5.6526e-01 -7.1655e-01 -2.7595e+00 +2.6969e+00 -8.8637e-01 -2.8578e+00 +6.4875e-02
6456 +6.038976540e+01 +6.038976540e+01 +2.384976540e+01 +2.384976540e+01 +7.4400e-01 -2.2714e+00 +1.8259e+00 -1.1497e+00 +7.8913e-01 -1.1871e+00 -3.6293e+00 -9.5855e-01 -2.2846e+00 -1.8663e+00 +1.9316e-01 -1.9397e+00 -8.1730e-01 +6.1056e-01 -7.1677e-01 -2.7611e+00 +2.7086e+00 -8.7502e-01 -2.7669e+00 +4.5166e-02
8934 +3.953930060e+01 +3.953930060e+01 +2.999300597e+00 +2.999300597e+00 +7.6528e-01 -2.2525e+00 +1.8437e+00 -1.0984e+00 +7.8050e-01 -1.1996e+00 -3.5809e+00 -9.8864e-01 -2.3816e+00 -1.9110e+00 +1.9779e-01 -2.0351e+00 -8.5789e-01 +6.1458e-01 -7.6751e-01 -2.7541e+00 +2.6956e+00 -8.8712e-01 -2.7575e+00 +9.7033e-02
16256 +2.477949909e+01 +2.477949909e+01 -1.176050091e+01 -1.176050091e+01 +7.9789e-01 -2.2514e+00 +9.0931e-01 -1.1310e+00 +7.4672e-01 -1.0304e+00 -3.5648e+00 -9.3909e-01 -2.3502e+00 -1.9298e+00 +2.1573e-01 -2.0319e+00 -8.4397e-01 +5.9869e-01 -7.4505e-01 -2.7699e+00 +2.6586e+00 -1.6232e+00 -2.7540e+00 +9.4370e-02
73151 +1.560081179e+01 +1.560081179e+01 -2.093918821e+01 -2.093918821e+01 -2.0112e-01 -2.2344e+00 -2.5934e-02 -1.1324e+00 +7.6164e-01 -1.8348e+00 -3.5592e+00 -9.6327e-01 -2.3544e+00 -1.9297e+00 +2.0667e-01 -2.0344e+00 -8.3199e-01 +6.1393e-01 -7.5954e-01 -2.3770e+00 +2.6597e+00 -1.6107e+00 -2.7465e+00 +7.8072e-01
% function evaluation | noise-free fitness - Fopt (1.000000000000e+03) | best noise-free fitness - Fopt | measured fitness | best measured fitness | x1 | x2...
1 +2.459100906e+03 +2.459100906e+03 +3.459100906e+03 +3.459100906e+03 -1.6144e+00 -1.3562e+00 +3.9197e+00 -2.0591e+00 +1.8339e-01 +3.1391e+00 -4.0233e+00 +2.0575e+00 -4.0410e+00 -3.7980e+00 -3.1371e+00 +4.7508e+00 -4.0339e+00 +6.9937e-02 +2.7296e-01 +2.2354e+00 -4.2985e+00 -4.4082e+00 +4.4527e+00 +2.8474e+00
8 +1.203207014e+03 +1.203207014e+03 +2.203207014e+03 +2.203207014e+03 -2.1631e+00 -1.0176e+00 -1.3098e+00 -8.6056e-01 +2.2976e+00 +3.4027e+00 +4.2093e+00 +2.9926e+00 -2.4138e-02 +4.0082e+00 -3.6665e+00 -9.6350e-01 -1.6831e+00 +1.7417e+00 +4.4783e+00 +2.6566e+00 -4.2611e+00 +4.5900e-01 +3.2956e+00 -4.2825e+00
42 +9.021097745e+02 +9.021097745e+02 +1.902109775e+03 +1.902109775e+03 +5.0000e+00 +5.0000e+00 -3.5947e+00 +1.2669e+00 -7.8753e-01 +4.3957e+00 +1.2234e+00 +2.1571e+00 -3.0348e-01 +8.2704e-01 +1.3736e+00 -5.0000e+00 -1.8799e+00 +3.2333e+00 -1.4436e+00 -5.0000e+00 -2.4028e+00 +1.3595e-01 +3.6276e+00 +7.1506e-01
134 +6.213396355e+02 +6.213396355e+02 +1.621339635e+03 +1.621339635e+03 +9.6248e-01 +1.5513e+00 -1.7214e-01 +1.3636e+00 -3.5668e+00 +2.0346e+00 +4.4530e+00 +2.4481e+00 -8.0247e-01 -1.7982e+00 +3.6833e+00 -2.9681e+00 +1.7640e-01 +1.5397e+00 +1.3611e+00 -2.7220e+00 -1.0980e+00 +2.0948e+00 +1.5953e+00 -1.9881e+00
283 +3.821132026e+02 +3.821132026e+02 +1.382113203e+03 +1.382113203e+03 -1.4525e+00 +2.5187e-01 -3.9486e+00 -7.2206e-01 -2.7730e+00 +3.7232e+00 +3.0206e+00 +1.2544e+00 -5.0000e+00 +0.0000e+00 +1.3919e+00 -1.9513e+00 -4.9658e+00 +3.9753e+00 +3.6923e+00 +7.9207e-01 -4.3429e+00 +1.2851e+00 -2.7468e-01 -1.7375e+00
802 +2.479972637e+02 +2.479972637e+02 +1.247997264e+03 +1.247997264e+03 -4.3453e+00 -2.3054e+00 +7.6933e-01 +2.7758e+00 +3.9465e-01 +3.3601e+00 +3.9270e+00 -1.4033e-01 -4.9985e+00 -2.3443e+00 +2.8185e+00 -2.5744e+00 -3.2791e+00 +2.4312e+00 +3.8749e-01 +2.3483e+00 -2.2197e+00 +7.0191e-01 +1.0457e+00 -1.9504e-01
2981 +1.557708544e+02 +1.557708544e+02 +1.155770854e+03 +1.155770854e+03 -3.5148e+00 +9.4125e-01 -2.4565e-01 +4.9871e+00 +3.0206e+00 +3.7554e+00 +4.5291e+00 -9.3662e-01 -4.9996e+00 -1.8946e+00 +3.1267e+00 -1.7249e+00 -4.1265e+00 +1.7242e+00 +1.6160e+00 +1.2761e+00 -3.2905e+00 +2.4032e+00 +2.0391e+00 -1.5810e-01
4976 +9.843574510e+01 +9.843574510e+01 +1.098435745e+03 +1.098435745e+03 -3.6698e+00 +1.0357e+00 +1.8757e-02 +4.9952e+00 +3.7570e+00 +3.8614e+00 +4.5135e+00 -1.4680e+00 -4.9990e+00 -1.9324e+00 +2.8322e+00 -1.9078e+00 -4.1162e+00 +3.3347e+00 +1.6096e+00 +4.7091e-01 -3.3380e+00 +2.4053e+00 +2.1323e+00 -1.6104e-01
7653 +6.027292775e+01 +6.027292775e+01 +1.060272928e+03 +1.060272928e+03 -3.4366e+00 +1.1145e+00 -9.3727e-02 +4.9917e+00 +3.8139e+00 +1.6917e+00 +4.5114e+00 -1.3867e+00 -4.9992e+00 -1.9283e+00 +2.8366e+00 -2.2973e+00 -4.1058e+00 +3.4146e+00 +1.5965e+00 +4.1018e-01 -3.3456e+00 +2.2172e+00 +2.1007e+00 -1.5648e-01
15602 +3.976591533e+01 +3.976591533e+01 +1.039765915e+03 +1.039765915e+03 -3.4330e+00 +1.1339e+00 -1.7020e-01 +4.8891e+00 +3.8072e+00 +1.7578e+00 +4.4672e+00 -1.4842e+00 -5.0000e+00 -1.9140e+00 +2.8008e+00 -3.2795e+00 -4.1233e+00 +3.4337e+00 +1.5836e+00 +4.2234e-01 -3.3485e+00 +2.1950e+00 +1.3770e+00 -3.6515e-01
75202 +2.510398383e+01 +2.510398383e+01 +1.025103984e+03 +1.025103984e+03 -1.6048e+00 +1.1027e+00 -1.7042e-01 +4.8854e+00 +3.8083e+00 +1.7618e+00 +4.4290e+00 -1.4978e+00 -4.9692e+00 -1.9300e+00 +2.8258e+00 -3.2844e+00 -4.1080e+00 +3.8678e+00 +1.5924e+00 +4.4744e-01 -3.3246e+00 +2.1998e+00 +1.3721e+00 -7.8556e-01
% function evaluation | noise-free fitness - Fopt (4.661000000000e+01) | best noise-free fitness - Fopt | measured fitness | best measured fitness | x1 | x2...
1 +1.086894721e+03 +1.086894721e+03 +1.133504721e+03 +1.133504721e+03 -1.6726e-01 -4.9185e+00 -1.5179e+00 -4.1740e+00 +1.8109e+00 +4.4826e+00 -4.6795e+00 -6.4113e-01 -1.9289e+00 +2.1315e+00 +1.9651e+00 -2.2592e+00 -1.1336e+00 -2.5064e+00 -1.2261e+00 -4.4556e-01 -1.8213e+00 +1.3878e+00 -7.0306e-01 +3.8943e+00
11 +8.978688103e+02 +8.978688103e+02 +9.444788103e+02 +9.444788103e+02 +1.8692e+00 +1.7829e+00 -3.0181e-01 -2.5662e+00 +3.2015e+00 +2.9256e+00 -2.2466e+00 -4.1831e+00 -1.6449e+00 +1.5275e-01 -1.1869e+00 +4.0061e+00 +1.4428e+00 -4.6483e+00 +3.2718e+00 -2.7872e+00 +3.3510e+00 +2.2566e+00 -3.2911e+00 +1.6417e+00
18 +5.664232268e+02 +5.664232268e+02 +6.130332268e+02 +6.130332268e+02 -3.8010e+00 +1.4453e+00 +4.9338e-01 -3.5763e+00 +1.2225e+00 +4.2241e-01 -2.6295e-01 -3.2702e+00 +2.9743e+00 -8.6762e-01 -1.4475e+00 -8.6165e-01 -2.1358e-01 -1.9994e+00 +6.0402e-01 +4.8113e-01 +3.3688e-01 -2.7428e+00 -4.5070e+00 +2.6939e-01
283 +3.646664067e+02 +3.646664067e+02 +4.112764067e+02 +4.112764067e+02 -1.0879e+00 +3.0121e+00 +4.1071e+00 +2.3114e+00 +0.0000e+00 -3.1915e+00 -1.9964e+00 -7.6359e-01 -6.4231e-02 -4.2475e+00 -2.6756e+00 +0.0000e+00 +0.0000e+00 -4.1110e+00 -6.1218e-02 -1.5096e-01 +1.0447e-01 -7.1491e-01 -4.8650e+00 +1.8881e+00
1012 +2.509976559e+02 +2.509976559e+02 +2.976076559e+02 +2.976076559e+02 +3.5630e+00 +2.3540e+00 -2.0806e+00 +2.9688e+00 +2.4318e-01 -2.5206e+00 +4.7881e+00 -2.5920e+00 -2.0061e-01 -7.0239e-02 -1.3202e+00 +1.2640e+00 +3.6981e-01 -3.6299e+00 +8.3190e-01 +8.6599e-01 +8.2357e-01 -1.0008e+00 -3.3253e+00 +1.9420e+00
1724 +1.462159396e+02 +1.462159396e+02 +1.928259396e+02 +1.928259396e+02 -3.5298e-01 +2.9558e+00 -1.0029e+00 +2.1634e+00 -1.5235e-01 -3.2209e+00 +4.7211e+00 -2.7111e+00 -1.1514e-01 -9.0044e-01 -1.5046e-01 +7.1318e-01 +7.6150e-01 -2.5830e+00 +4.6547e-01 +8.9681e-01 +6.1714e-01 -7.6369e-01 -2.5920e+00 +2.6645e+00
4725 +8.901067999e+01 +8.901067999e+01 +1.356206800e+02 +1.356206800e+02 -1.1946e+00 +2.8612e+00 +1.7841e-01 +2.7806e+00 -1.0267e+00 -2.3980e+00 +4.9543e+00 -2.5696e+00 -1.0688e-01 -2.5642e+00 -1.5121e-01 +1.3656e+00 -5.7916e-01 -2.6141e+00 -1.6808e-02 +2.5485e-01 +5.6388e-01 -7.9358e-01 -2.2393e+00 +2.6858e+00
6549 +6.226959686e+01 +6.226959686e+01 +1.088795969e+02 +1.088795969e+02 -1.1608e+00 +2.8974e+00 +2.3029e-01 +3.7516e+00 -1.0303e+00 -2.4097e+00 +4.9579e+00 -2.7490e+00 -1.0863e-01 -2.6721e+00 -1.5627e-01 +1.3378e+00 -2.7090e-02 -2.5338e+00 -2.3437e-02 +2.5754e-01 +5.3838e-01 -4.8095e-01 -2.2717e+00 +2.2982e+00
8436 +3.929236326e+01 +3.929236326e+01 +8.590236326e+01 +8.590236326e+01 -1.2084e+00 +2.9357e+00 -3.0407e-02 +3.7447e+00 -9.9212e-01 -2.4931e+00 +4.9716e+00 -2.7242e+00 -3.9401e-02 -2.7208e+00 -1.4858e-01 +1.3760e+00 -4.4999e-02 -2.5950e+00 -4.1269e-02 +2.4421e-01 +4.7815e-01 -4.6824e-01 -2.2527e+00 +2.1162e+00
17727 +2.440660025e+01 +2.440660025e+01 +7.101660025e+01 +7.101660025e+01 -1.1193e+00 +2.9778e+00 +6.4148e-02 +3.7786e+00 -1.0112e+00 -2.4673e+00 +4.8375e+00 -2.6760e+00 -5.2580e-02 -2.6943e+00 -1.0955e-01 +1.3219e+00 -8.5204e-03 -1.6696e+00 -4.8385e-02 +2.3969e-01 +4.6819e-01 -4.7474e-01 -2.6302e+00 +2.0995e+00
% function evaluation | noise-free fitness - Fopt (-2.643100000000e+02) | best noise-free fitness - Fopt | measured fitness | best measured fitness | x1 | x2...
1 +2.353542865e+03 +2.353542865e+03 +2.089232865e+03 +2.089232865e+03 -1.0271e+00 +2.4537e+00 +4.8499e+00 -2.7493e+00 +2.7943e+00 +4.2214e+00 +3.8584e+00 -3.0251e+00 -3.7786e+00 -3.3505e+00 -4.5890e+00 +9.6993e-01 -2.8285e+00 +1.7406e+00 -1.5574e+00 +2.0501e+00 -4.3708e+00 -4.5713e+00 -4.8831e+00 +1.7692e+00
14 +1.523680401e+03 +1.523680401e+03 +1.259370401e+03 +1.259370401e+03 -1.6346e-01 +5.5944e-01 -2.8309e+00 +1.0049e+00 -2.2758e+00 +2.0747e-01 -4.1802e-01 +1.3932e+00 -4.7454e+00 +2.9551e+00 +2.4388e-01 +4.0431e+00 -2.0708e-01 -3.9280e+00 +2.6709e+00 -9.2110e-01 +2.2366e+00 -2.0363e+00 +2.4462e+00 -3.8836e+00
53 +6.092916340e+02 +6.092916340e+02 +3.449816340e+02 +3.449816340e+02 -3.9537e-01 +2.6982e+00 +1.2672e+00 -1.6247e+00 +1.2107e+00 -5.9747e-02 -1.1948e+00 -5.0255e-01 -2.8094e+00 +2.8235e+00 -5.0000e+00 +2.7660e+00 +3.8956e+00 +5.7900e-01 +1.0729e+00 +1.1053e+00 -2.8050e-01 -1.1960e+00 -3.2943e+00 -2.6681e+00
311 +3.505012409e+02 +3.505012409e+02 +8.619124090e+01 +8.619124090e+01 +1.5997e+00 +1.9733e+00 -2.6494e+00 -2.1107e+00 +1.3024e+00 -1.4519e+00 +2.5822e+00 -1.9832e+00 -1.1823e+00 +2.8253e+00 +8.4386e-01 +1.3423e+00 +3.8596e+00 -1.3656e+00 -2.1301e+00 +9.0011e-01 -3.3129e-01 -1.7517e+00 -4.4675e+00 -2.7228e+00
498 +2.509679266e+02 +2.509679266e+02 -1.334207340e+01 -1.334207340e+01 -2.3704e+00 +2.2019e+00 -4.0591e-01 -2.4169e+00 +1.2973e+00 -2.5479e+00 +4.3080e+00 -1.5397e+00 -2.3432e+00 +1.5961e+00 -7.1590e-01 +1.6737e+00 +3.7319e+00 -1.9244e+00 -2.1905e+00 +7.5001e-01 -1.0048e+00 -6.8403e-01 -1.8724e+00 -5.0000e+00
2554 +1.565332876e+02 +1.565332876e+02 -1.077767124e+02 -1.077767124e+02 -3.4280e+00 -4.3301e+00 -4.2080e+00 -3.0507e-01 +1.4349e+00 -2.4461e+00 +4.8855e+00 +1.0014e+00 -1.2884e+00 +2.0336e+00 +1.5269e+00 +1.3717e+00 +3.7853e+00 -1.4671e+00 -3.9034e+00 +1.3037e+00 -2.4514e-01 -2.8437e+00 -2.2427e+00 -4.2774e+00
4834 +9.585484584e+01 +9.585484584e+01 -1.684551542e+02 -1.684551542e+02 -3.1895e+00 -4.3373e+00 -3.6066e+00 -1.6321e+00 +1.3931e+00 -2.4268e+00 +4.9798e+00 +1.0903e+00 -1.3432e+00 +2.1521e+00 +1.3732e+00 +1.2911e+00 +3.6864e+00 -1.3464e+00 -3.2337e+00 +1.1689e+00 -2.4016e-01 -2.8011e+00 -2.3145e+00 -4.0079e+00
8704 +6.028448097e+01 +6.028448097e+01 -2.040255190e+02 -2.040255190e+02 -3.2010e+00 -4.3330e+00 -3.5716e+00 -1.6928e+00 +1.3875e+00 -2.9494e+00 +4.9973e+00 +1.0434e+00 -1.3235e+00 +2.1065e+00 +1.3928e+00 +2.3398e+00 +3.6911e+00 -1.4375e+00 -3.2073e+00 +1.1741e+00 -2.2228e-01 -2.7734e+00 -2.2492e+00 -3.9949e+00
16222 +3.952829232e+01 +3.952829232e+01 -2.247817077e+02 -2.247817077e+02 -3.2775e+00 -4.3314e+00 -3.6151e+00 -1.6828e+00 +1.4232e+00 -2.9534e+00 +5.0000e+00 +1.0403e+00 -1.2830e+00 +2.1053e+00 +1.4203e+00 +2.8091e+00 +3.7190e+00 -1.4152e+00 -3.2242e+00 +1.1937e+00 +8.7107e-01 -2.7677e+00 -2.2442e+00 -3.3238e+00
24133 +2.505235821e+01 +2.505235821e+01 -2.392576418e+02 -2.392576418e+02 -3.2527e+00 -4.3468e+00 -3.5968e+00 -1.7031e+00 +1.4318e+00 -2.9715e+00 +4.9999e+00 +1.0527e+00 -1.2680e+00 +2.1180e+00 +1.4064e+00 +2.7882e+00 +2.4574e+00 -1.4087e+00 -2.3355e+00 +1.2121e+00 +8.8102e-01 -2.7621e+00 -2.2489e+00 -3.3007e+00
% function evaluation | noise-free fitness - Fopt (7.273000000000e+01) | best noise-free fitness - Fopt | measured fitness | best measured fitness | x1 | x2...
1 +8.909183544e+02 +8.909183544e+02 +9.636483544e+02 +9.636483544e+02 +3.9169e+00 -3.7076e+00 +4.3681e+00 +4.4123e+00 +1.0927e+00 -4.3736e+00 -4.6451e+00 -2.3081e+00 -1.4996e+00 -2.3170e-01 -1.7943e+00 -7.1128e-01 -3.6145e+00 -3.3491e-01 +7.5280e-01 +4.3993e+00 +1.4925e+00 -3.7422e+00 -3.0459e+00 +4.9558e+00
49 +5.941231899e+02 +5.941231899e+02 +6.668531899e+02 +6.668531899e+02 +2.1887e+00 -9.0914e-01 +2.1326e+00 +4.2668e+00 -1.0392e-01 -2.0494e-01 -5.0000e+00 -1.4221e+00 -3.0693e+00 -1.3255e+00 -3.7338e+00 -5.0000e+00 -8.2338e-01 +1.3555e+00 +8.8405e-01 +1.6610e-02 -1.9776e+00 -1.0408e-01 -3.5635e+00 +1.8538e+00
190 +3.824343767e+02 +3.824343767e+02 +4.551643767e+02 +4.551643767e+02 -2.5331e-01 -2.5697e+00 +4.9891e-01 +8.4358e-01 +4.4886e+00 +1.8948e-01 -1.7995e+00 -3.4893e+00 +1.0485e+00 -1.7106e+00 -3.5935e+00 -3.5818e+00 +0.0000e+00 -3.4415e-01 -5.3909e-02 +2.5581e+00 +2.7999e+00 -3.8864e-01 -1.9923e+00 +3.2756e+00
852 +2.190726246e+02 +2.190726246e+02 +2.918026246e+02 +2.918026246e+02 -2.5515e-01 -5.9351e-01 -1.2363e+00 +1.5028e+00 +2.5648e+00 +2.0189e+00 -2.5479e+00 -4.1133e+00 +1.1925e+00 -1.8763e-01 +2.3066e-01 -2.5628e+00 +5.4692e-01 +9.9095e-01 +9.5417e-02 +2.1375e+00 +3.9145e+00 +2.7465e-01 -2.8559e+00 +2.9648e+00
2071 +1.569671657e+02 +1.569671657e+02 +2.296971657e+02 +2.296971657e+02 -3.9686e-01 -4.6016e-01 -4.7005e-01 -1.5416e+00 +2.9772e+00 +1.9026e+00 -2.4838e+00 -4.1050e+00 +1.2467e+00 -1.7899e-01 +4.5138e-01 -4.1971e+00 +5.4141e-01 +1.0492e+00 -2.8336e-02 +1.4911e+00 +3.8172e+00 +3.0381e-01 -2.9021e+00 +3.5524e+00
4349 +9.683928420e+01 +9.683928420e+01 +1.695692842e+02 +1.695692842e+02 -5.8482e-01 -2.1919e+00 -3.2256e-01 -1.5656e+00 +2.9981e+00 +3.9791e+00 -2.5548e+00 -4.0724e+00 +1.2007e+00 -1.0703e-01 +4.4406e-01 -4.0927e+00 +7.9174e-01 +1.0378e+00 -4.7154e-01 +6.2439e-01 +3.8546e+00 +2.6673e-01 -2.9411e+00 +3.5742e+00
8646 +5.991276259e+01 +5.991276259e+01 +1.326427626e+02 +1.326427626e+02 -5.9281e-01 -2.2742e+00 -2.9648e-01 -1.6337e+00 +3.3373e+00 +2.5453e+00 -2.9542e+00 -4.0375e+00 +1.2171e+00 -1.2040e-01 +5.4376e-01 -4.1070e+00 +7.3061e-01 +1.5342e+00 -4.5070e-01 +6.5297e-01 +3.8573e+00 -6.0930e-01 -2.8886e+00 +3.6044e+00
15734 +3.979535359e+01 +3.979535359e+01 +1.125253536e+02 +1.125253536e+02 -5.5133e-01 -2.2806e+00 -2.5901e-01 -1.6524e+00 +3.3344e+00 +2.5908e+00 -2.9548e+00 -4.0238e+00 -6.2375e-01 -1.2992e-01 +5.0379e-01 -4.0669e+00 +7.6659e-01 +1.5128e+00 -4.3632e-01 +6.1807e-01 +3.8607e+00 -5.4671e-01 -3.2350e+00 +3.5630e+00
30836 +2.473935390e+01 +2.473935390e+01 +9.746935390e+01 +9.746935390e+01 -5.7720e-01 -2.2632e+00 -2.5233e-01 +9.2866e-01 +1.6968e+00 +2.5880e+00 -3.7088e+00 -4.0254e+00 -6.1747e-01 -1.3201e-01 +5.1129e-01 -4.0504e+00 +7.7755e-01 +1.5269e+00 -4.2382e-01 +6.1761e-01 +3.8480e+00 -5.4509e-01 -3.6066e+00 +3.5532e+00
80092 +1.541046638e+01 +1.541046638e+01 +8.814046638e+01 +8.814046638e+01 -5.9925e-01 -2.2849e+00 -2.4965e-01 +9.2665e-01 +1.6770e+00 +2.5888e+00 -3.7128e+00 -4.0326e+00 -6.1920e-01 -1.2884e-01 +5.1150e-01 -4.0548e+00 -4.7498e-01 +1.5258e+00 -4.3586e-01 +6.1694e-01 +3.8576e+00 -5.4942e-01 -3.6187e+00 +3.5739e+00
93111 +9.982751377e+00 +9.982751377e+00 +8.271275138e+01 +8.271275138e+01 -2.5874e+00 -2.2727e+00 -2.4784e-01 +9.3145e-01 +1.6763e+00 +2.5903e+00 -3.7143e+00 -4.0296e+00 -6.1805e-01 -1.2974e-01 +5.1166e-01 -4.0534e+00 -4.9629e-01 +1.9727e+00 -4.3512e-01 +6.1863e-01 +3.8579e+00 -5.4939e-01 -3.6190e+00 +3.5674e+00
% function evaluation | noise-free fitness - Fopt (1.368700000000e+02) | best noise-free fitness - Fopt | measured fitness | best measured fitness | x1 | x2...
1 +6.450923761e+03 +6.450923761e+03 +6.587793761e+03 +6.587793761e+03 +4.2922e+00 +1.2831e-01 +2.0256e+00 +1.8916e+00 +5.1371e-01 +8.9334e-01 -4.7475e+00 -4.7196e+00 -4.0755e+00 +1.0703e+00 +4.5984e-01 +1.3100e+00 +4.7635e+00 -4.8422e+00 +3.0672e+00 +4.3464e+00 +3.2232e-01 +3.1221e+00 -8.0983e-01 +1.1194e+00
2 +3.585538558e+03 +3.585538558e+03 +3.722408558e+03 +3.722408558e+03 +3.6639e-01 -2.7120e+00 -3.3174e+00 +2.4566e-01 +3.4094e+00 -1.2037e-02 -1.0652e+00 +1.5508e+00 +7.4353e-01 +5.4352e-01 -2.1523e+00 -1.0047e+00 +2.6555e+00 -1.3531e+00 -2.4320e+00 +9.6998e-01 -1.8297e+00 -2.1778e+00 +1.3169e+00 +3.4804e+00
5 +1.418785892e+03 +1.418785892e+03 +1.555655892e+03 +1.555655892e+03 -6.9155e-01 -3.4982e+00 +7.8375e-02 +3.5629e+00 -1.2304e+00 -2.0360e+00 -1.5931e+00 +1.6800e+00 +1.0322e+00 +2.1996e+00 +3.6548e+00 +5.8148e-01 -4.2764e+00 +2.2421e+00 -3.3953e+00 -3.1903e+00 -4.8950e+00 -7.1793e-01 -3.1184e+00 +1.0786e+00
24 +9.930435279e+02 +9.930435279e+02 +1.129913528e+03 +1.129913528e+03 +4.5125e+00 +2.1618e+00 +1.3293e+00 +1.7429e+00 +2.2758e+00 +3.4384e+00 -3.1504e+00 +4.1237e+00 +4.4779e+00 -3.3246e+00 -9.9014e-01 -2.6702e+00 -3.4329e-01 +1.2617e+00 -3.1884e-01 -4.7588e+00 -1.9745e+00 -3.4008e+00 +2.2220e+00 -4.0254e+00
102 +5.880800460e+02 +5.880800460e+02 +7.249500460e+02 +7.249500460e+02 +5.0000e+00 +2.5691e+00 -3.1386e+00 -3.1900e-01 +2.9349e+00 +4.9650e+00 -1.6661e-01 +5.0000e+00 -1.8351e+00 -5.0000e+00 +2.7137e-01 -3.1706e+00 -7.5631e-02 +0.0000e+00 -5.0000e+00 -1.7309e+00 -1.5049e+00 -5.0000e+00 +1.4109e+00 -1.5546e+00
203 +3.816792679e+02 +3.816792679e+02 +5.185492679e+02 +5.185492679e+02 +4.4143e+00 -8.4359e-02 +2.0860e+00 +2.4023e+00 +1.1347e+00 +5.0000e+00 +1.3640e-01 +3.8667e+00 +2.0087e-01 -5.0000e+00 +1.5539e+00 -2.2273e+00 -2.1852e+00 -3.5656e+00 -4.8544e+00 +5.7649e-01 +1.9471e-01 -3.3882e+00 -7.1397e-01 -1.4151e+00
651 +2.461394098e+02 +2.461394098e+02 +3.830094098e+02 +3.830094098e+02 +3.4220e+00 -1.3029e+00 +2.9936e+00 +2.1248e+00 -1.6526e+00 +5.0000e+00 +6.1385e-01 +4.4878e+00 +4.4249e-01 -3.4106e+00 +9.8861e-01 -3.8031e+00 -4.7301e+00 +5.3728e-01 -4.9775e+00 +1.3441e+00 -1.7153e+00 -4.6504e+00 -2.3243e+00 -2.8778e+00
2223 +1.450842732e+02 +1.450842732e+02 +2.819542732e+02 +2.819542732e+02 +3.4640e+00 +2.2799e+00 +1.9343e+00 +7.9109e-01 -2.8869e-01 +3.9315e+00 +5.5479e-01 +4.3764e+00 +4.4278e-01 -4.1576e+00 +7.8399e-01 -3.5445e+00 -5.0000e+00 -3.2887e-01 -5.0000e+00 +1.1590e+00 -1.7019e+00 -4.5648e+00 -1.3921e+00 -3.3304e+00
4037 +9.012462879e+01 +9.012462879e+01 +2.269946288e+02 +2.269946288e+02 +3.4312e+00 +1.9565e+00 +2.8722e+00 -7.6721e-01 +6.6261e-01 +1.4528e+00 +3.9501e-01 +4.4617e+00 +4.6113e-01 -4.1379e+00 +7.8563e-01 -3.1690e+00 -5.0000e+00 -3.0912e-01 -5.0000e+00 +1.1926e+00 -9.6609e-01 -4.2894e+00 -7.5901e-01 -3.3577e+00
9170 +6.272323805e+01 +6.272323805e+01 +1.995932381e+02 +1.995932381e+02 +3.4445e+00 +1.8194e+00 +2.9338e+00 -6.9368e-01 +4.7739e-01 +1.5080e+00 +4.5402e-01 +4.4321e+00 +4.4109e-01 -4.1145e+00 +7.6748e-01 -3.1861e+00 -5.0000e+00 -3.2522e-01 -4.9994e+00 +1.1867e+00 -9.9630e-01 -4.3521e+00 -7.0121e-01 -2.9431e+00
26549 +3.979304411e+01 +3.979304411e+01 +1.766630441e+02 +1.766630441e+02 +3.5098e+00 +1.8093e+00 +2.9429e+00 -6.7744e-01 +5.5599e-01 +2.2856e+00 +4.5218e-01 +4.3330e+00 -6.7174e-01 -4.1236e+00 +7.5892e-01 -3.1643e+00 -5.0000e+00 -3.2399e-01 -4.9258e+00 +1.1669e+00 -1.8487e+00 -4.3598e+00 -6.9229e-01 -2.9433e+00
% function evaluation | noise-free fitness - Fopt (2.196000000000e+01) | best noise-free fitness - Fopt | measured fitness | best measured fitness | x1 | x2...
1 +2.483404178e+03 +2.483404178e+03 +2.505364178e+03 +2.505364178e+03 -1.9453e+00 -3.6167e+00 +3.1216e+00 -1.9203e+00 -3.5010e+00 -4.1059e-01 +3.1254e+00 +3.8376e-01 -4.2413e+00 -4.6215e+00 -4.7001e+00 +2.4242e+00 -4.9259e+00 +2.1153e+00 -4.9572e+00 +1.6062e+00 +1.7171e+00 +2.2747e+00 -3.0569e+00 +3.4664e+00
10 +1.356987018e+03 +1.356987018e+03 +1.378947018e+03 +1.378947018e+03 +4.5792e-01 +4.9353e+00 -1.1567e+00 -3.3505e+00 -1.2660e+00 -1.6775e+00 -2.6903e+00 +4.8952e+00 +4.0189e+00 -4.9299e+00 -1.3919e+00 -1.6219e+00 +9.9016e-01 -2.5411e+00 -3.6046e+00 +4.0140e-01 -3.0407e-01 -2.8206e+00 +1.0681e+00 +2.0731e+00
13 +8.687259529e+02 +8.687259529e+02 +8.906859529e+02 +8.906859529e+02 +3.7342e+00 +3.3729e+00 +3.7468e+00 -2.8171e+00 -3.7398e+00 +1.5459e+00 +4.0850e+00 +2.2012e+00 +4.5030e+00 -2.2089e+00 -6.1779e-01 +7.4776e-01 -2.2600e+00 -2.0614e+00 -2.7279e+00 -3.1767e+00 +9.0157e-01 -1.4449e+00 -5.7698e-01 -3.7192e+00
91 +6.169938985e+02 +6.169938985e+02 +6.389538985e+02 +6.389538985e+02 +2.1204e+00 +1.4219e+00 +7.0864e-01 +0.0000e+00 -2.2363e+00 +4.1802e+00 -9.1318e-02 +8.7228e-01 +2.1023e+00 -4.4714e+00 -1.9278e+00 -2.1610e+00 -2.2726e+00 -1.1695e+00 -9.8653e-01 -3.6587e+00 -1.7409e+00 -1.8427e+00 +7.0976e-01 -2.8325e+00
202 +3.832095901e+02 +3.832095901e+02 +4.051695901e+02 +4.051695901e+02 +2.2584e+00 -3.4166e-01 +4.2625e+00 +3.1702e+00 -2.6069e+00 +3.1284e+00 +3.0115e+00 +1.3103e+00 +1.0292e+00 -1.8873e+00 +5.0941e-01 -2.4819e+00 -5.0000e+00 -5.0000e+00 +1.4612e+00 +1.7824e+00 -1.3865e+00 -1.1665e+00 -2.0553e+00 -8.9544e-01
502 +2.448390793e+02 +2.448390793e+02 +2.667990793e+02 +2.667990793e+02 +2.4551e+00 -1.4312e-01 +2.6933e+00 -9.3047e-02 -3.3337e+00 +3.5924e+00 +4.2353e+00 +2.1766e+00 -2.0101e+00 -3.0845e-01 +1.0631e+00 -1.8724e+00 -3.8016e+00 -3.6385e+00 +2.5392e+00 +4.9726e-02 -1.2113e+00 -7.8772e-01 -8.4153e-01 -1.5963e+00
2701 +1.335149912e+02 +1.335149912e+02 +1.554749912e+02 +1.554749912e+02 +3.3731e+00 +6.6286e-03 +3.0932e+00 +2.5435e+00 -1.8261e+00 +4.9313e+00 +4.6503e+00 -7.7804e-01 -4.4304e-01 -7.6798e-01 +1.7926e+00 -4.4496e-01 -3.3339e+00 -3.5790e+00 +2.7813e+00 -9.7609e-01 -3.4336e+00 -5.9097e-01 -1.2897e+00 -9.2205e-01
2991 +9.899248618e+01 +9.899248618e+01 +1.209524862e+02 +1.209524862e+02 +3.3978e+00 +1.5324e-01 +2.6887e+00 +2.3227e+00 -1.7459e+00 +4.9323e+00 +4.5760e+00 -2.5210e-01 -3.7089e-01 +3.0571e-01 +1.7721e+00 -5.9611e-01 -3.3701e+00 -3.5005e+00 +2.8669e+00 -1.9020e+00 -3.4235e+00 +3.2211e-01 -8.6088e-01 -8.6494e-01
5621 +6.013064471e+01 +6.013064471e+01 +8.209064471e+01 +8.209064471e+01 +3.4291e+00 +2.7143e-01 +2.5831e+00 +2.3375e+00 -1.6649e+00 +4.9312e+00 +4.5998e+00 -1.6560e-01 -4.5433e-01 +3.3745e-01 +1.7838e+00 -6.0559e-01 -3.3658e+00 -3.5260e+00 +2.8519e+00 -1.0934e+00 -3.4608e+00 -9.7090e-01 -8.9259e-01 -8.6290e-01
7772 +3.953020847e+01 +3.953020847e+01 +6.149020847e+01 +6.149020847e+01 +3.2576e+00 +2.6955e-01 +2.6295e+00 +2.3324e+00 -1.7688e+00 +4.9334e+00 +4.6226e+00 -2.4000e-01 -5.3462e-01 +3.1307e-01 +1.8569e+00 -5.9971e-01 -3.3606e+00 -3.4505e+00 +2.8315e+00 -1.0534e+00 -3.4861e+00 -1.2817e+00 -9.2096e-01 -8.9359e-01
10532 +2.510953218e+01 +2.510953218e+01 +4.706953218e+01 +4.706953218e+01 +3.2831e+00 +3.1965e-01 +2.6323e+00 +2.2931e+00 -1.7689e+00 +4.8898e+00 +4.6789e+00 -1.4495e-01 -5.7125e-01 +2.7118e-01 +1.8428e+00 -5.3674e-01 -3.3406e+00 -3.4769e+00 +2.8407e+00 -1.0465e+00 -3.4868e+00 -1.2896e+00 -9.1582e-01 -8.8848e-01
% function evaluation | noise-free fitness - Fopt (-2.139000000000e+01) | best noise-free fitness - Fopt | measured fitness | best measured fitness | x1 | x2...
1 +1.830748700e+03 +1.830748700e+03 +1.809358700e+03 +1.809358700e+03 -1.4662e+00 +1.6765e+00 -4.7108e+00 +1.6103e-01 +4.4110e+00 +2.9583e-01 +3.9715e+00 +5.4493e-02 +1.6785e+00 +7.8741e-01 +3.9493e+00 -4.6155e-01 -2.5427e-01 +3.2047e+00 -2.2360e+00 -1.9991e+00 +1.4147e+00 -2.1209e+00 -2.6439e+00 -1.1547e+00
8 +1.193993549e+03 +1.193993549e+03 +1.172603549e+03 +1.172603549e+03 +2.3095e-01 -1.7845e+00 +3.6307e+00 -1.7486e+00 +4.1595e+00 -4.2230e+00 +1.1993e+00 -1.0283e+00 +1.8421e+00 +4.0126e+00 +4.3759e+00 +3.5559e+00 +8.4633e-01 -2.9917e+00 -4.1667e+00 -3.4924e+00 -1.7777e+00 -8.2547e-01 +2.7297e+00 +4.7503e+00
16 +9.633932359e+02 +9.633932359e+02 +9.420032359e+02 +9.420032359e+02 +2.9573e+00 +1.5707e+00 -2.1910e-01 -4.3966e+00 +1.4232e+00 -4.1588e+00 -3.1306e+00 +4.8511e-01 -4.1442e+00 -3.4844e+00 -3.0911e+00 +4.7825e-01 -4.1892e+00 -4.1003e+00 +1.3767e+00 -2.8727e+00 -2.4136e-01 -2.0312e-03 +2.3123e-01 +1.5245e+00
73 +6.009502085e+02 +6.009502085e+02 +5.795602085e+02 +5.795602085e+02 +1.7569e+00 +3.5220e+00 +3.5726e-02 -1.5081e+00 +1.5543e+00 -1.0625e+00 -5.0000e+00 -3.2699e+00 +6.9986e-01 -3.2237e+00 +2.2270e+00 +1.4108e+00 -3.0766e+00 -2.8030e+00 +3.2671e-01 -1.8994e+00 -6.2189e-01 +6.0920e-01 +4.1507e+00 +1.8903e+00
257 +3.604851269e+02 +3.604851269e+02 +3.390951269e+02 +3.390951269e+02 +4.8179e+00 +5.5196e-01 +1.6483e-01 -2.4773e+00 +1.1882e+00 -1.7960e-02 -4.2044e+00 -1.2060e+00 +9.5395e-01 -4.2478e+00 -3.8898e-01 -1.6710e+00 -1.1065e+00 -2.2399e+00 -3.1085e+00 +8.0894e-01 -1.9173e+00 +3.0385e+00 +2.5273e-01 +3.7486e+00
475 +2.317631125e+02 +2.317631125e+02 +2.103731125e+02 +2.103731125e+02 +4.9740e+00 +1.8022e+00 -1.6244e+00 -4.7450e+00 -2.0053e+00 -1.5125e+00 -4.5637e+00 +6.6695e-01 +2.3446e+00 -2.1583e+00 -4.5205e-02 -1.3717e-01 -1.9558e+00 -1.5788e+00 -1.4640e+00 +1.0653e+00 -1.4078e+00 +2.7817e+00 +2.6975e+00 +2.8984e+00
3134 +1.556673020e+02 +1.556673020e+02 +1.342773020e+02 +1.342773020e+02 +4.9516e+00 +2.6935e+00 +1.1860e-01 -1.4080e+00 -1.7257e+00 -1.1202e-02 -4.6923e+00 +1.4008e+00 +3.5129e+00 -5.1483e-01 +3.1750e-01 -2.8076e+00 -2.6625e+00 -3.1621e+00 -1.7168e+00 +5.4905e-01 -1.1553e+00 +2.7512e+00 +2.2128e+00 +3.2559e+00
6582 +9.176875124e+01 +9.176875124e+01 +7.037875124e+01 +7.037875124e+01 +4.9559e+00 +2.9260e+00 +8.7327e-02 -2.1719e+00 -1.6568e+00 +1.0812e+00 -4.7553e+00 +1.2165e+00 +3.5060e+00 -5.1598e-01 +3.8617e-01 -2.7612e+00 -2.5126e+00 -3.2117e+00 -2.1210e+00 +9.3974e-01 -1.2965e+00 +2.3287e+00 +2.0045e+00 +3.3410e+00
9207 +6.260809982e+01 +6.260809982e+01 +4.121809982e+01 +4.121809982e+01 +4.8748e+00 +2.7784e+00 +1.7236e-01 -2.2194e+00 -1.6417e+00 +1.0808e+00 -4.6403e+00 +1.2256e+00 +3.4782e+00 -3.8508e-01 +3.5262e-01 -2.6734e+00 -2.5031e+00 -3.2670e+00 -2.1235e+00 +9.3666e-01 -1.2867e+00 +2.3048e+00 +2.0143e+00 +3.2881e+00
12640 +3.977932337e+01 +3.977932337e+01 +1.838932337e+01 +1.838932337e+01 +4.9991e+00 +2.8199e+00 +2.3005e-01 -2.2165e+00 -1.6222e+00 +1.1777e+00 -4.6622e+00 +1.1927e+00 +3.4361e+00 -4.6405e-01 +3.2467e-01 -2.7078e+00 -2.5411e+00 -3.2742e+00 -2.1254e+00 +9.9833e-01 -1.2625e+00 +2.2993e+00 +1.9838e+00 +3.2360e+00
% function evaluation | noise-free fitness - Fopt (5.176600000000e+02) | best noise-free fitness - Fopt | measured fitness | best measured fitness | x1 | x2...
1 +7.885280143e+02 +7.885280143e+02 +1.306188014e+03 +1.306188014e+03 -4.3420e+00 +7.0319e-01 -1.3080e+00 +1.6893e+00 +1.3341e+00 +3.9276e-01 -3.1556e+00 +2.2408e+00 +2.9565e+00 -3.3027e+00 +3.8450e-01 -2.7579e+00 -2.3097e+00 +1.9693e+00 -2.7471e+00 -2.0915e-01 +2.6738e+00 -2.8113e-01 +4.9357e-01 -3.5745e+00
127 +6.132507610e+02 +6.132507610e+02 +1.130910761e+03 +1.130910761e+03 -5.0000e+00 +2.3954e+00 +1.5614e-01 -1.2435e+00 +5.0000e+00 +6.1020e-01 -4.5551e+00 -1.0965e+00 -2.0738e+00 +5.0000e+00 +1.5588e+00 -3.2373e+00 +4.0990e+00 +6.9735e-01 +1.1764e-01 -4.0177e+00 +3.4650e+00 -1.2910e+00 -2.6361e+00 -3.2814e+00
248 +3.795167735e+02 +3.795167735e+02 +8.971767735e+02 +8.971767735e+02 +2.2935e+00 +2.6991e+00 -2.8418e+00 +2.2889e+00 +4.9957e+00 -2.8051e+00 -5.0000e+00 +3.2666e+00 -5.4640e-01 +2.0200e+00 -2.0281e-01 -2.1689e+00 +3.6485e+00 -1.2304e+00 +5.6970e-01 +6.9623e-02 +2.7660e+00 +1.3305e+00 -2.6188e+00 -4.2204e+00
457 +2.127628476e+02 +2.127628476e+02 +7.304228476e+02 +7.304228476e+02 -1.8368e+00 +4.1576e+00 +7.0256e-01 +4.9875e+00 +1.7175e+00 +4.0079e-01 -4.9548e+00 +1.3553e+00 -1.0214e+00 +1.3689e+00 -1.1994e+00 -4.2702e-01 +4.1119e+00 -1.6956e+00 -1.8522e+00 +2.0279e+00 +1.6611e+00 +1.5784e+00 -3.0711e+00 -3.3296e+00
3016 +1.509901172e+02 +1.509901172e+02 +6.686501172e+02 +6.686501172e+02 -5.0000e+00 +4.1228e+00 +1.4278e+00 +4.5848e+00 +3.0200e+00 -1.4262e+00 -5.0000e+00 -7.9410e-02 +6.5422e-01 +1.7239e+00 -2.0989e+00 -2.9285e+00 +4.4396e+00 -9.6189e-02 -1.4701e+00 +1.2148e+00 +2.2685e+00 +1.7853e+00 -3.4810e+00 -3.1293e+00
6304 +9.442322283e+01 +9.442322283e+01 +6.120832228e+02 +6.120832228e+02 -1.9168e+00 +4.1268e+00 +5.6172e-01 +4.6023e+00 +3.2721e+00 -1.3620e+00 -5.0000e+00 -4.3106e-02 +6.5124e-01 +1.6033e+00 -1.9471e+00 -2.4172e+00 +4.3221e+00 -4.6570e-02 -1.4391e+00 +1.1961e+00 +2.4351e+00 +1.7712e+00 -2.7979e+00 -3.4039e+00
8805 +5.529095974e+01 +5.529095974e+01 +5.729509597e+02 +5.729509597e+02 -1.8636e+00 +4.1375e+00 +6.5185e-01 +4.5539e+00 +3.5848e+00 -1.3658e+00 -4.8137e+00 -4.4319e-02 +6.2972e-01 +1.6334e+00 -1.9066e+00 -2.4024e+00 +4.4360e+00 -1.4557e-02 -1.4847e+00 +1.1660e+00 +2.4304e+00 +1.7800e+00 -2.7931e+00 -3.3624e+00
9755 +3.793053291e+01 +3.793053291e+01 +5.555905329e+02 +5.555905329e+02 -1.9075e+00 +4.1373e+00 +6.1645e-01 +4.5535e+00 +3.5952e+00 -1.3674e+00 -4.6948e+00 -5.1950e-02 +6.2109e-01 +1.6665e+00 -3.5470e-01 -2.4062e+00 +4.4356e+00 -3.0667e-02 -1.4883e+00 +1.1850e+00 +2.4664e+00 +1.6300e+00 -2.8129e+00 -3.3812e+00
12696 +2.479134757e+01 +2.479134757e+01 +5.424513476e+02 +5.424513476e+02 -1.8952e+00 +4.1538e+00 +5.9246e-01 +4.6199e+00 +3.5738e+00 -1.4384e+00 -4.6662e+00 -5.4050e-02 +5.5241e-01 +1.6542e+00 -2.9563e-01 -2.3900e+00 +4.4467e+00 -7.2188e-03 -1.5084e+00 +1.1455e+00 +2.4526e+00 +1.7616e+00 -2.8111e+00 -3.3623e+00
22690 +1.564337936e+01 +1.564337936e+01 +5.333033794e+02 +5.333033794e+02 -1.8862e+00 +4.1429e+00 +5.7601e-01 +4.6211e+00 +1.9496e+00 -1.4266e+00 -4.6811e+00 -7.3125e-02 +5.8783e-01 +1.6469e+00 +2.8739e-01 -2.4167e+00 +4.4472e+00 -9.4128e-03 -1.4999e+00 +1.1714e+00 +2.4463e+00 +9.6223e-01 -2.8111e+00 -3.3610e+00
53466 +9.878283143e+00 +9.878283143e+00 +5.275382831e+02 +5.275382831e+02 -3.8463e+00 +4.1384e+00 +5.9113e-01 +4.6044e+00 +1.9098e+00 -1.4269e+00 -4.6782e+00 -7.5968e-02 +5.7868e-01 +1.6405e+00 +2.8853e-01 -2.4166e+00 +4.4436e+00 -1.0468e-02 -1.4956e+00 +1.1539e+00 +2.0140e+00 +9.4406e-01 -2.8115e+00 -3.3612e+00
