% function evaluation | noise-free fitness - Fopt (3.590000000000e+01) | best noise-free fitness - Fopt | measured fitness | best measured fitness | x1 | x2...
1 +3.326023800e+05 +3.326023800e+05 +3.326382800e+05 +3.326382800e+05 +6.7441e-02 +4.4286e+00 -4.0180e+00 -9.1223e-01 +4.7755e+00
2 +9.178526228e+04 +9.178526228e+04 +9.182116228e+04 +9.182116228e+04 +3.4988e+00 +5.4818e-01 +5.6528e-01 +1.8089e+00 -1.9363e+00
3 +4.722483165e+02 +4.722483165e+02 +5.081483165e+02 +5.081483165e+02 +2.0072e-01 -1.8382e+00 +5.8330e-01 +1.0237e+00 -2.8797e+00
60 +3.831047113e+02 +3.831047113e+02 +4.190047113e+02 +4.190047113e+02 -2.0836e+00 -5.0785e-01 -4.6017e-01 +2.1175e+00 -2.5227e+00
70 +1.248858973e+02 +1.248858973e+02 +1.607858973e+02 +1.607858973e+02 -1.5299e+00 -1.2731e+00 +9.9543e-02 +2.7658e+00 -5.0000e+00
120 +8.277402704e+01 +8.277402704e+01 +1.186740270e+02 +1.186740270e+02 -2.2522e+00 +9.2913e-01 +3.2442e+00 +2.2985e+00 -4.6386e+00
137 +5.481875324e+01 +5.481875324e+01 +9.071875324e+01 +9.071875324e+01 -7.7789e-01 +3.4380e+00 +3.2148e+00 +4.2321e+00 -3.3187e+00
159 +3.906632631e+01 +3.906632631e+01 +7.496632631e+01 +7.496632631e+01 -3.2179e-01 +1.7490e+00 +2.3275e+00 +3.4419e+00 -2.8514e+00
183 +2.316032045e+01 +2.316032045e+01 +5.906032045e+01 +5.906032045e+01 +4.2958e-01 +2.1740e+00 +2.8495e+00 +3.5623e+00 -2.4436e+00
268 +1.349164496e+01 +1.349164496e+01 +4.939164496e+01 +4.939164496e+01 +9.4392e-01 +2.7390e+00 +2.1445e+00 +3.3851e+00 -1.5550e+00
465 +2.677701232e+00 +2.677701232e+00 +3.857770123e+01 +3.857770123e+01 +2.3231e+00 +7.4942e-01 +2.2808e+00 +3.2573e+00 -1.7122e+00
876 +1.157538876e+00 +1.157538876e+00 +3.705753888e+01 +3.705753888e+01 +2.3697e+00 +1.5607e+00 +2.4266e+00 +3.3248e+00 -1.6183e+00
1460 +8.922837257e-01 +8.922837257e-01 +3.679228373e+01 +3.679228373e+01 +2.3322e+00 +1.3461e+00 +2.4932e+00 +3.2144e+00 -1.6136e+00
1704 +5.435410965e-01 +5.435410965e-01 +3.644354110e+01 +3.644354110e+01 +2.4709e+00 +1.4114e+00 +2.5404e+00 +3.2976e+00 -1.5044e+00
1954 +3.964725595e-01 +3.964725595e-01 +3.629647256e+01 +3.629647256e+01 +2.5522e+00 +1.3912e+00 +2.4755e+00 +3.4150e+00 -1.5191e+00
2230 +2.406399066e-01 +2.406399066e-01 +3.614063991e+01 +3.614063991e+01 +2.6176e+00 +1.3307e+00 +2.5608e+00 +3.4471e+00 -1.5070e+00
2354 +1.523276653e-01 +1.523276653e-01 +3.605232767e+01 +3.605232767e+01 +2.6516e+00 +1.2245e+00 +2.5429e+00 +3.4530e+00 -1.5057e+00
2498 +9.887753017e-02 +9.887753017e-02 +3.599887753e+01 +3.599887753e+01 +2.6862e+00 +1.2200e+00 +2.5688e+00 +3.4599e+00 -1.5005e+00
2697 +3.729438970e-02 +3.729438970e-02 +3.593729439e+01 +3.593729439e+01 +2.7200e+00 +1.1841e+00 +2.5701e+00 +3.4378e+00 -1.4398e+00
3004 +1.783973033e-02 +1.783973033e-02 +3.591783973e+01 +3.591783973e+01 +2.7426e+00 +1.1717e+00 +2.5822e+00 +3.4284e+00 -1.4320e+00
3504 +1.428506603e-02 +1.428506603e-02 +3.591428507e+01 +3.591428507e+01 +2.7444e+00 +1.1561e+00 +2.5887e+00 +3.4293e+00 -1.4320e+00
4216 +8.614409683e-03 +8.614409683e-03 +3.590861441e+01 +3.590861441e+01 +2.7637e+00 +1.1493e+00 +2.5824e+00 +3.4297e+00 -1.4456e+00
4254 +4.029997163e-03 +4.029997163e-03 +3.590403000e+01 +3.590403000e+01 +2.7648e+00 +1.1318e+00 +2.5857e+00 +3.4296e+00 -1.4366e+00
4354 +1.661290317e-03 +1.661290317e-03 +3.590166129e+01 +3.590166129e+01 +2.7718e+00 +1.1201e+00 +2.5859e+00 +3.4295e+00 -1.4363e+00
4454 +1.268396941e-03 +1.268396941e-03 +3.590126840e+01 +3.590126840e+01 +2.7732e+00 +1.1234e+00 +2.5847e+00 +3.4295e+00 -1.4328e+00
4504 +4.854035075e-04 +4.854035075e-04 +3.590048540e+01 +3.590048540e+01 +2.7781e+00 +1.1157e+00 +2.5855e+00 +3.4295e+00 -1.4316e+00
4704 +3.655936789e-04 +3.655936789e-04 +3.590036559e+01 +3.590036559e+01 +2.7805e+00 +1.1147e+00 +2.5848e+00 +3.4295e+00 -1.4317e+00
7604 +2.189480849e-04 +2.189480849e-04 +3.590021895e+01 +3.590021895e+01 +2.7806e+00 +1.1161e+00 +2.5858e+00 +3.4295e+00 -1.4303e+00
7806 +1.563280309e-04 +1.563280309e-04 +3.590015633e+01 +3.590015633e+01 +2.7804e+00 +1.1162e+00 +2.5864e+00 +3.4295e+00 -1.4298e+00
8145 +8.159431393e-05 +8.159431393e-05 +3.590008159e+01 +3.590008159e+01 +2.7806e+00 +1.1157e+00 +2.5865e+00 +3.4295e+00 -1.4282e+00
8254 +6.273348997e-05 +6.273348997e-05 +3.590006273e+01 +3.590006273e+01 +2.7813e+00 +1.1160e+00 +2.5864e+00 +3.4295e+00 -1.4279e+00
10966 +3.855410771e-05 +3.855410771e-05 +3.590003855e+01 +3.590003855e+01 +2.7815e+00 +1.1153e+00 +2.5869e+00 +3.4295e+00 -1.4276e+00
11544 +2.061786592e-05 +2.061786592e-05 +3.590002062e+01 +3.590002062e+01 +2.7811e+00 +1.1148e+00 +2.5868e+00 +3.4284e+00 -1.4272e+00
11898 +1.579410110e-05 +1.579410110e-05 +3.590001579e+01 +3.590001579e+01 +2.7814e+00 +1.1140e+00 +2.5872e+00 +3.4288e+00 -1.4273e+00
12048 +8.302210347e-06 +8.302210347e-06 +3.590000830e+01 +3.590000830e+01 +2.7812e+00 +1.1139e+00 +2.5873e+00 +3.4279e+00 -1.4270e+00
12416 +3.660910579e-06 +3.660910579e-06 +3.590000366e+01 +3.590000366e+01 +2.7813e+00 +1.1138e+00 +2.5873e+00 +3.4279e+00 -1.4268e+00
12595 +1.762358778e-06 +1.762358778e-06 +3.590000176e+01 +3.590000176e+01 +2.7813e+00 +1.1135e+00 +2.5871e+00 +3.4279e+00 -1.4265e+00
13048 +9.088078698e-07 +9.088078698e-07 +3.590000091e+01 +3.590000091e+01 +2.7814e+00 +1.1136e+00 +2.5871e+00 +3.4279e+00 -1.4265e+00
13378 +5.027273104e-07 +5.027273104e-07 +3.590000050e+01 +3.590000050e+01 +2.7815e+00 +1.1137e+00 +2.5872e+00 +3.4279e+00 -1.4265e+00
13828 +3.752651665e-07 +3.752651665e-07 +3.590000038e+01 +3.590000038e+01 +2.7815e+00 +1.1136e+00 +2.5872e+00 +3.4279e+00 -1.4265e+00
15071 +1.896295529e-07 +1.896295529e-07 +3.590000019e+01 +3.590000019e+01 +2.7815e+00 +1.1136e+00 +2.5872e+00 +3.4280e+00 -1.4265e+00
15313 +1.457911551e-07 +1.457911551e-07 +3.590000015e+01 +3.590000015e+01 +2.7816e+00 +1.1137e+00 +2.5872e+00 +3.4280e+00 -1.4265e+00
15371 +3.817205396e-08 +3.817205396e-08 +3.590000004e+01 +3.590000004e+01 +2.7816e+00 +1.1136e+00 +2.5872e+00 +3.4280e+00 -1.4264e+00
15863 +1.985988973e-08 +1.985988973e-08 +3.590000002e+01 +3.590000002e+01 +2.7816e+00 +1.1136e+00 +2.5872e+00 +3.4280e+00 -1.4264e+00
17098 +1.229503965e-08 +1.229503965e-08 +3.590000001e+01 +3.590000001e+01 +2.7816e+00 +1.1136e+00 +2.5872e+00 +3.4280e+00 -1.4264e+00
17613 +9.933572187e-09 +9.933572187e-09 +3.590000001e+01 +3.590000001e+01 +2.7816e+00 +1.1136e+00 +2.5872e+00 +3.4280e+00 -1.4264e+00
% function evaluation | noise-free fitness - Fopt (3.137000000000e+01) | best noise-free fitness - Fopt | measured fitness | best measured fitness | x1 | x2...
1 +1.227409905e+05 +1.227409905e+05 +1.227723605e+05 +1.227723605e+05 -2.9178e+00 -1.0833e+00 +4.1933e+00 +2.2364e-01 +1.5621e+00
7 +1.028167427e+02 +1.028167427e+02 +1.341867427e+02 +1.341867427e+02 -9.4767e-01 -4.1565e+00 -2.8451e+00 -5.5200e-01 -1.9764e+00
14 +7.761258620e+01 +7.761258620e+01 +1.089825862e+02 +1.089825862e+02 +1.0442e+00 +1.4627e+00 -4.5318e+00 -2.3766e+00 -2.4043e-01
66 +3.482745158e+01 +3.482745158e+01 +6.619745158e+01 +6.619745158e+01 -1.8013e-01 +1.6603e+00 -5.0000e+00 +4.8171e-01 -2.7070e+00
199 +1.272911238e+01 +1.272911238e+01 +4.409911238e+01 +4.409911238e+01 +1.9547e-01 +0.0000e+00 -3.2920e+00 +2.1641e+00 -2.1964e+00
556 +6.426823730e+00 +6.426823730e+00 +3.779682373e+01 +3.779682373e+01 +3.1856e-04 +8.1348e-01 -4.2937e+00 +2.9741e+00 -1.4903e+00
593 +3.663387782e+00 +3.663387782e+00 +3.503338778e+01 +3.503338778e+01 -7.1746e-01 +1.2695e+00 -3.7312e+00 +3.0577e+00 -1.8275e+00
1137 +2.350451341e+00 +2.350451341e+00 +3.372045134e+01 +3.372045134e+01 -4.0815e-01 +1.2965e+00 -3.7135e+00 +3.2449e+00 -2.5131e+00
1187 +1.574338498e+00 +1.574338498e+00 +3.294433850e+01 +3.294433850e+01 -1.8441e-01 +1.1599e+00 -3.6901e+00 +3.3650e+00 -2.3311e+00
1387 +9.215623444e-01 +9.215623444e-01 +3.229156234e+01 +3.229156234e+01 -3.7460e-01 +1.4727e+00 -3.7304e+00 +3.3398e+00 -2.0148e+00
1617 +4.066526313e-01 +4.066526313e-01 +3.177665263e+01 +3.177665263e+01 -2.3251e-01 +1.9455e+00 -3.9339e+00 +3.3840e+00 -1.8312e+00
2342 +3.839719110e-01 +3.839719110e-01 +3.175397191e+01 +3.175397191e+01 -1.2183e-01 +1.8911e+00 -4.1510e+00 +3.4845e+00 -1.8967e+00
2832 +2.021331967e-01 +2.021331967e-01 +3.157213320e+01 +3.157213320e+01 -2.4156e-01 +1.8601e+00 -3.9602e+00 +3.5317e+00 -1.8503e+00
3258 +7.225225404e-02 +7.225225404e-02 +3.144225225e+01 +3.144225225e+01 -2.3930e-01 +1.8578e+00 -3.9253e+00 +3.6156e+00 -1.9027e+00
3639 +3.828038051e-02 +3.828038051e-02 +3.140828038e+01 +3.140828038e+01 -2.2696e-01 +1.8578e+00 -3.9431e+00 +3.6634e+00 -1.9101e+00
3942 +2.471184918e-02 +2.471184918e-02 +3.139471185e+01 +3.139471185e+01 -2.3191e-01 +1.9128e+00 -3.9311e+00 +3.6606e+00 -1.8873e+00
6172 +1.437234466e-02 +1.437234466e-02 +3.138437234e+01 +3.138437234e+01 -2.4518e-01 +1.9156e+00 -3.9237e+00 +3.6804e+00 -1.9151e+00
6483 +9.943677572e-03 +9.943677572e-03 +3.137994368e+01 +3.137994368e+01 -2.5149e-01 +1.8827e+00 -3.9181e+00 +3.6937e+00 -1.9212e+00
6705 +5.945036798e-03 +5.945036798e-03 +3.137594504e+01 +3.137594504e+01 -2.5808e-01 +1.8869e+00 -3.9053e+00 +3.6991e+00 -1.9259e+00
6755 +1.712349683e-03 +1.712349683e-03 +3.137171235e+01 +3.137171235e+01 -2.6614e-01 +1.8829e+00 -3.8853e+00 +3.7129e+00 -1.9260e+00
7083 +1.226895291e-03 +1.226895291e-03 +3.137122690e+01 +3.137122690e+01 -2.6831e-01 +1.8949e+00 -3.8896e+00 +3.7112e+00 -1.9217e+00
7436 +9.554552776e-04 +9.554552776e-04 +3.137095546e+01 +3.137095546e+01 -2.6479e-01 +1.8907e+00 -3.8944e+00 +3.7179e+00 -1.9213e+00
7834 +5.140867053e-04 +5.140867053e-04 +3.137051409e+01 +3.137051409e+01 -2.6736e-01 +1.8930e+00 -3.8899e+00 +3.7177e+00 -1.9221e+00
7984 +2.711037133e-04 +2.711037133e-04 +3.137027110e+01 +3.137027110e+01 -2.6839e-01 +1.8994e+00 -3.8883e+00 +3.7182e+00 -1.9184e+00
9484 +2.474374693e-04 +2.474374693e-04 +3.137024744e+01 +3.137024744e+01 -2.6866e-01 +1.8982e+00 -3.8873e+00 +3.7184e+00 -1.9197e+00
10373 +1.574412155e-04 +1.574412155e-04 +3.137015744e+01 +3.137015744e+01 -2.7144e-01 +1.8972e+00 -3.8858e+00 +3.7192e+00 -1.9206e+00
10473 +6.422171473e-05 +6.422171473e-05 +3.137006422e+01 +3.137006422e+01 -2.7055e-01 +1.8972e+00 -3.8863e+00 +3.7212e+00 -1.9205e+00
10784 +4.120336053e-05 +4.120336053e-05 +3.137004120e+01 +3.137004120e+01 -2.7047e-01 +1.8967e+00 -3.8860e+00 +3.7218e+00 -1.9204e+00
11555 +3.928979208e-05 +3.928979208e-05 +3.137003929e+01 +3.137003929e+01 -2.7034e-01 +1.8970e+00 -3.8855e+00 +3.7216e+00 -1.9208e+00
12423 +1.652361959e-05 +1.652361959e-05 +3.137001652e+01 +3.137001652e+01 -2.7113e-01 +1.8970e+00 -3.8846e+00 +3.7220e+00 -1.9205e+00
12955 +1.570130039e-05 +1.570130039e-05 +3.137001570e+01 +3.137001570e+01 -2.7189e-01 +1.8966e+00 -3.8838e+00 +3.7222e+00 -1.9204e+00
14130 +8.289653657e-06 +8.289653657e-06 +3.137000829e+01 +3.137000829e+01 -2.7151e-01 +1.8967e+00 -3.8846e+00 +3.7225e+00 -1.9207e+00
14553 +6.253779215e-06 +6.253779215e-06 +3.137000625e+01 +3.137000625e+01 -2.7162e-01 +1.8969e+00 -3.8846e+00 +3.7226e+00 -1.9206e+00
14903 +3.396519077e-06 +3.396519077e-06 +3.137000340e+01 +3.137000340e+01 -2.7156e-01 +1.8969e+00 -3.8845e+00 +3.7228e+00 -1.9207e+00
16603 +2.507414475e-06 +2.507414475e-06 +3.137000251e+01 +3.137000251e+01 -2.7164e-01 +1.8969e+00 -3.8844e+00 +3.7229e+00 -1.9207e+00
17053 +1.486980150e-06 +1.486980150e-06 +3.137000149e+01 +3.137000149e+01 -2.7182e-01 +1.8967e+00 -3.8842e+00 +3.7229e+00 -1.9208e+00
17323 +9.841586994e-07 +9.841586994e-07 +3.137000098e+01 +3.137000098e+01 -2.7186e-01 +1.8967e+00 -3.8840e+00 +3.7230e+00 -1.9208e+00
17787 +4.789625834e-07 +4.789625834e-07 +3.137000048e+01 +3.137000048e+01 -2.7196e-01 +1.8968e+00 -3.8840e+00 +3.7230e+00 -1.9208e+00
17944 +2.469467582e-07 +2.469467582e-07 +3.137000025e+01 +3.137000025e+01 -2.7198e-01 +1.8968e+00 -3.8841e+00 +3.7231e+00 -1.9208e+00
17987 +1.387735793e-07 +1.387735793e-07 +3.137000014e+01 +3.137000014e+01 -2.7196e-01 +1.8968e+00 -3.8840e+00 +3.7231e+00 -1.9208e+00
18837 +9.956560021e-08 +9.956560021e-08 +3.137000010e+01 +3.137000010e+01 -2.7198e-01 +1.8968e+00 -3.8840e+00 +3.7232e+00 -1.9208e+00
18903 +5.962876770e-08 +5.962876770e-08 +3.137000006e+01 +3.137000006e+01 -2.7198e-01 +1.8968e+00 -3.8840e+00 +3.7232e+00 -1.9208e+00
19341 +3.452883846e-08 +3.452883846e-08 +3.137000003e+01 +3.137000003e+01 -2.7199e-01 +1.8968e+00 -3.8840e+00 +3.7232e+00 -1.9208e+00
19358 +1.728792753e-08 +1.728792753e-08 +3.137000002e+01 +3.137000002e+01 -2.7199e-01 +1.8968e+00 -3.8840e+00 +3.7232e+00 -1.9208e+00
19741 +1.460073662e-08 +1.460073662e-08 +3.137000001e+01 +3.137000001e+01 -2.7200e-01 +1.8968e+00 -3.8840e+00 +3.7232e+00 -1.9208e+00
20551 +7.392372936e-09 +7.392372936e-09 +3.137000001e+01 +3.137000001e+01 -2.7199e-01 +1.8968e+00 -3.8840e+00 +3.7232e+00 -1.9208e+00
% function evaluation | noise-free fitness - Fopt (-1.000000000000e+03) | best noise-free fitness - Fopt | measured fitness | best measured fitness | x1 | x2...
1 +1.003798869e+05 +1.003798869e+05 +9.937988695e+04 +9.937988695e+04 -6.4717e-01 +3.7439e+00 +3.3451e+00 +1.8819e+00 -1.4934e+00
3 +3.645012282e+04 +3.645012282e+04 +3.545012282e+04 +3.545012282e+04 -4.1923e+00 -8.1002e-01 +1.4865e+00 +3.0208e+00 +1.9599e+00
25 +3.580636925e+03 +3.580636925e+03 +2.580636925e+03 +2.580636925e+03 -1.5744e+00 -4.5152e+00 +4.3717e+00 +3.1690e+00 +4.2707e-01
61 +2.537189676e+01 +2.537189676e+01 -9.746281032e+02 -9.746281032e+02 -2.9871e+00 -2.4071e+00 +4.8832e+00 +2.7171e+00 +2.0660e-01
161 +2.465100504e+01 +2.465100504e+01 -9.753489950e+02 -9.753489950e+02 -2.6754e+00 -1.2070e+00 +4.6982e+00 +2.1344e+00 -6.3812e-01
301 +1.295398914e+01 +1.295398914e+01 -9.870460109e+02 -9.870460109e+02 -2.4482e+00 -3.3187e+00 +3.9769e+00 +3.6247e+00 -4.6285e-01
401 +7.763649798e+00 +7.763649798e+00 -9.922363502e+02 -9.922363502e+02 -1.9593e+00 -3.0507e+00 +4.1499e+00 +3.3343e+00 -6.9877e-01
745 +5.751062215e+00 +5.751062215e+00 -9.942489378e+02 -9.942489378e+02 -1.7741e+00 -2.8846e+00 +3.8297e+00 +3.4595e+00 -1.1765e+00
763 +3.591698394e+00 +3.591698394e+00 -9.964083016e+02 -9.964083016e+02 -1.3049e+00 -3.0191e+00 +3.7726e+00 +3.5261e+00 -1.1589e+00
1150 +1.377257065e+00 +1.377257065e+00 -9.986227429e+02 -9.986227429e+02 -8.6481e-01 -3.1645e+00 +3.3914e+00 +3.4757e+00 -9.8509e-01
1552 +7.075690593e-01 +7.075690593e-01 -9.992924309e+02 -9.992924309e+02 -5.5342e-01 -3.1114e+00 +2.9337e+00 +3.3816e+00 -7.4750e-01
1685 +4.770955077e-01 +4.770955077e-01 -9.995229045e+02 -9.995229045e+02 -5.3584e-01 -3.2537e+00 +2.9864e+00 +3.6301e+00 -8.3172e-01
1902 +3.916662140e-01 +3.916662140e-01 -9.996083338e+02 -9.996083338e+02 -5.2680e-01 -3.2747e+00 +3.0598e+00 +3.4806e+00 -8.0525e-01
2692 +2.320935043e-01 +2.320935043e-01 -9.997679065e+02 -9.997679065e+02 -4.1539e-01 -3.2622e+00 +2.9499e+00 +3.5405e+00 -8.0013e-01
2778 +7.942452254e-02 +7.942452254e-02 -9.999205755e+02 -9.999205755e+02 -2.7680e-01 -3.2598e+00 +2.9002e+00 +3.6483e+00 -8.6681e-01
3228 +5.996914263e-02 +5.996914263e-02 -9.999400309e+02 -9.999400309e+02 -2.3317e-01 -3.2547e+00 +2.8755e+00 +3.6601e+00 -8.5567e-01
3974 +3.032633017e-02 +3.032633017e-02 -9.999696737e+02 -9.999696737e+02 -2.2330e-01 -3.3023e+00 +2.8594e+00 +3.6350e+00 -8.4350e-01
4528 +2.482271908e-02 +2.482271908e-02 -9.999751773e+02 -9.999751773e+02 -2.2221e-01 -3.3029e+00 +2.8583e+00 +3.6313e+00 -8.4987e-01
5454 +1.553414149e-02 +1.553414149e-02 -9.999844659e+02 -9.999844659e+02 -2.3189e-01 -3.3002e+00 +2.8607e+00 +3.5472e+00 -8.4306e-01
5524 +8.650793174e-03 +8.650793174e-03 -9.999913492e+02 -9.999913492e+02 -2.0751e-01 -3.2968e+00 +2.8396e+00 +3.5714e+00 -8.4233e-01
5628 +4.659701998e-03 +4.659701998e-03 -9.999953403e+02 -9.999953403e+02 -2.1105e-01 -3.3097e+00 +2.8375e+00 +3.5713e+00 -8.5204e-01
7145 +1.666676831e-03 +1.666676831e-03 -9.999983333e+02 -9.999983333e+02 -1.9900e-01 -3.3188e+00 +2.8327e+00 +3.5713e+00 -8.4350e-01
7628 +1.448671751e-03 +1.448671751e-03 -9.999985513e+02 -9.999985513e+02 -1.9608e-01 -3.3173e+00 +2.8293e+00 +3.5726e+00 -8.4480e-01
7828 +7.874720225e-04 +7.874720225e-04 -9.999992125e+02 -9.999992125e+02 -1.9275e-01 -3.3226e+00 +2.8292e+00 +3.5721e+00 -8.4125e-01
7923 +4.496939549e-04 +4.496939549e-04 -9.999995503e+02 -9.999995503e+02 -1.9320e-01 -3.3269e+00 +2.8278e+00 +3.5711e+00 -8.4194e-01
8523 +3.529367669e-04 +3.529367669e-04 -9.999996471e+02 -9.999996471e+02 -1.9121e-01 -3.3261e+00 +2.8285e+00 +3.5720e+00 -8.4233e-01
8700 +2.075065354e-04 +2.075065354e-04 -9.999997925e+02 -9.999997925e+02 -1.8804e-01 -3.3256e+00 +2.8259e+00 +3.5703e+00 -8.4142e-01
10278 +1.515558338e-04 +1.515558338e-04 -9.999998484e+02 -9.999998484e+02 -1.8951e-01 -3.3286e+00 +2.8276e+00 +3.5698e+00 -8.4076e-01
10928 +9.436901087e-05 +9.436901087e-05 -9.999999056e+02 -9.999999056e+02 -1.8959e-01 -3.3290e+00 +2.8262e+00 +3.5694e+00 -8.4101e-01
11820 +4.060279855e-05 +4.060279855e-05 -9.999999594e+02 -9.999999594e+02 -1.8706e-01 -3.3285e+00 +2.8248e+00 +3.5696e+00 -8.4034e-01
11985 +9.115682928e-06 +9.115682928e-06 -9.999999909e+02 -9.999999909e+02 -1.8748e-01 -3.3301e+00 +2.8246e+00 +3.5683e+00 -8.4015e-01
14020 +5.864095669e-06 +5.864095669e-06 -9.999999941e+02 -9.999999941e+02 -1.8707e-01 -3.3301e+00 +2.8244e+00 +3.5689e+00 -8.4017e-01
14320 +3.789396146e-06 +3.789396146e-06 -9.999999962e+02 -9.999999962e+02 -1.8690e-01 -3.3303e+00 +2.8245e+00 +3.5689e+00 -8.4016e-01
15951 +1.720114824e-06 +1.720114824e-06 -9.999999983e+02 -9.999999983e+02 -1.8665e-01 -3.3302e+00 +2.8242e+00 +3.5688e+00 -8.4005e-01
16078 +9.068901363e-07 +9.068901363e-07 -9.999999991e+02 -9.999999991e+02 -1.8651e-01 -3.3303e+00 +2.8241e+00 +3.5688e+00 -8.3991e-01
16420 +3.842120577e-07 +3.842120577e-07 -9.999999996e+02 -9.999999996e+02 -1.8646e-01 -3.3304e+00 +2.8241e+00 +3.5688e+00 -8.3993e-01
17401 +2.007168405e-07 +2.007168405e-07 -9.999999998e+02 -9.999999998e+02 -1.8645e-01 -3.3304e+00 +2.8241e+00 +3.5688e+00 -8.3996e-01
17651 +1.185759402e-07 +1.185759402e-07 -9.999999999e+02 -9.999999999e+02 -1.8645e-01 -3.3304e+00 +2.8241e+00 +3.5688e+00 -8.4000e-01
18378 +8.935001006e-08 +8.935001006e-08 -9.999999999e+02 -9.999999999e+02 -1.8645e-01 -3.3304e+00 +2.8240e+00 +3.5688e+00 -8.4000e-01
18451 +5.835295269e-08 +5.835295269e-08 -9.999999999e+02 -9.999999999e+02 -1.8645e-01 -3.3304e+00 +2.8240e+00 +3.5688e+00 -8.4001e-01
19101 +3.613467925e-08 +3.613467925e-08 -1.000000000e+03 -1.000000000e+03 -1.8644e-01 -3.3304e+00 +2.8240e+00 +3.5688e+00 -8.4001e-01
20154 +2.510410013e-08 +2.510410013e-08 -1.000000000e+03 -1.000000000e+03 -1.8644e-01 -3.3304e+00 +2.8240e+00 +3.5688e+00 -8.4001e-01
20770 +1.105593128e-08 +1.105593128e-08 -1.000000000e+03 -1.000000000e+03 -1.8642e-01 -3.3304e+00 +2.8240e+00 +3.5688e+00 -8.4000e-01
21020 +5.789047464e-09 +5.789047464e-09 -1.000000000e+03 -1.000000000e+03 -1.8641e-01 -3.3304e+00 +2.8240e+00 +3.5688e+00 -8.4000e-01
% function evaluation | noise-free fitness - Fopt (1.319200000000e+02) | best noise-free fitness - Fopt | measured fitness | best measured fitness | x1 | x2...
1 +4.192250232e+05 +4.192250232e+05 +4.193569432e+05 +4.193569432e+05 -3.5705e+00 -1.6243e+00 +1.2855e+00 -4.4328e+00 -2.4743e-02
4 +3.629308343e+05 +3.629308343e+05 +3.630627543e+05 +3.630627543e+05 +2.3239e+00 +2.8477e+00 -4.8190e+00 -1.5926e+00 +4.6213e-02
5 +3.220601669e+04 +3.220601669e+04 +3.233793669e+04 +3.233793669e+04 -4.9904e+00 +3.2334e+00 -3.2975e+00 +3.4156e-01 +1.5078e+00
51 +1.019292590e+02 +1.019292590e+02 +2.338492590e+02 +2.338492590e+02 -5.0000e+00 +3.0309e+00 -3.0046e+00 +5.6725e-01 -1.4914e+00
257 +5.982004599e+01 +5.982004599e+01 +1.917400460e+02 +1.917400460e+02 -5.0000e+00 +4.5920e+00 -3.4115e+00 +1.4319e+00 -2.1613e+00
281 +9.666335460e+00 +9.666335460e+00 +1.415863355e+02 +1.415863355e+02 -5.0000e+00 +3.8180e+00 -2.9624e+00 +0.0000e+00 -9.7651e-01
290 +3.284506473e+00 +3.284506473e+00 +1.352045065e+02 +1.352045065e+02 -5.0000e+00 +2.3953e+00 -2.9677e+00 -6.1740e-02 -9.4269e-01
1563 +2.509059310e+00 +2.509059310e+00 +1.344290593e+02 +1.344290593e+02 -5.0000e+00 +1.8212e+00 -3.1803e+00 -5.0055e-01 -9.5388e-01
% function evaluation | noise-free fitness - Fopt (5.908400000000e+02) | best noise-free fitness - Fopt | measured fitness | best measured fitness | x1 | x2...
1 +7.393536385e+04 +7.393536385e+04 +7.452620385e+04 +7.452620385e+04 +1.0469e+00 -4.1852e+00 +2.2461e+00 -3.9674e+00 -4.7173e+00
41 +3.897589842e+04 +3.897589842e+04 +3.956673842e+04 +3.956673842e+04 -2.7282e+00 -4.5419e+00 -2.6882e+00 -1.9148e+00 -6.1137e-01
51 +1.425063049e+04 +1.425063049e+04 +1.484147049e+04 +1.484147049e+04 -3.8462e+00 -5.0000e+00 -2.7539e+00 -4.5312e+00 -2.4122e+00
68 +9.504523429e+03 +9.504523429e+03 +1.009536343e+04 +1.009536343e+04 +1.3815e+00 -4.9692e+00 -1.9097e+00 -4.2013e+00 -1.3569e-01
76 +6.933798841e+01 +6.933798841e+01 +6.601779884e+02 +6.601779884e+02 -7.8808e-01 -3.4569e+00 -5.0000e+00 -1.9361e+00 -3.2497e+00
102 +3.870027050e+01 +3.870027050e+01 +6.295402705e+02 +6.295402705e+02 +1.1772e+00 -5.0000e+00 -5.0000e+00 -2.8379e+00 +3.7458e-01
209 +1.725433692e+01 +1.725433692e+01 +6.080943369e+02 +6.080943369e+02 +2.5265e+00 -4.5093e+00 -5.0000e+00 -1.7952e+00 +1.3095e-01
486 +1.322212390e+01 +1.322212390e+01 +6.040621239e+02 +6.040621239e+02 +2.7331e+00 -3.8747e+00 -4.8189e+00 -1.7329e+00 -3.4101e-01
1040 +9.270840392e+00 +9.270840392e+00 +6.001108404e+02 +6.001108404e+02 +2.0323e+00 -4.1202e+00 -4.5144e+00 -1.8233e+00 +1.7973e-01
1568 +5.979687912e+00 +5.979687912e+00 +5.968196879e+02 +5.968196879e+02 +2.0697e+00 -3.9972e+00 -4.2563e+00 -1.5533e+00 -6.0993e-02
1660 +2.436053944e+00 +2.436053944e+00 +5.932760539e+02 +5.932760539e+02 +1.6076e+00 -3.7973e+00 -3.9897e+00 -1.2481e+00 -4.3967e-02
2445 +1.348279005e+00 +1.348279005e+00 +5.921882790e+02 +5.921882790e+02 +1.6187e+00 -3.5526e+00 -3.8059e+00 -1.4700e+00 -1.1442e-01
2567 +9.395341200e-01 +9.395341200e-01 +5.917795341e+02 +5.917795341e+02 +1.6656e+00 -3.4816e+00 -3.8170e+00 -1.3199e+00 -3.3404e-01
2854 +3.380730184e-01 +3.380730184e-01 +5.911780730e+02 +5.911780730e+02 +1.4550e+00 -3.4105e+00 -3.5927e+00 -1.3314e+00 -3.3333e-01
3117 +8.065395146e-02 +8.065395146e-02 +5.909206540e+02 +5.909206540e+02 +1.4701e+00 -3.3357e+00 -3.4552e+00 -1.3300e+00 -3.3179e-01
3382 +6.273326748e-02 +6.273326748e-02 +5.909027333e+02 +5.909027333e+02 +1.4740e+00 -3.3124e+00 -3.4948e+00 -1.2892e+00 -3.3333e-01
3503 +3.633938993e-02 +3.633938993e-02 +5.908763394e+02 +5.908763394e+02 +1.4553e+00 -3.3212e+00 -3.4703e+00 -1.2526e+00 -3.6293e-01
3875 +2.392185220e-02 +2.392185220e-02 +5.908639219e+02 +5.908639219e+02 +1.4360e+00 -3.3103e+00 -3.4987e+00 -1.2069e+00 -3.6205e-01
4060 +4.914850654e-03 +4.914850654e-03 +5.908449149e+02 +5.908449149e+02 +1.4442e+00 -3.3328e+00 -3.5060e+00 -1.1780e+00 -2.9115e-01
4175 +2.593987150e-03 +2.593987150e-03 +5.908425940e+02 +5.908425940e+02 +1.4422e+00 -3.3423e+00 -3.4992e+00 -1.1679e+00 -2.8822e-01
5011 +2.340309834e-03 +2.340309834e-03 +5.908423403e+02 +5.908423403e+02 +1.4525e+00 -3.3391e+00 -3.4943e+00 -1.1712e+00 -2.9996e-01
5675 +7.999395799e-04 +7.999395799e-04 +5.908407999e+02 +5.908407999e+02 +1.4449e+00 -3.3339e+00 -3.4940e+00 -1.1647e+00 -2.9755e-01
6939 +5.565407855e-04 +5.565407855e-04 +5.908405565e+02 +5.908405565e+02 +1.4481e+00 -3.3357e+00 -3.4941e+00 -1.1634e+00 -2.9578e-01
7104 +2.902501780e-04 +2.902501780e-04 +5.908402903e+02 +5.908402903e+02 +1.4452e+00 -3.3377e+00 -3.4960e+00 -1.1575e+00 -2.9253e-01
7251 +5.447084106e-05 +5.447084106e-05 +5.908400545e+02 +5.908400545e+02 +1.4465e+00 -3.3361e+00 -3.4995e+00 -1.1531e+00 -2.9080e-01
9304 +3.106495546e-05 +3.106495546e-05 +5.908400311e+02 +5.908400311e+02 +1.4455e+00 -3.3367e+00 -3.4983e+00 -1.1531e+00 -2.9003e-01
9804 +7.853340321e-06 +7.853340321e-06 +5.908400079e+02 +5.908400079e+02 +1.4459e+00 -3.3359e+00 -3.4986e+00 -1.1527e+00 -2.8985e-01
10325 +4.711796464e-06 +4.711796464e-06 +5.908400047e+02 +5.908400047e+02 +1.4457e+00 -3.3362e+00 -3.4987e+00 -1.1522e+00 -2.8964e-01
10589 +3.051018211e-06 +3.051018211e-06 +5.908400031e+02 +5.908400031e+02 +1.4456e+00 -3.3361e+00 -3.4985e+00 -1.1523e+00 -2.8970e-01
10675 +1.525750008e-06 +1.525750008e-06 +5.908400015e+02 +5.908400015e+02 +1.4456e+00 -3.3360e+00 -3.4985e+00 -1.1522e+00 -2.8978e-01
10939 +6.882398793e-07 +6.882398793e-07 +5.908400007e+02 +5.908400007e+02 +1.4456e+00 -3.3360e+00 -3.4984e+00 -1.1522e+00 -2.8972e-01
11225 +5.632591638e-07 +5.632591638e-07 +5.908400006e+02 +5.908400006e+02 +1.4456e+00 -3.3360e+00 -3.4984e+00 -1.1522e+00 -2.8964e-01
13757 +3.619046538e-07 +3.619046538e-07 +5.908400004e+02 +5.908400004e+02 +1.4456e+00 -3.3360e+00 -3.4984e+00 -1.1522e+00 -2.8966e-01
13807 +1.454188805e-07 +1.454188805e-07 +5.908400001e+02 +5.908400001e+02 +1.4456e+00 -3.3360e+00 -3.4984e+00 -1.1521e+00 -2.8966e-01
13857 +5.588105978e-08 +5.588105978e-08 +5.908400001e+02 +5.908400001e+02 +1.4456e+00 -3.3360e+00 -3.4984e+00 -1.1520e+00 -2.8966e-01
16960 +3.746924904e-08 +3.746924904e-08 +5.908400000e+02 +5.908400000e+02 +1.4456e+00 -3.3360e+00 -3.4984e+00 -1.1520e+00 -2.8964e-01
17881 +1.895602963e-08 +1.895602963e-08 +5.908400000e+02 +5.908400000e+02 +1.4456e+00 -3.3360e+00 -3.4984e+00 -1.1520e+00 -2.8961e-01
18107 +1.320495358e-08 +1.320495358e-08 +5.908400000e+02 +5.908400000e+02 +1.4456e+00 -3.3360e+00 -3.4984e+00 -1.1520e+00 -2.8961e-01
18805 +8.585402611e-09 +8.585402611e-09 +5.908400000e+02 +5.908400000e+02 +1.4456e+00 -3.3360e+00 -3.4984e+00 -1.1520e+00 -2.8960e-01
% function evaluation | noise-free fitness - Fopt (3.098000000000e+01) | best noise-free fitness - Fopt | measured fitness | best measured fitness | x1 | x2...
1 +1.619453759e+05 +1.619453759e+05 +1.619763559e+05 +1.619763559e+05 -2.9349e+00 +4.0340e-01 +3.8668e+00 +3.5950e+00 -1.0724e+00
2 +3.861943882e+04 +3.861943882e+04 +3.865041882e+04 +3.865041882e+04 -3.1476e+00 -1.2895e+00 +1.7076e+00 +2.3652e-01 -2.9065e+00
34 +1.176614844e+04 +1.176614844e+04 +1.179712844e+04 +1.179712844e+04 +5.0434e-01 -2.4242e+00 +3.0870e+00 -9.3165e-01 -1.4387e+00
58 +8.048294653e+01 +8.048294653e+01 +1.114629465e+02 +1.114629465e+02 +6.4563e-01 -3.7753e+00 +1.6498e+00 -4.1953e+00 +1.5689e+00
124 +4.061534092e+01 +4.061534092e+01 +7.159534092e+01 +7.159534092e+01 +1.7258e+00 -3.8404e+00 +1.3645e+00 -5.0000e+00 -7.6165e-02
159 +2.530914162e+01 +2.530914162e+01 +5.628914162e+01 +5.628914162e+01 +7.1489e-01 -4.0234e+00 +2.6598e-01 -4.4193e+00 -1.7787e+00
168 +2.369950969e+01 +2.369950969e+01 +5.467950969e+01 +5.467950969e+01 +1.3536e+00 -3.9607e+00 +0.0000e+00 -4.6262e+00 +0.0000e+00
227 +1.299287614e+01 +1.299287614e+01 +4.397287614e+01 +4.397287614e+01 +5.9455e-01 -2.7338e+00 -1.4327e+00 -5.0000e+00 -1.5957e+00
474 +9.636637048e+00 +9.636637048e+00 +4.061663705e+01 +4.061663705e+01 +1.1265e+00 -2.7202e+00 -1.8826e+00 -5.0000e+00 -6.3167e-01
653 +4.860446918e+00 +4.860446918e+00 +3.584044692e+01 +3.584044692e+01 +2.0724e+00 -2.7482e+00 -1.4407e+00 -5.0000e+00 -3.7641e-01
720 +3.733167080e+00 +3.733167080e+00 +3.471316708e+01 +3.471316708e+01 +2.4588e+00 -2.8138e+00 -1.5035e+00 -5.0000e+00 -6.3161e-01
2457 +2.476420421e+00 +2.476420421e+00 +3.345642042e+01 +3.345642042e+01 +2.3625e+00 -2.5941e+00 -1.8514e+00 -4.7803e+00 -4.1607e-01
2631 +1.555843772e+00 +1.555843772e+00 +3.253584377e+01 +3.253584377e+01 +2.4544e+00 -2.5318e+00 -1.8829e+00 -4.6185e+00 -2.9588e-01
2830 +3.512845810e-01 +3.512845810e-01 +3.133128458e+01 +3.133128458e+01 +2.0982e+00 -2.4879e+00 -2.4467e+00 -3.9746e+00 -6.3660e-02
3580 +1.553271115e-01 +1.553271115e-01 +3.113532711e+01 +3.113532711e+01 +2.1286e+00 -2.4798e+00 -2.5826e+00 -3.9514e+00 +3.3037e-02
4219 +8.129016234e-02 +8.129016234e-02 +3.106129016e+01 +3.106129016e+01 +2.1529e+00 -2.5622e+00 -2.6224e+00 -3.9122e+00 +2.1831e-02
4400 +5.755593662e-02 +5.755593662e-02 +3.103755594e+01 +3.103755594e+01 +2.1912e+00 -2.4979e+00 -2.6202e+00 -3.9205e+00 +2.9595e-02
6185 +3.852664166e-02 +3.852664166e-02 +3.101852664e+01 +3.101852664e+01 +2.2074e+00 -2.4860e+00 -2.6514e+00 -3.9112e+00 +5.2976e-02
6302 +2.322033030e-02 +2.322033030e-02 +3.100322033e+01 +3.100322033e+01 +2.1785e+00 -2.4918e+00 -2.6860e+00 -3.8626e+00 +9.3441e-02
6452 +1.417316954e-02 +1.417316954e-02 +3.099417317e+01 +3.099417317e+01 +2.1689e+00 -2.4958e+00 -2.7322e+00 -3.8434e+00 +1.1507e-01
6502 +9.139582722e-03 +9.139582722e-03 +3.098913958e+01 +3.098913958e+01 +2.1756e+00 -2.5007e+00 -2.7107e+00 -3.8379e+00 +8.4165e-02
6747 +3.221380737e-03 +3.221380737e-03 +3.098322138e+01 +3.098322138e+01 +2.1698e+00 -2.4936e+00 -2.7358e+00 -3.8288e+00 +8.9514e-02
7297 +2.380329401e-03 +2.380329401e-03 +3.098238033e+01 +3.098238033e+01 +2.1698e+00 -2.4877e+00 -2.7404e+00 -3.8263e+00 +9.1005e-02
7358 +1.140283194e-03 +1.140283194e-03 +3.098114028e+01 +3.098114028e+01 +2.1764e+00 -2.4909e+00 -2.7444e+00 -3.8222e+00 +9.2968e-02
7447 +8.326629386e-04 +8.326629386e-04 +3.098083266e+01 +3.098083266e+01 +2.1742e+00 -2.4823e+00 -2.7460e+00 -3.8213e+00 +9.3307e-02
7897 +5.190491696e-04 +5.190491696e-04 +3.098051905e+01 +3.098051905e+01 +2.1773e+00 -2.4823e+00 -2.7461e+00 -3.8233e+00 +9.2782e-02
9885 +3.500471476e-04 +3.500471476e-04 +3.098035005e+01 +3.098035005e+01 +2.1792e+00 -2.4819e+00 -2.7482e+00 -3.8243e+00 +9.3043e-02
10617 +2.215457809e-04 +2.215457809e-04 +3.098022155e+01 +3.098022155e+01 +2.1749e+00 -2.4826e+00 -2.7519e+00 -3.8179e+00 +9.4191e-02
10897 +1.433282370e-04 +1.433282370e-04 +3.098014333e+01 +3.098014333e+01 +2.1764e+00 -2.4823e+00 -2.7517e+00 -3.8180e+00 +9.4496e-02
11147 +7.666426605e-05 +7.666426605e-05 +3.098007666e+01 +3.098007666e+01 +2.1774e+00 -2.4821e+00 -2.7526e+00 -3.8187e+00 +9.5277e-02
11697 +5.926898755e-05 +5.926898755e-05 +3.098005927e+01 +3.098005927e+01 +2.1773e+00 -2.4820e+00 -2.7529e+00 -3.8174e+00 +9.6276e-02
12230 +3.374255098e-05 +3.374255098e-05 +3.098003374e+01 +3.098003374e+01 +2.1772e+00 -2.4828e+00 -2.7547e+00 -3.8173e+00 +9.7584e-02
13099 +1.710934452e-05 +1.710934452e-05 +3.098001711e+01 +3.098001711e+01 +2.1787e+00 -2.4815e+00 -2.7537e+00 -3.8176e+00 +9.7479e-02
13204 +1.545831024e-05 +1.545831024e-05 +3.098001546e+01 +3.098001546e+01 +2.1779e+00 -2.4824e+00 -2.7547e+00 -3.8174e+00 +9.7242e-02
13699 +9.877383636e-06 +9.877383636e-06 +3.098000988e+01 +3.098000988e+01 +2.1782e+00 -2.4822e+00 -2.7545e+00 -3.8175e+00 +9.7425e-02
14204 +6.102266781e-06 +6.102266781e-06 +3.098000610e+01 +3.098000610e+01 +2.1786e+00 -2.4818e+00 -2.7544e+00 -3.8175e+00 +9.7166e-02
16584 +3.276369714e-06 +3.276369714e-06 +3.098000328e+01 +3.098000328e+01 +2.1785e+00 -2.4817e+00 -2.7547e+00 -3.8172e+00 +9.7272e-02
17149 +2.461911304e-06 +2.461911304e-06 +3.098000246e+01 +3.098000246e+01 +2.1785e+00 -2.4816e+00 -2.7547e+00 -3.8171e+00 +9.7411e-02
17554 +1.566031720e-06 +1.566031720e-06 +3.098000157e+01 +3.098000157e+01 +2.1784e+00 -2.4817e+00 -2.7549e+00 -3.8171e+00 +9.7345e-02
17749 +9.561824577e-07 +9.561824577e-07 +3.098000096e+01 +3.098000096e+01 +2.1785e+00 -2.4816e+00 -2.7549e+00 -3.8171e+00 +9.7471e-02
19419 +5.586263789e-07 +5.586263789e-07 +3.098000056e+01 +3.098000056e+01 +2.1784e+00 -2.4816e+00 -2.7550e+00 -3.8170e+00 +9.7577e-02
19834 +3.621629112e-07 +3.621629112e-07 +3.098000036e+01 +3.098000036e+01 +2.1784e+00 -2.4816e+00 -2.7550e+00 -3.8169e+00 +9.7536e-02
20085 +2.103589978e-07 +2.103589978e-07 +3.098000021e+01 +3.098000021e+01 +2.1784e+00 -2.4816e+00 -2.7551e+00 -3.8169e+00 +9.7538e-02
20169 +1.561781957e-07 +1.561781957e-07 +3.098000016e+01 +3.098000016e+01 +2.1784e+00 -2.4816e+00 -2.7551e+00 -3.8168e+00 +9.7621e-02
21004 +8.579544541e-08 +8.579544541e-08 +3.098000009e+01 +3.098000009e+01 +2.1784e+00 -2.4816e+00 -2.7551e+00 -3.8168e+00 +9.7574e-02
22080 +5.519390456e-08 +5.519390456e-08 +3.098000006e+01 +3.098000006e+01 +2.1784e+00 -2.4816e+00 -2.7551e+00 -3.8168e+00 +9.7571e-02
22735 +3.273710902e-08 +3.273710902e-08 +3.098000003e+01 +3.098000003e+01 +2.1784e+00 -2.4816e+00 -2.7552e+00 -3.8168e+00 +9.7579e-02
23455 +2.476519612e-08 +2.476519612e-08 +3.098000002e+01 +3.098000002e+01 +2.1784e+00 -2.4816e+00 -2.7552e+00 -3.8168e+00 +9.7578e-02
24639 +1.223314428e-08 +1.223314428e-08 +3.098000001e+01 +3.098000001e+01 +2.1784e+00 -2.4816e+00 -2.7552e+00 -3.8168e+00 +9.7587e-02
25332 +8.888882519e-09 +8.888882519e-09 +3.098000001e+01 +3.098000001e+01 +2.1784e+00 -2.4816e+00 -2.7552e+00 -3.8168e+00 +9.7592e-02
% function evaluation | noise-free fitness - Fopt (-1.445400000000e+02) | best noise-free fitness - Fopt | measured fitness | best measured fitness | x1 | x2...
1 +1.360385314e+06 +1.360385314e+06 +1.360240774e+06 +1.360240774e+06 +8.6732e-01 -4.9374e+00 +4.8688e+00 +3.6080e-01 -4.7466e+00
2 +5.596856248e+05 +5.596856248e+05 +5.595410848e+05 +5.595410848e+05 -2.7779e+00 +4.8487e+00 +4.2958e-01 -2.3545e+00 -3.5137e+00
5 +3.158656398e+05 +3.158656398e+05 +3.157210998e+05 +3.157210998e+05 -3.6367e+00 -2.9409e+00 -2.3557e-02 +4.8067e+00 +3.5963e+00
8 +1.480265339e+05 +1.480265339e+05 +1.478819939e+05 +1.478819939e+05 -3.1820e+00 -3.4597e-01 +6.9786e-01 +9.2896e-01 +1.6821e+00
10 +6.541037711e+04 +6.541037711e+04 +6.526583711e+04 +6.526583711e+04 -7.9989e-01 -2.9013e+00 -3.8455e+00 +8.0195e-01 -4.0752e-02
15 +6.277192027e+04 +6.277192027e+04 +6.262738027e+04 +6.262738027e+04 -4.5700e+00 +3.4165e+00 -1.3515e+00 +5.8027e-01 +4.2562e+00
54 +8.318870753e+03 +8.318870753e+03 +8.174330753e+03 +8.174330753e+03 -9.8244e-01 -5.0500e-01 -5.0000e+00 -2.6447e+00 +3.1782e-01
110 +1.905002012e+03 +1.905002012e+03 +1.760462012e+03 +1.760462012e+03 -8.3697e-01 +6.8445e-01 -4.5917e+00 -1.0280e+00 +1.4834e+00
143 +1.105702343e+03 +1.105702343e+03 +9.611623430e+02 +9.611623430e+02 -2.8487e-01 +1.7498e+00 -5.0000e+00 -3.5665e+00 +2.7523e+00
146 +4.037030304e+02 +4.037030304e+02 +2.591630304e+02 +2.591630304e+02 -3.1650e+00 -1.2494e+00 -4.6851e+00 +7.1379e-01 +2.0715e+00
217 +1.275432749e+01 +1.275432749e+01 -1.317856725e+02 -1.317856725e+02 -2.3206e+00 -8.0728e-01 -4.9943e+00 -8.0202e-01 +1.7646e+00
287 +6.918888844e+00 +6.918888844e+00 -1.376211112e+02 -1.376211112e+02 -1.8777e+00 -7.1131e-01 -5.0000e+00 +7.3776e-01 +2.2739e+00
565 +6.243670413e+00 +6.243670413e+00 -1.382963296e+02 -1.382963296e+02 -1.4513e+00 -8.3333e-01 -4.9999e+00 +6.3522e-01 +1.8998e+00
3112 +3.896757841e+00 +3.896757841e+00 -1.406432422e+02 -1.406432422e+02 -1.0989e+00 -1.0655e+00 -4.7681e+00 +1.4855e-01 +1.8841e+00
3337 +2.492388284e+00 +2.492388284e+00 -1.420476117e+02 -1.420476117e+02 -1.2360e+00 -7.3322e-01 -4.3509e+00 +3.8798e-02 +2.0893e+00
3401 +1.372933932e+00 +1.372933932e+00 -1.431670661e+02 -1.431670661e+02 -1.3839e+00 -6.9641e-01 -4.0284e+00 -8.9510e-02 +2.0178e+00
3467 +7.404181185e-01 +7.404181185e-01 -1.437995819e+02 -1.437995819e+02 -1.4747e+00 -7.3625e-01 -3.8711e+00 +1.6013e-01 +2.0065e+00
3844 +6.230763406e-01 +6.230763406e-01 -1.439169237e+02 -1.439169237e+02 -1.5259e+00 -6.7403e-01 -3.7440e+00 +1.5153e-01 +1.9852e+00
4047 +3.914173008e-01 +3.914173008e-01 -1.441485827e+02 -1.441485827e+02 -1.7014e+00 -6.4404e-01 -3.5898e+00 -1.3030e-01 +2.0408e+00
4567 +2.330577097e-01 +2.330577097e-01 -1.443069423e+02 -1.443069423e+02 -1.7432e+00 -5.0299e-01 -3.4820e+00 -4.0609e-02 +1.9830e+00
4572 +1.467947256e-01 +1.467947256e-01 -1.443932053e+02 -1.443932053e+02 -1.8503e+00 -5.6810e-01 -3.3991e+00 -1.1685e-01 +2.0697e+00
4885 +9.607715719e-02 +9.607715719e-02 -1.444439228e+02 -1.444439228e+02 -1.8640e+00 -5.2048e-01 -3.3716e+00 -8.7282e-02 +2.1003e+00
5022 +5.788164220e-02 +5.788164220e-02 -1.444821184e+02 -1.444821184e+02 -1.8112e+00 -5.4121e-01 -3.3522e+00 -8.4705e-02 +2.0648e+00
5146 +3.749973661e-02 +3.749973661e-02 -1.445025003e+02 -1.445025003e+02 -1.8527e+00 -5.5059e-01 -3.3537e+00 -3.3585e-02 +2.0577e+00
5958 +8.929203513e-03 +8.929203513e-03 -1.445310708e+02 -1.445310708e+02 -1.8800e+00 -5.0639e-01 -3.2836e+00 -3.5618e-02 +2.0613e+00
6275 +5.602294831e-03 +5.602294831e-03 -1.445343977e+02 -1.445343977e+02 -1.8781e+00 -5.1072e-01 -3.2776e+00 -3.5198e-02 +2.0635e+00
6658 +1.370565801e-03 +1.370565801e-03 -1.445386294e+02 -1.445386294e+02 -1.8973e+00 -5.0996e-01 -3.2599e+00 -3.7589e-02 +2.0719e+00
7758 +8.905073792e-04 +8.905073792e-04 -1.445391095e+02 -1.445391095e+02 -1.8938e+00 -5.0949e-01 -3.2561e+00 -3.9096e-02 +2.0761e+00
8308 +5.736172263e-04 +5.736172263e-04 -1.445394264e+02 -1.445394264e+02 -1.8949e+00 -5.1022e-01 -3.2550e+00 -3.7457e-02 +2.0760e+00
8657 +2.939245132e-04 +2.939245132e-04 -1.445397061e+02 -1.445397061e+02 -1.8952e+00 -5.1459e-01 -3.2550e+00 -3.3653e-02 +2.0731e+00
9364 +2.495319750e-04 +2.495319750e-04 -1.445397505e+02 -1.445397505e+02 -1.8952e+00 -5.1404e-01 -3.2535e+00 -3.4178e-02 +2.0751e+00
9846 +1.426240615e-04 +1.426240615e-04 -1.445398574e+02 -1.445398574e+02 -1.8990e+00 -5.1386e-01 -3.2519e+00 -3.5004e-02 +2.0739e+00
10125 +6.631119621e-05 +6.631119621e-05 -1.445399337e+02 -1.445399337e+02 -1.8998e+00 -5.1298e-01 -3.2496e+00 -3.6767e-02 +2.0741e+00
10225 +2.970999836e-05 +2.970999836e-05 -1.445399703e+02 -1.445399703e+02 -1.8990e+00 -5.1306e-01 -3.2491e+00 -3.6387e-02 +2.0741e+00
10325 +1.478970518e-05 +1.478970518e-05 -1.445399852e+02 -1.445399852e+02 -1.8989e+00 -5.1310e-01 -3.2483e+00 -3.6362e-02 +2.0741e+00
10975 +7.826442697e-06 +7.826442697e-06 -1.445399922e+02 -1.445399922e+02 -1.8998e+00 -5.1314e-01 -3.2478e+00 -3.6373e-02 +2.0743e+00
12675 +4.101602940e-06 +4.101602940e-06 -1.445399959e+02 -1.445399959e+02 -1.8996e+00 -5.1307e-01 -3.2479e+00 -3.6023e-02 +2.0743e+00
12875 +3.930051975e-06 +3.930051975e-06 -1.445399961e+02 -1.445399961e+02 -1.8996e+00 -5.1299e-01 -3.2479e+00 -3.6012e-02 +2.0743e+00
13994 +2.293091740e-06 +2.293091740e-06 -1.445399977e+02 -1.445399977e+02 -1.8997e+00 -5.1297e-01 -3.2477e+00 -3.5943e-02 +2.0743e+00
14599 +1.128793485e-06 +1.128793485e-06 -1.445399989e+02 -1.445399989e+02 -1.8998e+00 -5.1290e-01 -3.2476e+00 -3.5942e-02 +2.0744e+00
14865 +4.712934469e-07 +4.712934469e-07 -1.445399995e+02 -1.445399995e+02 -1.8999e+00 -5.1287e-01 -3.2474e+00 -3.6029e-02 +2.0744e+00
15601 +2.596978845e-07 +2.596978845e-07 -1.445399997e+02 -1.445399997e+02 -1.8999e+00 -5.1282e-01 -3.2473e+00 -3.6010e-02 +2.0744e+00
15825 +2.147206430e-07 +2.147206430e-07 -1.445399998e+02 -1.445399998e+02 -1.8999e+00 -5.1282e-01 -3.2473e+00 -3.6002e-02 +2.0744e+00
16011 +1.193511991e-07 +1.193511991e-07 -1.445399999e+02 -1.445399999e+02 -1.8999e+00 -5.1281e-01 -3.2473e+00 -3.5968e-02 +2.0744e+00
16101 +9.825072311e-08 +9.825072311e-08 -1.445399999e+02 -1.445399999e+02 -1.9000e+00 -5.1281e-01 -3.2473e+00 -3.5982e-02 +2.0744e+00
16368 +6.047633860e-08 +6.047633860e-08 -1.445399999e+02 -1.445399999e+02 -1.9000e+00 -5.1282e-01 -3.2473e+00 -3.6018e-02 +2.0744e+00
16618 +3.783961233e-08 +3.783961233e-08 -1.445400000e+02 -1.445400000e+02 -1.9000e+00 -5.1282e-01 -3.2473e+00 -3.5991e-02 +2.0744e+00
17412 +2.439603008e-08 +2.439603008e-08 -1.445400000e+02 -1.445400000e+02 -1.9000e+00 -5.1282e-01 -3.2472e+00 -3.5992e-02 +2.0744e+00
17968 +1.540064432e-08 +1.540064432e-08 -1.445400000e+02 -1.445400000e+02 -1.9000e+00 -5.1281e-01 -3.2472e+00 -3.5986e-02 +2.0744e+00
18712 +5.276859838e-09 +5.276859838e-09 -1.445400000e+02 -1.445400000e+02 -1.9000e+00 -5.1280e-01 -3.2472e+00 -3.6002e-02 +2.0744e+00
% function evaluation | noise-free fitness - Fopt (-9.649000000000e+01) | best noise-free fitness - Fopt | measured fitness | best measured fitness | x1 | x2...
1 +5.164507869e+04 +5.164507869e+04 +5.154858869e+04 +5.154858869e+04 -7.2388e-01 +4.8355e+00 +2.3898e+00 +3.5577e+00 +4.6924e+00
3 +3.893973218e+02 +3.893973218e+02 +2.929073218e+02 +2.929073218e+02 +3.5554e+00 +3.7754e+00 -3.4672e+00 -8.7126e-01 +4.6143e+00
11 +7.539814356e+01 +7.539814356e+01 -2.109185644e+01 -2.109185644e+01 -1.5011e+00 +2.2772e+00 -6.4269e-01 -1.1578e+00 +2.0052e+00
82 +5.531057681e+01 +5.531057681e+01 -4.117942319e+01 -4.117942319e+01 -2.3380e+00 +4.2328e+00 +9.3282e-01 +6.3028e-01 +1.3970e+00
153 +3.447920361e+01 +3.447920361e+01 -6.201079639e+01 -6.201079639e+01 -4.9972e+00 +2.3282e+00 +1.0445e+00 +1.0230e+00 -8.8040e-01
251 +2.276871570e+01 +2.276871570e+01 -7.372128430e+01 -7.372128430e+01 -4.1276e+00 +2.2770e+00 +1.7894e+00 +1.3270e+00 +1.6959e-01
376 +1.368882591e+01 +1.368882591e+01 -8.280117409e+01 -8.280117409e+01 -4.9993e+00 +1.6847e+00 +1.6788e+00 +7.7035e-01 +1.7001e+00
671 +4.863291440e+00 +4.863291440e+00 -9.162670856e+01 -9.162670856e+01 -4.0445e+00 +1.1504e+00 +2.1263e+00 -7.2759e-01 +1.7924e+00
967 +2.796631673e+00 +2.796631673e+00 -9.369336833e+01 -9.369336833e+01 -4.0036e+00 +1.1413e+00 +2.4615e+00 -5.0027e-01 +1.8059e+00
1137 +2.330599420e+00 +2.330599420e+00 -9.415940058e+01 -9.415940058e+01 -3.1258e+00 +1.1977e+00 +2.5908e+00 -5.2075e-01 +1.5858e+00
1523 +5.668962654e-01 +5.668962654e-01 -9.592310373e+01 -9.592310373e+01 -2.9588e+00 +1.4488e+00 +3.0520e+00 -3.9143e-01 +1.9072e+00
2017 +3.795169721e-01 +3.795169721e-01 -9.611048303e+01 -9.611048303e+01 -2.8791e+00 +1.4871e+00 +3.0883e+00 -5.2400e-01 +1.8466e+00
2588 +1.472826547e-01 +1.472826547e-01 -9.634271735e+01 -9.634271735e+01 -3.1037e+00 +1.5590e+00 +3.0682e+00 -5.7784e-01 +1.9512e+00
3271 +8.435822262e-02 +8.435822262e-02 -9.640564178e+01 -9.640564178e+01 -3.0374e+00 +1.5913e+00 +3.1416e+00 -4.8245e-01 +1.9442e+00
3522 +4.258657966e-02 +4.258657966e-02 -9.644741342e+01 -9.644741342e+01 -3.0138e+00 +1.6691e+00 +3.1512e+00 -5.4699e-01 +1.9408e+00
3683 +3.863949414e-02 +3.863949414e-02 -9.645136051e+01 -9.645136051e+01 -3.0328e+00 +1.6194e+00 +3.1444e+00 -5.5448e-01 +1.9268e+00
4045 +2.209567564e-02 +2.209567564e-02 -9.646790432e+01 -9.646790432e+01 -3.0381e+00 +1.6497e+00 +3.1736e+00 -5.3237e-01 +1.9299e+00
4080 +1.552627079e-02 +1.552627079e-02 -9.647447373e+01 -9.647447373e+01 -3.0309e+00 +1.6353e+00 +3.1659e+00 -5.8631e-01 +1.9323e+00
4281 +6.771993779e-03 +6.771993779e-03 -9.648322801e+01 -9.648322801e+01 -2.9977e+00 +1.6516e+00 +3.1790e+00 -5.9184e-01 +1.9253e+00
4772 +5.266801194e-03 +5.266801194e-03 -9.648473320e+01 -9.648473320e+01 -2.9985e+00 +1.6470e+00 +3.1817e+00 -5.9123e-01 +1.9376e+00
5316 +3.768161773e-03 +3.768161773e-03 -9.648623184e+01 -9.648623184e+01 -2.9846e+00 +1.6497e+00 +3.1862e+00 -5.9717e-01 +1.9355e+00
6172 +2.179091183e-03 +2.179091183e-03 -9.648782091e+01 -9.648782091e+01 -2.9785e+00 +1.6558e+00 +3.1932e+00 -5.9135e-01 +1.9346e+00
6174 +1.400024516e-03 +1.400024516e-03 -9.648859998e+01 -9.648859998e+01 -2.9759e+00 +1.6600e+00 +3.1979e+00 -5.8902e-01 +1.9346e+00
6714 +9.543633479e-04 +9.543633479e-04 -9.648904564e+01 -9.648904564e+01 -2.9744e+00 +1.6581e+00 +3.1991e+00 -5.9242e-01 +1.9364e+00
6831 +6.015565071e-04 +6.015565071e-04 -9.648939844e+01 -9.648939844e+01 -2.9727e+00 +1.6583e+00 +3.2007e+00 -5.9406e-01 +1.9386e+00
7214 +2.846812668e-04 +2.846812668e-04 -9.648971532e+01 -9.648971532e+01 -2.9721e+00 +1.6593e+00 +3.2035e+00 -5.9295e-01 +1.9436e+00
7422 +2.080899378e-04 +2.080899378e-04 -9.648979191e+01 -9.648979191e+01 -2.9744e+00 +1.6588e+00 +3.2039e+00 -5.9190e-01 +1.9411e+00
7672 +1.360612306e-04 +1.360612306e-04 -9.648986394e+01 -9.648986394e+01 -2.9747e+00 +1.6585e+00 +3.2049e+00 -5.9018e-01 +1.9430e+00
7822 +6.539802565e-05 +6.539802565e-05 -9.648993460e+01 -9.648993460e+01 -2.9761e+00 +1.6584e+00 +3.2060e+00 -5.8958e-01 +1.9436e+00
8172 +6.187582801e-05 +6.187582801e-05 -9.648993812e+01 -9.648993812e+01 -2.9762e+00 +1.6584e+00 +3.2060e+00 -5.8948e-01 +1.9429e+00
9331 +3.684111731e-05 +3.684111731e-05 -9.648996316e+01 -9.648996316e+01 -2.9756e+00 +1.6580e+00 +3.2067e+00 -5.8985e-01 +1.9441e+00
9964 +2.146833602e-05 +2.146833602e-05 -9.648997853e+01 -9.648997853e+01 -2.9751e+00 +1.6586e+00 +3.2070e+00 -5.9015e-01 +1.9440e+00
10331 +1.546286096e-05 +1.546286096e-05 -9.648998454e+01 -9.648998454e+01 -2.9748e+00 +1.6585e+00 +3.2072e+00 -5.8989e-01 +1.9438e+00
10422 +9.812558304e-06 +9.812558304e-06 -9.648999019e+01 -9.648999019e+01 -2.9747e+00 +1.6589e+00 +3.2073e+00 -5.8996e-01 +1.9437e+00
11166 +4.902593247e-06 +4.902593247e-06 -9.648999510e+01 -9.648999510e+01 -2.9743e+00 +1.6589e+00 +3.2076e+00 -5.9027e-01 +1.9439e+00
11669 +3.507006326e-06 +3.507006326e-06 -9.648999649e+01 -9.648999649e+01 -2.9741e+00 +1.6590e+00 +3.2076e+00 -5.9033e-01 +1.9438e+00
11766 +1.793875896e-06 +1.793875896e-06 -9.648999821e+01 -9.648999821e+01 -2.9736e+00 +1.6591e+00 +3.2077e+00 -5.9044e-01 +1.9439e+00
11816 +1.481846155e-06 +1.481846155e-06 -9.648999852e+01 -9.648999852e+01 -2.9736e+00 +1.6591e+00 +3.2077e+00 -5.9048e-01 +1.9439e+00
11866 +9.906607943e-07 +9.906607943e-07 -9.648999901e+01 -9.648999901e+01 -2.9735e+00 +1.6591e+00 +3.2078e+00 -5.9051e-01 +1.9439e+00
12031 +3.336752457e-07 +3.336752457e-07 -9.648999967e+01 -9.648999967e+01 -2.9736e+00 +1.6592e+00 +3.2079e+00 -5.9046e-01 +1.9439e+00
13266 +2.185248462e-07 +2.185248462e-07 -9.648999978e+01 -9.648999978e+01 -2.9736e+00 +1.6592e+00 +3.2079e+00 -5.9042e-01 +1.9439e+00
14361 +1.420927305e-07 +1.420927305e-07 -9.648999986e+01 -9.648999986e+01 -2.9736e+00 +1.6592e+00 +3.2079e+00 -5.9043e-01 +1.9439e+00
14416 +9.828171699e-08 +9.828171699e-08 -9.648999990e+01 -9.648999990e+01 -2.9736e+00 +1.6592e+00 +3.2079e+00 -5.9043e-01 +1.9440e+00
15511 +5.785587120e-08 +5.785587120e-08 -9.648999994e+01 -9.648999994e+01 -2.9736e+00 +1.6592e+00 +3.2080e+00 -5.9042e-01 +1.9440e+00
16366 +3.033133567e-08 +3.033133567e-08 -9.648999997e+01 -9.648999997e+01 -2.9736e+00 +1.6592e+00 +3.2080e+00 -5.9041e-01 +1.9440e+00
16414 +1.768353286e-08 +1.768353286e-08 -9.648999998e+01 -9.648999998e+01 -2.9736e+00 +1.6592e+00 +3.2080e+00 -5.9040e-01 +1.9440e+00
16772 +1.424338336e-08 +1.424338336e-08 -9.648999999e+01 -9.648999999e+01 -2.9736e+00 +1.6592e+00 +3.2080e+00 -5.9039e-01 +1.9440e+00
16931 +5.913051382e-09 +5.913051382e-09 -9.648999999e+01 -9.648999999e+01 -2.9736e+00 +1.6592e+00 +3.2080e+00 -5.9040e-01 +1.9440e+00
% function evaluation | noise-free fitness - Fopt (1.000000000000e+03) | best noise-free fitness - Fopt | measured fitness | best measured fitness | x1 | x2...
1 +1.724335525e+06 +1.724335525e+06 +1.725335525e+06 +1.725335525e+06 -3.8572e+00 -4.5292e+00 +1.9414e+00 -2.8265e+00 -2.2614e+00
2 +3.081620638e+05 +3.081620638e+05 +3.091620638e+05 +3.091620638e+05 -2.9754e+00 +2.2364e+00 -1.2792e+00 -4.2114e-01 +3.3444e+00
4 +5.092162041e+04 +5.092162041e+04 +5.192162041e+04 +5.192162041e+04 +3.8024e+00 +9.1942e-01 +2.0364e+00 +2.0410e+00 +4.3950e+00
36 +2.021738446e+04 +2.021738446e+04 +2.121738446e+04 +2.121738446e+04 +4.2045e+00 +3.8905e+00 +1.9610e-01 +2.2363e+00 +3.1340e+00
54 +2.960148918e+03 +2.960148918e+03 +3.960148918e+03 +3.960148918e+03 +4.0391e+00 +3.6472e+00 +1.5406e+00 -7.6284e-01 +4.2134e+00
101 +2.281063458e+01 +2.281063458e+01 +1.022810635e+03 +1.022810635e+03 +5.0000e+00 +5.0000e+00 -1.2633e+00 -6.0760e-01 +4.0184e+00
127 +1.332472267e+01 +1.332472267e+01 +1.013324723e+03 +1.013324723e+03 +3.6917e+00 +4.6821e+00 +5.4470e-01 -5.0576e-01 +4.7002e+00
206 +7.816073316e+00 +7.816073316e+00 +1.007816073e+03 +1.007816073e+03 +2.9946e+00 +4.7933e+00 -2.9772e-01 +1.9350e-01 +4.3958e+00
306 +5.692397144e+00 +5.692397144e+00 +1.005692397e+03 +1.005692397e+03 +2.2735e+00 +4.4044e+00 +1.8655e-01 -1.7206e-01 +4.0277e+00
438 +2.889251050e+00 +2.889251050e+00 +1.002889251e+03 +1.002889251e+03 +2.5190e+00 +4.0757e+00 +3.0832e-01 +7.4323e-01 +4.0885e+00
665 +1.803855000e+00 +1.803855000e+00 +1.001803855e+03 +1.001803855e+03 +2.1724e+00 +3.9761e+00 +2.2307e-01 +8.7264e-01 +3.9528e+00
719 +1.455973791e+00 +1.455973791e+00 +1.001455974e+03 +1.001455974e+03 +2.1499e+00 +3.8900e+00 +3.4724e-01 +8.6352e-01 +3.9654e+00
972 +8.216496594e-01 +8.216496594e-01 +1.000821650e+03 +1.000821650e+03 +2.0913e+00 +3.4570e+00 +6.1505e-01 +9.3420e-01 +4.0483e+00
1102 +5.454400439e-01 +5.454400439e-01 +1.000545440e+03 +1.000545440e+03 +1.8737e+00 +3.3490e+00 +5.3529e-01 +1.0527e+00 +4.0492e+00
1459 +2.683030917e-01 +2.683030917e-01 +1.000268303e+03 +1.000268303e+03 +1.9251e+00 +3.2752e+00 +5.2983e-01 +1.1063e+00 +3.8900e+00
1837 +2.477702390e-01 +2.477702390e-01 +1.000247770e+03 +1.000247770e+03 +1.9274e+00 +3.2818e+00 +5.4121e-01 +1.1525e+00 +3.8949e+00
2741 +1.391330564e-01 +1.391330564e-01 +1.000139133e+03 +1.000139133e+03 +1.7703e+00 +3.2667e+00 +6.3618e-01 +1.1636e+00 +3.8730e+00
3198 +9.996451100e-02 +9.996451100e-02 +1.000099965e+03 +1.000099965e+03 +1.7947e+00 +3.2463e+00 +6.6245e-01 +1.2257e+00 +3.8611e+00
3365 +5.126336408e-02 +5.126336408e-02 +1.000051263e+03 +1.000051263e+03 +1.7475e+00 +3.1736e+00 +6.7444e-01 +1.2877e+00 +3.8801e+00
3559 +2.257530321e-02 +2.257530321e-02 +1.000022575e+03 +1.000022575e+03 +1.7139e+00 +3.1339e+00 +6.8450e-01 +1.2772e+00 +3.8741e+00
3797 +1.335643045e-02 +1.335643045e-02 +1.000013356e+03 +1.000013356e+03 +1.7012e+00 +3.1060e+00 +6.9322e-01 +1.2729e+00 +3.8732e+00
3897 +9.026676869e-03 +9.026676869e-03 +1.000009027e+03 +1.000009027e+03 +1.6985e+00 +3.0818e+00 +7.1977e-01 +1.2753e+00 +3.8732e+00
4730 +5.563323143e-03 +5.563323143e-03 +1.000005563e+03 +1.000005563e+03 +1.6820e+00 +3.0858e+00 +7.0956e-01 +1.2811e+00 +3.8622e+00
5209 +3.779624600e-03 +3.779624600e-03 +1.000003780e+03 +1.000003780e+03 +1.6825e+00 +3.0889e+00 +7.1767e-01 +1.2965e+00 +3.8570e+00
6547 +2.510751498e-03 +2.510751498e-03 +1.000002511e+03 +1.000002511e+03 +1.6880e+00 +3.0849e+00 +7.1070e-01 +1.3026e+00 +3.8530e+00
6569 +1.468621925e-03 +1.468621925e-03 +1.000001469e+03 +1.000001469e+03 +1.6828e+00 +3.0799e+00 +7.0476e-01 +1.3101e+00 +3.8515e+00
7695 +9.879992533e-04 +9.879992533e-04 +1.000000988e+03 +1.000000988e+03 +1.6827e+00 +3.0765e+00 +7.1411e-01 +1.3120e+00 +3.8552e+00
9765 +5.556780962e-04 +5.556780962e-04 +1.000000556e+03 +1.000000556e+03 +1.6797e+00 +3.0738e+00 +7.1135e-01 +1.3135e+00 +3.8541e+00
10435 +3.947916881e-04 +3.947916881e-04 +1.000000395e+03 +1.000000395e+03 +1.6775e+00 +3.0693e+00 +7.1258e-01 +1.3127e+00 +3.8546e+00
11203 +2.454811928e-04 +2.454811928e-04 +1.000000245e+03 +1.000000245e+03 +1.6755e+00 +3.0677e+00 +7.1442e-01 +1.3136e+00 +3.8550e+00
11403 +1.443185547e-04 +1.443185547e-04 +1.000000144e+03 +1.000000144e+03 +1.6752e+00 +3.0674e+00 +7.1625e-01 +1.3143e+00 +3.8551e+00
11703 +7.951195369e-05 +7.951195369e-05 +1.000000080e+03 +1.000000080e+03 +1.6744e+00 +3.0656e+00 +7.1787e-01 +1.3150e+00 +3.8552e+00
12421 +5.329901273e-05 +5.329901273e-05 +1.000000053e+03 +1.000000053e+03 +1.6739e+00 +3.0657e+00 +7.1808e-01 +1.3158e+00 +3.8552e+00
12553 +3.538681858e-05 +3.538681858e-05 +1.000000035e+03 +1.000000035e+03 +1.6735e+00 +3.0646e+00 +7.1757e-01 +1.3161e+00 +3.8552e+00
12672 +1.660336943e-05 +1.660336943e-05 +1.000000017e+03 +1.000000017e+03 +1.6732e+00 +3.0646e+00 +7.1808e-01 +1.3169e+00 +3.8552e+00
12785 +1.574965540e-05 +1.574965540e-05 +1.000000016e+03 +1.000000016e+03 +1.6732e+00 +3.0644e+00 +7.1859e-01 +1.3170e+00 +3.8552e+00
13885 +9.480253198e-06 +9.480253198e-06 +1.000000009e+03 +1.000000009e+03 +1.6726e+00 +3.0641e+00 +7.1837e-01 +1.3169e+00 +3.8552e+00
14935 +5.766400250e-06 +5.766400250e-06 +1.000000006e+03 +1.000000006e+03 +1.6725e+00 +3.0639e+00 +7.1869e-01 +1.3171e+00 +3.8550e+00
15253 +3.164380246e-06 +3.164380246e-06 +1.000000003e+03 +1.000000003e+03 +1.6721e+00 +3.0637e+00 +7.1911e-01 +1.3171e+00 +3.8552e+00
16246 +2.346116730e-06 +2.346116730e-06 +1.000000002e+03 +1.000000002e+03 +1.6723e+00 +3.0636e+00 +7.1898e-01 +1.3172e+00 +3.8552e+00
17806 +9.628450925e-07 +9.628450925e-07 +1.000000001e+03 +1.000000001e+03 +1.6722e+00 +3.0635e+00 +7.1906e-01 +1.3175e+00 +3.8552e+00
18203 +5.608079618e-07 +5.608079618e-07 +1.000000001e+03 +1.000000001e+03 +1.6722e+00 +3.0634e+00 +7.1907e-01 +1.3175e+00 +3.8552e+00
19554 +2.494278988e-07 +2.494278988e-07 +1.000000000e+03 +1.000000000e+03 +1.6721e+00 +3.0633e+00 +7.1915e-01 +1.3175e+00 +3.8552e+00
19954 +1.282631956e-07 +1.282631956e-07 +1.000000000e+03 +1.000000000e+03 +1.6721e+00 +3.0633e+00 +7.1914e-01 +1.3176e+00 +3.8552e+00
21006 +9.993561889e-08 +9.993561889e-08 +1.000000000e+03 +1.000000000e+03 +1.6721e+00 +3.0633e+00 +7.1916e-01 +1.3176e+00 +3.8552e+00
21503 +5.141009751e-08 +5.141009751e-08 +1.000000000e+03 +1.000000000e+03 +1.6720e+00 +3.0632e+00 +7.1919e-01 +1.3176e+00 +3.8552e+00
21950 +3.849334007e-08 +3.849334007e-08 +1.000000000e+03 +1.000000000e+03 +1.6720e+00 +3.0632e+00 +7.1919e-01 +1.3176e+00 +3.8552e+00
22946 +2.045453584e-08 +2.045453584e-08 +1.000000000e+03 +1.000000000e+03 +1.6720e+00 +3.0632e+00 +7.1920e-01 +1.3176e+00 +3.8552e+00
23046 +1.326463916e-08 +1.326463916e-08 +1.000000000e+03 +1.000000000e+03 +1.6720e+00 +3.0632e+00 +7.1920e-01 +1.3176e+00 +3.8552e+00
23246 +9.183281691e-09 +9.183281691e-09 +1.000000000e+03 +1.000000000e+03 +1.6720e+00 +3.0632e+00 +7.1920e-01 +1.3176e+00 +3.8552e+00
% function evaluation | noise-free fitness - Fopt (-1.547600000000e+02) | best noise-free fitness - Fopt | measured fitness | best measured fitness | x1 | x2...
1 +1.742011955e+05 +1.742011955e+05 +1.740464355e+05 +1.740464355e+05 +4.6664e+00 +3.6856e+00 +2.5181e-01 -4.8787e+00 +4.9211e+00
10 +1.266580150e+05 +1.266580150e+05 +1.265032550e+05 +1.265032550e+05 +2.5695e+00 +3.0853e+00 -4.7975e+00 +2.8724e+00 +3.3788e+00
21 +8.922900317e+04 +8.922900317e+04 +8.907424317e+04 +8.907424317e+04 +9.8087e-01 -8.2832e-03 +1.9283e+00 -2.2899e+00 +9.0498e-01
33 +3.345838910e+04 +3.345838910e+04 +3.330362910e+04 +3.330362910e+04 -6.4523e-01 +1.8896e+00 +4.0628e+00 -2.0183e+00 +3.2355e+00
35 +1.447321967e+04 +1.447321967e+04 +1.431845967e+04 +1.431845967e+04 +3.4154e+00 +2.9780e+00 +4.6652e-01 +1.1846e+00 +2.7729e+00
75 +6.718566138e+03 +6.718566138e+03 +6.563806138e+03 +6.563806138e+03 +1.6354e+00 +2.2737e+00 +1.4386e+00 +6.3026e-02 +2.9441e+00
91 +4.499937524e+02 +4.499937524e+02 +2.952337524e+02 +2.952337524e+02 +3.2376e+00 +1.0562e+00 +2.5323e+00 -4.1727e-01 +5.0000e+00
102 +4.630854183e+01 +4.630854183e+01 -1.084514582e+02 -1.084514582e+02 +0.0000e+00 +2.6969e+00 +2.5199e+00 +1.6922e+00 +5.0000e+00
270 +1.168200122e+01 +1.168200122e+01 -1.430779988e+02 -1.430779988e+02 +1.4793e+00 +2.7337e+00 +8.4006e-01 -1.4485e+00 +5.0000e+00
907 +9.585737144e+00 +9.585737144e+00 -1.451742629e+02 -1.451742629e+02 +1.0331e+00 +3.8422e+00 -2.3416e-01 -1.3770e+00 +5.0000e+00
1483 +6.291610853e+00 +6.291610853e+00 -1.484683891e+02 -1.484683891e+02 +1.5918e+00 +3.1439e+00 -7.1509e-02 -1.1993e+00 +4.5257e+00
1625 +3.794740431e+00 +3.794740431e+00 -1.509652596e+02 -1.509652596e+02 +1.2388e+00 +3.1181e+00 +3.8983e-01 -1.3082e+00 +4.0992e+00
1711 +2.455439397e+00 +2.455439397e+00 -1.523045606e+02 -1.523045606e+02 +1.4467e+00 +3.2484e+00 -2.4427e-01 -1.4030e+00 +3.7697e+00
1847 +1.520924771e+00 +1.520924771e+00 -1.532390752e+02 -1.532390752e+02 +1.4323e+00 +3.0092e+00 -1.0124e-01 -1.7100e+00 +3.6620e+00
1938 +9.924559688e-01 +9.924559688e-01 -1.537675440e+02 -1.537675440e+02 +1.4152e+00 +3.2051e+00 -4.5049e-02 -1.9704e+00 +3.5635e+00
2218 +5.904651610e-01 +5.904651610e-01 -1.541695348e+02 -1.541695348e+02 +1.7503e+00 +2.8520e+00 +4.3555e-01 -1.8028e+00 +3.2979e+00
2698 +3.479283401e-01 +3.479283401e-01 -1.544120717e+02 -1.544120717e+02 +1.4906e+00 +2.9654e+00 +1.9380e-01 -1.7940e+00 +3.2118e+00
2938 +1.791350686e-01 +1.791350686e-01 -1.545808649e+02 -1.545808649e+02 +1.4376e+00 +2.9935e+00 +1.2737e-01 -2.0671e+00 +3.2266e+00
3298 +1.482920176e-01 +1.482920176e-01 -1.546117080e+02 -1.546117080e+02 +1.4672e+00 +2.9889e+00 +1.1147e-01 -2.0068e+00 +3.1828e+00
3741 +6.941791396e-02 +6.941791396e-02 -1.546905821e+02 -1.546905821e+02 +1.4695e+00 +2.9489e+00 +1.6352e-01 -2.0470e+00 +3.1121e+00
3948 +6.087118711e-02 +6.087118711e-02 -1.546991288e+02 -1.546991288e+02 +1.4289e+00 +2.9402e+00 +2.1430e-01 -2.0834e+00 +3.0753e+00
4557 +3.577112818e-02 +3.577112818e-02 -1.547242289e+02 -1.547242289e+02 +1.4722e+00 +2.9523e+00 +1.7855e-01 -2.0990e+00 +3.0799e+00
5407 +2.427272947e-02 +2.427272947e-02 -1.547357273e+02 -1.547357273e+02 +1.4787e+00 +2.9286e+00 +1.8691e-01 -2.0922e+00 +3.0632e+00
5947 +1.515134804e-02 +1.515134804e-02 -1.547448487e+02 -1.547448487e+02 +1.4965e+00 +2.9305e+00 +1.8196e-01 -2.0832e+00 +3.0371e+00
6197 +9.700006136e-03 +9.700006136e-03 -1.547503000e+02 -1.547503000e+02 +1.4968e+00 +2.9209e+00 +1.8082e-01 -2.0913e+00 +3.0241e+00
6207 +5.533003772e-03 +5.533003772e-03 -1.547544670e+02 -1.547544670e+02 +1.4845e+00 +2.9245e+00 +1.7896e-01 -2.1105e+00 +3.0192e+00
6807 +2.841418979e-03 +2.841418979e-03 -1.547571586e+02 -1.547571586e+02 +1.4829e+00 +2.9222e+00 +1.7731e-01 -2.1176e+00 +3.0058e+00
7397 +2.475815411e-03 +2.475815411e-03 -1.547575242e+02 -1.547575242e+02 +1.4836e+00 +2.9204e+00 +1.7386e-01 -2.1219e+00 +3.0064e+00
8047 +1.548947919e-03 +1.548947919e-03 -1.547584511e+02 -1.547584511e+02 +1.4870e+00 +2.9195e+00 +1.6697e-01 -2.1295e+00 +3.0017e+00
8447 +9.584170201e-04 +9.584170201e-04 -1.547590416e+02 -1.547590416e+02 +1.4835e+00 +2.9208e+00 +1.6824e-01 -2.1341e+00 +3.0009e+00
8616 +5.731150933e-04 +5.731150933e-04 -1.547594269e+02 -1.547594269e+02 +1.4818e+00 +2.9218e+00 +1.6833e-01 -2.1413e+00 +2.9991e+00
9148 +2.917627243e-04 +2.917627243e-04 -1.547597082e+02 -1.547597082e+02 +1.4779e+00 +2.9216e+00 +1.6718e-01 -2.1409e+00 +2.9966e+00
9407 +2.205317868e-04 +2.205317868e-04 -1.547597795e+02 -1.547597795e+02 +1.4764e+00 +2.9219e+00 +1.6556e-01 -2.1425e+00 +2.9948e+00
9757 +1.451078882e-04 +1.451078882e-04 -1.547598549e+02 -1.547598549e+02 +1.4780e+00 +2.9219e+00 +1.6563e-01 -2.1423e+00 +2.9943e+00
11058 +3.334549734e-05 +3.334549734e-05 -1.547599667e+02 -1.547599667e+02 +1.4787e+00 +2.9236e+00 +1.6469e-01 -2.1422e+00 +2.9933e+00
11357 +1.832965620e-05 +1.832965620e-05 -1.547599817e+02 -1.547599817e+02 +1.4783e+00 +2.9239e+00 +1.6373e-01 -2.1425e+00 +2.9931e+00
12558 +1.567036523e-05 +1.567036523e-05 -1.547599843e+02 -1.547599843e+02 +1.4783e+00 +2.9241e+00 +1.6382e-01 -2.1430e+00 +2.9930e+00
12900 +7.854307142e-06 +7.854307142e-06 -1.547599921e+02 -1.547599921e+02 +1.4781e+00 +2.9240e+00 +1.6390e-01 -2.1434e+00 +2.9925e+00
14700 +6.048683503e-06 +6.048683503e-06 -1.547599940e+02 -1.547599940e+02 +1.4780e+00 +2.9240e+00 +1.6381e-01 -2.1435e+00 +2.9925e+00
15054 +3.056968040e-06 +3.056968040e-06 -1.547599969e+02 -1.547599969e+02 +1.4779e+00 +2.9240e+00 +1.6357e-01 -2.1438e+00 +2.9924e+00
15190 +1.768857629e-06 +1.768857629e-06 -1.547599982e+02 -1.547599982e+02 +1.4778e+00 +2.9239e+00 +1.6351e-01 -2.1437e+00 +2.9923e+00
16140 +1.511984209e-06 +1.511984209e-06 -1.547599985e+02 -1.547599985e+02 +1.4778e+00 +2.9240e+00 +1.6351e-01 -2.1438e+00 +2.9922e+00
16247 +9.780408163e-07 +9.780408163e-07 -1.547599990e+02 -1.547599990e+02 +1.4778e+00 +2.9239e+00 +1.6335e-01 -2.1438e+00 +2.9922e+00
16440 +5.357392467e-07 +5.357392467e-07 -1.547599995e+02 -1.547599995e+02 +1.4777e+00 +2.9239e+00 +1.6332e-01 -2.1438e+00 +2.9921e+00
16597 +3.411619502e-07 +3.411619502e-07 -1.547599997e+02 -1.547599997e+02 +1.4776e+00 +2.9239e+00 +1.6332e-01 -2.1439e+00 +2.9921e+00
16750 +2.080967079e-07 +2.080967079e-07 -1.547599998e+02 -1.547599998e+02 +1.4776e+00 +2.9240e+00 +1.6330e-01 -2.1439e+00 +2.9921e+00
16847 +1.475847853e-07 +1.475847853e-07 -1.547599999e+02 -1.547599999e+02 +1.4776e+00 +2.9240e+00 +1.6326e-01 -2.1439e+00 +2.9921e+00
16990 +7.944001368e-08 +7.944001368e-08 -1.547599999e+02 -1.547599999e+02 +1.4776e+00 +2.9240e+00 +1.6324e-01 -2.1439e+00 +2.9920e+00
17990 +6.241529604e-08 +6.241529604e-08 -1.547599999e+02 -1.547599999e+02 +1.4776e+00 +2.9240e+00 +1.6324e-01 -2.1439e+00 +2.9920e+00
19584 +3.525983061e-08 +3.525983061e-08 -1.547600000e+02 -1.547600000e+02 +1.4776e+00 +2.9240e+00 +1.6322e-01 -2.1439e+00 +2.9920e+00
19884 +2.195199045e-08 +2.195199045e-08 -1.547600000e+02 -1.547600000e+02 +1.4776e+00 +2.9240e+00 +1.6322e-01 -2.1440e+00 +2.9920e+00
20034 +1.531671501e-08 +1.531671501e-08 -1.547600000e+02 -1.547600000e+02 +1.4776e+00 +2.9240e+00 +1.6322e-01 -2.1440e+00 +2.9920e+00
20207 +5.944059467e-09 +5.944059467e-09 -1.547600000e+02 -1.547600000e+02 +1.4776e+00 +2.9240e+00 +1.6321e-01 -2.1440e+00 +2.9920e+00
% function evaluation | noise-free fitness - Fopt (3.914000000000e+01) | best noise-free fitness - Fopt | measured fitness | best measured fitness | x1 | x2...
1 +7.332373395e+05 +7.332373395e+05 +7.332764795e+05 +7.332764795e+05 -2.6950e+00 +1.9359e+00 +2.3260e+00 -3.7243e+00 -4.4456e+00
2 +5.470918788e+05 +5.470918788e+05 +5.471310188e+05 +5.471310188e+05 -9.1302e-01 +3.1581e+00 +2.2279e+00 +1.7102e-01 +1.0390e+00
3 +1.003966798e+04 +1.003966798e+04 +1.007880798e+04 +1.007880798e+04 -3.1074e+00 -4.9020e-01 -4.6331e+00 -2.1139e+00 +3.2872e+00
61 +2.952124688e+01 +2.952124688e+01 +6.866124688e+01 +6.866124688e+01 -2.7524e+00 -1.9275e+00 -3.3174e+00 +2.6119e+00 +3.1091e+00
167 +2.271291401e+01 +2.271291401e+01 +6.185291401e+01 +6.185291401e+01 -2.5204e+00 -1.8782e+00 -2.3746e+00 +3.6191e+00 +3.2132e+00
260 +1.274123787e+01 +1.274123787e+01 +5.188123787e+01 +5.188123787e+01 -1.3841e+00 -1.8000e+00 -2.8788e+00 +3.5783e+00 +2.5620e+00
283 +3.229002645e+00 +3.229002645e+00 +4.236900265e+01 +4.236900265e+01 -1.8673e+00 -2.1922e+00 -1.0501e+00 +2.2306e+00 +2.9567e+00
1311 +2.466411973e+00 +2.466411973e+00 +4.160641197e+01 +4.160641197e+01 -1.7969e+00 -2.2992e+00 -9.7660e-01 +1.9895e+00 +2.9956e+00
1627 +1.507175204e+00 +1.507175204e+00 +4.064717520e+01 +4.064717520e+01 -1.7015e+00 -2.4865e+00 -1.0386e+00 +1.8565e+00 +2.8933e+00
1653 +7.038519501e-01 +7.038519501e-01 +3.984385195e+01 +3.984385195e+01 -1.6935e+00 -2.5125e+00 -7.2120e-01 +1.5402e+00 +2.8796e+00
1794 +4.989107578e-01 +4.989107578e-01 +3.963891076e+01 +3.963891076e+01 -1.5119e+00 -2.6884e+00 -6.3847e-01 +1.6421e+00 +2.8867e+00
2094 +3.135525616e-01 +3.135525616e-01 +3.945355256e+01 +3.945355256e+01 -1.5035e+00 -2.7188e+00 -7.1369e-01 +1.5730e+00 +2.8865e+00
2244 +2.392277316e-01 +2.392277316e-01 +3.937922773e+01 +3.937922773e+01 -1.4924e+00 -2.7108e+00 -6.8148e-01 +1.5591e+00 +2.8839e+00
2827 +1.574236453e-01 +1.574236453e-01 +3.929742365e+01 +3.929742365e+01 -1.4119e+00 -2.6590e+00 -7.3545e-01 +1.5330e+00 +2.8551e+00
2927 +8.417899695e-02 +8.417899695e-02 +3.922417900e+01 +3.922417900e+01 -1.3980e+00 -2.6615e+00 -6.7322e-01 +1.5324e+00 +2.8596e+00
3408 +4.843331547e-02 +4.843331547e-02 +3.918843332e+01 +3.918843332e+01 -1.3601e+00 -2.6371e+00 -6.9695e-01 +1.5794e+00 +2.8108e+00
3613 +3.770614379e-02 +3.770614379e-02 +3.917770614e+01 +3.917770614e+01 -1.3806e+00 -2.6309e+00 -6.6536e-01 +1.5418e+00 +2.8140e+00
4213 +2.403381501e-02 +2.403381501e-02 +3.916403382e+01 +3.916403382e+01 -1.3681e+00 -2.6349e+00 -6.4655e-01 +1.5708e+00 +2.8144e+00
5043 +1.435525188e-02 +1.435525188e-02 +3.915435525e+01 +3.915435525e+01 -1.3705e+00 -2.6244e+00 -6.2918e-01 +1.5179e+00 +2.8037e+00
5327 +8.836694908e-03 +8.836694908e-03 +3.914883669e+01 +3.914883669e+01 -1.3775e+00 -2.6281e+00 -6.2756e-01 +1.5349e+00 +2.7997e+00
5413 +5.561959453e-03 +5.561959453e-03 +3.914556196e+01 +3.914556196e+01 -1.3879e+00 -2.6309e+00 -6.2676e-01 +1.5322e+00 +2.7864e+00
5863 +3.281101764e-03 +3.281101764e-03 +3.914328110e+01 +3.914328110e+01 -1.3876e+00 -2.6191e+00 -6.2249e-01 +1.5358e+00 +2.7824e+00
6013 +2.466258657e-03 +2.466258657e-03 +3.914246626e+01 +3.914246626e+01 -1.3875e+00 -2.6200e+00 -6.1906e-01 +1.5356e+00 +2.7802e+00
6824 +1.349155970e-03 +1.349155970e-03 +3.914134916e+01 +3.914134916e+01 -1.3882e+00 -2.6196e+00 -6.1553e-01 +1.5248e+00 +2.7799e+00
7453 +6.309254897e-04 +6.309254897e-04 +3.914063093e+01 +3.914063093e+01 -1.3859e+00 -2.6191e+00 -6.1110e-01 +1.5220e+00 +2.7795e+00
8427 +3.881439057e-04 +3.881439057e-04 +3.914038814e+01 +3.914038814e+01 -1.3850e+00 -2.6189e+00 -6.1107e-01 +1.5210e+00 +2.7775e+00
8877 +1.662780763e-04 +1.662780763e-04 +3.914016628e+01 +3.914016628e+01 -1.3831e+00 -2.6213e+00 -6.1088e-01 +1.5202e+00 +2.7766e+00
9088 +1.546282004e-04 +1.546282004e-04 +3.914015463e+01 +3.914015463e+01 -1.3825e+00 -2.6213e+00 -6.1050e-01 +1.5201e+00 +2.7766e+00
9777 +8.924279203e-05 +8.924279203e-05 +3.914008924e+01 +3.914008924e+01 -1.3831e+00 -2.6209e+00 -6.1249e-01 +1.5201e+00 +2.7736e+00
10797 +5.421864419e-05 +5.421864419e-05 +3.914005422e+01 +3.914005422e+01 -1.3832e+00 -2.6198e+00 -6.1211e-01 +1.5197e+00 +2.7734e+00
10903 +3.970997737e-05 +3.970997737e-05 +3.914003971e+01 +3.914003971e+01 -1.3829e+00 -2.6195e+00 -6.1067e-01 +1.5193e+00 +2.7740e+00
11403 +2.381294166e-05 +2.381294166e-05 +3.914002381e+01 +3.914002381e+01 -1.3831e+00 -2.6197e+00 -6.1103e-01 +1.5187e+00 +2.7736e+00
11503 +1.553327471e-05 +1.553327471e-05 +3.914001553e+01 +3.914001553e+01 -1.3831e+00 -2.6198e+00 -6.1119e-01 +1.5187e+00 +2.7732e+00
11597 +8.443893989e-06 +8.443893989e-06 +3.914000844e+01 +3.914000844e+01 -1.3830e+00 -2.6198e+00 -6.1093e-01 +1.5185e+00 +2.7728e+00
11753 +5.645315518e-06 +5.645315518e-06 +3.914000565e+01 +3.914000565e+01 -1.3829e+00 -2.6198e+00 -6.1112e-01 +1.5183e+00 +2.7728e+00
12641 +3.556986847e-06 +3.556986847e-06 +3.914000356e+01 +3.914000356e+01 -1.3831e+00 -2.6200e+00 -6.1056e-01 +1.5178e+00 +2.7732e+00
12729 +2.052588627e-06 +2.052588627e-06 +3.914000205e+01 +3.914000205e+01 -1.3832e+00 -2.6201e+00 -6.1040e-01 +1.5179e+00 +2.7731e+00
13553 +1.519473180e-06 +1.519473180e-06 +3.914000152e+01 +3.914000152e+01 -1.3832e+00 -2.6199e+00 -6.1044e-01 +1.5179e+00 +2.7730e+00
13853 +9.569179511e-07 +9.569179511e-07 +3.914000096e+01 +3.914000096e+01 -1.3832e+00 -2.6200e+00 -6.1046e-01 +1.5179e+00 +2.7730e+00
14477 +6.079950339e-07 +6.079950339e-07 +3.914000061e+01 +3.914000061e+01 -1.3832e+00 -2.6200e+00 -6.1052e-01 +1.5177e+00 +2.7729e+00
14553 +2.880211269e-07 +2.880211269e-07 +3.914000029e+01 +3.914000029e+01 -1.3832e+00 -2.6200e+00 -6.1048e-01 +1.5177e+00 +2.7728e+00
14554 +1.978808868e-07 +1.978808868e-07 +3.914000020e+01 +3.914000020e+01 -1.3832e+00 -2.6200e+00 -6.1049e-01 +1.5177e+00 +2.7728e+00
14603 +1.166580006e-07 +1.166580006e-07 +3.914000012e+01 +3.914000012e+01 -1.3832e+00 -2.6200e+00 -6.1046e-01 +1.5176e+00 +2.7728e+00
15053 +9.822806391e-08 +9.822806391e-08 +3.914000010e+01 +3.914000010e+01 -1.3832e+00 -2.6200e+00 -6.1046e-01 +1.5176e+00 +2.7728e+00
15103 +5.393847857e-08 +5.393847857e-08 +3.914000005e+01 +3.914000005e+01 -1.3832e+00 -2.6200e+00 -6.1045e-01 +1.5176e+00 +2.7728e+00
15853 +3.940073867e-08 +3.940073867e-08 +3.914000004e+01 +3.914000004e+01 -1.3832e+00 -2.6200e+00 -6.1045e-01 +1.5176e+00 +2.7728e+00
16603 +1.991846688e-08 +1.991846688e-08 +3.914000002e+01 +3.914000002e+01 -1.3832e+00 -2.6200e+00 -6.1039e-01 +1.5176e+00 +2.7728e+00
17250 +1.522045068e-08 +1.522045068e-08 +3.914000002e+01 +3.914000002e+01 -1.3832e+00 -2.6200e+00 -6.1041e-01 +1.5176e+00 +2.7728e+00
17550 +6.405443287e-09 +6.405443287e-09 +3.914000001e+01 +3.914000001e+01 -1.3832e+00 -2.6200e+00 -6.1040e-01 +1.5176e+00 +2.7728e+00
% function evaluation | noise-free fitness - Fopt (-1.186000000000e+01) | best noise-free fitness - Fopt | measured fitness | best measured fitness | x1 | x2...
1 +3.905981058e+05 +3.905981058e+05 +3.905862458e+05 +3.905862458e+05 -3.1494e+00 +4.9066e+00 -2.8266e+00 +4.8265e-01 -1.9495e+00
3 +1.980531417e+04 +1.980531417e+04 +1.979345417e+04 +1.979345417e+04 +4.3297e+00 -4.7803e+00 -1.2607e+00 +1.1718e+00 -3.4047e+00
25 +7.683175525e+03 +7.683175525e+03 +7.671315525e+03 +7.671315525e+03 +4.5526e+00 +4.4445e+00 +1.1927e+00 -3.9287e+00 -4.4475e+00
53 +6.186004017e+03 +6.186004017e+03 +6.174144017e+03 +6.174144017e+03 +5.0000e+00 +2.1967e-01 +2.5387e+00 -2.7281e+00 -4.3944e+00
57 +2.047943520e+02 +2.047943520e+02 +1.929343520e+02 +1.929343520e+02 +4.1548e+00 +2.5912e+00 +5.1969e-01 -5.0000e+00 -5.0426e-01
83 +7.532919689e+01 +7.532919689e+01 +6.346919689e+01 +6.346919689e+01 +5.0000e+00 +5.0000e+00 -9.6744e-02 -4.0535e+00 -2.4230e+00
112 +3.313539319e+01 +3.313539319e+01 +2.127539319e+01 +2.127539319e+01 +5.0000e+00 +5.0000e+00 -2.2920e+00 -4.6417e+00 +2.2328e+00
154 +8.621104883e+00 +8.621104883e+00 -3.238895117e+00 -3.238895117e+00 +3.7847e+00 +3.6314e+00 -1.8512e+00 -4.5401e+00 +1.7922e+00
671 +6.058136396e+00 +6.058136396e+00 -5.801863604e+00 -5.801863604e+00 +3.5034e+00 +3.3994e+00 -2.4869e+00 -3.9702e+00 +1.3713e+00
723 +3.410579542e+00 +3.410579542e+00 -8.449420458e+00 -8.449420458e+00 +3.5650e+00 +3.6478e+00 -2.4996e+00 -3.1912e+00 +1.6011e+00
971 +2.493244515e+00 +2.493244515e+00 -9.366755485e+00 -9.366755485e+00 +3.3400e+00 +3.1595e+00 -2.3408e+00 -3.1174e+00 +1.7232e+00
1577 +1.366986173e+00 +1.366986173e+00 -1.049301383e+01 -1.049301383e+01 +3.3878e+00 +2.9918e+00 -2.5019e+00 -3.4144e+00 +2.1013e+00
1938 +8.500189041e-01 +8.500189041e-01 -1.100998110e+01 -1.100998110e+01 +3.1988e+00 +3.0191e+00 -2.6121e+00 -3.4063e+00 +1.9996e+00
2076 +4.171788259e-01 +4.171788259e-01 -1.144282117e+01 -1.144282117e+01 +3.2181e+00 +2.8383e+00 -2.7521e+00 -3.5453e+00 +2.3576e+00
2655 +3.853766779e-01 +3.853766779e-01 -1.147462332e+01 -1.147462332e+01 +3.1995e+00 +2.8231e+00 -2.7582e+00 -3.5773e+00 +2.4313e+00
3072 +9.524053553e-02 +9.524053553e-02 -1.176475946e+01 -1.176475946e+01 +2.9726e+00 +2.6448e+00 -2.7633e+00 -3.4887e+00 +2.3381e+00
4727 +2.363895834e-02 +2.363895834e-02 -1.183636104e+01 -1.183636104e+01 +2.9490e+00 +2.6373e+00 -2.8028e+00 -3.4241e+00 +2.3789e+00
6071 +1.561687643e-02 +1.561687643e-02 -1.184438312e+01 -1.184438312e+01 +2.9118e+00 +2.6647e+00 -2.8075e+00 -3.3789e+00 +2.3323e+00
6277 +8.163065877e-03 +8.163065877e-03 -1.185183693e+01 -1.185183693e+01 +2.9176e+00 +2.6477e+00 -2.8113e+00 -3.3938e+00 +2.3660e+00
7755 +4.653833139e-03 +4.653833139e-03 -1.185534617e+01 -1.185534617e+01 +2.9031e+00 +2.6433e+00 -2.8087e+00 -3.3922e+00 +2.3565e+00
7925 +2.620920900e-03 +2.620920900e-03 -1.185737908e+01 -1.185737908e+01 +2.8949e+00 +2.6154e+00 -2.8091e+00 -3.3913e+00 +2.3636e+00
8021 +2.021211170e-03 +2.021211170e-03 -1.185797879e+01 -1.185797879e+01 +2.9019e+00 +2.6245e+00 -2.8117e+00 -3.3920e+00 +2.3751e+00
8527 +1.095101072e-03 +1.095101072e-03 -1.185890490e+01 -1.185890490e+01 +2.8969e+00 +2.6227e+00 -2.8098e+00 -3.3927e+00 +2.3739e+00
9105 +8.845678046e-04 +8.845678046e-04 -1.185911543e+01 -1.185911543e+01 +2.8865e+00 +2.6187e+00 -2.8086e+00 -3.3926e+00 +2.3668e+00
9355 +6.214973428e-04 +6.214973428e-04 -1.185937850e+01 -1.185937850e+01 +2.8886e+00 +2.6233e+00 -2.8103e+00 -3.3922e+00 +2.3675e+00
9977 +3.378403437e-04 +3.378403437e-04 -1.185966216e+01 -1.185966216e+01 +2.8899e+00 +2.6205e+00 -2.8117e+00 -3.3931e+00 +2.3738e+00
10405 +1.987778220e-04 +1.987778220e-04 -1.185980122e+01 -1.185980122e+01 +2.8889e+00 +2.6216e+00 -2.8106e+00 -3.3915e+00 +2.3739e+00
11049 +1.418811816e-04 +1.418811816e-04 -1.185985812e+01 -1.185985812e+01 +2.8874e+00 +2.6223e+00 -2.8099e+00 -3.3893e+00 +2.3718e+00
11605 +9.399587844e-05 +9.399587844e-05 -1.185990600e+01 -1.185990600e+01 +2.8861e+00 +2.6201e+00 -2.8099e+00 -3.3886e+00 +2.3718e+00
12493 +5.950667922e-05 +5.950667922e-05 -1.185994049e+01 -1.185994049e+01 +2.8855e+00 +2.6201e+00 -2.8102e+00 -3.3883e+00 +2.3725e+00
12566 +2.693417923e-05 +2.693417923e-05 -1.185997307e+01 -1.185997307e+01 +2.8858e+00 +2.6198e+00 -2.8117e+00 -3.3885e+00 +2.3727e+00
12993 +1.710650044e-05 +1.710650044e-05 -1.185998289e+01 -1.185998289e+01 +2.8856e+00 +2.6196e+00 -2.8114e+00 -3.3886e+00 +2.3730e+00
13293 +1.407924188e-05 +1.407924188e-05 -1.185998592e+01 -1.185998592e+01 +2.8855e+00 +2.6190e+00 -2.8120e+00 -3.3885e+00 +2.3732e+00
13413 +6.936360068e-06 +6.936360068e-06 -1.185999306e+01 -1.185999306e+01 +2.8851e+00 +2.6187e+00 -2.8119e+00 -3.3884e+00 +2.3732e+00
13792 +3.734739865e-06 +3.734739865e-06 -1.185999627e+01 -1.185999627e+01 +2.8850e+00 +2.6186e+00 -2.8118e+00 -3.3879e+00 +2.3732e+00
13934 +2.497216206e-06 +2.497216206e-06 -1.185999750e+01 -1.185999750e+01 +2.8850e+00 +2.6186e+00 -2.8120e+00 -3.3878e+00 +2.3733e+00
15177 +1.447502450e-06 +1.447502450e-06 -1.185999855e+01 -1.185999855e+01 +2.8850e+00 +2.6187e+00 -2.8119e+00 -3.3881e+00 +2.3734e+00
15968 +9.138442678e-07 +9.138442678e-07 -1.185999909e+01 -1.185999909e+01 +2.8850e+00 +2.6186e+00 -2.8120e+00 -3.3880e+00 +2.3735e+00
16678 +5.074533327e-07 +5.074533327e-07 -1.185999949e+01 -1.185999949e+01 +2.8849e+00 +2.6186e+00 -2.8119e+00 -3.3880e+00 +2.3735e+00
16888 +3.714920958e-07 +3.714920958e-07 -1.185999963e+01 -1.185999963e+01 +2.8849e+00 +2.6185e+00 -2.8119e+00 -3.3881e+00 +2.3736e+00
17520 +1.829101901e-07 +1.829101901e-07 -1.185999982e+01 -1.185999982e+01 +2.8849e+00 +2.6185e+00 -2.8120e+00 -3.3880e+00 +2.3736e+00
17621 +1.209145299e-07 +1.209145299e-07 -1.185999988e+01 -1.185999988e+01 +2.8849e+00 +2.6184e+00 -2.8120e+00 -3.3880e+00 +2.3736e+00
18266 +9.878783480e-08 +9.878783480e-08 -1.185999990e+01 -1.185999990e+01 +2.8848e+00 +2.6185e+00 -2.8120e+00 -3.3880e+00 +2.3736e+00
18616 +5.754410459e-08 +5.754410459e-08 -1.185999994e+01 -1.185999994e+01 +2.8848e+00 +2.6185e+00 -2.8120e+00 -3.3880e+00 +2.3736e+00
19187 +3.179777863e-08 +3.179777863e-08 -1.185999997e+01 -1.185999997e+01 +2.8848e+00 +2.6184e+00 -2.8120e+00 -3.3880e+00 +2.3736e+00
20221 +1.100255886e-08 +1.100255886e-08 -1.185999999e+01 -1.185999999e+01 +2.8848e+00 +2.6184e+00 -2.8120e+00 -3.3880e+00 +2.3736e+00
20442 +8.899842641e-09 +8.899842641e-09 -1.185999999e+01 -1.185999999e+01 +2.8848e+00 +2.6184e+00 -2.8120e+00 -3.3880e+00 +2.3736e+00
% function evaluation | noise-free fitness - Fopt (7.068000000000e+01) | best noise-free fitness - Fopt | measured fitness | best measured fitness | x1 | x2...
1 +5.803466364e+05 +5.803466364e+05 +5.804173164e+05 +5.804173164e+05 +3.5479e+00 -3.6929e+00 +1.8718e+00 -4.3597e+00 -1.2019e+00
3 +7.853627838e+04 +7.853627838e+04 +7.860695838e+04 +7.860695838e+04 +4.0552e+00 -4.1486e+00 -8.5055e-01 +4.0594e-01 +3.6216e+00
8 +5.116377825e+01 +5.116377825e+01 +1.218437783e+02 +1.218437783e+02 -6.8676e-01 +3.5047e+00 -3.3159e+00 +3.7757e+00 +3.3436e+00
153 +2.450859708e+01 +2.450859708e+01 +9.518859708e+01 +9.518859708e+01 +2.7812e-01 +4.0776e+00 -1.9714e+00 +4.7675e+00 +1.7265e+00
505 +1.189766395e+01 +1.189766395e+01 +8.257766395e+01 +8.257766395e+01 +6.2565e-01 +3.4688e+00 -2.2664e+00 +2.2352e+00 +1.3389e+00
582 +6.722954241e+00 +6.722954241e+00 +7.740295424e+01 +7.740295424e+01 +2.5010e-01 +3.6304e+00 -1.9774e+00 +1.9020e+00 +1.1286e+00
932 +5.018891909e+00 +5.018891909e+00 +7.569889191e+01 +7.569889191e+01 -3.3541e-01 +3.5966e+00 -2.4288e+00 +1.2130e+00 +9.5988e-01
1282 +3.467441824e+00 +3.467441824e+00 +7.414744182e+01 +7.414744182e+01 -1.1392e-01 +3.5845e+00 -2.3499e+00 +1.3695e+00 +6.9078e-01
1502 +1.805759348e+00 +1.805759348e+00 +7.248575935e+01 +7.248575935e+01 -2.0254e-01 +3.2123e+00 -2.0659e+00 +1.3009e+00 +1.1018e-01
1641 +8.643260195e-01 +8.643260195e-01 +7.154432602e+01 +7.154432602e+01 -1.9282e-01 +2.9998e+00 -1.8177e+00 +9.8094e-01 +2.3490e-01
2538 +4.039417346e-01 +4.039417346e-01 +7.108394173e+01 +7.108394173e+01 -1.7367e-01 +3.2945e+00 -2.0379e+00 +7.0866e-01 +1.5725e-01
2957 +3.915333643e-01 +3.915333643e-01 +7.107153336e+01 +7.107153336e+01 -2.0223e-01 +3.0648e+00 -2.0038e+00 +6.4671e-01 +9.3928e-02
3130 +2.481043060e-01 +2.481043060e-01 +7.092810431e+01 +7.092810431e+01 -1.8978e-01 +3.2023e+00 -2.0315e+00 +5.9050e-01 +1.0067e-01
3833 +1.502301676e-01 +1.502301676e-01 +7.083023017e+01 +7.083023017e+01 -2.7217e-01 +3.1410e+00 -1.9943e+00 +5.2861e-01 +8.4508e-02
3878 +8.723425556e-02 +8.723425556e-02 +7.076723426e+01 +7.076723426e+01 -2.5400e-01 +3.1540e+00 -1.9981e+00 +4.7417e-01 +5.3905e-02
4006 +4.425510870e-02 +4.425510870e-02 +7.072425511e+01 +7.072425511e+01 -3.1085e-01 +3.1732e+00 -2.0061e+00 +3.7371e-01 +3.5221e-02
4206 +2.445008023e-02 +2.445008023e-02 +7.070445008e+01 +7.070445008e+01 -2.8716e-01 +3.1830e+00 -1.9971e+00 +3.8913e-01 +2.1095e-02
6983 +1.570297791e-02 +1.570297791e-02 +7.069570298e+01 +7.069570298e+01 -2.7791e-01 +3.1795e+00 -2.0265e+00 +3.4173e-01 +1.1613e-02
7678 +8.822260481e-03 +8.822260481e-03 +7.068882226e+01 +7.068882226e+01 -2.8132e-01 +3.1909e+00 -2.0355e+00 +3.1760e-01 +5.6290e-03
7911 +6.157828340e-03 +6.157828340e-03 +7.068615783e+01 +7.068615783e+01 -2.9202e-01 +3.2152e+00 -2.0549e+00 +3.1607e-01 -5.0472e-03
8138 +3.455589301e-03 +3.455589301e-03 +7.068345559e+01 +7.068345559e+01 -2.9238e-01 +3.2215e+00 -2.0456e+00 +3.1007e-01 -2.0588e-03
8188 +2.023230336e-03 +2.023230336e-03 +7.068202323e+01 +7.068202323e+01 -2.9022e-01 +3.2219e+00 -2.0516e+00 +3.0866e-01 -1.5857e-02
8480 +1.402352882e-03 +1.402352882e-03 +7.068140235e+01 +7.068140235e+01 -2.9143e-01 +3.2221e+00 -2.0493e+00 +3.0486e-01 -1.4312e-02
8538 +8.206094465e-04 +8.206094465e-04 +7.068082061e+01 +7.068082061e+01 -2.9110e-01 +3.2221e+00 -2.0432e+00 +3.0685e-01 -1.3865e-02
8630 +5.624835286e-04 +5.624835286e-04 +7.068056248e+01 +7.068056248e+01 -2.9049e-01 +3.2229e+00 -2.0421e+00 +3.0544e-01 -1.3848e-02
9075 +2.018079584e-04 +2.018079584e-04 +7.068020181e+01 +7.068020181e+01 -2.9023e-01 +3.2199e+00 -2.0399e+00 +3.0321e-01 -1.6772e-02
9889 +1.469159107e-04 +1.469159107e-04 +7.068014692e+01 +7.068014692e+01 -2.9052e-01 +3.2199e+00 -2.0406e+00 +3.0054e-01 -1.7443e-02
10039 +8.414694419e-05 +8.414694419e-05 +7.068008415e+01 +7.068008415e+01 -2.9041e-01 +3.2203e+00 -2.0412e+00 +3.0039e-01 -1.8585e-02
10639 +6.183569876e-05 +6.183569876e-05 +7.068006184e+01 +7.068006184e+01 -2.9002e-01 +3.2207e+00 -2.0409e+00 +3.0047e-01 -1.8597e-02
10725 +2.957741299e-05 +2.957741299e-05 +7.068002958e+01 +7.068002958e+01 -2.8998e-01 +3.2202e+00 -2.0412e+00 +2.9977e-01 -1.9660e-02
11425 +2.291841125e-05 +2.291841125e-05 +7.068002292e+01 +7.068002292e+01 -2.8985e-01 +3.2202e+00 -2.0414e+00 +2.9909e-01 -1.9916e-02
12089 +1.486227546e-05 +1.486227546e-05 +7.068001486e+01 +7.068001486e+01 -2.8942e-01 +3.2203e+00 -2.0418e+00 +2.9926e-01 -2.0355e-02
12239 +8.182205406e-06 +8.182205406e-06 +7.068000818e+01 +7.068000818e+01 -2.8940e-01 +3.2210e+00 -2.0419e+00 +2.9916e-01 -2.0360e-02
12585 +5.259841572e-06 +5.259841572e-06 +7.068000526e+01 +7.068000526e+01 -2.8950e-01 +3.2208e+00 -2.0415e+00 +2.9913e-01 -2.0304e-02
12740 +9.184015539e-07 +9.184015539e-07 +7.068000092e+01 +7.068000092e+01 -2.8956e-01 +3.2209e+00 -2.0416e+00 +2.9869e-01 -2.0638e-02
14675 +4.921732426e-07 +4.921732426e-07 +7.068000049e+01 +7.068000049e+01 -2.8956e-01 +3.2208e+00 -2.0416e+00 +2.9860e-01 -2.0749e-02
15375 +3.219651035e-07 +3.219651035e-07 +7.068000032e+01 +7.068000032e+01 -2.8957e-01 +3.2208e+00 -2.0416e+00 +2.9856e-01 -2.0708e-02
15490 +1.519415633e-07 +1.519415633e-07 +7.068000015e+01 +7.068000015e+01 -2.8957e-01 +3.2208e+00 -2.0416e+00 +2.9841e-01 -2.0727e-02
17191 +9.844092119e-08 +9.844092119e-08 +7.068000010e+01 +7.068000010e+01 -2.8957e-01 +3.2208e+00 -2.0416e+00 +2.9840e-01 -2.0766e-02
17735 +6.220655280e-08 +6.220655280e-08 +7.068000006e+01 +7.068000006e+01 -2.8957e-01 +3.2208e+00 -2.0416e+00 +2.9838e-01 -2.0773e-02
18990 +3.948032656e-08 +3.948032656e-08 +7.068000004e+01 +7.068000004e+01 -2.8958e-01 +3.2208e+00 -2.0416e+00 +2.9840e-01 -2.0787e-02
21139 +2.429764834e-08 +2.429764834e-08 +7.068000002e+01 +7.068000002e+01 -2.8959e-01 +3.2208e+00 -2.0416e+00 +2.9843e-01 -2.0792e-02
21229 +1.431502028e-08 +1.431502028e-08 +7.068000001e+01 +7.068000001e+01 -2.8960e-01 +3.2208e+00 -2.0416e+00 +2.9842e-01 -2.0791e-02
21389 +9.342826957e-09 +9.342826957e-09 +7.068000001e+01 +7.068000001e+01 -2.8960e-01 +3.2208e+00 -2.0416e+00 +2.9840e-01 -2.0792e-02
% function evaluation | noise-free fitness - Fopt (-6.260000000000e+00) | best noise-free fitness - Fopt | measured fitness | best measured fitness | x1 | x2...
1 +3.033524531e+05 +3.033524531e+05 +3.033461931e+05 +3.033461931e+05 +4.4717e+00 +4.8784e+00 -4.9495e+00 +1.0496e+00 +2.2925e+00
4 +2.169152946e+05 +2.169152946e+05 +2.169090346e+05 +2.169090346e+05 +4.9786e+00 -8.5138e-01 -2.0678e+00 +4.1912e+00 -7.2370e-01
5 +6.086452089e+04 +6.086452089e+04 +6.085826089e+04 +6.085826089e+04 -4.9026e+00 +2.2730e+00 +3.3173e-02 +1.5778e+00 -4.1907e+00
36 +1.976683426e+04 +1.976683426e+04 +1.976057426e+04 +1.976057426e+04 -4.4195e+00 -3.0838e+00 -1.0608e+00 +1.6693e+00 +2.6283e+00
48 +8.204543507e+02 +8.204543507e+02 +8.141943507e+02 +8.141943507e+02 -3.6288e+00 -4.2775e+00 +1.0739e+00 -3.9078e+00 -3.7313e-01
58 +6.665851116e+01 +6.665851116e+01 +6.039851116e+01 +6.039851116e+01 -3.4859e+00 -5.0000e+00 -2.6951e+00 -1.2753e+00 -1.0829e+00
98 +5.960906278e+01 +5.960906278e+01 +5.334906278e+01 +5.334906278e+01 -5.0000e+00 -4.8773e+00 +3.4181e-01 -2.9098e+00 -1.9823e+00
158 +3.818884936e+01 +3.818884936e+01 +3.192884936e+01 +3.192884936e+01 -2.7877e+00 -4.8750e+00 +5.1497e-01 -4.2212e+00 -1.6373e+00
319 +2.394387093e+01 +2.394387093e+01 +1.768387093e+01 +1.768387093e+01 -2.9426e+00 -4.8694e+00 -1.6853e-02 -3.2523e+00 -3.9325e-01
427 +1.361097699e+01 +1.361097699e+01 +7.350976990e+00 +7.350976990e+00 -1.4798e+00 -4.7161e+00 -7.3121e-01 -2.9843e+00 -1.2109e-01
959 +7.369433127e+00 +7.369433127e+00 +1.109433127e+00 +1.109433127e+00 -6.6926e-01 -4.3768e+00 -9.9157e-01 -1.3739e+00 +7.1018e-01
1031 +6.283450143e+00 +6.283450143e+00 +2.345014314e-02 +2.345014314e-02 -1.0784e+00 -3.5890e+00 -1.0008e+00 -1.7734e+00 +7.8293e-01
1259 +3.938480220e+00 +3.938480220e+00 -2.321519780e+00 -2.321519780e+00 -9.7776e-01 -2.9865e+00 -1.3180e+00 -1.9159e+00 +6.6245e-01
1359 +2.228483249e+00 +2.228483249e+00 -4.031516751e+00 -4.031516751e+00 -5.2916e-01 -2.7145e+00 -1.2526e+00 -1.6732e+00 +5.4861e-01
1577 +6.771192951e-01 +6.771192951e-01 -5.582880705e+00 -5.582880705e+00 -1.2338e-03 -2.3252e+00 -1.4751e+00 -1.1784e+00 +4.4108e-01
2031 +5.650317878e-01 +5.650317878e-01 -5.694968212e+00 -5.694968212e+00 +6.4251e-02 -2.3592e+00 -1.5062e+00 -1.1140e+00 +5.0054e-01
2273 +2.835342919e-01 +2.835342919e-01 -5.976465708e+00 -5.976465708e+00 +2.0051e-01 -2.2050e+00 -1.5186e+00 -1.1265e+00 +4.9911e-01
2824 +2.458870454e-01 +2.458870454e-01 -6.014112955e+00 -6.014112955e+00 +6.2010e-02 -2.0840e+00 -1.5641e+00 -1.0803e+00 +5.5622e-01
3124 +1.445579891e-01 +1.445579891e-01 -6.115442011e+00 -6.115442011e+00 +2.0058e-01 -2.0871e+00 -1.5562e+00 -1.0524e+00 +5.4837e-01
4197 +8.011691392e-02 +8.011691392e-02 -6.179883086e+00 -6.179883086e+00 +1.9136e-01 -2.0058e+00 -1.5766e+00 -1.0720e+00 +5.8130e-01
4297 +6.060288954e-02 +6.060288954e-02 -6.199397110e+00 -6.199397110e+00 +2.2481e-01 -2.0180e+00 -1.5770e+00 -1.0748e+00 +6.1662e-01
4989 +3.687936138e-02 +3.687936138e-02 -6.223120639e+00 -6.223120639e+00 +2.6600e-01 -1.9959e+00 -1.5690e+00 -1.0456e+00 +6.1453e-01
5598 +2.395608593e-02 +2.395608593e-02 -6.236043914e+00 -6.236043914e+00 +2.8087e-01 -1.9791e+00 -1.5779e+00 -1.0351e+00 +6.1824e-01
5948 +1.571552985e-02 +1.571552985e-02 -6.244284470e+00 -6.244284470e+00 +2.8848e-01 -1.9685e+00 -1.5963e+00 -1.0103e+00 +6.3287e-01
6463 +8.994937458e-03 +8.994937458e-03 -6.251005063e+00 -6.251005063e+00 +2.9373e-01 -1.9368e+00 -1.5973e+00 -9.8806e-01 +6.2081e-01
6889 +6.268875543e-03 +6.268875543e-03 -6.253731124e+00 -6.253731124e+00 +2.9981e-01 -1.9055e+00 -1.5957e+00 -9.8532e-01 +6.0783e-01
7816 +2.786163619e-03 +2.786163619e-03 -6.257213836e+00 -6.257213836e+00 +3.0863e-01 -1.9024e+00 -1.5979e+00 -9.8518e-01 +6.1995e-01
7855 +1.686080440e-03 +1.686080440e-03 -6.258313920e+00 -6.258313920e+00 +3.1409e-01 -1.9026e+00 -1.6118e+00 -9.7938e-01 +6.2801e-01
8089 +1.488401294e-03 +1.488401294e-03 -6.258511599e+00 -6.258511599e+00 +3.1405e-01 -1.9000e+00 -1.6116e+00 -9.8014e-01 +6.2999e-01
8789 +9.989413748e-04 +9.989413748e-04 -6.259001059e+00 -6.259001059e+00 +3.2026e-01 -1.9057e+00 -1.6066e+00 -9.8072e-01 +6.2601e-01
8997 +4.179500561e-04 +4.179500561e-04 -6.259582050e+00 -6.259582050e+00 +3.2373e-01 -1.8989e+00 -1.6082e+00 -9.7969e-01 +6.2675e-01
9047 +2.688285442e-04 +2.688285442e-04 -6.259731171e+00 -6.259731171e+00 +3.2587e-01 -1.8931e+00 -1.6097e+00 -9.7410e-01 +6.2703e-01
9247 +1.411341417e-04 +1.411341417e-04 -6.259858866e+00 -6.259858866e+00 +3.2620e-01 -1.8922e+00 -1.6105e+00 -9.7577e-01 +6.2690e-01
10184 +6.545750671e-05 +6.545750671e-05 -6.259934542e+00 -6.259934542e+00 +3.2850e-01 -1.8919e+00 -1.6106e+00 -9.7575e-01 +6.2500e-01
10499 +4.999650937e-05 +4.999650937e-05 -6.259950003e+00 -6.259950003e+00 +3.2885e-01 -1.8901e+00 -1.6106e+00 -9.7561e-01 +6.2440e-01
10999 +3.160608837e-05 +3.160608837e-05 -6.259968394e+00 -6.259968394e+00 +3.2875e-01 -1.8905e+00 -1.6097e+00 -9.7527e-01 +6.2512e-01
11047 +1.589267021e-05 +1.589267021e-05 -6.259984107e+00 -6.259984107e+00 +3.2921e-01 -1.8900e+00 -1.6101e+00 -9.7528e-01 +6.2512e-01
11347 +1.518510656e-05 +1.518510656e-05 -6.259984815e+00 -6.259984815e+00 +3.2964e-01 -1.8904e+00 -1.6101e+00 -9.7523e-01 +6.2505e-01
11668 +7.623907289e-06 +7.623907289e-06 -6.259992376e+00 -6.259992376e+00 +3.2965e-01 -1.8901e+00 -1.6102e+00 -9.7522e-01 +6.2551e-01
11768 +4.823485252e-06 +4.823485252e-06 -6.259995177e+00 -6.259995177e+00 +3.3001e-01 -1.8901e+00 -1.6104e+00 -9.7522e-01 +6.2542e-01
12084 +2.625629514e-06 +2.625629514e-06 -6.259997374e+00 -6.259997374e+00 +3.3002e-01 -1.8900e+00 -1.6103e+00 -9.7521e-01 +6.2563e-01
12599 +2.478243687e-06 +2.478243687e-06 -6.259997522e+00 -6.259997522e+00 +3.3002e-01 -1.8899e+00 -1.6102e+00 -9.7521e-01 +6.2561e-01
13718 +9.290924963e-07 +9.290924963e-07 -6.259999071e+00 -6.259999071e+00 +3.3022e-01 -1.8898e+00 -1.6104e+00 -9.7521e-01 +6.2558e-01
13968 +5.695585310e-07 +5.695585310e-07 -6.259999430e+00 -6.259999430e+00 +3.3026e-01 -1.8898e+00 -1.6104e+00 -9.7521e-01 +6.2570e-01
14499 +3.517380396e-07 +3.517380396e-07 -6.259999648e+00 -6.259999648e+00 +3.3034e-01 -1.8898e+00 -1.6104e+00 -9.7524e-01 +6.2560e-01
14518 +2.007998336e-07 +2.007998336e-07 -6.259999799e+00 -6.259999799e+00 +3.3035e-01 -1.8898e+00 -1.6104e+00 -9.7523e-01 +6.2563e-01
15718 +1.503000702e-07 +1.503000702e-07 -6.259999850e+00 -6.259999850e+00 +3.3036e-01 -1.8897e+00 -1.6104e+00 -9.7523e-01 +6.2562e-01
17034 +6.401803443e-08 +6.401803443e-08 -6.259999936e+00 -6.259999936e+00 +3.3033e-01 -1.8896e+00 -1.6104e+00 -9.7523e-01 +6.2561e-01
17418 +4.060958236e-08 +4.060958236e-08 -6.259999959e+00 -6.259999959e+00 +3.3036e-01 -1.8896e+00 -1.6104e+00 -9.7524e-01 +6.2560e-01
17818 +3.502821233e-08 +3.502821233e-08 -6.259999965e+00 -6.259999965e+00 +3.3036e-01 -1.8896e+00 -1.6104e+00 -9.7523e-01 +6.2560e-01
18886 +2.333132709e-08 +2.333132709e-08 -6.259999977e+00 -6.259999977e+00 +3.3037e-01 -1.8896e+00 -1.6104e+00 -9.7522e-01 +6.2559e-01
19036 +1.567781460e-08 +1.567781460e-08 -6.259999984e+00 -6.259999984e+00 +3.3038e-01 -1.8896e+00 -1.6104e+00 -9.7521e-01 +6.2559e-01
20103 +9.651010657e-09 +9.651010657e-09 -6.259999990e+00 -6.259999990e+00 +3.3038e-01 -1.8896e+00 -1.6104e+00 -9.7522e-01 +6.2560e-01
% function evaluation | noise-free fitness - Fopt (1.838600000000e+02) | best noise-free fitness - Fopt | measured fitness | best measured fitness | x1 | x2...
1 +1.856559660e+04 +1.856559660e+04 +1.874945660e+04 +1.874945660e+04 +1.0621e+00 +3.9529e-01 -4.0163e+00 -8.5157e-01 -3.1288e+00
2 +8.289429061e+03 +8.289429061e+03 +8.473289061e+03 +8.473289061e+03 +9.2974e-01 -2.6267e+00 -2.6894e+00 -3.2846e+00 +3.9870e+00
6 +1.389604687e+03 +1.389604687e+03 +1.573464687e+03 +1.573464687e+03 +4.1999e+00 -2.1195e+00 -3.0516e+00 +3.6456e+00 +2.2663e+00
26 +1.538247984e+02 +1.538247984e+02 +3.376847984e+02 +3.376847984e+02 +2.0476e+00 -1.1401e+00 -4.7191e+00 -3.5101e+00 -1.2277e-02
55 +7.916211261e+01 +7.916211261e+01 +2.630221126e+02 +2.630221126e+02 +1.2041e+00 -3.6677e-01 -2.1367e+00 -1.0717e+00 +7.2554e-01
73 +5.777748561e+01 +5.777748561e+01 +2.416374856e+02 +2.416374856e+02 +3.2678e+00 -1.3618e+00 -9.7738e-01 -2.1577e+00 +1.0580e+00
187 +3.753598717e+01 +3.753598717e+01 +2.213959872e+02 +2.213959872e+02 +5.0000e+00 -3.9550e+00 +1.2341e+00 -2.5953e-01 +1.5875e+00
299 +2.155663968e+01 +2.155663968e+01 +2.054166397e+02 +2.054166397e+02 +3.1554e+00 -4.6018e+00 +2.0084e+00 -3.4779e-02 +1.7903e+00
399 +1.579062477e+01 +1.579062477e+01 +1.996506248e+02 +1.996506248e+02 +2.0944e+00 -4.6260e+00 +2.0819e+00 -1.1190e+00 +1.6654e+00
493 +9.297321167e+00 +9.297321167e+00 +1.931573212e+02 +1.931573212e+02 +1.3154e+00 -3.3624e+00 +2.0378e+00 -1.0171e+00 +1.9379e+00
963 +6.056338908e+00 +6.056338908e+00 +1.899163389e+02 +1.899163389e+02 +1.7285e+00 -3.4149e+00 +2.8190e+00 -8.5248e-01 +1.8549e+00
969 +3.882737769e+00 +3.882737769e+00 +1.877427378e+02 +1.877427378e+02 +1.6476e+00 -3.5848e+00 +3.1908e+00 -1.0033e+00 +1.5947e+00
1235 +2.198812607e+00 +2.198812607e+00 +1.860588126e+02 +1.860588126e+02 +7.1551e-01 -3.3756e+00 +3.1511e+00 -1.5718e+00 +1.8632e+00
1305 +1.445523240e+00 +1.445523240e+00 +1.853055232e+02 +1.853055232e+02 +6.3669e-01 -3.4110e+00 +3.2421e+00 -1.4179e+00 +1.9347e+00
1756 +6.838885870e-01 +6.838885870e-01 +1.845438886e+02 +1.845438886e+02 +5.5128e-01 -3.6503e+00 +3.5378e+00 -1.3124e+00 +2.1450e+00
1820 +4.364065794e-01 +4.364065794e-01 +1.842964066e+02 +1.842964066e+02 +6.1827e-01 -3.6232e+00 +3.6319e+00 -1.3807e+00 +2.1933e+00
2144 +3.693227344e-01 +3.693227344e-01 +1.842293227e+02 +1.842293227e+02 +5.6668e-01 -3.7026e+00 +3.7079e+00 -1.2992e+00 +2.2418e+00
2569 +1.837207506e-01 +1.837207506e-01 +1.840437208e+02 +1.840437208e+02 +4.2647e-01 -3.7648e+00 +3.7693e+00 -1.3783e+00 +2.2388e+00
3119 +1.522807383e-01 +1.522807383e-01 +1.840122807e+02 +1.840122807e+02 +4.0185e-01 -3.6781e+00 +3.7635e+00 -1.3987e+00 +2.2689e+00
3389 +6.867416251e-02 +6.867416251e-02 +1.839286742e+02 +1.839286742e+02 +4.2745e-01 -3.7221e+00 +3.8612e+00 -1.4530e+00 +2.2813e+00
4313 +4.019651572e-02 +4.019651572e-02 +1.839001965e+02 +1.839001965e+02 +3.7714e-01 -3.7421e+00 +3.8726e+00 -1.4463e+00 +2.2940e+00
4613 +3.700254682e-02 +3.700254682e-02 +1.838970025e+02 +1.838970025e+02 +3.3150e-01 -3.7534e+00 +3.8690e+00 -1.4432e+00 +2.3212e+00
5239 +1.427481426e-02 +1.427481426e-02 +1.838742748e+02 +1.838742748e+02 +3.4497e-01 -3.7455e+00 +3.9033e+00 -1.4827e+00 +2.3497e+00
5389 +3.383393965e-03 +3.383393965e-03 +1.838633834e+02 +1.838633834e+02 +2.9263e-01 -3.7466e+00 +3.9204e+00 -1.4751e+00 +2.3668e+00
6564 +2.006668493e-03 +2.006668493e-03 +1.838620067e+02 +1.838620067e+02 +3.0766e-01 -3.7507e+00 +3.9267e+00 -1.4736e+00 +2.3598e+00
7271 +1.423226416e-03 +1.423226416e-03 +1.838614232e+02 +1.838614232e+02 +3.0491e-01 -3.7490e+00 +3.9332e+00 -1.4788e+00 +2.3562e+00
7621 +4.594735904e-04 +4.594735904e-04 +1.838604595e+02 +1.838604595e+02 +2.9706e-01 -3.7587e+00 +3.9336e+00 -1.4784e+00 +2.3705e+00
7752 +2.420460006e-04 +2.420460006e-04 +1.838602420e+02 +1.838602420e+02 +2.9527e-01 -3.7556e+00 +3.9359e+00 -1.4796e+00 +2.3690e+00
8052 +1.556073357e-04 +1.556073357e-04 +1.838601556e+02 +1.838601556e+02 +2.9750e-01 -3.7576e+00 +3.9375e+00 -1.4796e+00 +2.3689e+00
8864 +7.596496835e-05 +7.596496835e-05 +1.838600760e+02 +1.838600760e+02 +2.9580e-01 -3.7579e+00 +3.9385e+00 -1.4795e+00 +2.3691e+00
8914 +6.096000257e-05 +6.096000257e-05 +1.838600610e+02 +1.838600610e+02 +2.9567e-01 -3.7585e+00 +3.9389e+00 -1.4794e+00 +2.3698e+00
9852 +3.729886296e-05 +3.729886296e-05 +1.838600373e+02 +1.838600373e+02 +2.9486e-01 -3.7584e+00 +3.9393e+00 -1.4796e+00 +2.3693e+00
10164 +2.492492030e-05 +2.492492030e-05 +1.838600249e+02 +1.838600249e+02 +2.9422e-01 -3.7583e+00 +3.9396e+00 -1.4796e+00 +2.3695e+00
11240 +1.494495868e-05 +1.494495868e-05 +1.838600149e+02 +1.838600149e+02 +2.9364e-01 -3.7582e+00 +3.9398e+00 -1.4795e+00 +2.3700e+00
11501 +9.835347015e-06 +9.835347015e-06 +1.838600098e+02 +1.838600098e+02 +2.9361e-01 -3.7584e+00 +3.9399e+00 -1.4798e+00 +2.3701e+00
12202 +6.160256021e-06 +6.160256021e-06 +1.838600062e+02 +1.838600062e+02 +2.9332e-01 -3.7583e+00 +3.9401e+00 -1.4797e+00 +2.3703e+00
13102 +3.417469514e-06 +3.417469514e-06 +1.838600034e+02 +1.838600034e+02 +2.9316e-01 -3.7582e+00 +3.9403e+00 -1.4798e+00 +2.3700e+00
13302 +1.966156987e-06 +1.966156987e-06 +1.838600020e+02 +1.838600020e+02 +2.9295e-01 -3.7583e+00 +3.9404e+00 -1.4800e+00 +2.3704e+00
14252 +1.517982724e-06 +1.517982724e-06 +1.838600015e+02 +1.838600015e+02 +2.9305e-01 -3.7584e+00 +3.9405e+00 -1.4800e+00 +2.3704e+00
14491 +5.789361524e-07 +5.789361524e-07 +1.838600006e+02 +1.838600006e+02 +2.9293e-01 -3.7584e+00 +3.9406e+00 -1.4800e+00 +2.3704e+00
14502 +2.925778233e-07 +2.925778233e-07 +1.838600003e+02 +1.838600003e+02 +2.9290e-01 -3.7584e+00 +3.9407e+00 -1.4800e+00 +2.3704e+00
15202 +2.360199005e-07 +2.360199005e-07 +1.838600002e+02 +1.838600002e+02 +2.9291e-01 -3.7584e+00 +3.9407e+00 -1.4800e+00 +2.3704e+00
16801 +1.503524345e-07 +1.503524345e-07 +1.838600002e+02 +1.838600002e+02 +2.9290e-01 -3.7584e+00 +3.9407e+00 -1.4800e+00 +2.3704e+00
16930 +7.646059430e-08 +7.646059430e-08 +1.838600001e+02 +1.838600001e+02 +2.9286e-01 -3.7584e+00 +3.9408e+00 -1.4800e+00 +2.3704e+00
17181 +5.947913451e-08 +5.947913451e-08 +1.838600001e+02 +1.838600001e+02 +2.9285e-01 -3.7584e+00 +3.9408e+00 -1.4800e+00 +2.3704e+00
17741 +2.754285333e-08 +2.754285333e-08 +1.838600000e+02 +1.838600000e+02 +2.9282e-01 -3.7584e+00 +3.9408e+00 -1.4800e+00 +2.3704e+00
17931 +2.141308642e-08 +2.141308642e-08 +1.838600000e+02 +1.838600000e+02 +2.9282e-01 -3.7584e+00 +3.9408e+00 -1.4800e+00 +2.3704e+00
17981 +1.566763785e-08 +1.566763785e-08 +1.838600000e+02 +1.838600000e+02 +2.9282e-01 -3.7584e+00 +3.9408e+00 -1.4800e+00 +2.3704e+00
18641 +9.719371974e-09 +9.719371974e-09 +1.838600000e+02 +1.838600000e+02 +2.9282e-01 -3.7584e+00 +3.9408e+00 -1.4800e+00 +2.3704e+00
