% function evaluation | noise-free fitness - Fopt (-1.694000000000e+01) | best noise-free fitness - Fopt | measured fitness | best measured fitness | x1 | x2...
1 +1.321102282e+01 +1.321102282e+01 -3.728977179e+00 -3.728977179e+00 +2.8900e+00 -1.2733e+00 -1.9407e+00 +1.5290e+00 +2.9258e+00
2 +9.528715208e+00 +9.528715208e+00 -7.411284792e+00 -7.411284792e+00 +3.3808e+00 -2.4453e+00 -4.2261e-01 -2.6501e+00 +3.7664e+00
27 +6.002116182e+00 +6.002116182e+00 -1.093788382e+01 -1.093788382e+01 +3.0926e+00 +6.9049e-01 +1.2700e-01 -2.0482e+00 -2.2686e+00
497 +3.443248237e+00 +3.443248237e+00 -1.349675176e+01 -1.349675176e+01 +3.3714e+00 +5.2432e-01 -1.0408e+00 -2.4485e-01 +1.0516e+00
1456 +2.370903431e+00 +2.370903431e+00 -1.456909657e+01 -1.456909657e+01 +2.8788e+00 +1.4772e+00 -1.0923e+00 +3.0795e+00 +0.0000e+00
3173 +1.179015263e+00 +1.179015263e+00 -1.576098474e+01 -1.576098474e+01 +2.6276e+00 +1.5930e+00 -1.8896e+00 +8.7149e-01 +7.4758e-01
4354 +9.363471388e-01 +9.363471388e-01 -1.600365286e+01 -1.600365286e+01 +3.7834e+00 +2.2456e+00 -1.7066e+00 +1.5560e+00 +1.2983e+00
5344 +5.924251127e-01 +5.924251127e-01 -1.634757489e+01 -1.634757489e+01 +3.1141e+00 +2.6658e+00 -1.6983e+00 +1.4750e+00 +1.3951e+00
9666 +3.245514078e-01 +3.245514078e-01 -1.661544859e+01 -1.661544859e+01 +3.5275e+00 +2.5607e+00 -1.5862e+00 +1.6810e+00 +1.3948e+00
11666 +2.160834291e-01 +2.160834291e-01 -1.672391657e+01 -1.672391657e+01 +3.5529e+00 +2.5680e+00 -1.6103e+00 +1.5256e+00 +1.4968e+00
12455 +1.376758292e-01 +1.376758292e-01 -1.680232417e+01 -1.680232417e+01 +3.5833e+00 +2.5420e+00 -1.5846e+00 +1.4707e+00 +1.4782e+00
14452 +4.695078966e-02 +4.695078966e-02 -1.689304921e+01 -1.689304921e+01 +3.6638e+00 +2.5319e+00 -1.5206e+00 +1.4812e+00 +1.4098e+00
17328 +3.688589418e-02 +3.688589418e-02 -1.690311411e+01 -1.690311411e+01 +3.6612e+00 +2.5538e+00 -1.5214e+00 +1.4832e+00 +1.4055e+00
25530 +2.127738597e-02 +2.127738597e-02 -1.691872261e+01 -1.691872261e+01 +3.6218e+00 +2.5435e+00 -1.5374e+00 +1.4860e+00 +1.3919e+00
33893 +1.355290896e-02 +1.355290896e-02 -1.692644709e+01 -1.692644709e+01 +3.6266e+00 +2.5454e+00 -1.5443e+00 +1.4777e+00 +1.3922e+00
39910 +8.860843259e-03 +8.860843259e-03 -1.693113916e+01 -1.693113916e+01 +3.6483e+00 +2.5432e+00 -1.5299e+00 +1.4698e+00 +1.3930e+00
42369 +3.811768204e-03 +3.811768204e-03 -1.693618823e+01 -1.693618823e+01 +3.6569e+00 +2.5502e+00 -1.5315e+00 +1.4695e+00 +1.3938e+00
48160 +2.228081004e-03 +2.228081004e-03 -1.693777192e+01 -1.693777192e+01 +3.6561e+00 +2.5490e+00 -1.5306e+00 +1.4696e+00 +1.3950e+00
% function evaluation | noise-free fitness - Fopt (1.881000000000e+01) | best noise-free fitness - Fopt | measured fitness | best measured fitness | x1 | x2...
1 +1.274482754e+01 +1.274482754e+01 +3.155482754e+01 +3.155482754e+01 +3.0708e+00 -6.4978e-01 +1.5894e+00 +2.7003e+00 +6.2109e-01
5 +5.096517827e+00 +5.096517827e+00 +2.390651783e+01 +2.390651783e+01 -1.0813e+00 +2.3541e+00 -3.8559e+00 +6.6099e-01 -3.2317e-01
159 +3.178034947e+00 +3.178034947e+00 +2.198803495e+01 +2.198803495e+01 +1.6198e-01 +6.9041e-01 -4.6854e-01 -1.7656e+00 +4.4800e+00
1114 +2.114609471e+00 +2.114609471e+00 +2.092460947e+01 +2.092460947e+01 +1.8864e+00 -1.9020e+00 +5.4803e-01 -3.7918e+00 +4.8934e+00
2505 +1.447954752e+00 +1.447954752e+00 +2.025795475e+01 +2.025795475e+01 -1.0539e+00 +2.4791e+00 -2.2210e-01 +3.8596e-01 +1.2609e+00
5144 +8.451366923e-01 +8.451366923e-01 +1.965513669e+01 +1.965513669e+01 -2.1311e-01 +1.8955e+00 -1.1638e+00 -2.8809e-01 +1.9021e+00
5977 +3.725727795e-01 +3.725727795e-01 +1.918257278e+01 +1.918257278e+01 -2.5326e-01 +1.8643e+00 -6.6696e-01 -7.9193e-02 +1.7423e+00
9572 +2.248189111e-01 +2.248189111e-01 +1.903481891e+01 +1.903481891e+01 -1.8119e-01 +1.8450e+00 -9.1213e-01 -1.3272e-01 +1.7457e+00
10576 +1.158232771e-01 +1.158232771e-01 +1.892582328e+01 +1.892582328e+01 -1.7444e-01 +1.8225e+00 -8.9065e-01 -9.4961e-02 +1.6973e+00
16076 +8.724987066e-02 +8.724987066e-02 +1.889724987e+01 +1.889724987e+01 -1.9288e-01 +1.8219e+00 -8.7160e-01 -5.2993e-02 +1.6849e+00
22168 +5.124443143e-02 +5.124443143e-02 +1.886124443e+01 +1.886124443e+01 -2.3829e-01 +1.7953e+00 -8.1859e-01 -5.4548e-02 +1.6586e+00
25580 +3.606656124e-02 +3.606656124e-02 +1.884606656e+01 +1.884606656e+01 -1.9122e-01 +1.8006e+00 -8.3358e-01 -4.4443e-02 +1.6476e+00
29242 +1.999475702e-02 +1.999475702e-02 +1.882999476e+01 +1.882999476e+01 -1.9280e-01 +1.7899e+00 -8.2352e-01 -2.7137e-02 +1.6722e+00
35644 +1.391437324e-02 +1.391437324e-02 +1.882391437e+01 +1.882391437e+01 -1.9038e-01 +1.7742e+00 -8.2028e-01 -4.3189e-02 +1.6785e+00
47837 +7.894242815e-03 +7.894242815e-03 +1.881789424e+01 +1.881789424e+01 -1.8699e-01 +1.7738e+00 -8.2091e-01 -4.1872e-02 +1.6800e+00
49147 +4.126470823e-03 +4.126470823e-03 +1.881412647e+01 +1.881412647e+01 -1.8879e-01 +1.7741e+00 -8.2048e-01 -4.3099e-02 +1.6808e+00
% function evaluation | noise-free fitness - Fopt (2.731500000000e+02) | best noise-free fitness - Fopt | measured fitness | best measured fitness | x1 | x2...
1 +1.981320957e+01 +1.981320957e+01 +2.929632096e+02 +2.929632096e+02 +4.8189e+00 -2.8477e+00 +4.3380e+00 -1.1412e+00 +2.4637e-01
2 +6.848904641e+00 +6.848904641e+00 +2.799989046e+02 +2.799989046e+02 -2.6432e+00 +4.5677e+00 -2.6701e+00 +3.8021e+00 +3.6570e+00
5 +6.075614598e+00 +6.075614598e+00 +2.792256146e+02 +2.792256146e+02 +9.9227e-02 +3.1774e+00 +3.0142e+00 +2.5433e+00 +1.0121e+00
546 +3.810493608e+00 +3.810493608e+00 +2.769604936e+02 +2.769604936e+02 -5.0000e+00 +4.1917e+00 +2.9562e-01 +1.6683e+00 +2.6555e+00
1847 +1.611879217e+00 +1.611879217e+00 +2.747618792e+02 +2.747618792e+02 -3.9849e+00 +5.0000e+00 -1.0578e-01 +2.4701e+00 +2.2862e+00
2343 +1.132162125e+00 +1.132162125e+00 +2.742821621e+02 +2.742821621e+02 -3.5447e+00 +4.0100e+00 -7.6249e-01 +2.3195e+00 +2.5886e+00
2677 +9.251319648e-01 +9.251319648e-01 +2.740751320e+02 +2.740751320e+02 -2.7992e+00 +3.6747e+00 -6.4361e-01 +2.7219e+00 +1.6444e+00
2894 +6.163233677e-01 +6.163233677e-01 +2.737663234e+02 +2.737663234e+02 -4.1071e+00 +3.5687e+00 -3.3646e-01 +2.8658e+00 +2.2571e+00
3663 +3.054521845e-01 +3.054521845e-01 +2.734554522e+02 +2.734554522e+02 -3.7569e+00 +3.7438e+00 -4.3645e-01 +2.7445e+00 +1.9540e+00
7554 +1.313564150e-01 +1.313564150e-01 +2.732813564e+02 +2.732813564e+02 -3.6050e+00 +3.7863e+00 -4.7400e-01 +2.5319e+00 +1.9563e+00
11087 +6.527411967e-02 +6.527411967e-02 +2.732152741e+02 +2.732152741e+02 -3.6178e+00 +3.7285e+00 -4.6035e-01 +2.5939e+00 +2.0233e+00
13526 +5.092551234e-02 +5.092551234e-02 +2.732009255e+02 +2.732009255e+02 -3.5540e+00 +3.7712e+00 -4.6210e-01 +2.5655e+00 +2.0494e+00
20728 +3.958884862e-02 +3.958884862e-02 +2.731895888e+02 +2.731895888e+02 -3.5790e+00 +3.7641e+00 -4.7435e-01 +2.5676e+00 +2.0348e+00
26516 +1.817273487e-02 +1.817273487e-02 +2.731681727e+02 +2.731681727e+02 -3.5901e+00 +3.7624e+00 -4.8574e-01 +2.5615e+00 +2.0068e+00
29526 +8.608030204e-03 +8.608030204e-03 +2.731586080e+02 +2.731586080e+02 -3.5838e+00 +3.7537e+00 -4.8450e-01 +2.5657e+00 +2.0062e+00
36174 +4.309578302e-03 +4.309578302e-03 +2.731543096e+02 +2.731543096e+02 -3.5800e+00 +3.7533e+00 -4.8087e-01 +2.5683e+00 +2.0068e+00
36901 +3.575073263e-03 +3.575073263e-03 +2.731535751e+02 +2.731535751e+02 -3.5820e+00 +3.7540e+00 -4.8029e-01 +2.5678e+00 +2.0081e+00
42901 +1.628572049e-03 +1.628572049e-03 +2.731516286e+02 +2.731516286e+02 -3.5797e+00 +3.7540e+00 -4.7845e-01 +2.5690e+00 +2.0080e+00
45360 +1.555681043e-03 +1.555681043e-03 +2.731515557e+02 +2.731515557e+02 -3.5795e+00 +3.7539e+00 -4.7856e-01 +2.5690e+00 +2.0078e+00
% function evaluation | noise-free fitness - Fopt (3.718000000000e+01) | best noise-free fitness - Fopt | measured fitness | best measured fitness | x1 | x2...
1 +6.805404938e+01 +6.805404938e+01 +1.052340494e+02 +1.052340494e+02 +4.1575e+00 +4.5748e+00 +1.2033e+00 -1.5782e+00 +4.8951e+00
2 +4.008025302e+01 +4.008025302e+01 +7.726025302e+01 +7.726025302e+01 -1.9146e+00 -1.4540e+00 +1.6588e+00 +5.1259e-01 +2.8081e+00
4 +3.898177765e+01 +3.898177765e+01 +7.616177765e+01 +7.616177765e+01 -2.8344e+00 -7.1392e-01 -4.3392e+00 +4.8586e+00 -2.5117e+00
6 +1.112670634e+01 +1.112670634e+01 +4.830670634e+01 +4.830670634e+01 +5.4251e-01 +3.8154e+00 +1.5682e+00 -1.3393e-01 -3.6136e+00
21 +5.917573422e+00 +5.917573422e+00 +4.309757342e+01 +4.309757342e+01 -3.8135e+00 -1.3653e+00 -2.7698e-01 +3.7867e+00 -3.1810e+00
59 +3.415214818e+00 +3.415214818e+00 +4.059521482e+01 +4.059521482e+01 -3.0137e+00 +1.6505e+00 +2.0842e+00 +2.0712e+00 -2.6156e+00
833 +1.401985620e+00 +1.401985620e+00 +3.858198562e+01 +3.858198562e+01 -3.0330e+00 +1.0421e+00 +1.6488e+00 +1.7790e+00 -3.0927e+00
4155 +5.366777117e-01 +5.366777117e-01 +3.771667771e+01 +3.771667771e+01 -3.6382e+00 +1.8180e+00 +2.1906e+00 +1.4371e+00 -3.1498e+00
10568 +3.635433117e-01 +3.635433117e-01 +3.754354331e+01 +3.754354331e+01 -3.8002e+00 +2.0950e+00 +2.2538e+00 +1.5875e+00 -3.3981e+00
12940 +1.929880780e-01 +1.929880780e-01 +3.737298808e+01 +3.737298808e+01 -3.9689e+00 +2.2854e+00 +2.2655e+00 +1.5327e+00 -3.5073e+00
14442 +1.382187691e-01 +1.382187691e-01 +3.731821877e+01 +3.731821877e+01 -3.9477e+00 +2.0405e+00 +1.9905e+00 +1.5954e+00 -3.4775e+00
19743 +8.093208665e-02 +8.093208665e-02 +3.726093209e+01 +3.726093209e+01 -3.8621e+00 +2.0674e+00 +2.0716e+00 +1.5955e+00 -3.4825e+00
23595 +6.155301679e-02 +6.155301679e-02 +3.724155302e+01 +3.724155302e+01 -3.8600e+00 +2.0566e+00 +2.0863e+00 +1.5976e+00 -3.5318e+00
24010 +3.047832405e-02 +3.047832405e-02 +3.721047832e+01 +3.721047832e+01 -3.9156e+00 +2.0733e+00 +2.0248e+00 +1.6123e+00 -3.5339e+00
28053 +2.032100607e-02 +2.032100607e-02 +3.720032101e+01 +3.720032101e+01 -3.8922e+00 +2.0586e+00 +2.0472e+00 +1.6146e+00 -3.5344e+00
30053 +1.150864837e-02 +1.150864837e-02 +3.719150865e+01 +3.719150865e+01 -3.9006e+00 +2.0604e+00 +2.0488e+00 +1.6042e+00 -3.5342e+00
31626 +9.125394867e-03 +9.125394867e-03 +3.718912539e+01 +3.718912539e+01 -3.8976e+00 +2.0647e+00 +2.0431e+00 +1.6099e+00 -3.5345e+00
39053 +5.589762645e-03 +5.589762645e-03 +3.718558976e+01 +3.718558976e+01 -3.8946e+00 +2.0592e+00 +2.0462e+00 +1.6087e+00 -3.5309e+00
42839 +3.975732885e-03 +3.975732885e-03 +3.718397573e+01 +3.718397573e+01 -3.8932e+00 +2.0607e+00 +2.0455e+00 +1.6090e+00 -3.5316e+00
% function evaluation | noise-free fitness - Fopt (-1.479000000000e+02) | best noise-free fitness - Fopt | measured fitness | best measured fitness | x1 | x2...
1 +2.785280298e+01 +2.785280298e+01 -1.200471970e+02 -1.200471970e+02 -4.8275e+00 -3.4976e+00 +3.2533e+00 -4.2282e+00 +1.1735e+00
2 +1.781524347e+01 +1.781524347e+01 -1.300847565e+02 -1.300847565e+02 -4.3400e-01 -2.3289e+00 +4.6762e+00 -4.5543e+00 -2.6502e+00
7 +1.400555801e+01 +1.400555801e+01 -1.338944420e+02 -1.338944420e+02 +2.6244e+00 +4.3581e+00 +2.6283e+00 +2.1102e+00 -7.3847e-01
10 +9.663561404e+00 +9.663561404e+00 -1.382364386e+02 -1.382364386e+02 -2.9405e+00 +2.6435e+00 +1.2982e+00 +2.2328e+00 -1.7357e+00
249 +5.620492417e+00 +5.620492417e+00 -1.422795076e+02 -1.422795076e+02 +8.8539e-02 +3.2698e+00 -2.0932e+00 -4.8317e+00 -3.9906e+00
301 +2.355310039e+00 +2.355310039e+00 -1.455446900e+02 -1.455446900e+02 -9.7817e-01 -6.3175e-01 +1.1793e+00 -2.0605e+00 -3.2419e+00
2134 +1.515663911e+00 +1.515663911e+00 -1.463843361e+02 -1.463843361e+02 -1.1149e+00 +9.6827e-01 +2.1107e-01 -2.4279e+00 -3.3783e+00
4215 +7.581295068e-01 +7.581295068e-01 -1.471418705e+02 -1.471418705e+02 -1.8762e+00 +8.0190e-01 +1.0683e-01 -2.3899e+00 -3.7003e+00
8925 +4.178689259e-01 +4.178689259e-01 -1.474821311e+02 -1.474821311e+02 -1.6608e+00 +7.4354e-02 +8.4741e-01 -2.1918e+00 -3.3668e+00
10145 +3.374879660e-01 +3.374879660e-01 -1.475625120e+02 -1.475625120e+02 -1.6692e+00 +6.2678e-04 +8.6659e-01 -1.9446e+00 -3.3824e+00
11360 +1.930669877e-01 +1.930669877e-01 -1.477069330e+02 -1.477069330e+02 -1.6832e+00 +2.8918e-02 +1.3346e+00 -2.0051e+00 -2.9355e+00
11470 +1.357262989e-01 +1.357262989e-01 -1.477642737e+02 -1.477642737e+02 -1.7274e+00 +9.0506e-02 +1.2158e+00 -1.9629e+00 -3.1670e+00
16708 +6.926289884e-02 +6.926289884e-02 -1.478307371e+02 -1.478307371e+02 -1.6603e+00 +1.3179e-01 +1.1697e+00 -2.0125e+00 -3.1553e+00
17993 +5.285327338e-02 +5.285327338e-02 -1.478471467e+02 -1.478471467e+02 -1.6598e+00 +1.1163e-01 +1.1297e+00 -2.0091e+00 -3.0990e+00
21208 +3.661775981e-02 +3.661775981e-02 -1.478633822e+02 -1.478633822e+02 -1.6702e+00 +1.2130e-01 +1.1266e+00 -2.0236e+00 -3.1003e+00
23621 +1.578824772e-02 +1.578824772e-02 -1.478842118e+02 -1.478842118e+02 -1.6762e+00 +1.3035e-01 +1.1396e+00 -2.0196e+00 -3.1138e+00
29121 +9.873488973e-03 +9.873488973e-03 -1.478901265e+02 -1.478901265e+02 -1.6761e+00 +1.3557e-01 +1.1362e+00 -2.0186e+00 -3.1140e+00
34480 +4.770417151e-03 +4.770417151e-03 -1.478952296e+02 -1.478952296e+02 -1.6693e+00 +1.3593e-01 +1.1363e+00 -2.0137e+00 -3.1097e+00
39069 +3.944104965e-03 +3.944104965e-03 -1.478960559e+02 -1.478960559e+02 -1.6698e+00 +1.3639e-01 +1.1362e+00 -2.0136e+00 -3.1098e+00
45426 +2.406625420e-03 +2.406625420e-03 -1.478975934e+02 -1.478975934e+02 -1.6712e+00 +1.3689e-01 +1.1349e+00 -2.0167e+00 -3.1113e+00
% function evaluation | noise-free fitness - Fopt (-2.218900000000e+02) | best noise-free fitness - Fopt | measured fitness | best measured fitness | x1 | x2...
1 +1.034328458e+02 +1.034328458e+02 -1.184571542e+02 -1.184571542e+02 -2.5174e+00 -2.5704e+00 -3.6643e+00 +4.5249e+00 +3.9572e+00
2 +3.137811601e+01 +3.137811601e+01 -1.905118840e+02 -1.905118840e+02 +4.5666e+00 +3.2847e+00 +2.3800e+00 +3.1549e+00 -1.3579e+00
3 +1.235564418e+01 +1.235564418e+01 -2.095343558e+02 -2.095343558e+02 -2.3868e+00 +1.5158e+00 +4.9256e+00 +3.9333e+00 +1.1503e+00
26 +9.730431760e+00 +9.730431760e+00 -2.121595682e+02 -2.121595682e+02 -2.5536e+00 -2.6703e+00 +4.3649e+00 +3.9660e+00 -4.5719e+00
264 +3.560362646e+00 +3.560362646e+00 -2.183296374e+02 -2.183296374e+02 -3.0358e+00 -1.0272e-01 -4.3753e-02 -8.0340e-01 -2.5446e+00
554 +2.148054966e+00 +2.148054966e+00 -2.197419450e+02 -2.197419450e+02 -1.9399e+00 +1.1833e-01 -1.3743e-01 -2.1462e-01 -2.2426e+00
769 +1.519415524e+00 +1.519415524e+00 -2.203705845e+02 -2.203705845e+02 -3.3285e+00 -5.2658e-01 -2.0122e-01 +9.4070e-01 -1.5623e+00
3383 +9.145384238e-01 +9.145384238e-01 -2.209754616e+02 -2.209754616e+02 -4.2643e+00 -3.1198e-01 +0.0000e+00 +7.7917e-01 -1.9566e+00
5161 +4.882121298e-01 +4.882121298e-01 -2.214017879e+02 -2.214017879e+02 -3.6392e+00 +7.8608e-02 -9.6193e-02 +5.5903e-01 -2.1316e+00
6638 +2.807880236e-01 +2.807880236e-01 -2.216092120e+02 -2.216092120e+02 -3.7255e+00 +2.1553e-01 -7.1795e-02 +9.0018e-01 -1.9999e+00
10048 +2.490199518e-01 +2.490199518e-01 -2.216409800e+02 -2.216409800e+02 -3.7021e+00 +1.5386e-01 -2.2415e-02 +6.5341e-01 -1.9980e+00
16367 +1.573796006e-01 +1.573796006e-01 -2.217326204e+02 -2.217326204e+02 -3.9369e+00 +2.4476e-01 +2.0440e-01 +7.7331e-01 -2.0443e+00
17689 +9.178187884e-02 +9.178187884e-02 -2.217982181e+02 -2.217982181e+02 -3.9968e+00 +2.5884e-01 +1.4687e-01 +8.7050e-01 -1.9576e+00
26636 +4.811153776e-02 +4.811153776e-02 -2.218418885e+02 -2.218418885e+02 -3.9281e+00 +2.4452e-01 +2.4609e-01 +8.8005e-01 -1.9682e+00
27505 +3.711646087e-02 +3.711646087e-02 -2.218528835e+02 -2.218528835e+02 -3.9649e+00 +2.5002e-01 +2.5284e-01 +8.9047e-01 -1.9569e+00
30001 +2.070910907e-02 +2.070910907e-02 -2.218692909e+02 -2.218692909e+02 -3.9263e+00 +2.4526e-01 +2.2952e-01 +8.8053e-01 -1.9479e+00
36593 +1.092597766e-02 +1.092597766e-02 -2.218790740e+02 -2.218790740e+02 -3.9465e+00 +2.4543e-01 +2.6206e-01 +8.8793e-01 -1.9511e+00
38093 +8.280191961e-03 +8.280191961e-03 -2.218817198e+02 -2.218817198e+02 -3.9391e+00 +2.4683e-01 +2.5745e-01 +8.8336e-01 -1.9505e+00
44144 +5.145169008e-03 +5.145169008e-03 -2.218848548e+02 -2.218848548e+02 -3.9355e+00 +2.4641e-01 +2.5948e-01 +8.8535e-01 -1.9555e+00
48629 +2.844739536e-03 +2.844739536e-03 -2.218871553e+02 -2.218871553e+02 -3.9417e+00 +2.4862e-01 +2.5869e-01 +8.8667e-01 -1.9558e+00
% function evaluation | noise-free fitness - Fopt (1.195400000000e+02) | best noise-free fitness - Fopt | measured fitness | best measured fitness | x1 | x2...
1 +1.858518732e+01 +1.858518732e+01 +1.381251873e+02 +1.381251873e+02 -8.1923e-01 +1.2612e+00 -2.1806e-01 -3.6407e+00 +1.0304e+00
2 +7.307176007e+00 +7.307176007e+00 +1.268471760e+02 +1.268471760e+02 +1.0891e+00 +3.8944e+00 -4.8110e+00 -2.0985e-01 +4.3073e+00
78 +4.914229449e+00 +4.914229449e+00 +1.244542294e+02 +1.244542294e+02 -5.4835e-01 -1.6387e+00 -1.4483e+00 -6.9912e-01 +4.9622e+00
200 +3.805675465e+00 +3.805675465e+00 +1.233456755e+02 +1.233456755e+02 -1.1124e+00 +2.4682e+00 -3.5200e+00 -1.4518e+00 +4.2617e+00
1012 +2.138611068e+00 +2.138611068e+00 +1.216786111e+02 +1.216786111e+02 +6.4131e-01 +1.5785e+00 -2.5685e+00 +5.8395e-01 +3.8905e+00
1326 +1.285301596e+00 +1.285301596e+00 +1.208253016e+02 +1.208253016e+02 +6.7759e-01 +8.6228e-01 -3.1093e+00 -4.0647e-01 +5.0000e+00
4102 +9.833046744e-01 +9.833046744e-01 +1.205233047e+02 +1.205233047e+02 +2.3635e+00 +1.7482e+00 -2.1802e+00 +9.7392e-02 +3.7575e+00
8100 +2.725189053e-01 +2.725189053e-01 +1.198125189e+02 +1.198125189e+02 +1.6615e+00 +1.2474e+00 -2.7641e+00 -1.4782e-01 +3.9084e+00
16986 +2.411856713e-01 +2.411856713e-01 +1.197811857e+02 +1.197811857e+02 +1.6628e+00 +1.2222e+00 -2.7432e+00 -2.1948e-01 +3.9272e+00
20157 +1.280160231e-01 +1.280160231e-01 +1.196680160e+02 +1.196680160e+02 +1.2561e+00 +8.4116e-01 -3.1028e+00 -4.0984e-01 +3.7812e+00
20256 +7.586774746e-02 +7.586774746e-02 +1.196158677e+02 +1.196158677e+02 +1.3890e+00 +9.2604e-01 -3.0675e+00 -3.7925e-01 +3.7775e+00
23853 +5.235878095e-02 +5.235878095e-02 +1.195923588e+02 +1.195923588e+02 +1.3276e+00 +9.2943e-01 -3.0635e+00 -3.8798e-01 +3.8011e+00
26694 +3.564992089e-02 +3.564992089e-02 +1.195756499e+02 +1.195756499e+02 +1.3132e+00 +9.2291e-01 -3.0675e+00 -3.7254e-01 +3.7639e+00
30942 +1.796014500e-02 +1.796014500e-02 +1.195579601e+02 +1.195579601e+02 +1.3134e+00 +8.9065e-01 -3.0961e+00 -3.7362e-01 +3.7762e+00
41895 +1.524913543e-02 +1.524913543e-02 +1.195552491e+02 +1.195552491e+02 +1.3234e+00 +9.0772e-01 -3.0822e+00 -3.5982e-01 +3.7735e+00
42469 +9.237949371e-03 +9.237949371e-03 +1.195492379e+02 +1.195492379e+02 +1.3182e+00 +9.0806e-01 -3.0777e+00 -3.5994e-01 +3.7749e+00
46395 +5.101440672e-03 +5.101440672e-03 +1.195451014e+02 +1.195451014e+02 +1.3220e+00 +9.0881e-01 -3.0744e+00 -3.6108e-01 +3.7751e+00
46969 +2.155424272e-03 +2.155424272e-03 +1.195421554e+02 +1.195421554e+02 +1.3200e+00 +9.0911e-01 -3.0768e+00 -3.6233e-01 +3.7775e+00
49744 +1.248878712e-03 +1.248878712e-03 +1.195412489e+02 +1.195412489e+02 +1.3196e+00 +9.0916e-01 -3.0758e+00 -3.6287e-01 +3.7777e+00
% function evaluation | noise-free fitness - Fopt (6.983000000000e+01) | best noise-free fitness - Fopt | measured fitness | best measured fitness | x1 | x2...
1 +2.793917354e+01 +2.793917354e+01 +9.776917354e+01 +9.776917354e+01 +1.1400e+00 -2.6252e+00 +2.8314e+00 +2.8372e+00 +3.7049e+00
2 +2.508886268e+01 +2.508886268e+01 +9.491886268e+01 +9.491886268e+01 +6.0604e-01 -5.4081e-01 -2.6791e+00 +2.3616e+00 +4.5057e+00
5 +1.215948869e+01 +1.215948869e+01 +8.198948869e+01 +8.198948869e+01 -1.3270e+00 -1.6304e+00 +6.5486e-01 +1.0695e+00 +2.0284e+00
19 +6.652825298e+00 +6.652825298e+00 +7.648282530e+01 +7.648282530e+01 -1.1805e+00 -2.7623e+00 -2.0475e+00 -1.3722e+00 +1.1165e+00
188 +6.082128922e+00 +6.082128922e+00 +7.591212892e+01 +7.591212892e+01 -1.3476e+00 -1.5542e+00 -3.3747e+00 -1.4594e+00 +3.1099e+00
530 +3.506293481e+00 +3.506293481e+00 +7.333629348e+01 +7.333629348e+01 -5.0000e+00 -1.5560e+00 -1.5363e+00 -5.0000e+00 +9.3256e-01
895 +1.587616433e+00 +1.587616433e+00 +7.141761643e+01 +7.141761643e+01 -2.0921e+00 -1.0154e+00 -2.6293e+00 -2.9120e+00 +9.6423e-01
2244 +1.191297014e+00 +1.191297014e+00 +7.102129701e+01 +7.102129701e+01 -2.4859e+00 -1.0925e+00 -2.5932e+00 -3.3936e+00 +9.4839e-01
3244 +9.659929817e-01 +9.659929817e-01 +7.079599298e+01 +7.079599298e+01 -2.6083e+00 -1.5272e+00 -3.0791e+00 -3.4335e+00 +1.4422e+00
3258 +3.264339230e-01 +3.264339230e-01 +7.015643392e+01 +7.015643392e+01 -2.9447e+00 -1.6173e+00 -2.6290e+00 -3.6383e+00 +1.5795e+00
9828 +2.496406328e-01 +2.496406328e-01 +7.007964063e+01 +7.007964063e+01 -2.9603e+00 -1.3894e+00 -2.6352e+00 -3.5384e+00 +1.5084e+00
11413 +6.926635235e-02 +6.926635235e-02 +6.989926635e+01 +6.989926635e+01 -2.8996e+00 -1.5137e+00 -2.6277e+00 -3.5255e+00 +1.6331e+00
17090 +5.708605140e-02 +5.708605140e-02 +6.988708605e+01 +6.988708605e+01 -2.8904e+00 -1.4647e+00 -2.6301e+00 -3.5204e+00 +1.5600e+00
25530 +3.761287937e-02 +3.761287937e-02 +6.986761288e+01 +6.986761288e+01 -2.8832e+00 -1.4371e+00 -2.6393e+00 -3.5144e+00 +1.5479e+00
31092 +2.271918460e-02 +2.271918460e-02 +6.985271918e+01 +6.985271918e+01 -2.8710e+00 -1.4482e+00 -2.6488e+00 -3.5039e+00 +1.5655e+00
37195 +1.192329692e-02 +1.192329692e-02 +6.984192330e+01 +6.984192330e+01 -2.8718e+00 -1.4640e+00 -2.6553e+00 -3.4952e+00 +1.5887e+00
38727 +6.271941882e-03 +6.271941882e-03 +6.983627194e+01 +6.983627194e+01 -2.8628e+00 -1.4547e+00 -2.6586e+00 -3.4879e+00 +1.5843e+00
42149 +3.638431030e-03 +3.638431030e-03 +6.983363843e+01 +6.983363843e+01 -2.8647e+00 -1.4567e+00 -2.6596e+00 -3.4851e+00 +1.5831e+00
46972 +2.327344775e-03 +2.327344775e-03 +6.983232734e+01 +6.983232734e+01 -2.8648e+00 -1.4558e+00 -2.6591e+00 -3.4862e+00 +1.5816e+00
47873 +1.555967132e-03 +1.555967132e-03 +6.983155597e+01 +6.983155597e+01 -2.8656e+00 -1.4559e+00 -2.6580e+00 -3.4869e+00 +1.5823e+00
48695 +8.055685207e-04 +8.055685207e-04 +6.983080557e+01 +6.983080557e+01 -2.8661e+00 -1.4565e+00 -2.6580e+00 -3.4875e+00 +1.5826e+00
% function evaluation | noise-free fitness - Fopt (7.000000000000e-02) | best noise-free fitness - Fopt | measured fitness | best measured fitness | x1 | x2...
1 +2.752599867e+01 +2.752599867e+01 +2.759599867e+01 +2.759599867e+01 -4.6385e-01 -3.7447e+00 -1.6864e+00 +8.7169e-01 -1.0935e+00
6 +1.423998937e+01 +1.423998937e+01 +1.430998937e+01 +1.430998937e+01 +3.8984e+00 -3.4665e+00 +2.8539e+00 -4.5794e+00 -3.2998e+00
14 +8.192968477e+00 +8.192968477e+00 +8.262968477e+00 +8.262968477e+00 +2.9883e+00 -3.0439e-01 +1.8030e+00 -2.6889e+00 +1.1682e+00
43 +5.724478087e+00 +5.724478087e+00 +5.794478087e+00 +5.794478087e+00 +4.4616e+00 -5.4383e-01 +4.2649e+00 -4.5437e-03 +2.7083e+00
244 +3.962642339e+00 +3.962642339e+00 +4.032642339e+00 +4.032642339e+00 +3.1562e+00 -2.4541e+00 +1.7965e+00 -1.9075e+00 +5.7892e-01
1031 +2.248776008e+00 +2.248776008e+00 +2.318776008e+00 +2.318776008e+00 +3.2014e+00 -2.2807e+00 +2.8085e+00 -2.9798e+00 +1.3535e+00
1916 +1.569606335e+00 +1.569606335e+00 +1.639606335e+00 +1.639606335e+00 +3.3264e+00 -2.2469e+00 +2.0848e+00 -4.2072e+00 +1.4257e+00
2407 +7.309156199e-01 +7.309156199e-01 +8.009156199e-01 +8.009156199e-01 +3.5002e+00 -2.2570e+00 +2.4255e+00 -3.9398e+00 +1.7472e+00
3804 +5.688942000e-01 +5.688942000e-01 +6.388942000e-01 +6.388942000e-01 +3.8839e+00 -2.0240e+00 +2.5047e+00 -3.5046e+00 +1.3896e+00
5620 +2.578382185e-01 +2.578382185e-01 +3.278382185e-01 +3.278382185e-01 +3.6293e+00 -2.0341e+00 +2.2987e+00 -3.7825e+00 +1.5943e+00
6688 +1.799188579e-01 +1.799188579e-01 +2.499188579e-01 +2.499188579e-01 +3.7213e+00 -2.0176e+00 +2.2335e+00 -3.8860e+00 +1.5953e+00
11324 +4.904065503e-02 +4.904065503e-02 +1.190406550e-01 +1.190406550e-01 +3.7348e+00 -2.0155e+00 +2.2460e+00 -3.8302e+00 +1.5246e+00
15172 +2.658099228e-02 +2.658099228e-02 +9.658099228e-02 +9.658099228e-02 +3.7281e+00 -1.9789e+00 +2.2361e+00 -3.8224e+00 +1.5358e+00
22847 +1.874633646e-02 +1.874633646e-02 +8.874633646e-02 +8.874633646e-02 +3.7317e+00 -1.9997e+00 +2.2345e+00 -3.8252e+00 +1.5296e+00
26609 +1.150680310e-02 +1.150680310e-02 +8.150680310e-02 +8.150680310e-02 +3.7334e+00 -1.9899e+00 +2.2460e+00 -3.8282e+00 +1.5332e+00
34435 +9.096198438e-03 +9.096198438e-03 +7.909619844e-02 +7.909619844e-02 +3.7361e+00 -1.9980e+00 +2.2453e+00 -3.8270e+00 +1.5280e+00
34542 +5.660818477e-03 +5.660818477e-03 +7.566081848e-02 +7.566081848e-02 +3.7434e+00 -1.9996e+00 +2.2452e+00 -3.8221e+00 +1.5252e+00
39773 +3.584966517e-03 +3.584966517e-03 +7.358496652e-02 +7.358496652e-02 +3.7439e+00 -1.9970e+00 +2.2467e+00 -3.8213e+00 +1.5287e+00
45977 +1.295284069e-03 +1.295284069e-03 +7.129528407e-02 +7.129528407e-02 +3.7411e+00 -1.9969e+00 +2.2470e+00 -3.8205e+00 +1.5291e+00
% function evaluation | noise-free fitness - Fopt (4.960000000000e+00) | best noise-free fitness - Fopt | measured fitness | best measured fitness | x1 | x2...
1 +6.840021149e+01 +6.840021149e+01 +7.336021149e+01 +7.336021149e+01 -2.5261e+00 -2.3446e+00 -3.2549e+00 -2.8753e+00 +3.6971e+00
2 +1.733132794e+01 +1.733132794e+01 +2.229132794e+01 +2.229132794e+01 +1.1102e+00 +3.3589e+00 -1.3012e+00 -3.9356e+00 +2.4090e+00
8 +1.184086626e+01 +1.184086626e+01 +1.680086626e+01 +1.680086626e+01 +2.1425e+00 +1.1004e-01 -1.8749e+00 -1.8200e+00 -4.5227e-01
12 +6.252996558e+00 +6.252996558e+00 +1.121299656e+01 +1.121299656e+01 -4.0765e-01 +1.4144e+00 -7.4185e-01 -3.5414e+00 -3.3901e+00
350 +3.971661971e+00 +3.971661971e+00 +8.931661971e+00 +8.931661971e+00 +1.3965e+00 +7.2220e-01 -7.0866e-01 -4.5517e+00 -2.9157e+00
1027 +2.474203786e+00 +2.474203786e+00 +7.434203786e+00 +7.434203786e+00 +5.0000e+00 +2.1137e+00 -1.7978e+00 -5.0000e+00 -5.0000e+00
1084 +1.141474017e+00 +1.141474017e+00 +6.101474017e+00 +6.101474017e+00 +3.8531e+00 +1.3596e+00 -1.6368e+00 -3.6756e+00 -4.2354e+00
2151 +9.381212771e-01 +9.381212771e-01 +5.898121277e+00 +5.898121277e+00 +3.7190e+00 +1.4565e+00 -1.3264e+00 -4.1535e+00 -3.7737e+00
3899 +4.198587233e-01 +4.198587233e-01 +5.379858723e+00 +5.379858723e+00 +3.3559e+00 +1.8078e+00 -1.1414e+00 -3.7387e+00 -3.4889e+00
5531 +3.881470324e-01 +3.881470324e-01 +5.348147032e+00 +5.348147032e+00 +3.3303e+00 +1.7727e+00 -1.2147e+00 -3.7264e+00 -3.3305e+00
7080 +2.270086663e-01 +2.270086663e-01 +5.187008666e+00 +5.187008666e+00 +3.2743e+00 +1.7732e+00 -1.1366e+00 -3.8457e+00 -3.3813e+00
10517 +1.145976782e-01 +1.145976782e-01 +5.074597678e+00 +5.074597678e+00 +3.3142e+00 +1.7918e+00 -1.2316e+00 -3.9653e+00 -3.2981e+00
12517 +9.362154559e-02 +9.362154559e-02 +5.053621546e+00 +5.053621546e+00 +3.3120e+00 +1.7934e+00 -1.2177e+00 -3.9517e+00 -3.4319e+00
18031 +3.976857792e-02 +3.976857792e-02 +4.999768578e+00 +4.999768578e+00 +3.3216e+00 +1.7755e+00 -1.2198e+00 -3.9863e+00 -3.3378e+00
46678 +2.464409129e-02 +2.464409129e-02 +4.984644091e+00 +4.984644091e+00 +3.3193e+00 +1.7783e+00 -1.2204e+00 -3.9841e+00 -3.3366e+00
% function evaluation | noise-free fitness - Fopt (1.923000000000e+02) | best noise-free fitness - Fopt | measured fitness | best measured fitness | x1 | x2...
1 +7.754383591e+00 +7.754383591e+00 +2.000543836e+02 +2.000543836e+02 -2.1352e+00 +4.4245e+00 -1.0868e+00 -8.0497e-01 -7.3171e-01
138 +3.142332046e+00 +3.142332046e+00 +1.954423320e+02 +1.954423320e+02 -4.5100e+00 +3.4683e+00 -1.7668e+00 -1.2714e+00 -3.4833e+00
1058 +1.901169331e+00 +1.901169331e+00 +1.942011693e+02 +1.942011693e+02 -3.9249e+00 +5.0000e+00 -2.5326e+00 -4.8182e-01 -5.0000e+00
1349 +6.709893741e-01 +6.709893741e-01 +1.929709894e+02 +1.929709894e+02 -3.3524e+00 +4.2363e+00 -2.8818e+00 -1.1101e+00 -4.0073e+00
3584 +5.658891166e-01 +5.658891166e-01 +1.928658891e+02 +1.928658891e+02 -3.0710e+00 +4.3527e+00 -2.8700e+00 -1.1619e+00 -4.2493e+00
8236 +3.429075568e-01 +3.429075568e-01 +1.926429076e+02 +1.926429076e+02 -3.1429e+00 +4.0969e+00 -2.8803e+00 -1.2579e+00 -3.9638e+00
10129 +2.321603420e-01 +2.321603420e-01 +1.925321603e+02 +1.925321603e+02 -2.9257e+00 +4.0694e+00 -2.7637e+00 -1.1319e+00 -3.9206e+00
10589 +1.276755981e-01 +1.276755981e-01 +1.924276756e+02 +1.924276756e+02 -3.0567e+00 +4.0751e+00 -2.7862e+00 -1.2413e+00 -3.9864e+00
16600 +8.044610275e-02 +8.044610275e-02 +1.923804461e+02 +1.923804461e+02 -2.9966e+00 +3.9469e+00 -2.7758e+00 -1.2804e+00 -3.9753e+00
17600 +5.760942496e-02 +5.760942496e-02 +1.923576094e+02 +1.923576094e+02 -3.0003e+00 +3.9201e+00 -2.7695e+00 -1.2409e+00 -3.9673e+00
19708 +3.161544778e-02 +3.161544778e-02 +1.923316154e+02 +1.923316154e+02 -3.0058e+00 +3.9477e+00 -2.7708e+00 -1.2362e+00 -3.9774e+00
22703 +2.197199942e-02 +2.197199942e-02 +1.923219720e+02 +1.923219720e+02 -3.0135e+00 +3.9713e+00 -2.7702e+00 -1.2378e+00 -3.9858e+00
28544 +1.365109941e-02 +1.365109941e-02 +1.923136511e+02 +1.923136511e+02 -3.0130e+00 +3.9813e+00 -2.7721e+00 -1.2403e+00 -3.9882e+00
29211 +7.369042381e-03 +7.369042381e-03 +1.923073690e+02 +1.923073690e+02 -3.0139e+00 +3.9811e+00 -2.7796e+00 -1.2393e+00 -3.9913e+00
32885 +6.110572133e-03 +6.110572133e-03 +1.923061106e+02 +1.923061106e+02 -3.0129e+00 +3.9800e+00 -2.7804e+00 -1.2431e+00 -3.9889e+00
35385 +2.499015755e-03 +2.499015755e-03 +1.923024990e+02 +1.923024990e+02 -3.0130e+00 +3.9784e+00 -2.7794e+00 -1.2440e+00 -3.9889e+00
44385 +1.209021205e-03 +1.209021205e-03 +1.923012090e+02 +1.923012090e+02 -3.0142e+00 +3.9792e+00 -2.7791e+00 -1.2422e+00 -3.9905e+00
% function evaluation | noise-free fitness - Fopt (4.971000000000e+01) | best noise-free fitness - Fopt | measured fitness | best measured fitness | x1 | x2...
1 +1.426696975e+01 +1.426696975e+01 +6.397696975e+01 +6.397696975e+01 +8.2202e-02 -1.2327e+00 +3.4710e+00 +1.6280e+00 +1.1512e+00
54 +7.154770711e+00 +7.154770711e+00 +5.686477071e+01 +5.686477071e+01 +1.2143e+00 -1.6191e+00 -3.2049e+00 +3.2849e+00 -2.7575e+00
107 +3.440198507e+00 +3.440198507e+00 +5.315019851e+01 +5.315019851e+01 +2.3554e+00 -4.3881e+00 -2.0495e-01 +2.4754e+00 -1.6910e+00
1064 +2.299117141e+00 +2.299117141e+00 +5.200911714e+01 +5.200911714e+01 +3.3180e+00 -3.5376e+00 -1.9772e+00 +2.2983e+00 -8.3121e-01
1169 +1.499067231e+00 +1.499067231e+00 +5.120906723e+01 +5.120906723e+01 +3.9786e+00 -3.7683e+00 -9.4538e-01 +3.2742e+00 -1.3611e+00
2818 +9.139230832e-01 +9.139230832e-01 +5.062392308e+01 +5.062392308e+01 +3.5925e+00 -4.1837e+00 -1.2572e+00 +2.3439e+00 -1.8884e+00
3339 +4.778484808e-01 +4.778484808e-01 +5.018784848e+01 +5.018784848e+01 +3.6122e+00 -3.6256e+00 -1.2786e+00 +2.2359e+00 -1.7005e+00
4225 +3.832892250e-01 +3.832892250e-01 +5.009328922e+01 +5.009328922e+01 +3.6510e+00 -3.8761e+00 -1.2004e+00 +2.4520e+00 -1.5244e+00
8845 +2.469015596e-01 +2.469015596e-01 +4.995690156e+01 +4.995690156e+01 +3.7727e+00 -3.7519e+00 -1.2958e+00 +2.3621e+00 -1.4467e+00
11612 +1.264847205e-01 +1.264847205e-01 +4.983648472e+01 +4.983648472e+01 +3.7446e+00 -3.6672e+00 -1.3624e+00 +2.2843e+00 -1.5155e+00
12729 +8.426014499e-02 +8.426014499e-02 +4.979426014e+01 +4.979426014e+01 +3.7784e+00 -3.7403e+00 -1.3401e+00 +2.2975e+00 -1.5243e+00
16260 +4.511607219e-02 +4.511607219e-02 +4.975511607e+01 +4.975511607e+01 +3.7612e+00 -3.7364e+00 -1.3111e+00 +2.3381e+00 -1.5110e+00
23607 +3.629124159e-02 +3.629124159e-02 +4.974629124e+01 +4.974629124e+01 +3.7571e+00 -3.7316e+00 -1.3174e+00 +2.3401e+00 -1.5124e+00
31613 +2.257220781e-02 +2.257220781e-02 +4.973257221e+01 +4.973257221e+01 +3.7765e+00 -3.7370e+00 -1.3173e+00 +2.3497e+00 -1.5269e+00
34024 +1.315930545e-02 +1.315930545e-02 +4.972315931e+01 +4.972315931e+01 +3.7799e+00 -3.7358e+00 -1.3213e+00 +2.3501e+00 -1.5169e+00
45973 +9.216981836e-03 +9.216981836e-03 +4.971921698e+01 +4.971921698e+01 +3.7778e+00 -3.7357e+00 -1.3225e+00 +2.3497e+00 -1.5183e+00
% function evaluation | noise-free fitness - Fopt (2.051200000000e+02) | best noise-free fitness - Fopt | measured fitness | best measured fitness | x1 | x2...
1 +3.044166576e+01 +3.044166576e+01 +2.355616658e+02 +2.355616658e+02 +4.5041e-01 +2.6627e+00 +3.4555e+00 -1.5339e+00 -2.3065e+00
4 +1.902545793e+01 +1.902545793e+01 +2.241454579e+02 +2.241454579e+02 +4.2583e+00 +4.1960e+00 -8.2543e-01 +7.3295e-02 -3.4985e+00
23 +1.085779105e+01 +1.085779105e+01 +2.159777910e+02 +2.159777910e+02 -4.0377e+00 +1.1076e+00 +5.4848e-01 -3.9026e+00 -1.5261e+00
30 +9.303199653e+00 +9.303199653e+00 +2.144231997e+02 +2.144231997e+02 +3.7938e+00 +2.9844e+00 -4.9756e+00 -2.3448e+00 +1.0478e+00
194 +5.667693371e+00 +5.667693371e+00 +2.107876934e+02 +2.107876934e+02 -5.4849e-01 +3.0732e+00 -3.0717e+00 -1.0629e-01 -1.7246e+00
604 +2.779672240e+00 +2.779672240e+00 +2.078996722e+02 +2.078996722e+02 -1.3263e-01 +3.3962e+00 -5.0000e+00 -2.7217e+00 -7.2677e-01
1149 +2.096695983e+00 +2.096695983e+00 +2.072166960e+02 +2.072166960e+02 +0.0000e+00 +4.1186e+00 -3.2743e+00 -2.8939e+00 -6.7809e-01
1626 +7.769142590e-01 +7.769142590e-01 +2.058969143e+02 +2.058969143e+02 -1.0462e+00 +3.9774e+00 -3.7684e+00 -2.4197e+00 -1.6672e+00
5148 +5.535348997e-01 +5.535348997e-01 +2.056735349e+02 +2.056735349e+02 -1.3388e+00 +3.8633e+00 -2.8899e+00 -2.0802e+00 -1.8358e+00
6124 +3.658111835e-01 +3.658111835e-01 +2.054858112e+02 +2.054858112e+02 -1.2565e+00 +3.8365e+00 -2.9098e+00 -1.9801e+00 -1.9256e+00
8787 +2.120783088e-01 +2.120783088e-01 +2.053320783e+02 +2.053320783e+02 -1.2610e+00 +3.9029e+00 -3.3103e+00 -2.2855e+00 -1.9119e+00
11173 +1.482314009e-01 +1.482314009e-01 +2.052682314e+02 +2.052682314e+02 -1.2419e+00 +3.9033e+00 -3.3623e+00 -2.1266e+00 -1.9887e+00
13017 +8.540688408e-02 +8.540688408e-02 +2.052054069e+02 +2.052054069e+02 -1.2022e+00 +3.9200e+00 -3.3092e+00 -2.1715e+00 -1.9824e+00
17941 +3.952226617e-02 +3.952226617e-02 +2.051595223e+02 +2.051595223e+02 -1.2231e+00 +3.8966e+00 -3.3266e+00 -2.2132e+00 -1.9734e+00
27139 +2.333063219e-02 +2.333063219e-02 +2.051433306e+02 +2.051433306e+02 -1.1987e+00 +3.9017e+00 -3.3376e+00 -2.2243e+00 -1.9726e+00
30110 +1.125165143e-02 +1.125165143e-02 +2.051312517e+02 +2.051312517e+02 -1.1951e+00 +3.9102e+00 -3.3555e+00 -2.2173e+00 -1.9651e+00
33183 +8.022580353e-03 +8.022580353e-03 +2.051280226e+02 +2.051280226e+02 -1.1944e+00 +3.9076e+00 -3.3509e+00 -2.2192e+00 -1.9650e+00
34639 +4.867240671e-03 +4.867240671e-03 +2.051248672e+02 +2.051248672e+02 -1.1938e+00 +3.9057e+00 -3.3520e+00 -2.2216e+00 -1.9638e+00
42208 +3.846186708e-03 +3.846186708e-03 +2.051238462e+02 +2.051238462e+02 -1.1953e+00 +3.9083e+00 -3.3522e+00 -2.2207e+00 -1.9638e+00
46043 +2.495966494e-03 +2.495966494e-03 +2.051224960e+02 +2.051224960e+02 -1.1940e+00 +3.9071e+00 -3.3542e+00 -2.2227e+00 -1.9638e+00
49827 +1.410056701e-03 +1.410056701e-03 +2.051214101e+02 +2.051214101e+02 -1.1933e+00 +3.9062e+00 -3.3538e+00 -2.2228e+00 -1.9620e+00
% function evaluation | noise-free fitness - Fopt (-1.729000000000e+02) | best noise-free fitness - Fopt | measured fitness | best measured fitness | x1 | x2...
1 +2.849982484e+01 +2.849982484e+01 -1.444001752e+02 -1.444001752e+02 +1.9209e+00 +2.2452e+00 -1.6330e+00 +4.3400e+00 +3.5409e+00
2 +2.140275411e+01 +2.140275411e+01 -1.514972459e+02 -1.514972459e+02 -3.2117e-01 +2.3725e+00 +2.1921e-01 +2.0117e+00 -4.1287e+00
7 +1.025778492e+01 +1.025778492e+01 -1.626422151e+02 -1.626422151e+02 -4.8134e+00 -3.4224e+00 +2.0785e+00 -3.9962e+00 -4.5633e+00
13 +9.841824916e+00 +9.841824916e+00 -1.630581751e+02 -1.630581751e+02 -1.8139e-01 -1.0736e+00 +3.8678e+00 -2.1470e+00 +8.4789e-01
84 +5.968434461e+00 +5.968434461e+00 -1.669315655e+02 -1.669315655e+02 -3.4390e+00 +1.3501e+00 +2.8302e+00 -8.9597e-01 -1.3099e+00
1042 +3.225801569e+00 +3.225801569e+00 -1.696741984e+02 -1.696741984e+02 -1.9729e+00 -5.5391e-01 +5.0000e+00 -5.0000e+00 -5.0000e+00
1101 +2.315317093e+00 +2.315317093e+00 -1.705846829e+02 -1.705846829e+02 -3.9035e+00 +3.4620e-01 +3.9300e+00 -1.7196e+00 -1.3208e+00
1640 +1.436113540e+00 +1.436113540e+00 -1.714638865e+02 -1.714638865e+02 -2.3306e+00 -1.4796e+00 +4.4808e+00 -3.2698e+00 -3.0127e+00
4400 +8.206355696e-01 +8.206355696e-01 -1.720793644e+02 -1.720793644e+02 -2.7238e+00 -1.3969e+00 +3.8006e+00 -4.3589e+00 -3.6154e+00
5116 +5.109881646e-01 +5.109881646e-01 -1.723890118e+02 -1.723890118e+02 -2.8130e+00 -1.3704e+00 +4.0088e+00 -3.5887e+00 -3.6305e+00
6658 +2.835032037e-01 +2.835032037e-01 -1.726164968e+02 -1.726164968e+02 -2.7523e+00 -1.4362e+00 +3.8701e+00 -3.7873e+00 -3.7570e+00
9750 +1.551469844e-01 +1.551469844e-01 -1.727448530e+02 -1.727448530e+02 -3.0352e+00 -1.0292e+00 +3.8070e+00 -3.5362e+00 -3.2764e+00
16937 +6.893194372e-02 +6.893194372e-02 -1.728310681e+02 -1.728310681e+02 -2.9420e+00 -1.0890e+00 +3.8237e+00 -3.6656e+00 -3.3909e+00
22520 +5.521137940e-02 +5.521137940e-02 -1.728447886e+02 -1.728447886e+02 -2.9475e+00 -1.0537e+00 +3.8401e+00 -3.6260e+00 -3.3358e+00
23632 +3.871704876e-02 +3.871704876e-02 -1.728612830e+02 -1.728612830e+02 -2.9311e+00 -9.8537e-01 +3.8684e+00 -3.6215e+00 -3.3199e+00
29388 +2.360140905e-02 +2.360140905e-02 -1.728763986e+02 -1.728763986e+02 -2.9326e+00 -1.0120e+00 +3.8624e+00 -3.6221e+00 -3.3308e+00
35543 +1.247959246e-02 +1.247959246e-02 -1.728875204e+02 -1.728875204e+02 -2.9425e+00 -1.0049e+00 +3.8591e+00 -3.6267e+00 -3.3268e+00
36919 +9.137669230e-03 +9.137669230e-03 -1.728908623e+02 -1.728908623e+02 -2.9390e+00 -1.0063e+00 +3.8588e+00 -3.6261e+00 -3.3316e+00
% function evaluation | noise-free fitness - Fopt (-3.506200000000e+02) | best noise-free fitness - Fopt | measured fitness | best measured fitness | x1 | x2...
1 +2.260292721e+01 +2.260292721e+01 -3.280170728e+02 -3.280170728e+02 -3.2080e+00 -2.9025e-01 +3.5756e+00 -6.5901e-01 +4.5567e+00
5 +1.574853644e+01 +1.574853644e+01 -3.348714636e+02 -3.348714636e+02 -1.7256e-01 +2.8743e+00 +6.1933e-02 +4.7838e+00 -4.3104e+00
19 +8.510221407e+00 +8.510221407e+00 -3.421097786e+02 -3.421097786e+02 -1.7781e+00 -2.8882e+00 +9.2344e-01 -2.3239e+00 +2.1170e+00
57 +5.380794059e+00 +5.380794059e+00 -3.452392059e+02 -3.452392059e+02 -1.0734e+00 -4.6711e+00 -2.5314e+00 +1.6758e+00 +5.7586e-01
374 +1.752692315e+00 +1.752692315e+00 -3.488673077e+02 -3.488673077e+02 -3.1285e+00 -4.8033e+00 -2.1823e-02 -1.4502e+00 +1.1625e+00
1494 +9.195150723e-01 +9.195150723e-01 -3.497004849e+02 -3.497004849e+02 -4.4477e+00 -3.6366e+00 +0.0000e+00 -2.0976e+00 +1.0035e+00
6523 +4.874483516e-01 +4.874483516e-01 -3.501325516e+02 -3.501325516e+02 -4.0206e+00 -3.6688e+00 -2.3951e-01 -1.8647e+00 +1.5103e+00
7804 +3.764542141e-01 +3.764542141e-01 -3.502435458e+02 -3.502435458e+02 -3.9565e+00 -3.5682e+00 -3.4598e-01 -2.0812e+00 +1.0902e+00
10262 +1.742509513e-01 +1.742509513e-01 -3.504457490e+02 -3.504457490e+02 -3.8972e+00 -3.7054e+00 -3.4098e-01 -1.8344e+00 +1.2688e+00
11562 +1.379123563e-01 +1.379123563e-01 -3.504820876e+02 -3.504820876e+02 -3.8435e+00 -3.7821e+00 -3.9362e-01 -1.7798e+00 +1.2300e+00
16988 +5.300318674e-02 +5.300318674e-02 -3.505669968e+02 -3.505669968e+02 -3.9092e+00 -3.7543e+00 -3.4556e-01 -1.8147e+00 +1.3263e+00
24364 +3.099336908e-02 +3.099336908e-02 -3.505890066e+02 -3.505890066e+02 -3.9257e+00 -3.7406e+00 -3.5924e-01 -1.8299e+00 +1.3165e+00
25772 +2.073961467e-02 +2.073961467e-02 -3.505992604e+02 -3.505992604e+02 -3.9090e+00 -3.7410e+00 -3.5065e-01 -1.8098e+00 +1.3132e+00
28003 +9.468020277e-03 +9.468020277e-03 -3.506105320e+02 -3.506105320e+02 -3.9084e+00 -3.7416e+00 -3.5985e-01 -1.8117e+00 +1.3100e+00
34718 +4.450270462e-03 +4.450270462e-03 -3.506155497e+02 -3.506155497e+02 -3.9081e+00 -3.7393e+00 -3.5501e-01 -1.8033e+00 +1.3050e+00
40342 +2.487225168e-03 +2.487225168e-03 -3.506175128e+02 -3.506175128e+02 -3.9083e+00 -3.7390e+00 -3.5494e-01 -1.8028e+00 +1.3062e+00
