% function evaluation | noise-free fitness - Fopt (1.491500000000e+02) | best noise-free fitness - Fopt | measured fitness | best measured fitness | x1 | x2...
1 +9.569650137e+04 +9.569650137e+04 +9.584565137e+04 +9.584565137e+04 -4.7502e+00 -2.4698e+00 +3.4455e+00 -3.4713e+00 +2.4341e+00
2 +1.794470978e+03 +1.794470978e+03 +1.943620978e+03 +1.943620978e+03 +1.0977e-01 -7.9223e-01 -2.4519e+00 +2.9727e+00 +4.5100e+00
77 +1.370415306e+03 +1.370415306e+03 +1.519565306e+03 +1.519565306e+03 +2.7704e-01 -2.2684e-02 -2.4399e+00 +1.7162e+00 -1.9244e+00
79 +5.747220421e+02 +5.747220421e+02 +7.238720421e+02 +7.238720421e+02 -2.2990e+00 -6.3582e-01 -2.1598e+00 +1.1224e+00 -2.7797e+00
183 +1.792242671e+02 +1.792242671e+02 +3.283742671e+02 +3.283742671e+02 -1.1925e-01 -1.2654e+00 -2.1611e-01 +1.2808e+00 -2.7795e+00
401 +1.493779581e+02 +1.493779581e+02 +2.985279581e+02 +2.985279581e+02 -7.7193e-01 -9.6760e-01 +3.2358e-01 +2.8012e+00 +0.0000e+00
513 +7.620025865e+01 +7.620025865e+01 +2.253502586e+02 +2.253502586e+02 -8.4530e-01 -1.3031e+00 -2.3277e-01 +1.6877e+00 -2.6948e+00
977 +6.174145263e+01 +6.174145263e+01 +2.108914526e+02 +2.108914526e+02 -7.1399e-01 -1.1622e+00 -7.6005e-01 +1.5535e+00 -2.8787e+00
1160 +3.195468513e+01 +3.195468513e+01 +1.811046851e+02 +1.811046851e+02 -1.0897e+00 -1.6356e+00 -4.4909e-01 +1.1726e+00 -3.6583e+00
1340 +1.878401763e+01 +1.878401763e+01 +1.679340176e+02 +1.679340176e+02 -1.0455e+00 -1.3233e+00 -1.2985e+00 +9.0048e-01 -3.9215e+00
1514 +1.203264759e+01 +1.203264759e+01 +1.611826476e+02 +1.611826476e+02 -1.2503e+00 -1.1228e+00 -8.1774e-01 +1.0171e+00 -3.8197e+00
1966 +7.976705399e+00 +7.976705399e+00 +1.571267054e+02 +1.571267054e+02 -1.7035e+00 -8.7074e-01 -7.5513e-01 +1.0136e+00 -3.8418e+00
2605 +6.236239421e+00 +6.236239421e+00 +1.553862394e+02 +1.553862394e+02 -1.7357e+00 -9.0399e-01 -6.3347e-01 +1.0182e+00 -3.7411e+00
3858 +3.224031955e+00 +3.224031955e+00 +1.523740320e+02 +1.523740320e+02 -4.9925e-01 -9.8163e-01 -8.2109e-01 +9.1769e-01 -3.7820e+00
4658 +2.382370996e+00 +2.382370996e+00 +1.515323710e+02 +1.515323710e+02 -3.6350e-01 -9.2497e-01 -7.9102e-01 +9.3813e-01 -3.7614e+00
9212 +1.495107329e+00 +1.495107329e+00 +1.506451073e+02 +1.506451073e+02 -2.4104e-01 -7.3945e-01 -6.1024e-01 +1.0037e+00 -3.7215e+00
13454 +9.955786548e-01 +9.955786548e-01 +1.501455787e+02 +1.501455787e+02 -2.2921e-01 -6.7193e-01 -4.6430e-01 +1.1215e+00 -3.6590e+00
14390 +6.303047657e-01 +6.303047657e-01 +1.497803048e+02 +1.497803048e+02 -1.7444e-01 -5.8228e-01 -3.4017e-01 +1.2460e+00 -3.5850e+00
25235 +3.942242965e-01 +3.942242965e-01 +1.495442243e+02 +1.495442243e+02 -1.4004e-01 -5.3697e-01 -2.8554e-01 +1.3416e+00 -3.4963e+00
37640 +2.451046870e-01 +2.451046870e-01 +1.493951047e+02 +1.493951047e+02 -1.1738e-01 -4.9090e-01 -2.1293e-01 +1.4395e+00 -3.3881e+00
% function evaluation | noise-free fitness - Fopt (-1.000000000000e+03) | best noise-free fitness - Fopt | measured fitness | best measured fitness | x1 | x2...
1 +3.909791676e+04 +3.909791676e+04 +3.809791676e+04 +3.809791676e+04 -2.0543e+00 +4.6872e+00 +1.3762e+00 -4.0424e+00 +1.2354e+00
9 +2.561932845e+03 +2.561932845e+03 +1.561932845e+03 +1.561932845e+03 -2.2649e+00 +2.0783e+00 -1.5842e-01 -1.7535e+00 +1.6683e-01
11 +2.290507954e+03 +2.290507954e+03 +1.290507954e+03 +1.290507954e+03 -2.5182e+00 -5.9140e-01 -2.9805e-01 -7.1090e-01 -3.2674e+00
75 +1.500010665e+03 +1.500010665e+03 +5.000106654e+02 +5.000106654e+02 -2.5642e+00 +2.6211e-01 +6.0661e-01 -1.0328e+00 +2.4639e+00
178 +8.498398329e+02 +8.498398329e+02 -1.501601671e+02 -1.501601671e+02 -2.9783e+00 +9.2350e-01 +1.5488e+00 -1.1624e+00 +1.7434e+00
226 +2.370514475e+02 +2.370514475e+02 -7.629485525e+02 -7.629485525e+02 -3.3689e+00 +3.1615e-01 -4.2849e-01 -5.0863e-01 +8.6807e-01
373 +1.032461631e+02 +1.032461631e+02 -8.967538369e+02 -8.967538369e+02 -4.3221e+00 +4.2637e-01 +4.2360e-01 -3.5046e+00 -2.1188e+00
585 +9.293322308e+01 +9.293322308e+01 -9.070667769e+02 -9.070667769e+02 -4.5587e+00 +4.4552e-01 +7.8203e-01 -3.0908e+00 -3.3919e+00
737 +5.265249808e+01 +5.265249808e+01 -9.473475019e+02 -9.473475019e+02 -4.4371e+00 +3.6565e-01 +6.3469e-01 -2.7903e+00 -3.6014e+00
831 +3.669200994e+01 +3.669200994e+01 -9.633079901e+02 -9.633079901e+02 -3.9232e+00 -1.8761e-01 +6.8755e-01 -2.5167e+00 -2.6150e+00
959 +1.902090150e+01 +1.902090150e+01 -9.809790985e+02 -9.809790985e+02 -4.0253e+00 +1.3815e-01 +5.3697e-01 -2.9066e+00 -2.8380e+00
1342 +7.905578947e+00 +7.905578947e+00 -9.920944211e+02 -9.920944211e+02 -4.3090e+00 +4.4953e-01 +4.5106e-01 -2.6103e+00 -3.0541e+00
1554 +5.717568787e+00 +5.717568787e+00 -9.942824312e+02 -9.942824312e+02 -4.3476e+00 +4.9097e-01 +6.0628e-01 -2.5125e+00 -2.9596e+00
5082 +3.137768528e+00 +3.137768528e+00 -9.968622315e+02 -9.968622315e+02 -3.2003e+00 +5.7411e-01 +6.0086e-01 -2.5691e+00 -3.0418e+00
6201 +2.358104109e+00 +2.358104109e+00 -9.976418959e+02 -9.976418959e+02 -3.2003e+00 +5.6444e-01 +6.8063e-01 -2.5488e+00 -3.0456e+00
10633 +1.581490138e+00 +1.581490138e+00 -9.984185099e+02 -9.984185099e+02 -3.0977e+00 +7.3305e-01 +8.2593e-01 -2.4439e+00 -3.0355e+00
12120 +9.159864193e-01 +9.159864193e-01 -9.990840136e+02 -9.990840136e+02 -3.0099e+00 +8.9750e-01 +1.0598e+00 -2.2663e+00 -2.9785e+00
14511 +5.237556281e-01 +5.237556281e-01 -9.994762444e+02 -9.994762444e+02 -2.9515e+00 +9.9438e-01 +1.1892e+00 -2.1090e+00 -2.8670e+00
23615 +3.960693336e-01 +3.960693336e-01 -9.996039307e+02 -9.996039307e+02 -2.9378e+00 +1.0077e+00 +1.2266e+00 -2.0580e+00 -2.8008e+00
33154 +2.462487942e-01 +2.462487942e-01 -9.997537512e+02 -9.997537512e+02 -2.9131e+00 +1.0508e+00 +1.2955e+00 -1.9587e+00 -2.6971e+00
45000 +1.555252280e-01 +1.555252280e-01 -9.998444748e+02 -9.998444748e+02 -2.8997e+00 +1.0802e+00 +1.3421e+00 -1.8778e+00 -2.5883e+00
% function evaluation | noise-free fitness - Fopt (9.862000000000e+01) | best noise-free fitness - Fopt | measured fitness | best measured fitness | x1 | x2...
1 +4.190010071e+05 +4.190010071e+05 +4.190996271e+05 +4.190996271e+05 +3.6804e+00 +4.9273e+00 -3.4473e+00 +5.6771e-01 -1.0514e+00
2 +3.645832011e+05 +3.645832011e+05 +3.646818211e+05 +3.646818211e+05 -2.6795e+00 +4.0824e+00 -4.6315e+00 +2.1097e+00 +3.7674e+00
3 +2.052235376e+05 +2.052235376e+05 +2.053221576e+05 +2.053221576e+05 -1.8247e+00 -2.9067e+00 +3.4727e+00 +3.4658e+00 -6.0291e-01
4 +5.748009107e+04 +5.748009107e+04 +5.757871107e+04 +5.757871107e+04 -4.2959e+00 -2.1997e+00 +1.6419e+00 +1.0364e+00 -4.7340e+00
8 +2.786305134e+04 +2.786305134e+04 +2.796167134e+04 +2.796167134e+04 -2.6724e+00 +5.5043e-01 -1.8513e+00 -7.8274e-01 -3.7300e+00
9 +2.537336144e+03 +2.537336144e+03 +2.635956144e+03 +2.635956144e+03 -3.4829e+00 -2.2796e+00 +2.5783e+00 -4.8001e+00 -2.4079e-01
54 +2.104247205e+03 +2.104247205e+03 +2.202867205e+03 +2.202867205e+03 -3.8811e+00 -2.1132e+00 +1.5891e+00 -3.4122e+00 -1.6517e+00
64 +1.338688543e+03 +1.338688543e+03 +1.437308543e+03 +1.437308543e+03 -7.8292e-01 -4.8367e-01 +2.6477e+00 -2.1556e+00 +4.2693e+00
174 +5.484209115e+02 +5.484209115e+02 +6.470409115e+02 +6.470409115e+02 -1.4293e+00 -1.6971e+00 +2.3957e+00 -8.4053e-01 +3.9459e+00
303 +2.527222291e+02 +2.527222291e+02 +3.513422291e+02 +3.513422291e+02 -7.6312e-01 -1.5269e+00 +4.8456e-01 -1.6216e+00 +2.4257e+00
437 +1.643674743e+02 +1.643674743e+02 +2.629874743e+02 +2.629874743e+02 -1.4214e+00 -9.3384e-01 +2.6860e+00 -1.6849e+00 +2.9331e+00
629 +1.009871146e+02 +1.009871146e+02 +1.996071146e+02 +1.996071146e+02 -1.1581e+00 -8.4949e-01 +3.0459e+00 -8.7767e-01 +5.0000e+00
948 +7.685830555e+01 +7.685830555e+01 +1.754783055e+02 +1.754783055e+02 -1.2668e+00 -1.1225e+00 +2.8681e+00 -1.0703e+00 +4.7680e+00
1445 +5.588013599e+01 +5.588013599e+01 +1.545001360e+02 +1.545001360e+02 -2.4648e+00 -1.1117e+00 +2.8472e+00 -1.0384e+00 +4.6998e+00
1720 +3.622719619e+01 +3.622719619e+01 +1.348471962e+02 +1.348471962e+02 -1.0037e+00 -1.0015e+00 +2.9772e+00 -1.0042e+00 +4.6626e+00
1948 +1.929024197e+01 +1.929024197e+01 +1.179102420e+02 +1.179102420e+02 -9.3300e-01 -9.9806e-01 +2.9163e+00 -1.0886e+00 +4.4991e+00
2849 +1.545630478e+01 +1.545630478e+01 +1.140763048e+02 +1.140763048e+02 -8.7756e-01 -9.6936e-01 +2.9280e+00 -1.0232e+00 +4.8994e+00
2948 +2.542561688e+00 +2.542561688e+00 +1.011625617e+02 +1.011625617e+02 -6.7963e-01 -9.4793e-01 +2.9348e+00 -1.0099e+00 +4.8174e+00
4101 +1.859148665e+00 +1.859148665e+00 +1.004791487e+02 +1.004791487e+02 -6.9339e-01 -9.3894e-01 +2.9276e+00 -1.0432e+00 +4.6387e+00
9627 +1.582231948e+00 +1.582231948e+00 +1.002022319e+02 +1.002022319e+02 -7.0496e-01 -9.3783e-01 +2.9074e+00 -1.0732e+00 +4.5143e+00
28019 +9.907620896e-01 +9.907620896e-01 +9.961076209e+01 +9.961076209e+01 -7.1762e-01 -9.7172e-01 +2.8210e+00 -1.3235e+00 +3.5085e+00
48554 +6.226635280e-01 +6.226635280e-01 +9.924266353e+01 +9.924266353e+01 -7.3462e-01 -1.0107e+00 +2.7466e+00 -1.5213e+00 +2.8022e+00
% function evaluation | noise-free fitness - Fopt (-4.715000000000e+01) | best noise-free fitness - Fopt | measured fitness | best measured fitness | x1 | x2...
1 +5.008485934e+04 +5.008485934e+04 +5.003770934e+04 +5.003770934e+04 -3.1681e+00 -4.1275e+00 -2.8043e+00 +7.1817e-01 -4.6392e+00
6 +3.522966583e+04 +3.522966583e+04 +3.518251583e+04 +3.518251583e+04 -3.3671e+00 +2.4782e+00 -1.9227e+00 -7.9570e-01 +1.4067e+00
25 +1.176593899e+04 +1.176593899e+04 +1.171878899e+04 +1.171878899e+04 +1.8169e+00 -1.5792e+00 -4.4748e-01 -2.0623e+00 -3.0460e+00
26 +4.728923464e+03 +4.728923464e+03 +4.681773464e+03 +4.681773464e+03 -1.8695e+00 -2.8366e+00 -4.5758e+00 -3.3741e+00 -4.1729e-01
47 +4.701365942e+02 +4.701365942e+02 +4.229865942e+02 +4.229865942e+02 -6.1145e-01 -2.5884e-01 -7.4390e-01 -2.8777e+00 -3.7160e-01
53 +3.701919467e+02 +3.701919467e+02 +3.230419467e+02 +3.230419467e+02 -7.1646e-01 -2.9617e+00 -1.0482e+00 -1.2004e+00 +4.8161e+00
589 +1.542185128e+02 +1.542185128e+02 +1.070685128e+02 +1.070685128e+02 -6.1600e-01 -5.0099e-01 -4.0664e-01 -1.0783e+00 +4.5423e+00
915 +5.935618740e+01 +5.935618740e+01 +1.220618740e+01 +1.220618740e+01 -6.3810e-01 -6.5909e-01 -7.2130e-01 -1.1601e+00 +4.5621e+00
1349 +2.355511653e+01 +2.355511653e+01 -2.359488347e+01 -2.359488347e+01 -2.2860e+00 -7.2513e-01 -6.5374e-01 -1.0602e+00 +4.6488e+00
1818 +1.457299663e+01 +1.457299663e+01 -3.257700337e+01 -3.257700337e+01 -3.6423e-01 -7.3255e-01 -7.5587e-01 -1.0965e+00 +4.4689e+00
3237 +6.952159841e+00 +6.952159841e+00 -4.019784016e+01 -4.019784016e+01 -3.2479e-01 -5.9023e-01 -7.2706e-01 -1.1800e+00 +4.0211e+00
3437 +5.222805577e+00 +5.222805577e+00 -4.192719442e+01 -4.192719442e+01 -2.9128e-01 -6.2570e-01 -7.3476e-01 -1.1776e+00 +4.0014e+00
3865 +3.766248617e+00 +3.766248617e+00 -4.338375138e+01 -4.338375138e+01 -2.7881e-01 -6.0306e-01 -7.3819e-01 -1.1781e+00 +4.0357e+00
4261 +2.214605305e+00 +2.214605305e+00 -4.493539470e+01 -4.493539470e+01 -2.6164e-01 -6.1418e-01 -7.2500e-01 -1.2069e+00 +3.9921e+00
5313 +1.571471090e+00 +1.571471090e+00 -4.557852891e+01 -4.557852891e+01 -2.2325e-01 -6.0709e-01 -7.5315e-01 -1.2283e+00 +3.9273e+00
22751 +9.911337580e-01 +9.911337580e-01 -4.615886624e+01 -4.615886624e+01 -2.4723e-01 -6.2657e-01 -8.0809e-01 -1.4069e+00 +3.2241e+00
33394 +6.227865003e-01 +6.227865003e-01 -4.652721350e+01 -4.652721350e+01 -2.5959e-01 -6.7007e-01 -9.3467e-01 -1.7252e+00 +2.0917e+00
46819 +3.403554643e-01 +3.403554643e-01 -4.680964454e+01 -4.680964454e+01 -2.6919e-01 -6.9575e-01 -9.7784e-01 -1.8561e+00 +1.7181e+00
% function evaluation | noise-free fitness - Fopt (3.752000000000e+01) | best noise-free fitness - Fopt | measured fitness | best measured fitness | x1 | x2...
1 +1.061018425e+04 +1.061018425e+04 +1.064770425e+04 +1.064770425e+04 +2.2254e+00 -4.4630e+00 -2.0792e-01 -4.3899e-01 -2.6574e+00
20 +6.753266569e+03 +6.753266569e+03 +6.790786569e+03 +6.790786569e+03 -1.2528e+00 -3.9794e-01 +2.0411e+00 -2.1117e+00 +3.0745e+00
41 +1.318888258e+03 +1.318888258e+03 +1.356408258e+03 +1.356408258e+03 +5.8933e-02 -1.1617e+00 +4.0951e+00 -1.0699e+00 +4.3425e+00
98 +8.426990902e+02 +8.426990902e+02 +8.802190902e+02 +8.802190902e+02 +2.8135e+00 -1.1424e+00 +2.7982e+00 -2.3760e+00 +3.4059e+00
155 +4.957189480e+02 +4.957189480e+02 +5.332389480e+02 +5.332389480e+02 +2.0126e+00 -3.4419e+00 +1.8243e+00 -4.2774e+00 +4.2949e+00
239 +3.880353994e+02 +3.880353994e+02 +4.255553994e+02 +4.255553994e+02 +7.9080e-01 -2.2856e+00 +1.7458e+00 -4.2421e+00 +4.7721e+00
318 +2.388170726e+02 +2.388170726e+02 +2.763370726e+02 +2.763370726e+02 +2.3234e+00 -2.0610e+00 +2.2948e+00 -3.1763e+00 +1.3161e+00
319 +1.068079539e+02 +1.068079539e+02 +1.443279539e+02 +1.443279539e+02 +1.1676e+00 -2.2967e+00 +2.2608e+00 -2.0628e+00 +2.9611e+00
521 +7.215607774e+01 +7.215607774e+01 +1.096760777e+02 +1.096760777e+02 +2.1966e+00 -3.2137e+00 +1.6955e+00 -2.5901e+00 +2.1894e+00
1137 +2.956411984e+01 +2.956411984e+01 +6.708411984e+01 +6.708411984e+01 +2.1631e+00 -2.2555e+00 +1.9708e+00 -2.5852e+00 +2.0470e+00
1234 +2.182605193e+01 +2.182605193e+01 +5.934605193e+01 +5.934605193e+01 +1.1430e+00 -2.6442e+00 +2.0890e+00 -2.7419e+00 +2.2418e+00
1714 +5.109312610e+00 +5.109312610e+00 +4.262931261e+01 +4.262931261e+01 +1.5072e+00 -2.8881e+00 +1.9922e+00 -2.4615e+00 +1.9727e+00
3631 +3.924583671e+00 +3.924583671e+00 +4.144458367e+01 +4.144458367e+01 +1.8749e+00 -2.8855e+00 +1.8984e+00 -2.5167e+00 +1.9917e+00
6530 +2.311807774e+00 +2.311807774e+00 +3.983180777e+01 +3.983180777e+01 +2.1010e+00 -2.6022e+00 +2.0502e+00 -2.4574e+00 +2.0135e+00
8902 +1.551317692e+00 +1.551317692e+00 +3.907131769e+01 +3.907131769e+01 +2.2858e+00 -2.3461e+00 +2.2546e+00 -2.3565e+00 +1.9868e+00
11602 +9.924357595e-01 +9.924357595e-01 +3.851243576e+01 +3.851243576e+01 +2.3240e+00 -2.2716e+00 +2.3880e+00 -2.2422e+00 +2.0585e+00
17518 +6.093978594e-01 +6.093978594e-01 +3.812939786e+01 +3.812939786e+01 +2.3699e+00 -2.1908e+00 +2.5117e+00 -2.0887e+00 +2.1510e+00
26891 +3.950778669e-01 +3.950778669e-01 +3.791507787e+01 +3.791507787e+01 +2.4037e+00 -2.1291e+00 +2.6005e+00 -1.9858e+00 +2.2329e+00
39913 +2.488175282e-01 +2.488175282e-01 +3.776881753e+01 +3.776881753e+01 +2.4266e+00 -2.0913e+00 +2.6706e+00 -1.8742e+00 +2.3421e+00
% function evaluation | noise-free fitness - Fopt (-4.257500000000e+02) | best noise-free fitness - Fopt | measured fitness | best measured fitness | x1 | x2...
1 +4.066603398e+05 +4.066603398e+05 +4.062345898e+05 +4.062345898e+05 +4.4525e+00 +6.5729e-01 -3.0240e+00 +4.2607e+00 +4.5657e+00
2 +1.917308046e+05 +1.917308046e+05 +1.913050546e+05 +1.913050546e+05 +1.2451e+00 -1.3509e+00 +3.6899e+00 -2.2481e+00 -1.9680e+00
7 +4.573464370e+03 +4.573464370e+03 +4.147714370e+03 +4.147714370e+03 -4.0127e+00 +3.0002e+00 -1.8639e+00 -3.3501e-01 -4.0702e-01
9 +1.649647561e+03 +1.649647561e+03 +1.223897561e+03 +1.223897561e+03 -4.2849e+00 +1.9904e+00 -2.3443e+00 -1.4565e+00 +3.5786e+00
103 +1.307091370e+03 +1.307091370e+03 +8.813413703e+02 +8.813413703e+02 -1.9158e+00 +1.3748e+00 -8.3701e-01 -1.2852e+00 +5.0000e+00
171 +5.391301641e+02 +5.391301641e+02 +1.133801641e+02 +1.133801641e+02 -1.2043e+00 +1.8807e+00 -1.2409e+00 -6.5564e-01 +3.3742e+00
266 +2.049467832e+02 +2.049467832e+02 -2.208032168e+02 -2.208032168e+02 -3.5045e+00 +2.6979e+00 -2.0465e+00 -2.8136e+00 +2.4253e+00
353 +1.430815474e+02 +1.430815474e+02 -2.826684526e+02 -2.826684526e+02 -3.4039e+00 +2.0487e+00 -2.9737e+00 -2.2161e+00 +1.8235e+00
491 +6.120810822e+01 +6.120810822e+01 -3.645418918e+02 -3.645418918e+02 -2.6744e+00 +1.8028e+00 -3.3096e+00 -2.0232e+00 +1.1546e+00
913 +2.865055370e+01 +2.865055370e+01 -3.970994463e+02 -3.970994463e+02 -2.1187e+00 +1.9472e+00 -3.1244e+00 -2.5041e+00 +1.3444e+00
1068 +1.500956177e+01 +1.500956177e+01 -4.107404382e+02 -4.107404382e+02 -2.3120e+00 +1.9290e+00 -2.4322e+00 -2.4589e+00 +1.0445e+00
1359 +9.234112961e+00 +9.234112961e+00 -4.165158870e+02 -4.165158870e+02 -2.2546e+00 +1.9724e+00 -2.5745e+00 -2.2773e+00 +1.3083e+00
2265 +6.160795641e+00 +6.160795641e+00 -4.195892044e+02 -4.195892044e+02 -1.7446e+00 +2.4091e+00 -2.4086e+00 -2.4686e+00 +1.2085e+00
2956 +3.977059955e+00 +3.977059955e+00 -4.217729400e+02 -4.217729400e+02 -2.1099e+00 +1.8994e+00 -2.6991e+00 -2.5389e+00 +1.2485e+00
4814 +2.408949749e+00 +2.408949749e+00 -4.233410503e+02 -4.233410503e+02 -1.7444e+00 +2.2132e+00 -2.5738e+00 -2.4929e+00 +1.2703e+00
10911 +1.572856653e+00 +1.572856653e+00 -4.241771433e+02 -4.241771433e+02 -1.5712e+00 +2.4500e+00 -2.3797e+00 -2.3995e+00 +1.2695e+00
15710 +9.828613904e-01 +9.828613904e-01 -4.247671386e+02 -4.247671386e+02 -1.4926e+00 +2.5680e+00 -2.2021e+00 -2.2544e+00 +1.3220e+00
17948 +6.015390216e-01 +6.015390216e-01 -4.251484610e+02 -4.251484610e+02 -1.4371e+00 +2.6644e+00 -2.0707e+00 -2.1160e+00 +1.4211e+00
21500 +3.789886968e-01 +3.789886968e-01 -4.253710113e+02 -4.253710113e+02 -1.4135e+00 +2.7157e+00 -1.9829e+00 -1.9948e+00 +1.5187e+00
34506 +2.453897284e-01 +2.453897284e-01 -4.255046103e+02 -4.255046103e+02 -1.3873e+00 +2.7582e+00 -1.9134e+00 -1.9063e+00 +1.6142e+00
49537 +1.583993134e-01 +1.583993134e-01 -4.255916007e+02 -4.255916007e+02 -1.3756e+00 +2.7819e+00 -1.8716e+00 -1.8316e+00 +1.7075e+00
% function evaluation | noise-free fitness - Fopt (-2.209000000000e+02) | best noise-free fitness - Fopt | measured fitness | best measured fitness | x1 | x2...
1 +1.662682708e+05 +1.662682708e+05 +1.660473708e+05 +1.660473708e+05 +4.1126e+00 +3.2125e+00 +2.5220e+00 +4.9192e+00 -4.0102e+00
3 +1.983042602e+04 +1.983042602e+04 +1.960952602e+04 +1.960952602e+04 -1.9656e+00 +2.4222e+00 -2.2797e+00 +1.4012e+00 +3.7557e+00
5 +1.000412986e+04 +1.000412986e+04 +9.783229856e+03 +9.783229856e+03 -6.9217e-01 +5.0054e-01 -6.5269e-01 -1.4540e+00 -1.7929e+00
20 +1.771698011e+03 +1.771698011e+03 +1.550798011e+03 +1.550798011e+03 -1.6995e+00 -1.0480e-01 -4.1192e+00 +7.3809e-01 -1.2727e+00
48 +1.578708116e+03 +1.578708116e+03 +1.357808116e+03 +1.357808116e+03 -2.1197e+00 -1.5018e+00 -4.4381e+00 +9.3827e-01 +4.6227e-01
149 +6.853355775e+02 +6.853355775e+02 +4.644355775e+02 +4.644355775e+02 -1.1495e+00 -4.0510e-01 -3.1586e+00 +1.1911e+00 -1.5074e+00
216 +2.439282842e+02 +2.439282842e+02 +2.302828420e+01 +2.302828420e+01 +0.0000e+00 -7.6970e-01 -3.3827e+00 +7.6861e-01 -2.7532e-01
318 +7.072170186e+01 +7.072170186e+01 -1.501782981e+02 -1.501782981e+02 -1.5721e-01 -1.8219e-01 -2.0335e+00 +1.4191e+00 +1.1596e+00
422 +5.980357766e+01 +5.980357766e+01 -1.610964223e+02 -1.610964223e+02 -2.8914e-02 -9.7515e-01 -2.5315e+00 +7.3576e-01 +6.1066e-01
703 +1.476262243e+01 +1.476262243e+01 -2.061373776e+02 -2.061373776e+02 -1.1713e+00 -1.4331e+00 -2.7944e+00 +7.4058e-01 +5.7983e-01
1937 +8.993567751e+00 +8.993567751e+00 -2.119064322e+02 -2.119064322e+02 -1.0946e+00 -1.4322e+00 -2.6201e+00 +7.9511e-01 +5.9866e-01
2272 +5.967824768e+00 +5.967824768e+00 -2.149321752e+02 -2.149321752e+02 -1.3419e+00 -1.2815e+00 -2.5520e+00 +8.4188e-01 +5.1276e-01
3872 +3.512847805e+00 +3.512847805e+00 -2.173871522e+02 -2.173871522e+02 -6.8451e-01 -1.1048e+00 -2.5513e+00 +8.6723e-01 +5.0012e-01
4589 +2.496555798e+00 +2.496555798e+00 -2.184034442e+02 -2.184034442e+02 -3.8378e-01 -8.5854e-01 -2.4334e+00 +8.7169e-01 +3.9104e-01
5960 +1.533193686e+00 +1.533193686e+00 -2.193668063e+02 -2.193668063e+02 -2.7774e-01 -7.0790e-01 -2.2841e+00 +9.7187e-01 +4.4236e-01
9240 +9.256646930e-01 +9.256646930e-01 -2.199743353e+02 -2.199743353e+02 -2.0459e-01 -5.6417e-01 -2.1044e+00 +1.1243e+00 +5.0465e-01
17774 +6.248353090e-01 +6.248353090e-01 -2.202751647e+02 -2.202751647e+02 -1.7675e-01 -5.1231e-01 -2.0124e+00 +1.2314e+00 +5.9576e-01
20829 +3.820477482e-01 +3.820477482e-01 -2.205179523e+02 -2.205179523e+02 -1.3995e-01 -4.4200e-01 -1.9045e+00 +1.3638e+00 +7.1516e-01
34067 +2.509691218e-01 +2.509691218e-01 -2.206490309e+02 -2.206490309e+02 -1.1971e-01 -4.1876e-01 -1.8572e+00 +1.4405e+00 +7.9644e-01
49853 +1.578733586e-01 +1.578733586e-01 -2.207421266e+02 -2.207421266e+02 -1.0230e-01 -3.8927e-01 -1.8031e+00 +1.5256e+00 +9.0164e-01
% function evaluation | noise-free fitness - Fopt (-3.594800000000e+02) | best noise-free fitness - Fopt | measured fitness | best measured fitness | x1 | x2...
1 +2.678696580e+05 +2.678696580e+05 +2.675101780e+05 +2.675101780e+05 -4.8756e+00 +3.3750e+00 -1.7481e+00 -3.4311e+00 +3.4020e+00
3 +1.533135989e+05 +1.533135989e+05 +1.529541189e+05 +1.529541189e+05 +2.3950e+00 -2.2878e+00 +2.3116e+00 -3.0245e+00 -4.3374e+00
4 +7.049092286e+04 +7.049092286e+04 +7.013144286e+04 +7.013144286e+04 +1.0391e+00 -7.3533e-01 -2.1365e+00 +8.4984e-01 -2.8530e-01
10 +3.382832549e+04 +3.382832549e+04 +3.346884549e+04 +3.346884549e+04 -1.6792e+00 -3.0917e+00 +4.6115e+00 -4.5356e+00 -3.6316e-01
17 +1.013379675e+04 +1.013379675e+04 +9.774316747e+03 +9.774316747e+03 -4.0549e+00 -1.0179e+00 +4.3520e+00 -1.2752e+00 +7.4161e-01
19 +8.080746238e+03 +8.080746238e+03 +7.721266238e+03 +7.721266238e+03 -4.3872e+00 -4.4231e+00 -6.2492e-02 -4.2992e+00 +1.7014e+00
40 +1.082631431e+03 +1.082631431e+03 +7.231514314e+02 +7.231514314e+02 -2.2003e+00 -3.1207e+00 -8.9702e-02 +6.9560e-02 +1.8806e+00
178 +7.639973535e+02 +7.639973535e+02 +4.045173535e+02 +4.045173535e+02 -3.7737e+00 -4.4389e+00 +1.7179e+00 +9.3040e-01 +2.1608e+00
240 +6.286967438e+02 +6.286967438e+02 +2.692167438e+02 +2.692167438e+02 -2.6503e+00 -1.7409e+00 +3.1230e+00 -1.7830e-01 +5.2167e-01
247 +3.640806364e+02 +3.640806364e+02 +4.600636400e+00 +4.600636400e+00 -4.0797e+00 -4.0123e+00 +2.8907e+00 -2.9639e-03 +1.0641e+00
289 +2.275173068e+02 +2.275173068e+02 -1.319626932e+02 -1.319626932e+02 -2.6392e+00 -3.0879e+00 +1.7796e+00 -3.3892e-01 -6.5645e-01
522 +4.889439573e+01 +4.889439573e+01 -3.105856043e+02 -3.105856043e+02 -3.3339e+00 -3.0187e+00 +1.8652e+00 -3.8020e-01 -4.4432e-01
745 +3.759471786e+01 +3.759471786e+01 -3.218852821e+02 -3.218852821e+02 -4.1762e+00 -3.2014e+00 +1.3568e+00 -1.6136e+00 -3.8793e-01
945 +1.810977400e+01 +1.810977400e+01 -3.413702260e+02 -3.413702260e+02 -4.5317e+00 -3.3986e+00 +1.1970e+00 -1.1629e+00 -8.9040e-01
1220 +1.255476162e+01 +1.255476162e+01 -3.469252384e+02 -3.469252384e+02 -4.3679e+00 -3.1746e+00 +1.5085e+00 -1.3827e+00 -7.0644e-01
1356 +8.474344201e+00 +8.474344201e+00 -3.510056558e+02 -3.510056558e+02 -4.1186e+00 -3.4495e+00 +1.3186e+00 -1.0505e+00 -7.3927e-01
2233 +4.159654955e+00 +4.159654955e+00 -3.553203450e+02 -3.553203450e+02 -3.8664e+00 -3.4598e+00 +1.3607e+00 -1.2487e+00 -9.0107e-01
3215 +3.772714504e+00 +3.772714504e+00 -3.557072855e+02 -3.557072855e+02 -3.6755e+00 -3.4443e+00 +1.3417e+00 -1.1536e+00 -8.9199e-01
7496 +2.492027962e+00 +2.492027962e+00 -3.569879720e+02 -3.569879720e+02 -3.3551e+00 -3.1685e+00 +1.4592e+00 -1.1800e+00 -8.9917e-01
8703 +1.556913699e+00 +1.556913699e+00 -3.579230863e+02 -3.579230863e+02 -3.1539e+00 -2.9120e+00 +1.6604e+00 -1.1021e+00 -8.6277e-01
14092 +9.367850032e-01 +9.367850032e-01 -3.585432150e+02 -3.585432150e+02 -3.0566e+00 -2.7655e+00 +1.8444e+00 -9.4681e-01 -8.4248e-01
18373 +6.307058861e-01 +6.307058861e-01 -3.588492941e+02 -3.588492941e+02 -3.0235e+00 -2.7035e+00 +1.9426e+00 -8.3693e-01 -7.5264e-01
27718 +3.960345431e-01 +3.960345431e-01 -3.590839655e+02 -3.590839655e+02 -2.9913e+00 -2.6466e+00 +2.0380e+00 -7.1594e-01 -6.4754e-01
40780 +2.504788216e-01 +2.504788216e-01 -3.592295212e+02 -3.592295212e+02 -2.9686e+00 -2.6036e+00 +2.1047e+00 -6.2431e-01 -5.5583e-01
49585 +1.564187712e-01 +1.564187712e-01 -3.593235812e+02 -3.593235812e+02 -2.9529e+00 -2.5742e+00 +2.1575e+00 -5.4135e-01 -4.4928e-01
% function evaluation | noise-free fitness - Fopt (2.748000000000e+01) | best noise-free fitness - Fopt | measured fitness | best measured fitness | x1 | x2...
1 +2.740988065e+05 +2.740988065e+05 +2.741262865e+05 +2.741262865e+05 +2.5279e+00 -2.7258e+00 -3.8337e+00 +4.5459e+00 +3.6713e+00
2 +1.556762159e+04 +1.556762159e+04 +1.559510159e+04 +1.559510159e+04 +7.9503e-01 +4.1738e+00 +1.7966e+00 -4.0924e+00 -3.8767e+00
27 +3.600375094e+03 +3.600375094e+03 +3.627855094e+03 +3.627855094e+03 +2.7136e+00 +2.1913e+00 -1.0576e+00 -3.6851e-02 +2.2734e+00
89 +2.043740760e+03 +2.043740760e+03 +2.071220760e+03 +2.071220760e+03 +1.8582e+00 -2.7650e-01 +2.3432e+00 -3.7142e+00 +3.3936e+00
104 +7.111437703e+02 +7.111437703e+02 +7.386237703e+02 +7.386237703e+02 +2.5759e+00 +3.2300e-01 +1.9179e+00 -2.1202e+00 +3.0256e+00
112 +4.149096498e+02 +4.149096498e+02 +4.423896498e+02 +4.423896498e+02 +1.0308e+00 +1.5428e+00 -4.2750e-01 -2.8033e+00 +9.6882e-01
220 +1.252730917e+02 +1.252730917e+02 +1.527530917e+02 +1.527530917e+02 +1.1146e+00 +6.9460e-01 +0.0000e+00 -2.4628e+00 +1.0889e+00
289 +9.124834096e+01 +9.124834096e+01 +1.187283410e+02 +1.187283410e+02 +1.1913e+00 +4.0883e-01 +1.1396e+00 -2.3786e+00 +1.9016e+00
394 +2.609583089e+01 +2.609583089e+01 +5.357583089e+01 +5.357583089e+01 +1.5730e+00 +5.7457e-01 +7.9227e-01 -2.4858e+00 +1.5339e+00
957 +1.462942186e+01 +1.462942186e+01 +4.210942186e+01 +4.210942186e+01 +1.6412e+00 +8.6766e-01 +8.5327e-01 -2.2253e+00 +1.5505e+00
1330 +4.859395236e+00 +4.859395236e+00 +3.233939524e+01 +3.233939524e+01 +1.6077e+00 +9.5845e-01 +6.2529e-01 -2.4155e+00 +1.5295e+00
1964 +3.483293500e+00 +3.483293500e+00 +3.096329350e+01 +3.096329350e+01 +2.2095e+00 +1.4222e+00 +7.1048e-01 -2.3689e+00 +1.5630e+00
3461 +2.424850719e+00 +2.424850719e+00 +2.990485072e+01 +2.990485072e+01 +2.2590e+00 +1.4623e+00 +7.5493e-01 -2.4227e+00 +1.5556e+00
6592 +1.573987340e+00 +1.573987340e+00 +2.905398734e+01 +2.905398734e+01 +2.3753e+00 +1.5973e+00 +9.1637e-01 -2.3545e+00 +1.5194e+00
11000 +9.653245492e-01 +9.653245492e-01 +2.844532455e+01 +2.844532455e+01 +2.4646e+00 +1.7340e+00 +1.1018e+00 -2.1884e+00 +1.6026e+00
12887 +6.153953128e-01 +6.153953128e-01 +2.809539531e+01 +2.809539531e+01 +2.5031e+00 +1.8092e+00 +1.2181e+00 -2.0840e+00 +1.6777e+00
19849 +3.981001456e-01 +3.981001456e-01 +2.787810015e+01 +2.787810015e+01 +2.5393e+00 +1.8603e+00 +1.2959e+00 -1.9866e+00 +1.7594e+00
31421 +2.505639411e-01 +2.505639411e-01 +2.773056394e+01 +2.773056394e+01 +2.5636e+00 +1.9039e+00 +1.3626e+00 -1.8859e+00 +1.8713e+00
44753 +1.573586161e-01 +1.573586161e-01 +2.763735862e+01 +2.763735862e+01 +2.5787e+00 +1.9323e+00 +1.4145e+00 -1.8010e+00 +1.9759e+00
% function evaluation | noise-free fitness - Fopt (3.609000000000e+01) | best noise-free fitness - Fopt | measured fitness | best measured fitness | x1 | x2...
1 +1.702090784e+04 +1.702090784e+04 +1.705699784e+04 +1.705699784e+04 +7.5180e-01 +3.0964e+00 -3.7095e+00 -2.0000e+00 +3.0201e+00
6 +3.519295936e+03 +3.519295936e+03 +3.555385936e+03 +3.555385936e+03 +1.1072e+00 +7.7436e-01 -1.5967e-01 +3.7223e+00 +2.0932e+00
29 +1.390521282e+03 +1.390521282e+03 +1.426611282e+03 +1.426611282e+03 -2.0847e-01 +4.9126e-01 -2.8886e-01 +3.0917e+00 +3.4170e+00
178 +9.444339856e+02 +9.444339856e+02 +9.805239856e+02 +9.805239856e+02 +3.3383e-01 +1.0889e+00 -3.9498e+00 +1.9975e+00 +3.0167e+00
215 +3.574774871e+02 +3.574774871e+02 +3.935674871e+02 +3.935674871e+02 -1.5674e+00 +2.8899e-01 -3.0005e+00 +1.8908e+00 +1.8021e+00
273 +1.143198619e+02 +1.143198619e+02 +1.504098619e+02 +1.504098619e+02 -6.9374e-01 +5.3176e-01 -2.2465e+00 +4.6085e-01 +1.8231e+00
341 +7.220055999e+01 +7.220055999e+01 +1.082905600e+02 +1.082905600e+02 -7.6273e-01 +8.8341e-01 -1.8832e+00 +2.3865e+00 +1.7456e+00
421 +6.236074592e+01 +6.236074592e+01 +9.845074592e+01 +9.845074592e+01 -5.7805e-01 +1.0828e+00 -2.4945e+00 +1.9488e+00 +1.1067e+00
937 +3.185037890e+01 +3.185037890e+01 +6.794037890e+01 +6.794037890e+01 -7.6875e-01 +7.5354e-01 -2.3418e+00 +1.9151e+00 +8.3962e-01
1179 +1.584951212e+01 +1.584951212e+01 +5.193951212e+01 +5.193951212e+01 +1.6165e-01 +9.4414e-01 -2.1415e+00 +1.6062e+00 +4.8686e-01
1236 +8.830698346e+00 +8.830698346e+00 +4.492069835e+01 +4.492069835e+01 -9.7921e-01 +1.0378e+00 -2.2536e+00 +1.5744e+00 +7.1260e-01
2669 +5.717553330e+00 +5.717553330e+00 +4.180755333e+01 +4.180755333e+01 +2.2784e-01 +1.0257e+00 -2.2709e+00 +1.5123e+00 +9.4658e-01
3483 +3.949795400e+00 +3.949795400e+00 +4.003979540e+01 +4.003979540e+01 +2.2569e-01 +9.3659e-01 -2.2927e+00 +1.4042e+00 +7.6649e-01
3907 +2.362728435e+00 +2.362728435e+00 +3.845272844e+01 +3.845272844e+01 +2.1182e-01 +9.9990e-01 -2.3181e+00 +1.4382e+00 +7.7043e-01
7931 +1.466819746e+00 +1.466819746e+00 +3.755681975e+01 +3.755681975e+01 +3.2705e-01 +1.1904e+00 -2.0952e+00 +1.5213e+00 +7.5819e-01
12221 +9.484881192e-01 +9.484881192e-01 +3.703848812e+01 +3.703848812e+01 +4.0627e-01 +1.3296e+00 -1.9411e+00 +1.6766e+00 +8.4174e-01
18322 +6.196341259e-01 +6.196341259e-01 +3.670963413e+01 +3.670963413e+01 +4.2615e-01 +1.3730e+00 -1.8294e+00 +1.8016e+00 +9.1637e-01
20476 +3.981065739e-01 +3.981065739e-01 +3.648810657e+01 +3.648810657e+01 +4.5981e-01 +1.4257e+00 -1.7633e+00 +1.8910e+00 +9.9088e-01
35164 +2.486372841e-01 +2.486372841e-01 +3.633863728e+01 +3.633863728e+01 +4.8222e-01 +1.4668e+00 -1.6945e+00 +1.9937e+00 +1.0950e+00
43112 +1.583328500e-01 +1.583328500e-01 +3.624833285e+01 +3.624833285e+01 +4.9663e-01 +1.4969e+00 -1.6418e+00 +2.0760e+00 +1.1958e+00
49415 +9.999904614e-02 +9.999904614e-02 +3.618999905e+01 +3.618999905e+01 +5.0728e-01 +1.5189e+00 -1.6005e+00 +2.1439e+00 +1.2986e+00
% function evaluation | noise-free fitness - Fopt (-5.791000000000e+01) | best noise-free fitness - Fopt | measured fitness | best measured fitness | x1 | x2...
1 +4.295416593e+04 +4.295416593e+04 +4.289625593e+04 +4.289625593e+04 +1.9221e+00 +3.4104e+00 -3.8805e+00 +4.9709e+00 +6.0926e-01
5 +2.597014828e+04 +2.597014828e+04 +2.591223828e+04 +2.591223828e+04 -6.4972e-01 +1.7115e+00 +3.0455e+00 -2.0286e+00 +1.0901e+00
6 +2.194792796e+04 +2.194792796e+04 +2.189001796e+04 +2.189001796e+04 -6.5185e-01 +1.4815e+00 +2.7938e+00 -1.2097e+00 -3.7239e+00
10 +1.122236253e+04 +1.122236253e+04 +1.116445253e+04 +1.116445253e+04 +1.6389e+00 -1.0565e+00 -3.9297e-02 -4.9265e-01 -2.2597e+00
23 +1.867635658e+03 +1.867635658e+03 +1.809725658e+03 +1.809725658e+03 +1.0526e+00 +2.2696e+00 -1.1185e+00 +1.5351e+00 +4.9148e+00
102 +6.447647829e+02 +6.447647829e+02 +5.868547829e+02 +5.868547829e+02 +2.2995e+00 +5.0102e-01 +5.8980e-01 +1.7102e+00 +2.1084e+00
118 +6.251841460e+02 +6.251841460e+02 +5.672741460e+02 +5.672741460e+02 +1.1599e-01 +1.6135e+00 -1.1875e+00 +2.7175e+00 +2.3045e+00
308 +1.756529272e+02 +1.756529272e+02 +1.177429272e+02 +1.177429272e+02 +1.3282e+00 +6.3627e-01 +9.2309e-01 +1.2723e+00 +8.0085e-01
702 +1.440670592e+02 +1.440670592e+02 +8.615705925e+01 +8.615705925e+01 +1.7644e+00 +1.7429e+00 +6.6796e-01 +8.0088e-01 +2.0274e+00
829 +3.077827666e+01 +3.077827666e+01 -2.713172334e+01 -2.713172334e+01 +1.4170e+00 +1.7407e+00 +0.0000e+00 +1.6919e+00 +1.3341e+00
1473 +2.182793880e+01 +2.182793880e+01 -3.608206120e+01 -3.608206120e+01 +5.0959e-01 +2.2487e+00 +5.3808e-01 +1.2137e+00 +7.1094e-01
1918 +1.346245918e+01 +1.346245918e+01 -4.444754082e+01 -4.444754082e+01 +8.4150e-01 +1.9920e+00 +4.2128e-01 +1.4774e+00 +1.1458e+00
2254 +8.521360962e+00 +8.521360962e+00 -4.938863904e+01 -4.938863904e+01 +1.0281e+00 +1.7317e+00 +1.6003e-01 +1.2290e+00 +1.1530e+00
3013 +6.005894611e+00 +6.005894611e+00 -5.190410539e+01 -5.190410539e+01 +1.5654e+00 +1.9052e+00 +1.7172e-01 +1.2442e+00 +9.5442e-01
4833 +3.569552874e+00 +3.569552874e+00 -5.434044713e+01 -5.434044713e+01 +1.8524e+00 +1.9449e+00 +1.7107e-01 +1.1705e+00 +9.5218e-01
7394 +2.442093172e+00 +2.442093172e+00 -5.546790683e+01 -5.546790683e+01 +1.9383e+00 +2.0641e+00 +2.7911e-01 +1.2000e+00 +1.0235e+00
11665 +1.542495126e+00 +1.542495126e+00 -5.636750487e+01 -5.636750487e+01 +2.1333e+00 +2.3204e+00 +4.9870e-01 +1.2917e+00 +1.0166e+00
16357 +9.564114425e-01 +9.564114425e-01 -5.695358856e+01 -5.695358856e+01 +2.2119e+00 +2.4444e+00 +6.7000e-01 +1.4191e+00 +1.0649e+00
20958 +6.198337686e-01 +6.198337686e-01 -5.729016623e+01 -5.729016623e+01 +2.2581e+00 +2.5155e+00 +7.9678e-01 +1.5510e+00 +1.1606e+00
28411 +3.934467356e-01 +3.934467356e-01 -5.751655326e+01 -5.751655326e+01 +2.2830e+00 +2.5754e+00 +8.8982e-01 +1.6797e+00 +1.2742e+00
37458 +2.456755763e-01 +2.456755763e-01 -5.766432442e+01 -5.766432442e+01 +2.3134e+00 +2.6176e+00 +9.4698e-01 +1.7714e+00 +1.3633e+00
42806 +1.550931349e-01 +1.550931349e-01 -5.775490687e+01 -5.775490687e+01 +2.3254e+00 +2.6396e+00 +9.9809e-01 +1.8524e+00 +1.4738e+00
% function evaluation | noise-free fitness - Fopt (-3.349100000000e+02) | best noise-free fitness - Fopt | measured fitness | best measured fitness | x1 | x2...
1 +9.930534858e+04 +9.930534858e+04 +9.897043858e+04 +9.897043858e+04 -1.5329e-01 +4.3218e+00 +4.2388e+00 +3.0998e+00 -2.9453e-01
2 +1.797164907e+03 +1.797164907e+03 +1.462254907e+03 +1.462254907e+03 -3.1166e+00 -3.0987e+00 +1.0362e-01 +7.9753e-01 -8.0804e-01
110 +3.218108793e+02 +3.218108793e+02 -1.309912073e+01 -1.309912073e+01 -3.4777e+00 -1.6689e+00 -1.6031e-01 +2.0391e+00 +1.2261e+00
202 +2.002545569e+02 +2.002545569e+02 -1.346554431e+02 -1.346554431e+02 -2.2623e+00 -1.3281e+00 +1.0516e+00 +2.3380e+00 +1.0185e+00
322 +1.000438345e+02 +1.000438345e+02 -2.348661655e+02 -2.348661655e+02 -2.5407e+00 -1.2685e+00 -1.8332e-01 +2.5363e+00 +0.0000e+00
481 +3.271937265e+01 +3.271937265e+01 -3.021906274e+02 -3.021906274e+02 -2.8673e+00 -1.3234e+00 +2.2205e-01 +2.0467e+00 +2.4859e-01
799 +1.338266517e+01 +1.338266517e+01 -3.215273348e+02 -3.215273348e+02 -2.8254e+00 -1.0569e+00 +3.8495e-02 +1.4644e+00 -7.3961e-02
1747 +8.738799872e+00 +8.738799872e+00 -3.261712001e+02 -3.261712001e+02 -2.1613e+00 -1.1446e+00 +5.8469e-02 +1.7745e+00 -9.7846e-02
2475 +4.040720118e+00 +4.040720118e+00 -3.308692799e+02 -3.308692799e+02 -2.2794e+00 -1.1584e+00 +4.6218e-02 +1.6963e+00 -3.0466e-01
3247 +3.548007490e+00 +3.548007490e+00 -3.313619925e+02 -3.313619925e+02 -2.4021e+00 -1.1449e+00 -1.1512e-02 +1.6946e+00 -2.4852e-01
7608 +2.410736242e+00 +2.410736242e+00 -3.324992638e+02 -3.324992638e+02 -1.9933e+00 -7.2284e-01 +2.6815e-01 +1.6862e+00 -2.6100e-01
9431 +1.519782085e+00 +1.519782085e+00 -3.333902179e+02 -3.333902179e+02 -1.9165e+00 -6.3597e-01 +3.9328e-01 +1.7915e+00 -2.2156e-01
14709 +9.841745348e-01 +9.841745348e-01 -3.339258255e+02 -3.339258255e+02 -1.8441e+00 -5.4805e-01 +4.9998e-01 +1.9012e+00 -2.0041e-01
18031 +6.226392278e-01 +6.226392278e-01 -3.342873608e+02 -3.342873608e+02 -1.8006e+00 -4.6859e-01 +6.1900e-01 +2.0379e+00 -1.2039e-01
30630 +3.964871642e-01 +3.964871642e-01 -3.345135128e+02 -3.345135128e+02 -1.7709e+00 -4.1294e-01 +7.0696e-01 +2.1633e+00 -6.2799e-03
37334 +2.499820693e-01 +2.499820693e-01 -3.346600179e+02 -3.346600179e+02 -1.7483e+00 -3.7410e-01 +7.7531e-01 +2.2590e+00 +9.1600e-02
% function evaluation | noise-free fitness - Fopt (-4.670000000000e+01) | best noise-free fitness - Fopt | measured fitness | best measured fitness | x1 | x2...
1 +3.797573901e+05 +3.797573901e+05 +3.797106901e+05 +3.797106901e+05 +4.2810e+00 +9.5830e-01 +3.0456e+00 +3.0590e+00 -2.4923e+00
2 +4.511293124e+04 +4.511293124e+04 +4.506623124e+04 +4.506623124e+04 -1.7609e+00 -4.4285e+00 -3.6663e+00 -4.6764e+00 -2.0124e+00
4 +2.992028296e+04 +2.992028296e+04 +2.987358296e+04 +2.987358296e+04 -2.0370e+00 -1.6206e+00 +6.7636e-01 -3.1132e+00 +3.7936e+00
5 +3.260699222e+03 +3.260699222e+03 +3.213999222e+03 +3.213999222e+03 -1.4052e+00 +1.9456e+00 -4.8381e+00 -2.4007e+00 +1.9032e+00
15 +1.641616648e+03 +1.641616648e+03 +1.594916648e+03 +1.594916648e+03 -8.9239e-01 -1.6212e+00 -1.1766e+00 -2.2459e+00 +5.5685e-01
149 +2.890003271e+02 +2.890003271e+02 +2.423003271e+02 +2.423003271e+02 +5.5096e-01 +5.3620e-01 -3.7441e+00 -4.5898e+00 -1.5498e-01
296 +1.561210979e+02 +1.561210979e+02 +1.094210979e+02 +1.094210979e+02 -2.4679e-01 +7.3478e-01 -2.1104e+00 -2.2973e+00 -6.5201e-01
349 +7.434588955e+01 +7.434588955e+01 +2.764588955e+01 +2.764588955e+01 +1.4808e-02 +3.0973e-01 -3.4773e+00 -3.6815e+00 -7.0848e-01
591 +4.953483151e+01 +4.953483151e+01 +2.834831515e+00 +2.834831515e+00 -1.5773e+00 +5.5526e-01 -2.6870e+00 -3.2993e+00 -1.7601e+00
847 +2.971732847e+01 +2.971732847e+01 -1.698267153e+01 -1.698267153e+01 -1.5554e-01 +4.6103e-01 -2.8878e+00 -3.3922e+00 -1.1103e+00
1220 +1.683856298e+01 +1.683856298e+01 -2.986143702e+01 -2.986143702e+01 -1.3625e+00 +6.6643e-01 -2.7814e+00 -3.2075e+00 -1.1535e+00
1459 +1.063193407e+01 +1.063193407e+01 -3.606806593e+01 -3.606806593e+01 -1.4774e+00 +9.2808e-01 -2.7186e+00 -3.0734e+00 -1.3546e+00
1597 +6.504066002e+00 +6.504066002e+00 -4.019593400e+01 -4.019593400e+01 +2.2713e-01 +8.5303e-01 -2.7012e+00 -3.1439e+00 -1.5794e+00
2256 +6.141204741e+00 +6.141204741e+00 -4.055879526e+01 -4.055879526e+01 +2.3155e-01 +8.7268e-01 -2.8960e+00 -3.1739e+00 -1.4329e+00
3231 +2.211193978e+00 +2.211193978e+00 -4.448880602e+01 -4.448880602e+01 +2.1101e-01 +8.4875e-01 -2.7515e+00 -3.1944e+00 -1.2704e+00
3996 +1.166459296e+00 +1.166459296e+00 -4.553354070e+01 -4.553354070e+01 +1.8873e-01 +8.3460e-01 -2.7572e+00 -3.2094e+00 -1.3767e+00
4605 +8.958088075e-01 +8.958088075e-01 -4.580419119e+01 -4.580419119e+01 +2.3123e-01 +8.5009e-01 -2.7042e+00 -3.1171e+00 -1.3403e+00
6450 +6.120668716e-01 +6.120668716e-01 -4.608793313e+01 -4.608793313e+01 +2.1021e-01 +8.3253e-01 -2.7650e+00 -3.1612e+00 -1.3499e+00
14245 +3.961314256e-01 +3.961314256e-01 -4.630386857e+01 -4.630386857e+01 +2.3598e-01 +8.8545e-01 -2.6948e+00 -3.0643e+00 -1.2773e+00
18338 +2.430878540e-01 +2.430878540e-01 -4.645691215e+01 -4.645691215e+01 +2.7162e-01 +9.3331e-01 -2.6049e+00 -2.9315e+00 -1.1324e+00
25320 +1.583694344e-01 +1.583694344e-01 -4.654163057e+01 -4.654163057e+01 +2.7421e-01 +9.5604e-01 -2.5723e+00 -2.8836e+00 -1.0728e+00
42452 +9.894329447e-02 +9.894329447e-02 -4.660105671e+01 -4.660105671e+01 +2.8510e-01 +9.7625e-01 -2.5317e+00 -2.8147e+00 -9.7460e-01
% function evaluation | noise-free fitness - Fopt (-9.308000000000e+01) | best noise-free fitness - Fopt | measured fitness | best measured fitness | x1 | x2...
1 +1.478305430e+05 +1.478305430e+05 +1.477374630e+05 +1.477374630e+05 +3.7817e+00 -4.4530e+00 +6.1777e-01 -3.0838e-01 -2.0083e+00
2 +8.528445402e+04 +8.528445402e+04 +8.519137402e+04 +8.519137402e+04 +4.9752e-01 +2.6769e+00 -4.6945e-01 -1.5027e-01 -1.9440e+00
3 +3.798718331e+04 +3.798718331e+04 +3.789410331e+04 +3.789410331e+04 +1.2277e+00 -1.8475e+00 +2.2748e+00 -9.3715e-04 +2.4176e+00
7 +2.507404257e+04 +2.507404257e+04 +2.498096257e+04 +2.498096257e+04 -1.9470e+00 -6.7144e-01 -1.9304e+00 -3.4606e+00 +3.2660e+00
21 +3.518624796e+03 +3.518624796e+03 +3.425544796e+03 +3.425544796e+03 -3.7507e+00 -2.7417e+00 -3.1261e+00 +1.2971e+00 +3.1582e+00
63 +2.004982876e+03 +2.004982876e+03 +1.911902876e+03 +1.911902876e+03 -3.5174e+00 -3.8905e+00 -1.1240e+00 +2.0180e+00 +2.7758e+00
134 +3.812492675e+02 +3.812492675e+02 +2.881692675e+02 +2.881692675e+02 -2.0805e+00 -2.7190e+00 -2.0208e+00 +1.5192e+00 +4.3051e-01
316 +4.511210252e+01 +4.511210252e+01 -4.796789748e+01 -4.796789748e+01 -1.7772e+00 -2.7772e+00 -9.7057e-01 +1.5297e+00 -1.4368e+00
768 +1.261797925e+01 +1.261797925e+01 -8.046202075e+01 -8.046202075e+01 -2.4261e+00 -2.7353e+00 -1.3666e+00 +7.9480e-01 -1.9344e+00
1685 +9.132976836e+00 +9.132976836e+00 -8.394702316e+01 -8.394702316e+01 -2.5689e+00 -2.5198e+00 -1.3625e+00 +8.9313e-01 -1.8542e+00
1905 +5.059513986e+00 +5.059513986e+00 -8.802048601e+01 -8.802048601e+01 -2.8548e+00 -2.3714e+00 -1.2875e+00 +1.0056e+00 -1.7659e+00
2461 +3.628349803e+00 +3.628349803e+00 -8.945165020e+01 -8.945165020e+01 -1.4918e+00 -2.3169e+00 -1.2300e+00 +1.0748e+00 -1.8334e+00
3172 +2.310776108e+00 +2.310776108e+00 -9.076922389e+01 -9.076922389e+01 -1.4318e+00 -2.1922e+00 -1.2088e+00 +1.0368e+00 -1.8143e+00
6034 +1.571189991e+00 +1.571189991e+00 -9.150881001e+01 -9.150881001e+01 -1.4887e+00 -2.2339e+00 -1.1922e+00 +1.0217e+00 -1.7799e+00
9823 +9.786704730e-01 +9.786704730e-01 -9.210132953e+01 -9.210132953e+01 -1.4111e+00 -2.1143e+00 -1.0309e+00 +1.1895e+00 -1.6949e+00
15512 +6.303625500e-01 +6.303625500e-01 -9.244963745e+01 -9.244963745e+01 -1.3569e+00 -2.0185e+00 -9.1691e-01 +1.2895e+00 -1.6413e+00
22916 +3.973770144e-01 +3.973770144e-01 -9.268262299e+01 -9.268262299e+01 -1.3367e+00 -1.9699e+00 -8.2147e-01 +1.4231e+00 -1.5205e+00
31790 +2.496139542e-01 +2.496139542e-01 -9.283038605e+01 -9.283038605e+01 -1.3108e+00 -1.9331e+00 -7.6378e-01 +1.5079e+00 -1.4275e+00
39590 +1.583444454e-01 +1.583444454e-01 -9.292165555e+01 -9.292165555e+01 -1.2950e+00 -1.9060e+00 -7.1291e-01 +1.5946e+00 -1.3133e+00
% function evaluation | noise-free fitness - Fopt (4.168000000000e+01) | best noise-free fitness - Fopt | measured fitness | best measured fitness | x1 | x2...
1 +7.192682948e+04 +7.192682948e+04 +7.196850948e+04 +7.196850948e+04 -2.1820e+00 +2.3875e+00 -1.9964e+00 +2.8855e+00 +2.1941e+00
2 +2.085321921e+04 +2.085321921e+04 +2.089489921e+04 +2.089489921e+04 +3.3149e-02 -3.1138e+00 -2.6665e+00 -2.4811e-01 +4.5789e+00
6 +1.393621703e+04 +1.393621703e+04 +1.397789703e+04 +1.397789703e+04 +2.3407e+00 -2.0907e+00 -2.5100e+00 +2.9363e-01 +4.5562e-01
10 +9.070780973e+03 +9.070780973e+03 +9.112460973e+03 +9.112460973e+03 +5.6563e-01 -8.3397e-01 -2.9349e-01 +3.2550e+00 +3.8425e-01
29 +3.451728112e+03 +3.451728112e+03 +3.493408112e+03 +3.493408112e+03 -8.9540e-01 -3.5288e+00 +4.9388e-01 +1.6349e-03 +2.8717e+00
71 +2.132159612e+03 +2.132159612e+03 +2.173839612e+03 +2.173839612e+03 -9.3312e-01 -1.5851e+00 -1.5107e+00 +2.4551e+00 +4.5659e+00
126 +1.196163086e+03 +1.196163086e+03 +1.237843086e+03 +1.237843086e+03 -4.0688e-01 -3.6830e+00 +1.2999e+00 +1.2661e-01 +6.4394e-01
186 +6.494676108e+02 +6.494676108e+02 +6.911476108e+02 +6.911476108e+02 -4.8500e-01 -2.2107e+00 +1.1822e+00 -1.9041e+00 +3.0902e+00
297 +2.396882068e+02 +2.396882068e+02 +2.813682068e+02 +2.813682068e+02 +4.8975e-02 -1.8034e+00 +1.0448e+00 +0.0000e+00 +0.0000e+00
388 +1.577141528e+02 +1.577141528e+02 +1.993941528e+02 +1.993941528e+02 +8.4513e-01 -2.1650e+00 +9.1159e-01 +1.2686e+00 -1.3054e-01
430 +8.881087471e+01 +8.881087471e+01 +1.304908747e+02 +1.304908747e+02 +4.9247e-01 -2.1794e+00 +7.8442e-01 +7.2157e-01 -4.5433e-01
919 +2.831110247e+01 +2.831110247e+01 +6.999110247e+01 +6.999110247e+01 +7.4848e-01 -2.3414e+00 +7.8488e-01 +2.5240e-01 -1.9107e+00
1175 +1.720640921e+01 +1.720640921e+01 +5.888640921e+01 +5.888640921e+01 +9.5737e-01 -2.2233e+00 +8.3539e-01 +2.9388e-01 -1.7117e+00
1366 +1.371796387e+01 +1.371796387e+01 +5.539796387e+01 +5.539796387e+01 +1.0789e+00 -2.4881e+00 +9.3911e-01 +2.1010e-01 -1.5131e+00
2141 +9.714365008e+00 +9.714365008e+00 +5.139436501e+01 +5.139436501e+01 +1.0791e+00 -2.3427e+00 +9.6476e-01 -9.0235e-02 -1.3975e+00
2764 +5.388147530e+00 +5.388147530e+00 +4.706814753e+01 +4.706814753e+01 +1.2922e-01 -2.1460e+00 +8.3269e-01 +5.7103e-02 -1.5489e+00
3398 +3.972978840e+00 +3.972978840e+00 +4.565297884e+01 +4.565297884e+01 +9.9718e-01 -2.2248e+00 +8.0952e-01 +3.3378e-02 -1.5606e+00
6765 +2.466315509e+00 +2.466315509e+00 +4.414631551e+01 +4.414631551e+01 +1.2207e+00 -2.0894e+00 +9.2333e-01 +4.4112e-02 -1.5118e+00
8776 +1.550361504e+00 +1.550361504e+00 +4.323036150e+01 +4.323036150e+01 +1.4094e+00 -1.8106e+00 +1.1726e+00 +1.8874e-01 -1.4996e+00
9890 +9.120253783e-01 +9.120253783e-01 +4.259202538e+01 +4.259202538e+01 +1.5168e+00 -1.6697e+00 +1.3800e+00 +3.2653e-01 -1.4230e+00
16760 +6.255754316e-01 +6.255754316e-01 +4.230557543e+01 +4.230557543e+01 +1.5417e+00 -1.6238e+00 +1.4244e+00 +4.0201e-01 -1.3796e+00
22260 +3.978093324e-01 +3.978093324e-01 +4.207780933e+01 +4.207780933e+01 +1.5748e+00 -1.5633e+00 +1.5285e+00 +5.3373e-01 -1.2777e+00
34600 +2.455448849e-01 +2.455448849e-01 +4.192554488e+01 +4.192554488e+01 +1.5955e+00 -1.5255e+00 +1.5928e+00 +6.2974e-01 -1.1641e+00
43708 +1.582569778e-01 +1.582569778e-01 +4.183825698e+01 +4.183825698e+01 +1.6097e+00 -1.4982e+00 +1.6370e+00 +7.0451e-01 -1.0678e+00
