% function evaluation | noise-free fitness - Fopt (7.627000000000e+01) | best noise-free fitness - Fopt | measured fitness | best measured fitness | x1 | x2...
1 +3.159419689e+07 +3.159419689e+07 +3.159427316e+07 +3.159427316e+07 +2.3562e-01 +4.8175e+00 -2.8178e+00
2 +1.095448110e+06 +1.095448110e+06 +1.095524380e+06 +1.095524380e+06 +2.4073e+00 -2.4972e+00 -9.1154e-01
5 +4.838830194e+05 +4.838830194e+05 +4.839592894e+05 +4.839592894e+05 -4.0621e+00 -3.1066e+00 -2.0143e+00
15 +1.909581343e+04 +1.909581343e+04 +1.917208343e+04 +1.917208343e+04 -8.7196e-02 -2.6776e+00 -2.3839e+00
26 +5.095290572e+03 +5.095290572e+03 +5.171560572e+03 +5.171560572e+03 -2.5639e+00 -5.4287e-01 -4.8488e+00
243 +2.173417730e+03 +2.173417730e+03 +2.249687730e+03 +2.249687730e+03 -4.9635e+00 -5.0000e+00 +2.3784e+00
545 +5.823803470e+01 +5.823803470e+01 +1.345080347e+02 +1.345080347e+02 -4.9680e+00 -3.8081e+00 +4.4586e-01
778 +2.244534961e+01 +2.244534961e+01 +9.871534961e+01 +9.871534961e+01 -4.8624e+00 -3.9451e+00 +6.5447e-01
2226 +6.409009553e+00 +6.409009553e+00 +8.267900955e+01 +8.267900955e+01 -1.4430e+00 -4.2725e+00 +5.7409e-01
3472 +2.760194792e+00 +2.760194792e+00 +7.903019479e+01 +7.903019479e+01 -1.8820e+00 -3.3209e+00 -8.1643e-01
14846 +8.709463471e-01 +8.709463471e-01 +7.714094635e+01 +7.714094635e+01 +0.0000e+00 -3.2243e+00 -1.2878e+00
29981 +2.732997332e-01 +2.732997332e-01 +7.654329973e+01 +7.654329973e+01 -1.2039e+00 -2.8799e+00 -1.6152e+00
% function evaluation | noise-free fitness - Fopt (-2.255000000000e+01) | best noise-free fitness - Fopt | measured fitness | best measured fitness | x1 | x2...
1 +1.702943354e+07 +1.702943354e+07 +1.702941099e+07 +1.702941099e+07 -1.4009e+00 -2.5132e+00 -2.8087e+00
2 +8.324957100e+06 +8.324957100e+06 +8.324934550e+06 +8.324934550e+06 -6.4077e-01 -1.1332e-01 -2.4316e+00
10 +4.315353474e+06 +4.315353474e+06 +4.315330924e+06 +4.315330924e+06 +3.9007e-02 +3.4237e-01 -3.4087e+00
13 +1.313605896e+05 +1.313605896e+05 +1.313380396e+05 +1.313380396e+05 +3.1716e+00 -5.9150e-01 +4.8407e+00
37 +5.432336988e+04 +5.432336988e+04 +5.430081988e+04 +5.430081988e+04 +3.0449e+00 +1.6707e+00 +2.9039e+00
97 +3.537296831e+04 +3.537296831e+04 +3.535041831e+04 +3.535041831e+04 +3.6815e+00 -3.4588e+00 +4.5221e-01
110 +5.676127894e+01 +5.676127894e+01 +3.421127894e+01 +3.421127894e+01 +4.2725e+00 -4.1338e+00 +5.0000e+00
641 +2.988933773e+01 +2.988933773e+01 +7.339337725e+00 +7.339337725e+00 +3.8061e+00 -1.8415e+00 +5.0000e+00
1064 +1.056404338e+01 +1.056404338e+01 -1.198595662e+01 -1.198595662e+01 +3.3083e+00 +6.3804e-01 +5.0000e+00
7996 +7.014678132e+00 +7.014678132e+00 -1.553532187e+01 -1.553532187e+01 +3.2113e+00 +6.5966e-01 +4.3399e+00
10616 +4.366887150e+00 +4.366887150e+00 -1.818311285e+01 -1.818311285e+01 +2.7669e+00 +3.0253e+00 +4.5676e+00
14349 +3.933228459e+00 +3.933228459e+00 -1.861677154e+01 -1.861677154e+01 +2.6657e+00 +3.1535e+00 +4.0414e+00
% function evaluation | noise-free fitness - Fopt (1.366000000000e+01) | best noise-free fitness - Fopt | measured fitness | best measured fitness | x1 | x2...
1 +1.361709730e+05 +1.361709730e+05 +1.361846330e+05 +1.361846330e+05 -6.0081e-01 +2.5841e-01 +8.1936e-01
5 +7.477793745e+04 +7.477793745e+04 +7.479159745e+04 +7.479159745e+04 +3.5440e-03 -1.7117e+00 -1.5665e+00
11 +3.247940588e+04 +3.247940588e+04 +3.249306588e+04 +3.249306588e+04 -2.9574e+00 +1.8305e+00 +4.8003e+00
49 +1.644403481e+04 +1.644403481e+04 +1.645769481e+04 +1.645769481e+04 +1.9307e+00 +2.0579e+00 +9.9513e-01
82 +9.167183585e+02 +9.167183585e+02 +9.303783585e+02 +9.303783585e+02 +1.6686e+00 +4.2366e-01 -3.2775e-01
96 +5.026893279e+01 +5.026893279e+01 +6.392893279e+01 +6.392893279e+01 -1.3404e+00 -1.9823e+00 -2.5843e-01
3140 +1.707179134e+01 +1.707179134e+01 +3.073179134e+01 +3.073179134e+01 +2.6013e+00 +5.0000e+00 +3.7444e+00
3531 +1.364210349e+01 +1.364210349e+01 +2.730210349e+01 +2.730210349e+01 -1.5027e+00 +2.7280e-01 +2.2351e+00
10081 +4.058092598e+00 +4.058092598e+00 +1.771809260e+01 +1.771809260e+01 -2.2896e-01 +1.0580e+00 +1.9867e+00
12572 +3.582015737e+00 +3.582015737e+00 +1.724201574e+01 +1.724201574e+01 -1.4515e-01 +2.2686e+00 +3.1923e+00
27434 +1.501109992e+00 +1.501109992e+00 +1.516110999e+01 +1.516110999e+01 -1.5691e-01 +2.5716e+00 +3.5180e+00
% function evaluation | noise-free fitness - Fopt (9.378400000000e+02) | best noise-free fitness - Fopt | measured fitness | best measured fitness | x1 | x2...
1 +6.384263347e+06 +6.384263347e+06 +6.385201187e+06 +6.385201187e+06 +9.2843e-01 +9.4599e-02 -1.8529e+00
3 +2.248809081e+06 +2.248809081e+06 +2.249746921e+06 +2.249746921e+06 -2.0075e+00 +4.6192e+00 +3.9659e+00
4 +7.109294669e+05 +7.109294669e+05 +7.118673069e+05 +7.118673069e+05 +1.1329e+00 +2.5495e+00 +3.6092e+00
8 +1.254928496e+05 +1.254928496e+05 +1.264306896e+05 +1.264306896e+05 +3.4058e+00 +3.1745e+00 +8.8157e-01
14 +2.721140589e+03 +2.721140589e+03 +3.658980589e+03 +3.658980589e+03 -2.9475e-02 -1.9028e+00 +2.0612e+00
62 +2.113360281e+03 +2.113360281e+03 +3.051200281e+03 +3.051200281e+03 +1.0435e+00 +1.7205e-01 +1.6669e+00
125 +8.766260272e+02 +8.766260272e+02 +1.814466027e+03 +1.814466027e+03 -2.2976e+00 -1.8193e+00 +4.3286e+00
146 +9.960915488e+01 +9.960915488e+01 +1.037449155e+03 +1.037449155e+03 +4.3086e+00 -4.5571e-01 -1.5349e+00
1657 +6.251826826e+01 +6.251826826e+01 +1.000358268e+03 +1.000358268e+03 +3.8465e+00 +1.9928e-01 -9.0646e-01
1995 +9.736566475e+00 +9.736566475e+00 +9.475765665e+02 +9.475765665e+02 -2.0338e+00 +1.4664e+00 +5.0000e+00
11903 +1.291320556e+00 +1.291320556e+00 +9.391313206e+02 +9.391313206e+02 -2.4458e-01 +2.4403e+00 +3.5990e+00
21784 +7.220596147e-01 +7.220596147e-01 +9.385620596e+02 +9.385620596e+02 -8.7124e-01 +3.2254e+00 +4.4173e+00
22901 +5.852886818e-01 +5.852886818e-01 +9.384252887e+02 +9.384252887e+02 +2.3175e-01 +3.5649e+00 +3.4777e+00
28922 +3.365554221e-01 +3.365554221e-01 +9.381765554e+02 +9.381765554e+02 -3.7268e-01 +3.6106e+00 +4.0607e+00
% function evaluation | noise-free fitness - Fopt (-7.872000000000e+01) | best noise-free fitness - Fopt | measured fitness | best measured fitness | x1 | x2...
1 +2.148754446e+07 +2.148754446e+07 +2.148746574e+07 +2.148746574e+07 -7.6023e-01 +3.9427e-01 +3.9448e+00
3 +3.744560534e+05 +3.744560534e+05 +3.743773334e+05 +3.743773334e+05 -8.9285e-01 +2.8287e+00 -3.4775e+00
7 +1.802432693e+05 +1.802432693e+05 +1.801645493e+05 +1.801645493e+05 -1.7812e+00 -2.1213e-02 -2.1529e+00
9 +3.646465798e+03 +3.646465798e+03 +3.567745798e+03 +3.567745798e+03 +1.6688e+00 +6.8498e-01 -3.1773e+00
37 +2.281579685e+03 +2.281579685e+03 +2.202859685e+03 +2.202859685e+03 -4.0394e+00 -7.3662e-01 -3.7000e-01
166 +9.221812810e+02 +9.221812810e+02 +8.434612810e+02 +8.434612810e+02 +0.0000e+00 -4.7337e+00 +1.6998e+00
173 +1.022576162e+02 +1.022576162e+02 +2.353761621e+01 +2.353761621e+01 -1.5036e+00 -3.5715e+00 +1.2552e+00
966 +7.601711710e+01 +7.601711710e+01 -2.702882904e+00 -2.702882904e+00 -1.3144e+00 -5.0000e+00 +2.3613e+00
1293 +6.158233450e+01 +6.158233450e+01 -1.713766550e+01 -1.713766550e+01 -1.5271e+00 -5.0000e+00 +2.4344e+00
4063 +3.479390929e+01 +3.479390929e+01 -4.392609071e+01 -4.392609071e+01 -9.0520e-02 -4.4655e+00 +1.5435e+00
4645 +1.904561375e+01 +1.904561375e+01 -5.967438625e+01 -5.967438625e+01 +3.0024e+00 -3.5845e+00 -1.3876e-01
4714 +1.163866662e+01 +1.163866662e+01 -6.708133338e+01 -6.708133338e+01 +4.3242e+00 -3.3493e+00 -7.5092e-01
9159 +6.587786645e+00 +6.587786645e+00 -7.213221335e+01 -7.213221335e+01 +4.4172e+00 -3.2571e+00 -8.5275e-01
11813 +4.039521401e+00 +4.039521401e+00 -7.468047860e+01 -7.468047860e+01 +2.3558e+00 -1.9405e+00 -1.2992e+00
13229 +3.707590344e+00 +3.707590344e+00 -7.501240966e+01 -7.501240966e+01 +5.0000e+00 -1.0140e+00 -2.8879e+00
26630 +2.269041145e+00 +2.269041145e+00 -7.645095885e+01 -7.645095885e+01 +4.5815e+00 -1.0730e+00 -2.7090e+00
26937 +1.369964208e+00 +1.369964208e+00 -7.735003579e+01 -7.735003579e+01 +4.5263e+00 -1.6850e+00 -2.1860e+00
% function evaluation | noise-free fitness - Fopt (-5.984300000000e+02) | best noise-free fitness - Fopt | measured fitness | best measured fitness | x1 | x2...
1 +1.285598893e+05 +1.285598893e+05 +1.279614593e+05 +1.279614593e+05 -2.2380e+00 -2.2624e-01 -1.4955e+00
15 +8.025562088e+04 +8.025562088e+04 +7.965719088e+04 +7.965719088e+04 -2.8479e+00 -4.8306e+00 -4.1601e+00
20 +1.453744482e+04 +1.453744482e+04 +1.393901482e+04 +1.393901482e+04 -3.0434e+00 -8.4475e-01 -3.2311e+00
52 +3.704633035e+03 +3.704633035e+03 +3.106203035e+03 +3.106203035e+03 -2.9749e+00 +2.0801e-01 -3.2247e+00
157 +1.968054934e+02 +1.968054934e+02 -4.016245066e+02 -4.016245066e+02 -2.9507e+00 +1.7157e+00 -3.4455e+00
189 +1.073450719e+02 +1.073450719e+02 -4.910849281e+02 -4.910849281e+02 -3.0459e+00 +3.0285e+00 -4.0464e+00
309 +8.339476173e+00 +8.339476173e+00 -5.900905238e+02 -5.900905238e+02 -2.9811e+00 +2.8273e+00 -3.7563e+00
668 +5.014236044e+00 +5.014236044e+00 -5.934157640e+02 -5.934157640e+02 -3.1675e+00 +1.6865e+00 -4.6757e+00
1299 +3.438487633e+00 +3.438487633e+00 -5.949915124e+02 -5.949915124e+02 -2.8284e+00 +0.0000e+00 -2.7812e+00
1640 +1.222688294e+00 +1.222688294e+00 -5.972073117e+02 -5.972073117e+02 -2.8301e+00 +1.6469e+00 -2.8767e+00
20250 +3.843259111e-01 +3.843259111e-01 -5.980456741e+02 -5.980456741e+02 -2.8350e+00 +6.9471e-01 -2.8454e+00
% function evaluation | noise-free fitness - Fopt (-8.542000000000e+01) | best noise-free fitness - Fopt | measured fitness | best measured fitness | x1 | x2...
1 +1.548513695e+07 +1.548513695e+07 +1.548505153e+07 +1.548505153e+07 -3.1004e+00 +3.0111e+00 +2.0028e+00
2 +3.631169547e+06 +3.631169547e+06 +3.631084127e+06 +3.631084127e+06 -3.1551e+00 -8.7767e-01 +1.9241e+00
4 +1.041911939e+06 +1.041911939e+06 +1.041826519e+06 +1.041826519e+06 +3.8672e+00 -1.5436e-01 +1.4377e+00
5 +9.367390971e+05 +9.367390971e+05 +9.366536771e+05 +9.366536771e+05 +2.4718e+00 -1.9820e+00 -2.0620e+00
8 +6.165840324e+04 +6.165840324e+04 +6.157298324e+04 +6.157298324e+04 -4.6466e+00 -4.8612e+00 +2.8731e+00
33 +1.395942017e+01 +1.395942017e+01 -7.146057983e+01 -7.146057983e+01 +1.4108e+00 -3.6192e+00 -1.1429e+00
4059 +4.248139697e+00 +4.248139697e+00 -8.117186030e+01 -8.117186030e+01 +2.4241e+00 -1.8679e+00 -4.4167e-01
4508 +2.119795584e+00 +2.119795584e+00 -8.330020442e+01 -8.330020442e+01 +3.6063e+00 +7.5350e-02 +2.9325e-01
12073 +8.130876369e-01 +8.130876369e-01 -8.460691236e+01 -8.460691236e+01 +3.4797e+00 -6.2376e-02 +2.7537e-01
16850 +2.467314353e-01 +2.467314353e-01 -8.517326856e+01 -8.517326856e+01 +2.4418e+00 -9.5105e-01 +3.2535e-01
% function evaluation | noise-free fitness - Fopt (1.932500000000e+02) | best noise-free fitness - Fopt | measured fitness | best measured fitness | x1 | x2...
1 +7.038554255e+04 +7.038554255e+04 +7.057879255e+04 +7.057879255e+04 -1.0347e+00 -2.3777e+00 -2.5949e+00
47 +4.017359999e+03 +4.017359999e+03 +4.210609999e+03 +4.210609999e+03 -2.9696e+00 -4.7581e+00 -4.9428e+00
78 +8.495830452e+01 +8.495830452e+01 +2.782083045e+02 +2.782083045e+02 -6.9687e-01 -4.5638e+00 -3.1486e+00
4067 +4.253687191e+00 +4.253687191e+00 +1.975036872e+02 +1.975036872e+02 -3.3964e+00 +1.0326e+00 -4.0833e+00
16572 +1.015316602e+00 +1.015316602e+00 +1.942653166e+02 +1.942653166e+02 -3.3857e+00 +2.1539e+00 -3.8242e+00
% function evaluation | noise-free fitness - Fopt (-1.815000000000e+02) | best noise-free fitness - Fopt | measured fitness | best measured fitness | x1 | x2...
1 +3.025122872e+07 +3.025122872e+07 +3.025104722e+07 +3.025104722e+07 +1.9744e+00 +1.8457e+00 +3.0729e+00
2 +1.731086849e+07 +1.731086849e+07 +1.731068699e+07 +1.731068699e+07 -2.2034e+00 -3.9962e+00 +2.1410e+00
7 +2.458800933e+06 +2.458800933e+06 +2.458619433e+06 +2.458619433e+06 -9.6540e-01 +1.9882e-01 -3.7530e+00
16 +1.170253990e+06 +1.170253990e+06 +1.170072490e+06 +1.170072490e+06 -4.9141e+00 -1.2232e+00 -2.8806e+00
19 +2.601888135e+04 +2.601888135e+04 +2.583738135e+04 +2.583738135e+04 -4.4907e+00 -1.6862e+00 -1.0716e+00
21 +8.921923557e+02 +8.921923557e+02 +7.106923557e+02 +7.106923557e+02 -1.5954e+00 +4.0167e+00 -2.2397e+00
54 +4.489487856e+02 +4.489487856e+02 +2.674487856e+02 +2.674487856e+02 -2.7441e+00 +2.8112e+00 -7.0655e-01
169 +8.818400327e+01 +8.818400327e+01 -9.331599673e+01 -9.331599673e+01 -5.0000e+00 +3.7265e-01 +1.9152e+00
389 +2.313019567e+01 +2.313019567e+01 -1.583698043e+02 -1.583698043e+02 -2.0682e+00 +5.0000e+00 +0.0000e+00
2798 +1.646121884e+00 +1.646121884e+00 -1.798538781e+02 -1.798538781e+02 -2.0180e+00 +2.3467e+00 -2.9555e+00
7280 +1.142152965e+00 +1.142152965e+00 -1.803578470e+02 -1.803578470e+02 -1.9834e+00 +2.1568e+00 -3.2386e+00
25080 +7.780980525e-01 +7.780980525e-01 -1.807219019e+02 -1.807219019e+02 -1.5592e+00 +2.2216e+00 -4.1605e+00
% function evaluation | noise-free fitness - Fopt (4.526200000000e+02) | best noise-free fitness - Fopt | measured fitness | best measured fitness | x1 | x2...
1 +5.653759934e+06 +5.653759934e+06 +5.654212554e+06 +5.654212554e+06 +1.7215e+00 +3.4320e+00 +2.2379e+00
2 +2.022526906e+06 +2.022526906e+06 +2.022979526e+06 +2.022979526e+06 -4.7482e+00 -1.8674e+00 +6.7956e-01
9 +2.942893620e+03 +2.942893620e+03 +3.395513620e+03 +3.395513620e+03 +7.1224e-01 +3.4783e-01 +4.7585e+00
66 +2.085428826e+03 +2.085428826e+03 +2.538048826e+03 +2.538048826e+03 -3.4333e+00 -4.7736e-01 +3.7281e+00
327 +1.700144419e+02 +1.700144419e+02 +6.226344419e+02 +6.226344419e+02 -1.2630e+00 +6.7160e-01 -1.1216e+00
692 +3.360430713e+01 +3.360430713e+01 +4.862243071e+02 +4.862243071e+02 -1.1595e+00 +4.4147e-01 +6.8337e-01
2155 +1.700743081e+01 +1.700743081e+01 +4.696274308e+02 +4.696274308e+02 -3.9381e+00 -3.7038e-01 +1.8950e+00
3554 +8.922695339e+00 +8.922695339e+00 +4.615426953e+02 +4.615426953e+02 -1.0223e+00 -6.0997e-02 +4.3915e+00
4625 +1.462857026e+00 +1.462857026e+00 +4.540828570e+02 +4.540828570e+02 -6.3279e-01 +1.6544e-01 +3.4794e+00
% function evaluation | noise-free fitness - Fopt (-1.184600000000e+02) | best noise-free fitness - Fopt | measured fitness | best measured fitness | x1 | x2...
1 +4.947264340e+05 +4.947264340e+05 +4.946079740e+05 +4.946079740e+05 -1.4572e+00 -1.8199e+00 -1.1462e+00
3 +1.037531172e+05 +1.037531172e+05 +1.036346572e+05 +1.036346572e+05 +4.5279e-01 -1.1469e+00 -3.8329e-01
4 +4.226182000e+04 +4.226182000e+04 +4.214336000e+04 +4.214336000e+04 -3.9024e+00 -4.8816e+00 -2.3358e+00
37 +1.179894690e+03 +1.179894690e+03 +1.061434690e+03 +1.061434690e+03 +1.0998e+00 -1.1396e+00 -2.8778e-01
87 +8.978492992e+02 +8.978492992e+02 +7.793892992e+02 +7.793892992e+02 +2.8061e+00 -1.0166e-01 +5.7386e-01
497 +8.595926809e+01 +8.595926809e+01 -3.250073191e+01 -3.250073191e+01 +3.8326e+00 +8.9595e-01 +7.3495e-01
3084 +4.306853871e+01 +4.306853871e+01 -7.539146129e+01 -7.539146129e+01 +2.5441e+00 +5.9337e-01 -4.5751e-01
4810 +2.604556803e+01 +2.604556803e+01 -9.241443197e+01 -9.241443197e+01 +1.1898e+00 +1.3177e-01 -1.5359e+00
16722 +7.676361967e+00 +7.676361967e+00 -1.107836380e+02 -1.107836380e+02 -1.6178e+00 -3.7547e+00 -5.1180e-01
% function evaluation | noise-free fitness - Fopt (9.973000000000e+01) | best noise-free fitness - Fopt | measured fitness | best measured fitness | x1 | x2...
1 +6.494977438e+06 +6.494977438e+06 +6.495077168e+06 +6.495077168e+06 -3.0801e-01 -4.1294e+00 +4.2655e+00
2 +2.018985959e+06 +2.018985959e+06 +2.019085689e+06 +2.019085689e+06 -2.6364e+00 +4.5319e+00 +1.2878e+00
3 +4.298055842e+02 +4.298055842e+02 +5.295355842e+02 +5.295355842e+02 -2.5076e+00 -3.1243e+00 -3.1644e+00
93 +2.179478064e+02 +2.179478064e+02 +3.176778064e+02 +3.176778064e+02 -2.5722e+00 -2.8879e+00 -2.1709e+00
615 +1.479756984e+02 +1.479756984e+02 +2.477056984e+02 +2.477056984e+02 -2.5310e+00 -3.2227e+00 -2.3276e+00
667 +3.602852222e+01 +3.602852222e+01 +1.357585222e+02 +1.357585222e+02 -2.2392e+00 -5.0000e+00 -1.8532e+00
1273 +2.376968790e+01 +2.376968790e+01 +1.234996879e+02 +1.234996879e+02 -2.4280e+00 -3.0340e+00 -4.4557e+00
1738 +1.073963052e+01 +1.073963052e+01 +1.104696305e+02 +1.104696305e+02 -2.9154e+00 -4.3652e-02 -5.0000e+00
1919 +4.727840058e+00 +4.727840058e+00 +1.044578401e+02 +1.044578401e+02 -3.0626e+00 +3.7713e-01 -3.7393e+00
4508 +3.847572123e+00 +3.847572123e+00 +1.035775721e+02 +1.035775721e+02 -3.3422e+00 +9.2197e-01 -6.4006e-01
6858 +2.320844424e+00 +2.320844424e+00 +1.020508444e+02 +1.020508444e+02 -3.1464e+00 +2.5515e-01 -1.9870e+00
16812 +6.561556098e-01 +6.561556098e-01 +1.003861556e+02 +1.003861556e+02 -3.1505e+00 +2.9266e-02 -1.2267e+00
24068 +4.012767749e-01 +4.012767749e-01 +1.001312768e+02 +1.001312768e+02 -3.1406e+00 +9.8791e-02 -1.6006e+00
% function evaluation | noise-free fitness - Fopt (4.044000000000e+01) | best noise-free fitness - Fopt | measured fitness | best measured fitness | x1 | x2...
1 +1.701489408e+06 +1.701489408e+06 +1.701529848e+06 +1.701529848e+06 -2.8183e+00 +3.2360e+00 -3.1594e+00
5 +1.731811621e+05 +1.731811621e+05 +1.732216021e+05 +1.732216021e+05 +1.5258e+00 +3.4735e+00 +1.4581e+00
19 +1.740091629e+03 +1.740091629e+03 +1.780531629e+03 +1.780531629e+03 +4.3208e+00 -1.7364e-01 +2.3060e+00
116 +1.242250564e+03 +1.242250564e+03 +1.282690564e+03 +1.282690564e+03 +4.9222e+00 -4.6707e+00 +2.6677e-01
276 +3.220592780e+02 +3.220592780e+02 +3.624992780e+02 +3.624992780e+02 +5.0000e+00 -5.0000e+00 +1.3333e-01
322 +7.473763867e+01 +7.473763867e+01 +1.151776387e+02 +1.151776387e+02 +5.0000e+00 -4.8603e+00 +1.8865e-01
635 +3.387131021e+01 +3.387131021e+01 +7.431131021e+01 +7.431131021e+01 +3.2681e+00 +0.0000e+00 +8.9935e-01
2285 +1.756088020e+01 +1.756088020e+01 +5.800088020e+01 +5.800088020e+01 +2.2685e+00 +2.1194e+00 +8.9239e-01
3238 +5.208644032e+00 +5.208644032e+00 +4.564864403e+01 +4.564864403e+01 +1.7447e+00 +1.2610e+00 -3.7463e-01
7331 +3.020144120e+00 +3.020144120e+00 +4.346014412e+01 +4.346014412e+01 +2.0440e+00 +1.4552e+00 +1.5749e-01
11677 +2.139602403e+00 +2.139602403e+00 +4.257960240e+01 +4.257960240e+01 +1.6730e+00 +2.7708e+00 +4.8235e-01
22906 +1.268193185e+00 +1.268193185e+00 +4.170819318e+01 +4.170819318e+01 +2.2370e+00 +3.4519e+00 +1.6856e+00
26916 +9.140894653e-01 +9.140894653e-01 +4.135408947e+01 +4.135408947e+01 +2.4281e+00 +3.1765e+00 +1.7724e+00
% function evaluation | noise-free fitness - Fopt (-1.216000000000e+02) | best noise-free fitness - Fopt | measured fitness | best measured fitness | x1 | x2...
1 +1.817129356e+05 +1.817129356e+05 +1.815913356e+05 +1.815913356e+05 +1.4191e+00 -1.5556e+00 -1.5576e+00
10 +2.801883471e+04 +2.801883471e+04 +2.789723471e+04 +2.789723471e+04 +2.5109e+00 +5.0553e-01 -3.9940e+00
42 +2.362786861e+02 +2.362786861e+02 +1.146786861e+02 +1.146786861e+02 -1.1919e-01 -1.1611e+00 -1.6235e+00
59 +6.359444506e+00 +6.359444506e+00 -1.152405555e+02 -1.152405555e+02 -3.4087e+00 +2.5924e-01 -1.0698e+00
3106 +4.430833775e+00 +4.430833775e+00 -1.171691662e+02 -1.171691662e+02 -4.2002e+00 -7.7898e-01 +1.0923e-01
6112 +2.999996470e+00 +2.999996470e+00 -1.186000035e+02 -1.186000035e+02 -4.1522e+00 -1.1422e+00 +3.5720e-01
21206 +1.092878710e+00 +1.092878710e+00 -1.205071213e+02 -1.205071213e+02 -4.1637e+00 -1.0023e+00 +2.5548e-01
% function evaluation | noise-free fitness - Fopt (-3.811000000000e+01) | best noise-free fitness - Fopt | measured fitness | best measured fitness | x1 | x2...
1 +2.910757140e+06 +2.910757140e+06 +2.910719030e+06 +2.910719030e+06 -3.4033e+00 -3.0097e+00 +3.3479e+00
3 +3.375705214e+04 +3.375705214e+04 +3.371894214e+04 +3.371894214e+04 -3.8260e+00 +7.7880e-01 +4.6214e+00
10 +2.268394316e+03 +2.268394316e+03 +2.230284316e+03 +2.230284316e+03 -9.5703e-01 -3.5459e+00 +6.3611e-01
60 +1.285064177e+03 +1.285064177e+03 +1.246954177e+03 +1.246954177e+03 -4.0934e-01 -5.0000e+00 -2.8987e+00
77 +3.420851380e+02 +3.420851380e+02 +3.039751380e+02 +3.039751380e+02 -3.0684e+00 -2.3388e-01 +4.9236e+00
179 +1.290294520e+02 +1.290294520e+02 +9.091945199e+01 +9.091945199e+01 +0.0000e+00 -4.8115e+00 +0.0000e+00
579 +4.765333996e+01 +4.765333996e+01 +9.543339965e+00 +9.543339965e+00 +2.2478e-01 -4.8952e+00 +8.2068e-01
1122 +1.321482361e+01 +1.321482361e+01 -2.489517639e+01 -2.489517639e+01 -7.3838e-02 -4.9289e+00 -7.7504e-01
5688 +4.032784995e+00 +4.032784995e+00 -3.407721501e+01 -3.407721501e+01 -1.3761e+00 -3.2459e+00 +2.1691e-01
8976 +1.180591996e+00 +1.180591996e+00 -3.692940800e+01 -3.692940800e+01 -2.2121e+00 -2.4248e+00 -2.4911e-01
21011 +3.975867121e-01 +3.975867121e-01 -3.771241329e+01 -3.771241329e+01 -2.3234e+00 -2.4353e+00 -8.2975e-01
25771 +1.980057106e-01 +1.980057106e-01 -3.791199429e+01 -3.791199429e+01 -2.4601e+00 -2.4223e+00 -1.4188e+00
