% function evaluation | noise-free fitness - Fopt (-4.620900000000e+02) | best noise-free fitness - Fopt | measured fitness | best measured fitness | x1 | x2...
1 +1.309822278e+02 +1.309822278e+02 -3.311077722e+02 -3.311077722e+02 +1.5494e-01 +3.9975e+00 -9.2331e-01
3 +2.619452648e+01 +2.619452648e+01 -4.358954735e+02 -4.358954735e+02 +7.3029e-01 +1.7045e+00 +1.4585e+00
127 +2.243057585e+01 +2.243057585e+01 -4.396594242e+02 -4.396594242e+02 +5.0812e-01 +3.3633e+00 +1.2884e+00
232 +1.310332305e+01 +1.310332305e+01 -4.489866769e+02 -4.489866769e+02 +1.4519e+00 +1.5879e+00 +2.1806e+00
254 +7.937321934e+00 +7.937321934e+00 -4.541526781e+02 -4.541526781e+02 +1.4559e+00 +1.7154e+00 +2.1845e+00
354 +4.860360217e+00 +4.860360217e+00 -4.572296398e+02 -4.572296398e+02 +1.3749e+00 +1.6824e+00 +1.8807e+00
366 +3.920983517e+00 +3.920983517e+00 -4.581690165e+02 -4.581690165e+02 +1.3127e+00 +1.7124e+00 +1.9179e+00
11362 +2.453506450e+00 +2.453506450e+00 -4.596364935e+02 -4.596364935e+02 +2.3046e+00 +1.7281e+00 +1.9040e+00
34953 +1.561971310e+00 +1.561971310e+00 -4.605280287e+02 -4.605280287e+02 +2.3016e+00 +2.3172e+00 +1.8994e+00
35052 +9.983258249e-01 +9.983258249e-01 -4.610916742e+02 -4.610916742e+02 +2.3399e+00 +2.3010e+00 +1.9047e+00
% function evaluation | noise-free fitness - Fopt (7.766000000000e+01) | best noise-free fitness - Fopt | measured fitness | best measured fitness | x1 | x2...
1 +1.689918902e+02 +1.689918902e+02 +2.466518902e+02 +2.466518902e+02 -2.0840e+00 +2.5185e+00 -1.7065e+00
2 +1.188846722e+02 +1.188846722e+02 +1.965446722e+02 +1.965446722e+02 -2.9492e+00 -8.1270e-01 -1.4558e+00
3 +3.316590015e+01 +3.316590015e+01 +1.108259001e+02 +1.108259001e+02 -1.5087e+00 +2.2553e-01 +6.7538e-01
86 +2.134498515e+01 +2.134498515e+01 +9.900498515e+01 +9.900498515e+01 +1.8865e-01 -7.6512e-01 +5.4925e-01
104 +7.975884892e+00 +7.975884892e+00 +8.563588489e+01 +8.563588489e+01 +3.9182e-01 -1.5124e+00 +9.7654e-01
216 +6.198220441e+00 +6.198220441e+00 +8.385822044e+01 +8.385822044e+01 +5.6895e-01 -8.2691e-01 +1.2629e+00
1464 +3.829233875e+00 +3.829233875e+00 +8.148923387e+01 +8.148923387e+01 +1.4484e+00 -1.4595e+00 +9.6282e-01
10417 +2.187364606e+00 +2.187364606e+00 +7.984736461e+01 +7.984736461e+01 +2.3741e+00 -1.4684e+00 +9.6192e-01
20371 +1.410655014e+00 +1.410655014e+00 +7.907065501e+01 +7.907065501e+01 +2.3573e+00 -1.4607e+00 +1.2696e+00
20448 +9.986235143e-01 +9.986235143e-01 +7.865862351e+01 +7.865862351e+01 +2.3945e+00 -1.4515e+00 +1.2720e+00
% function evaluation | noise-free fitness - Fopt (1.156800000000e+02) | best noise-free fitness - Fopt | measured fitness | best measured fitness | x1 | x2...
1 +7.751977419e+03 +7.751977419e+03 +7.867657419e+03 +7.867657419e+03 -3.1412e+00 -2.1525e+00 +2.9547e+00
9 +7.538535845e+01 +7.538535845e+01 +1.910653585e+02 +1.910653585e+02 -4.0659e+00 -3.3251e+00 +2.9127e-01
11 +5.894415552e+01 +5.894415552e+01 +1.746241555e+02 +1.746241555e+02 -5.4709e-01 +1.7531e-01 +7.6932e-02
39 +1.784718052e+01 +1.784718052e+01 +1.335271805e+02 +1.335271805e+02 +1.5494e-01 -1.6715e+00 -7.2630e-01
86 +9.734951002e+00 +9.734951002e+00 +1.254149510e+02 +1.254149510e+02 +1.8957e-01 +5.7119e-02 +2.2835e-01
1495 +5.086351146e+00 +5.086351146e+00 +1.207663511e+02 +1.207663511e+02 +1.1868e+00 -9.8339e-01 -4.5078e-01
8427 +3.980703858e+00 +3.980703858e+00 +1.196607039e+02 +1.196607039e+02 +2.1771e+00 -9.8374e-01 -4.4293e-01
9622 +2.319045008e+00 +2.319045008e+00 +1.179990450e+02 +1.179990450e+02 +1.1638e+00 -1.5531e+00 +2.4439e-01
54421 +1.479946649e+00 +1.479946649e+00 +1.171599466e+02 +1.171599466e+02 +2.1370e+00 -9.7264e-01 -6.1799e-02
54610 +9.963913386e-01 +9.963913386e-01 +1.166763913e+02 +1.166763913e+02 +2.1762e+00 -9.8415e-01 -6.5180e-02
115231 +7.449168602e-02 +7.449168602e-02 +1.157544917e+02 +1.157544917e+02 +2.1741e+00 -9.7295e-01 +2.4339e-01
115293 +1.535556300e-02 +1.535556300e-02 +1.156953556e+02 +1.156953556e+02 +2.1696e+00 -9.8192e-01 +2.4395e-01
115389 +8.736704997e-03 +8.736704997e-03 +1.156887367e+02 +1.156887367e+02 +2.1772e+00 -9.8124e-01 +2.4307e-01
115394 +2.291694861e-03 +2.291694861e-03 +1.156822917e+02 +1.156822917e+02 +2.1767e+00 -9.8221e-01 +2.4406e-01
115449 +1.513401600e-03 +1.513401600e-03 +1.156815134e+02 +1.156815134e+02 +2.1770e+00 -9.8333e-01 +2.4402e-01
115452 +7.471484096e-04 +7.471484096e-04 +1.156807471e+02 +1.156807471e+02 +2.1778e+00 -9.8355e-01 +2.4430e-01
115455 +5.198367663e-05 +5.198367663e-05 +1.156800520e+02 +1.156800520e+02 +2.1783e+00 -9.8315e-01 +2.4465e-01
115507 +3.192950282e-05 +3.192950282e-05 +1.156800319e+02 +1.156800319e+02 +2.1782e+00 -9.8328e-01 +2.4470e-01
115515 +1.308334096e-05 +1.308334096e-05 +1.156800131e+02 +1.156800131e+02 +2.1782e+00 -9.8329e-01 +2.4479e-01
115598 +8.540530601e-06 +8.540530601e-06 +1.156800085e+02 +1.156800085e+02 +2.1784e+00 -9.8317e-01 +2.4475e-01
115612 +4.828121916e-06 +4.828121916e-06 +1.156800048e+02 +1.156800048e+02 +2.1783e+00 -9.8316e-01 +2.4477e-01
115622 +2.038798570e-06 +2.038798570e-06 +1.156800020e+02 +1.156800020e+02 +2.1784e+00 -9.8315e-01 +2.4479e-01
115626 +1.352885860e-06 +1.352885860e-06 +1.156800014e+02 +1.156800014e+02 +2.1784e+00 -9.8319e-01 +2.4478e-01
115681 +6.857993071e-07 +6.857993071e-07 +1.156800007e+02 +1.156800007e+02 +2.1784e+00 -9.8317e-01 +2.4480e-01
115693 +2.953101870e-07 +2.953101870e-07 +1.156800003e+02 +1.156800003e+02 +2.1784e+00 -9.8318e-01 +2.4480e-01
115725 +1.806043315e-07 +1.806043315e-07 +1.156800002e+02 +1.156800002e+02 +2.1784e+00 -9.8319e-01 +2.4480e-01
115732 +8.189529410e-08 +8.189529410e-08 +1.156800001e+02 +1.156800001e+02 +2.1784e+00 -9.8321e-01 +2.4480e-01
115791 +1.555497420e-08 +1.555497420e-08 +1.156800000e+02 +1.156800000e+02 +2.1784e+00 -9.8320e-01 +2.4480e-01
115842 +8.508663996e-09 +8.508663996e-09 +1.156800000e+02 +1.156800000e+02 +2.1784e+00 -9.8320e-01 +2.4480e-01
115847 +4.353736927e-09 +4.353736927e-09 +1.156800000e+02 +1.156800000e+02 +2.1784e+00 -9.8320e-01 +2.4480e-01
% function evaluation | noise-free fitness - Fopt (-3.710000000000e+00) | best noise-free fitness - Fopt | measured fitness | best measured fitness | x1 | x2...
1 +5.836055803e+01 +5.836055803e+01 +5.465055803e+01 +5.465055803e+01 -6.2654e-02 -1.5227e+00 +4.0558e-01
4 +2.835945285e+01 +2.835945285e+01 +2.464945285e+01 +2.464945285e+01 +2.3157e+00 -1.5980e+00 +1.0602e+00
65 +1.874672608e+01 +1.874672608e+01 +1.503672608e+01 +1.503672608e+01 +1.2610e+00 -1.2563e+00 +1.0415e+00
146 +1.327235028e+01 +1.327235028e+01 +9.562350283e+00 +9.562350283e+00 +2.2347e+00 -1.2247e+00 +1.1007e+00
214 +9.567233797e+00 +9.567233797e+00 +5.857233797e+00 +5.857233797e+00 +2.1489e+00 -1.2360e+00 +1.0812e+00
1238 +5.325399652e+00 +5.325399652e+00 +1.615399652e+00 +1.615399652e+00 +1.1161e+00 -2.8878e+00 +1.7749e+00
6424 +3.980904367e+00 +3.980904367e+00 +2.709043670e-01 +2.709043670e-01 +1.1646e+00 -2.2943e+00 +1.7827e+00
8632 +1.641355950e+00 +1.641355950e+00 -2.068644050e+00 -2.068644050e+00 +2.1537e+00 -2.2767e+00 +1.7756e+00
8687 +1.418558778e+00 +1.418558778e+00 -2.291441222e+00 -2.291441222e+00 +2.1558e+00 -2.3005e+00 +1.7829e+00
8812 +9.985774696e-01 +9.985774696e-01 -2.711422530e+00 -2.711422530e+00 +2.1232e+00 -2.2949e+00 +1.7819e+00
120175 +5.096889970e-01 +5.096889970e-01 -3.200311003e+00 -3.200311003e+00 +3.0765e+00 -2.2836e+00 +1.7820e+00
120176 +2.837808013e-01 +2.837808013e-01 -3.426219199e+00 -3.426219199e+00 +3.0996e+00 -2.2884e+00 +1.7733e+00
120206 +2.119459488e-01 +2.119459488e-01 -3.498054051e+00 -3.498054051e+00 +3.1221e+00 -2.2867e+00 +1.7783e+00
120210 +1.402787793e-01 +1.402787793e-01 -3.569721221e+00 -3.569721221e+00 +3.1086e+00 -2.2840e+00 +1.7793e+00
120227 +2.396647216e-02 +2.396647216e-02 -3.686033528e+00 -3.686033528e+00 +3.1120e+00 -2.2946e+00 +1.7806e+00
120294 +1.238961571e-02 +1.238961571e-02 -3.697610384e+00 -3.697610384e+00 +3.1146e+00 -2.2950e+00 +1.7814e+00
120313 +2.225463101e-03 +2.225463101e-03 -3.707774537e+00 -3.707774537e+00 +3.1185e+00 -2.2969e+00 +1.7830e+00
120378 +6.316136798e-04 +6.316136798e-04 -3.709368386e+00 -3.709368386e+00 +3.1194e+00 -2.2958e+00 +1.7828e+00
120389 +6.132783268e-04 +6.132783268e-04 -3.709386722e+00 -3.709386722e+00 +3.1197e+00 -2.2955e+00 +1.7827e+00
120461 +5.008102808e-05 +5.008102808e-05 -3.709949919e+00 -3.709949919e+00 +3.1198e+00 -2.2951e+00 +1.7831e+00
120519 +2.411407466e-05 +2.411407466e-05 -3.709975886e+00 -3.709975886e+00 +3.1199e+00 -2.2950e+00 +1.7832e+00
120533 +8.615206371e-06 +8.615206371e-06 -3.709991385e+00 -3.709991385e+00 +3.1199e+00 -2.2953e+00 +1.7832e+00
120544 +8.167268883e-07 +8.167268883e-07 -3.709999183e+00 -3.709999183e+00 +3.1200e+00 -2.2952e+00 +1.7832e+00
120613 +3.754887876e-07 +3.754887876e-07 -3.709999625e+00 -3.709999625e+00 +3.1200e+00 -2.2952e+00 +1.7832e+00
120676 +2.486267840e-07 +2.486267840e-07 -3.709999751e+00 -3.709999751e+00 +3.1200e+00 -2.2952e+00 +1.7832e+00
120680 +6.077000014e-08 +6.077000014e-08 -3.709999939e+00 -3.709999939e+00 +3.1200e+00 -2.2952e+00 +1.7832e+00
120715 +1.997758003e-08 +1.997758003e-08 -3.709999980e+00 -3.709999980e+00 +3.1200e+00 -2.2952e+00 +1.7832e+00
120725 +1.435372621e-08 +1.435372621e-08 -3.709999986e+00 -3.709999986e+00 +3.1200e+00 -2.2952e+00 +1.7832e+00
120726 +5.480395693e-09 +5.480395693e-09 -3.709999995e+00 -3.709999995e+00 +3.1200e+00 -2.2952e+00 +1.7832e+00
% function evaluation | noise-free fitness - Fopt (1.321800000000e+02) | best noise-free fitness - Fopt | measured fitness | best measured fitness | x1 | x2...
1 +2.852077320e+02 +2.852077320e+02 +4.173877320e+02 +4.173877320e+02 -2.2913e+00 -7.5876e-01 -1.3428e+00
3 +1.784463202e+02 +1.784463202e+02 +3.106263202e+02 +3.106263202e+02 -1.7159e+00 -3.0517e+00 +1.0390e+00
13 +6.415456968e+01 +6.415456968e+01 +1.963345697e+02 +1.963345697e+02 +3.8733e-01 -1.3522e+00 +2.7062e+00
36 +4.564337868e+01 +4.564337868e+01 +1.778233787e+02 +1.778233787e+02 +2.0560e+00 +7.2609e-01 +2.6309e+00
52 +2.131659387e+01 +2.131659387e+01 +1.534965939e+02 +1.534965939e+02 +2.7666e+00 +1.3655e+00 +2.8716e+00
93 +1.287211232e+01 +1.287211232e+01 +1.450521123e+02 +1.450521123e+02 +2.8857e+00 +2.0758e+00 +3.1710e+00
222 +9.709532480e+00 +9.709532480e+00 +1.418895325e+02 +1.418895325e+02 +1.8284e+00 +2.0194e+00 +2.7971e+00
1307 +5.861823848e+00 +5.861823848e+00 +1.380418238e+02 +1.380418238e+02 +3.6395e+00 +1.5307e+00 +3.1558e+00
1342 +3.029962795e+00 +3.029962795e+00 +1.352099628e+02 +1.352099628e+02 +3.6734e+00 +1.4572e+00 +3.1416e+00
1367 +2.362722747e+00 +2.362722747e+00 +1.345427227e+02 +1.345427227e+02 +3.6912e+00 +1.4941e+00 +3.1646e+00
1388 +1.538534899e+00 +1.538534899e+00 +1.337185349e+02 +1.337185349e+02 +3.7139e+00 +1.4885e+00 +3.1506e+00
1517 +9.968550570e-01 +9.968550570e-01 +1.331768551e+02 +1.331768551e+02 +3.7636e+00 +1.4812e+00 +3.1511e+00
12649 +6.103282588e-01 +6.103282588e-01 +1.327903283e+02 +1.327903283e+02 +3.7206e+00 +1.4866e+00 +3.4516e+00
12665 +3.596537187e-01 +3.596537187e-01 +1.325396537e+02 +1.325396537e+02 +3.7623e+00 +1.4615e+00 +3.4544e+00
12689 +1.952305114e-01 +1.952305114e-01 +1.323752305e+02 +1.323752305e+02 +3.7343e+00 +1.4796e+00 +3.4596e+00
12695 +1.579461302e-01 +1.579461302e-01 +1.323379461e+02 +1.323379461e+02 +3.7438e+00 +1.4875e+00 +3.4563e+00
12704 +8.160030086e-02 +8.160030086e-02 +1.322616003e+02 +1.322616003e+02 +3.7514e+00 +1.4861e+00 +3.4621e+00
12708 +3.425446298e-02 +3.425446298e-02 +1.322142545e+02 +1.322142545e+02 +3.7523e+00 +1.4859e+00 +3.4610e+00
12713 +1.433138123e-02 +1.433138123e-02 +1.321943314e+02 +1.321943314e+02 +3.7600e+00 +1.4795e+00 +3.4600e+00
12752 +1.488964784e-03 +1.488964784e-03 +1.321814890e+02 +1.321814890e+02 +3.7618e+00 +1.4831e+00 +3.4612e+00
12820 +9.104670656e-04 +9.104670656e-04 +1.321809105e+02 +1.321809105e+02 +3.7633e+00 +1.4815e+00 +3.4612e+00
12851 +2.472411866e-04 +2.472411866e-04 +1.321802472e+02 +1.321802472e+02 +3.7636e+00 +1.4819e+00 +3.4616e+00
12883 +7.210875037e-05 +7.210875037e-05 +1.321800721e+02 +1.321800721e+02 +3.7636e+00 +1.4827e+00 +3.4616e+00
12916 +4.923095446e-05 +4.923095446e-05 +1.321800492e+02 +1.321800492e+02 +3.7638e+00 +1.4826e+00 +3.4615e+00
12922 +1.902736886e-05 +1.902736886e-05 +1.321800190e+02 +1.321800190e+02 +3.7639e+00 +1.4823e+00 +3.4616e+00
12985 +9.349278059e-06 +9.349278059e-06 +1.321800093e+02 +1.321800093e+02 +3.7638e+00 +1.4824e+00 +3.4616e+00
13002 +5.546268369e-06 +5.546268369e-06 +1.321800055e+02 +1.321800055e+02 +3.7639e+00 +1.4825e+00 +3.4616e+00
13044 +3.110888201e-06 +3.110888201e-06 +1.321800031e+02 +1.321800031e+02 +3.7639e+00 +1.4824e+00 +3.4616e+00
13050 +1.635379107e-06 +1.635379107e-06 +1.321800016e+02 +1.321800016e+02 +3.7639e+00 +1.4824e+00 +3.4616e+00
13060 +8.927827935e-07 +8.927827935e-07 +1.321800009e+02 +1.321800009e+02 +3.7640e+00 +1.4824e+00 +3.4616e+00
13068 +2.635858039e-07 +2.635858039e-07 +1.321800003e+02 +1.321800003e+02 +3.7640e+00 +1.4824e+00 +3.4616e+00
13151 +1.899757933e-07 +1.899757933e-07 +1.321800002e+02 +1.321800002e+02 +3.7640e+00 +1.4824e+00 +3.4616e+00
13158 +1.484215204e-07 +1.484215204e-07 +1.321800001e+02 +1.321800001e+02 +3.7640e+00 +1.4824e+00 +3.4616e+00
13186 +9.768731957e-08 +9.768731957e-08 +1.321800001e+02 +1.321800001e+02 +3.7640e+00 +1.4824e+00 +3.4616e+00
13191 +6.296912147e-08 +6.296912147e-08 +1.321800001e+02 +1.321800001e+02 +3.7640e+00 +1.4824e+00 +3.4616e+00
13195 +1.872527378e-08 +1.872527378e-08 +1.321800000e+02 +1.321800000e+02 +3.7640e+00 +1.4824e+00 +3.4616e+00
13220 +8.189857681e-09 +8.189857681e-09 +1.321800000e+02 +1.321800000e+02 +3.7640e+00 +1.4824e+00 +3.4616e+00
% function evaluation | noise-free fitness - Fopt (2.169000000000e+01) | best noise-free fitness - Fopt | measured fitness | best measured fitness | x1 | x2...
1 +4.891797755e+02 +4.891797755e+02 +5.108697755e+02 +5.108697755e+02 +1.6666e+00 -1.6387e+00 -3.5623e+00
3 +3.649666292e+02 +3.649666292e+02 +3.866566292e+02 +3.866566292e+02 +2.2420e+00 -3.9317e+00 -1.1804e+00
9 +1.318220580e+02 +1.318220580e+02 +1.535120580e+02 +1.535120580e+02 +6.4794e-01 -3.1157e+00 +1.8334e+00
36 +8.378964911e+01 +8.378964911e+01 +1.054796491e+02 +1.054796491e+02 +1.1898e-02 -1.1287e+00 +3.6566e+00
54 +5.595703647e+01 +5.595703647e+01 +7.764703647e+01 +7.764703647e+01 +4.1236e-01 -1.2795e+00 +1.9622e+00
83 +3.002571608e+01 +3.002571608e+01 +5.171571608e+01 +5.171571608e+01 +1.2678e+00 -3.1623e-02 +2.8060e+00
95 +1.397003964e+01 +1.397003964e+01 +3.566003964e+01 +3.566003964e+01 +1.6348e+00 +1.1881e+00 +3.4985e+00
177 +4.907549863e+00 +4.907549863e+00 +2.659754986e+01 +2.659754986e+01 +4.6851e-01 +1.0811e+00 +3.4166e+00
1166 +3.489329525e+00 +3.489329525e+00 +2.517932953e+01 +2.517932953e+01 +5.5458e-01 +1.6447e+00 +3.4342e+00
3411 +2.149332578e+00 +2.149332578e+00 +2.383933258e+01 +2.383933258e+01 +1.5040e+00 +1.6631e+00 +3.1258e+00
12428 +1.371287561e+00 +1.371287561e+00 +2.306128756e+01 +2.306128756e+01 +1.4832e+00 +1.1360e+00 +3.1309e+00
12613 +9.989706083e-01 +9.989706083e-01 +2.268897061e+01 +2.268897061e+01 +1.5208e+00 +1.1391e+00 +3.1270e+00
45155 +3.118285536e-01 +3.118285536e-01 +2.200182855e+01 +2.200182855e+01 +1.5007e+00 +1.1179e+00 +3.4360e+00
45189 +1.815477173e-01 +1.815477173e-01 +2.187154772e+01 +2.187154772e+01 +1.5166e+00 +1.1204e+00 +3.4367e+00
45200 +7.134906891e-02 +7.134906891e-02 +2.176134907e+01 +2.176134907e+01 +1.5034e+00 +1.1354e+00 +3.4355e+00
45250 +1.891056891e-02 +1.891056891e-02 +2.170891057e+01 +2.170891057e+01 +1.5198e+00 +1.1355e+00 +3.4339e+00
45254 +1.278930176e-02 +1.278930176e-02 +2.170278930e+01 +2.170278930e+01 +1.5131e+00 +1.1368e+00 +3.4362e+00
45278 +9.288759363e-03 +9.288759363e-03 +2.169928876e+01 +2.169928876e+01 +1.5213e+00 +1.1403e+00 +3.4358e+00
45312 +1.760909168e-03 +1.760909168e-03 +2.169176091e+01 +2.169176091e+01 +1.5194e+00 +1.1368e+00 +3.4361e+00
45359 +5.562380052e-04 +5.562380052e-04 +2.169055624e+01 +2.169055624e+01 +1.5214e+00 +1.1363e+00 +3.4364e+00
45368 +1.538569987e-04 +1.538569987e-04 +2.169015386e+01 +2.169015386e+01 +1.5207e+00 +1.1368e+00 +3.4367e+00
45430 +3.340890540e-05 +3.340890540e-05 +2.169003341e+01 +2.169003341e+01 +1.5215e+00 +1.1370e+00 +3.4368e+00
45467 +1.999112965e-05 +1.999112965e-05 +2.169001999e+01 +2.169001999e+01 +1.5216e+00 +1.1369e+00 +3.4367e+00
45471 +1.205371635e-05 +1.205371635e-05 +2.169001205e+01 +2.169001205e+01 +1.5216e+00 +1.1367e+00 +3.4368e+00
45477 +4.390536368e-06 +4.390536368e-06 +2.169000439e+01 +2.169000439e+01 +1.5215e+00 +1.1369e+00 +3.4368e+00
45490 +2.225893258e-06 +2.225893258e-06 +2.169000223e+01 +2.169000223e+01 +1.5216e+00 +1.1369e+00 +3.4368e+00
45532 +6.245313280e-07 +6.245313280e-07 +2.169000062e+01 +2.169000062e+01 +1.5216e+00 +1.1368e+00 +3.4368e+00
45539 +2.946569602e-07 +2.946569602e-07 +2.169000029e+01 +2.169000029e+01 +1.5216e+00 +1.1368e+00 +3.4368e+00
45578 +1.150729361e-07 +1.150729361e-07 +2.169000012e+01 +2.169000012e+01 +1.5216e+00 +1.1368e+00 +3.4368e+00
45584 +9.816389834e-08 +9.816389834e-08 +2.169000010e+01 +2.169000010e+01 +1.5216e+00 +1.1368e+00 +3.4368e+00
45620 +4.900401152e-08 +4.900401152e-08 +2.169000005e+01 +2.169000005e+01 +1.5216e+00 +1.1368e+00 +3.4368e+00
45635 +1.344851697e-08 +1.344851697e-08 +2.169000001e+01 +2.169000001e+01 +1.5216e+00 +1.1368e+00 +3.4368e+00
45657 +6.000142605e-09 +6.000142605e-09 +2.169000001e+01 +2.169000001e+01 +1.5216e+00 +1.1368e+00 +3.4368e+00
45664 +9.536194057e-10 +9.536194057e-10 +2.169000000e+01 +2.169000000e+01 +1.5216e+00 +1.1368e+00 +3.4368e+00
% function evaluation | noise-free fitness - Fopt (8.232000000000e+01) | best noise-free fitness - Fopt | measured fitness | best measured fitness | x1 | x2...
1 +1.559839872e+02 +1.559839872e+02 +2.383039872e+02 +2.383039872e+02 +2.3805e+00 -2.3900e+00 -2.9109e+00
3 +4.602571791e+01 +4.602571791e+01 +1.283457179e+02 +1.283457179e+02 +2.9559e+00 -4.6829e+00 -5.2910e-01
31 +3.438002281e+01 +3.438002281e+01 +1.167000228e+02 +1.167000228e+02 +2.3245e+00 -2.2326e+00 -1.1096e-01
55 +2.186864442e+01 +2.186864442e+01 +1.041886444e+02 +1.041886444e+02 +2.7573e+00 -1.2336e+00 +1.7120e-01
88 +1.506564435e+01 +1.506564435e+01 +9.738564435e+01 +9.738564435e+01 +2.8536e+00 -2.3207e+00 -2.5906e-01
151 +6.239436792e+00 +6.239436792e+00 +8.855943679e+01 +8.855943679e+01 +2.6627e+00 -2.8737e+00 -2.4817e-01
1314 +3.456332953e+00 +3.456332953e+00 +8.577633295e+01 +8.577633295e+01 +1.6790e+00 -1.6891e+00 +1.1074e-01
9411 +2.191705248e+00 +2.191705248e+00 +8.451170525e+01 +8.451170525e+01 +1.6563e+00 -2.2047e+00 +1.2617e-01
27548 +8.474659117e-01 +8.474659117e-01 +8.316746591e+01 +8.316746591e+01 +2.5963e+00 -2.2219e+00 +4.2855e-01
27553 +3.782629364e-01 +3.782629364e-01 +8.269826294e+01 +8.269826294e+01 +2.6324e+00 -2.2129e+00 +4.2429e-01
27652 +7.163749275e-02 +7.163749275e-02 +8.239163749e+01 +8.239163749e+01 +2.6615e+00 -2.2129e+00 +4.2809e-01
27700 +2.822777281e-02 +2.822777281e-02 +8.234822777e+01 +8.234822777e+01 +2.6554e+00 -2.2211e+00 +4.3207e-01
27724 +7.615208721e-03 +7.615208721e-03 +8.232761521e+01 +8.232761521e+01 +2.6609e+00 -2.2191e+00 +4.3208e-01
27749 +2.713799330e-04 +2.713799330e-04 +8.232027138e+01 +8.232027138e+01 +2.6649e+00 -2.2174e+00 +4.3251e-01
27851 +1.115079209e-04 +1.115079209e-04 +8.232011151e+01 +8.232011151e+01 +2.6650e+00 -2.2178e+00 +4.3274e-01
27856 +5.367655444e-05 +5.367655444e-05 +8.232005368e+01 +8.232005368e+01 +2.6654e+00 -2.2178e+00 +4.3268e-01
27884 +3.084432581e-05 +3.084432581e-05 +8.232003084e+01 +8.232003084e+01 +2.6655e+00 -2.2177e+00 +4.3269e-01
27896 +2.490508297e-05 +2.490508297e-05 +8.232002491e+01 +8.232002491e+01 +2.6654e+00 -2.2177e+00 +4.3272e-01
27911 +8.998970742e-06 +8.998970742e-06 +8.232000900e+01 +8.232000900e+01 +2.6654e+00 -2.2177e+00 +4.3278e-01
27940 +5.683082989e-06 +5.683082989e-06 +8.232000568e+01 +8.232000568e+01 +2.6655e+00 -2.2176e+00 +4.3277e-01
27979 +2.577588234e-06 +2.577588234e-06 +8.232000258e+01 +8.232000258e+01 +2.6655e+00 -2.2176e+00 +4.3279e-01
28000 +1.196206128e-06 +1.196206128e-06 +8.232000120e+01 +8.232000120e+01 +2.6655e+00 -2.2176e+00 +4.3279e-01
28001 +7.569734493e-07 +7.569734493e-07 +8.232000076e+01 +8.232000076e+01 +2.6655e+00 -2.2176e+00 +4.3280e-01
28009 +2.943043853e-07 +2.943043853e-07 +8.232000029e+01 +8.232000029e+01 +2.6656e+00 -2.2176e+00 +4.3279e-01
28047 +7.903251742e-08 +7.903251742e-08 +8.232000008e+01 +8.232000008e+01 +2.6656e+00 -2.2176e+00 +4.3280e-01
28115 +4.334579273e-08 +4.334579273e-08 +8.232000004e+01 +8.232000004e+01 +2.6656e+00 -2.2176e+00 +4.3280e-01
28125 +1.087865087e-08 +1.087865087e-08 +8.232000001e+01 +8.232000001e+01 +2.6656e+00 -2.2176e+00 +4.3280e-01
28177 +5.935447689e-09 +5.935447689e-09 +8.232000001e+01 +8.232000001e+01 +2.6656e+00 -2.2176e+00 +4.3280e-01
% function evaluation | noise-free fitness - Fopt (2.034600000000e+02) | best noise-free fitness - Fopt | measured fitness | best measured fitness | x1 | x2...
1 +3.005084598e+02 +3.005084598e+02 +5.039684598e+02 +5.039684598e+02 +1.0381e+00 -3.5989e+00 -1.6684e+00
5 +2.409606646e+02 +2.409606646e+02 +4.444206646e+02 +4.444206646e+02 +1.3874e+00 -3.9723e+00 -2.1677e-01
12 +1.307999370e+02 +1.307999370e+02 +3.342599370e+02 +3.342599370e+02 +2.1711e+00 +8.3482e-01 -1.3372e+00
13 +7.355347182e+01 +7.355347182e+01 +2.770134718e+02 +2.770134718e+02 +1.8646e+00 +4.3133e-01 +9.2752e-01
22 +3.420729610e+01 +3.420729610e+01 +2.376672961e+02 +2.376672961e+02 +2.2673e+00 +3.5755e+00 +7.1126e-01
36 +1.757040483e+01 +1.757040483e+01 +2.210304048e+02 +2.210304048e+02 +1.5657e-01 +3.2434e+00 +1.5311e+00
127 +9.060063579e+00 +9.060063579e+00 +2.125200636e+02 +2.125200636e+02 +1.2999e+00 +3.7353e+00 +1.1539e+00
319 +5.246282474e+00 +5.246282474e+00 +2.087062825e+02 +2.087062825e+02 +1.3009e+00 +3.8605e+00 +7.8571e-01
1263 +3.893881318e+00 +3.893881318e+00 +2.073538813e+02 +2.073538813e+02 +1.2906e+00 +3.8054e+00 +1.1842e+00
1291 +2.480916183e+00 +2.480916183e+00 +2.059409162e+02 +2.059409162e+02 +1.3301e+00 +3.8665e+00 +1.1728e+00
30023 +1.542208877e+00 +1.542208877e+00 +2.050022089e+02 +2.050022089e+02 +1.3506e+00 +3.8434e+00 +1.4749e+00
30237 +9.959527979e-01 +9.959527979e-01 +2.044559528e+02 +2.044559528e+02 +1.3151e+00 +3.8447e+00 +1.4781e+00
69841 +4.363223325e-01 +4.363223325e-01 +2.038963223e+02 +2.038963223e+02 +2.2740e+00 +3.8519e+00 +1.4791e+00
69875 +1.369645844e-01 +1.369645844e-01 +2.035969646e+02 +2.035969646e+02 +2.2897e+00 +3.8527e+00 +1.4772e+00
69930 +5.346151855e-02 +5.346151855e-02 +2.035134615e+02 +2.035134615e+02 +2.3065e+00 +3.8525e+00 +1.4773e+00
69952 +3.154864606e-02 +3.154864606e-02 +2.034915486e+02 +2.034915486e+02 +2.2999e+00 +3.8479e+00 +1.4776e+00
69973 +3.652673099e-03 +3.652673099e-03 +2.034636527e+02 +2.034636527e+02 +2.3079e+00 +3.8456e+00 +1.4776e+00
69985 +1.174180920e-03 +1.174180920e-03 +2.034611742e+02 +2.034611742e+02 +2.3101e+00 +3.8446e+00 +1.4777e+00
70098 +9.862827453e-04 +9.862827453e-04 +2.034609863e+02 +2.034609863e+02 +2.3101e+00 +3.8452e+00 +1.4783e+00
70114 +3.732674521e-04 +3.732674521e-04 +2.034603733e+02 +2.034603733e+02 +2.3093e+00 +3.8444e+00 +1.4782e+00
70134 +1.708658397e-04 +1.708658397e-04 +2.034601709e+02 +2.034601709e+02 +2.3096e+00 +3.8442e+00 +1.4783e+00
70156 +9.785571535e-05 +9.785571535e-05 +2.034600979e+02 +2.034600979e+02 +2.3099e+00 +3.8441e+00 +1.4783e+00
70172 +1.243628859e-05 +1.243628859e-05 +2.034600124e+02 +2.034600124e+02 +2.3102e+00 +3.8440e+00 +1.4784e+00
70177 +4.805437612e-06 +4.805437612e-06 +2.034600048e+02 +2.034600048e+02 +2.3104e+00 +3.8440e+00 +1.4784e+00
70251 +1.823537303e-06 +1.823537303e-06 +2.034600018e+02 +2.034600018e+02 +2.3103e+00 +3.8440e+00 +1.4784e+00
70259 +1.302799689e-06 +1.302799689e-06 +2.034600013e+02 +2.034600013e+02 +2.3103e+00 +3.8440e+00 +1.4784e+00
70310 +6.550685328e-07 +6.550685328e-07 +2.034600007e+02 +2.034600007e+02 +2.3104e+00 +3.8440e+00 +1.4784e+00
70311 +5.329498549e-07 +5.329498549e-07 +2.034600005e+02 +2.034600005e+02 +2.3104e+00 +3.8440e+00 +1.4784e+00
70323 +2.280079343e-07 +2.280079343e-07 +2.034600002e+02 +2.034600002e+02 +2.3104e+00 +3.8440e+00 +1.4784e+00
70355 +4.830039302e-08 +4.830039302e-08 +2.034600000e+02 +2.034600000e+02 +2.3104e+00 +3.8440e+00 +1.4784e+00
70413 +1.452661991e-08 +1.452661991e-08 +2.034600000e+02 +2.034600000e+02 +2.3104e+00 +3.8440e+00 +1.4784e+00
70449 +4.120323638e-09 +4.120323638e-09 +2.034600000e+02 +2.034600000e+02 +2.3104e+00 +3.8440e+00 +1.4784e+00
% function evaluation | noise-free fitness - Fopt (-1.000000000000e+03) | best noise-free fitness - Fopt | measured fitness | best measured fitness | x1 | x2...
1 +3.829040870e+01 +3.829040870e+01 -9.617095913e+02 -9.617095913e+02 -3.7936e+00 +2.1601e+00 +1.7272e+00
64 +2.372645680e+01 +2.372645680e+01 -9.762735432e+02 -9.762735432e+02 -3.8168e+00 +5.0752e-01 +2.7007e+00
116 +1.315259084e+01 +1.315259084e+01 -9.868474092e+02 -9.868474092e+02 -3.0206e+00 -2.3048e-01 +2.3845e+00
187 +8.502803966e+00 +8.502803966e+00 -9.914971960e+02 -9.914971960e+02 +1.9761e-01 -4.3474e-02 +2.7083e+00
207 +3.912545264e+00 +3.912545264e+00 -9.960874547e+02 -9.960874547e+02 -8.9435e-01 -2.4023e-01 +2.4112e+00
10796 +2.446705397e+00 +2.446705397e+00 -9.975532946e+02 -9.975532946e+02 -8.8569e-01 -1.5975e-01 +2.7058e+00
62167 +1.361665402e+00 +1.361665402e+00 -9.986383346e+02 -9.986383346e+02 -9.1596e-01 +3.8401e-01 +2.7073e+00
77573 +9.991307286e-01 +9.991307286e-01 -9.990008693e+02 -9.990008693e+02 +1.0196e-01 +4.0160e-01 +2.4005e+00
86783 +4.351384662e-01 +4.351384662e-01 -9.995648615e+02 -9.995648615e+02 +6.5334e-02 +4.1407e-01 +2.7078e+00
86835 +3.291221993e-01 +3.291221993e-01 -9.996708778e+02 -9.996708778e+02 +6.4587e-02 +3.9868e-01 +2.7074e+00
86854 +1.070036871e-01 +1.070036871e-01 -9.998929963e+02 -9.998929963e+02 +8.7925e-02 +4.0969e-01 +2.7082e+00
86884 +8.189005952e-02 +8.189005952e-02 -9.999181099e+02 -9.999181099e+02 +8.9935e-02 +3.9342e-01 +2.7068e+00
86902 +3.251948968e-02 +3.251948968e-02 -9.999674805e+02 -9.999674805e+02 +8.9836e-02 +4.0253e-01 +2.7094e+00
86930 +1.750894119e-02 +1.750894119e-02 -9.999824911e+02 -9.999824911e+02 +9.9267e-02 +4.0499e-01 +2.7101e+00
86947 +9.073434684e-03 +9.073434684e-03 -9.999909266e+02 -9.999909266e+02 +9.8487e-02 +4.0289e-01 +2.7092e+00
86982 +5.628746114e-03 +5.628746114e-03 -9.999943713e+02 -9.999943713e+02 +9.7599e-02 +4.0163e-01 +2.7100e+00
86999 +2.931626768e-03 +2.931626768e-03 -9.999970684e+02 -9.999970684e+02 +9.8381e-02 +3.9975e-01 +2.7098e+00
87009 +1.383171002e-03 +1.383171002e-03 -9.999986168e+02 -9.999986168e+02 +1.0170e-01 +3.9994e-01 +2.7096e+00
87028 +7.556434342e-04 +7.556434342e-04 -9.999992444e+02 -9.999992444e+02 +9.9738e-02 +3.9980e-01 +2.7102e+00
87032 +3.883645868e-04 +3.883645868e-04 -9.999996116e+02 -9.999996116e+02 +1.0062e-01 +4.0052e-01 +2.7102e+00
87040 +1.718086138e-04 +1.718086138e-04 -9.999998282e+02 -9.999998282e+02 +1.0132e-01 +3.9962e-01 +2.7102e+00
87073 +1.276261750e-04 +1.276261750e-04 -9.999998724e+02 -9.999998724e+02 +1.0140e-01 +3.9970e-01 +2.7102e+00
87085 +7.609060845e-05 +7.609060845e-05 -9.999999239e+02 -9.999999239e+02 +1.0130e-01 +3.9972e-01 +2.7103e+00
87102 +4.945455487e-05 +4.945455487e-05 -9.999999505e+02 -9.999999505e+02 +1.0124e-01 +4.0016e-01 +2.7104e+00
87111 +8.298019679e-06 +8.298019679e-06 -9.999999917e+02 -9.999999917e+02 +1.0145e-01 +4.0006e-01 +2.7104e+00
87119 +5.992545653e-06 +5.992545653e-06 -9.999999940e+02 -9.999999940e+02 +1.0152e-01 +4.0000e-01 +2.7104e+00
87216 +2.621967383e-06 +2.621967383e-06 -9.999999974e+02 -9.999999974e+02 +1.0151e-01 +4.0001e-01 +2.7104e+00
87226 +1.087874125e-06 +1.087874125e-06 -9.999999989e+02 -9.999999989e+02 +1.0155e-01 +4.0001e-01 +2.7104e+00
87240 +4.884090004e-07 +4.884090004e-07 -9.999999995e+02 -9.999999995e+02 +1.0157e-01 +4.0002e-01 +2.7104e+00
87295 +5.667516234e-08 +5.667516234e-08 -9.999999999e+02 -9.999999999e+02 +1.0160e-01 +4.0000e-01 +2.7104e+00
87343 +1.184650955e-08 +1.184650955e-08 -1.000000000e+03 -1.000000000e+03 +1.0160e-01 +4.0000e-01 +2.7104e+00
87382 +6.937398211e-09 +6.937398211e-09 -1.000000000e+03 -1.000000000e+03 +1.0160e-01 +4.0000e-01 +2.7104e+00
% function evaluation | noise-free fitness - Fopt (-2.091000000000e+01) | best noise-free fitness - Fopt | measured fitness | best measured fitness | x1 | x2...
1 +4.035526036e+02 +4.035526036e+02 +3.826426036e+02 +3.826426036e+02 -1.2161e+00 -3.2970e-01 +8.6141e-01
6 +1.662526440e+02 +1.662526440e+02 +1.453426440e+02 +1.453426440e+02 -2.3927e+00 +4.0367e+00 +5.8861e-01
9 +1.338872561e+02 +1.338872561e+02 +1.129772561e+02 +1.129772561e+02 -2.1407e+00 -1.5023e+00 -1.8020e+00
10 +6.808730056e+01 +6.808730056e+01 +4.717730056e+01 +4.717730056e+01 -2.7448e+00 -6.4754e-01 -6.2169e-01
12 +3.835005750e+01 +3.835005750e+01 +1.744005750e+01 +1.744005750e+01 -2.7318e+00 +4.9997e-01 -7.2591e-02
124 +1.937033192e+01 +1.937033192e+01 -1.539668075e+00 -1.539668075e+00 -2.7726e+00 +2.0502e+00 -3.8474e-03
1233 +1.326399078e+01 +1.326399078e+01 -7.646009225e+00 -7.646009225e+00 -7.6867e-01 +3.1518e+00 -3.7028e-01
1363 +9.733494171e+00 +9.733494171e+00 -1.117650583e+01 -1.117650583e+01 -9.2005e-01 +2.5995e+00 -3.8034e-01
3771 +6.232145083e+00 +6.232145083e+00 -1.467785492e+01 -1.467785492e+01 -7.8740e-01 +2.6059e+00 +2.8110e-01
4933 +3.304922038e+00 +3.304922038e+00 -1.760507796e+01 -1.760507796e+01 +1.0271e+00 +2.6202e+00 -2.1860e-02
4974 +2.202196634e+00 +2.202196634e+00 -1.870780337e+01 -1.870780337e+01 +1.0693e+00 +2.6093e+00 -8.5808e-03
20050 +1.417112974e+00 +1.417112974e+00 -1.949288703e+01 -1.949288703e+01 +1.0674e+00 +1.4593e+00 +2.9647e-01
20288 +9.985385563e-01 +9.985385563e-01 -1.991146144e+01 -1.991146144e+01 +1.0970e+00 +1.4804e+00 +2.9960e-01
% function evaluation | noise-free fitness - Fopt (1.150000000000e+01) | best noise-free fitness - Fopt | measured fitness | best measured fitness | x1 | x2...
1 +1.798025558e+02 +1.798025558e+02 +1.913025558e+02 +1.913025558e+02 -3.6426e+00 -3.4715e+00 +1.5965e+00
6 +1.186478358e+02 +1.186478358e+02 +1.301478358e+02 +1.301478358e+02 -4.8192e+00 +8.9482e-01 +1.3237e+00
15 +5.714292574e+01 +5.714292574e+01 +6.864292574e+01 +6.864292574e+01 -9.2380e-01 -2.0132e-01 +2.1048e+00
64 +3.558433159e+01 +3.558433159e+01 +4.708433159e+01 +4.708433159e+01 -2.4598e-01 +3.5796e+00 +1.8490e+00
132 +1.051411723e+01 +1.051411723e+01 +2.201411723e+01 +2.201411723e+01 +1.3123e+00 +2.4778e+00 +2.5244e+00
182 +8.468145348e+00 +8.468145348e+00 +1.996814535e+01 +1.996814535e+01 +2.9804e+00 +1.9610e+00 +2.0974e+00
315 +6.258738340e+00 +6.258738340e+00 +1.775873834e+01 +1.775873834e+01 +2.9860e+00 +2.4857e+00 +2.1148e+00
424 +3.980667127e+00 +3.980667127e+00 +1.548066713e+01 +1.548066713e+01 +3.0665e+00 +2.5202e+00 +2.1318e+00
19289 +2.313085001e+00 +2.313085001e+00 +1.381308500e+01 +1.381308500e+01 +2.0748e+00 +2.5086e+00 +2.5192e+00
65421 +1.506220733e+00 +1.506220733e+00 +1.300622073e+01 +1.300622073e+01 +3.0185e+00 +3.0512e+00 +2.8175e+00
65567 +9.975459669e-01 +9.975459669e-01 +1.249754597e+01 +1.249754597e+01 +3.0647e+00 +3.0536e+00 +2.8190e+00
% function evaluation | noise-free fitness - Fopt (6.630000000000e+01) | best noise-free fitness - Fopt | measured fitness | best measured fitness | x1 | x2...
1 +2.162626269e+02 +2.162626269e+02 +2.825626269e+02 +2.825626269e+02 +1.6909e-01 +2.4942e+00 -4.2315e-01
2 +1.576700232e+02 +1.576700232e+02 +2.239700232e+02 +2.239700232e+02 -6.9603e-01 -8.3699e-01 -1.7248e-01
3 +6.783426243e+01 +6.783426243e+01 +1.341342624e+02 +1.341342624e+02 +7.4445e-01 +2.0124e-01 +1.9587e+00
11 +6.186688205e+01 +6.186688205e+01 +1.281668821e+02 +1.281668821e+02 -2.6068e+00 -1.7665e+00 +1.7327e+00
52 +3.661728409e+01 +3.661728409e+01 +1.029172841e+02 +1.029172841e+02 -4.7559e-01 -1.3460e+00 +2.4145e+00
62 +1.963640240e+01 +1.963640240e+01 +8.593640240e+01 +8.593640240e+01 -1.4396e+00 -1.8721e+00 +3.0370e+00
71 +1.385673755e+01 +1.385673755e+01 +8.015673755e+01 +8.015673755e+01 -2.7933e+00 -1.7491e+00 +3.3704e+00
248 +8.889863182e+00 +8.889863182e+00 +7.518986318e+01 +7.518986318e+01 -1.6210e+00 -6.9833e-01 +3.0818e+00
443 +6.307708966e+00 +6.307708966e+00 +7.260770897e+01 +7.260770897e+01 -1.6953e+00 -6.6403e-01 +3.0935e+00
8728 +3.531725290e+00 +3.531725290e+00 +6.983172529e+01 +6.983172529e+01 -7.1179e-01 -1.2308e+00 +3.0868e+00
8751 +2.491973376e+00 +2.491973376e+00 +6.879197338e+01 +6.879197338e+01 -6.6452e-01 -1.2005e+00 +3.0837e+00
32063 +1.561880249e+00 +1.561880249e+00 +6.786188025e+01 +6.786188025e+01 +2.9848e-01 -1.1715e+00 +3.0883e+00
32216 +9.982003662e-01 +9.982003662e-01 +6.729820037e+01 +6.729820037e+01 +3.1498e-01 -1.1925e+00 +3.0962e+00
126669 +5.716425168e-01 +5.716425168e-01 +6.687164252e+01 +6.687164252e+01 +2.6565e-01 -1.2037e+00 +3.4050e+00
126696 +2.566184794e-01 +2.566184794e-01 +6.655661848e+01 +6.655661848e+01 +2.8677e-01 -1.1963e+00 +3.3991e+00
126703 +1.699614594e-01 +1.699614594e-01 +6.646996146e+01 +6.646996146e+01 +2.9510e-01 -1.1970e+00 +3.3990e+00
126718 +5.788962909e-02 +5.788962909e-02 +6.635788963e+01 +6.635788963e+01 +3.1112e-01 -1.1950e+00 +3.4009e+00
126728 +2.933744715e-02 +2.933744715e-02 +6.632933745e+01 +6.632933745e+01 +3.1336e-01 -1.1970e+00 +3.4023e+00
126766 +2.172523373e-02 +2.172523373e-02 +6.632172523e+01 +6.632172523e+01 +3.0972e-01 -1.1936e+00 +3.4029e+00
126786 +4.505526383e-03 +4.505526383e-03 +6.630450553e+01 +6.630450553e+01 +3.1274e-01 -1.1957e+00 +3.4048e+00
126833 +3.695034393e-03 +3.695034393e-03 +6.630369503e+01 +6.630369503e+01 +3.1390e-01 -1.1950e+00 +3.4044e+00
126838 +2.303682909e-03 +2.303682909e-03 +6.630230368e+01 +6.630230368e+01 +3.1565e-01 -1.1960e+00 +3.4050e+00
126857 +1.048436717e-03 +1.048436717e-03 +6.630104844e+01 +6.630104844e+01 +3.1546e-01 -1.1936e+00 +3.4051e+00
126900 +4.821415746e-04 +4.821415746e-04 +6.630048214e+01 +6.630048214e+01 +3.1584e-01 -1.1940e+00 +3.4052e+00
126909 +3.376887927e-04 +3.376887927e-04 +6.630033769e+01 +6.630033769e+01 +3.1471e-01 -1.1943e+00 +3.4056e+00
126950 +2.085297130e-04 +2.085297130e-04 +6.630020853e+01 +6.630020853e+01 +3.1509e-01 -1.1941e+00 +3.4055e+00
126975 +1.320433684e-04 +1.320433684e-04 +6.630013204e+01 +6.630013204e+01 +3.1522e-01 -1.1943e+00 +3.4055e+00
126980 +5.651143768e-05 +5.651143768e-05 +6.630005651e+01 +6.630005651e+01 +3.1555e-01 -1.1943e+00 +3.4056e+00
126989 +3.264548734e-05 +3.264548734e-05 +6.630003265e+01 +6.630003265e+01 +3.1580e-01 -1.1945e+00 +3.4055e+00
127010 +9.185417937e-06 +9.185417937e-06 +6.630000919e+01 +6.630000919e+01 +3.1587e-01 -1.1945e+00 +3.4056e+00
127066 +3.318093761e-06 +3.318093761e-06 +6.630000332e+01 +6.630000332e+01 +3.1590e-01 -1.1944e+00 +3.4056e+00
127067 +1.612948012e-06 +1.612948012e-06 +6.630000161e+01 +6.630000161e+01 +3.1594e-01 -1.1944e+00 +3.4056e+00
127068 +2.033737587e-07 +2.033737587e-07 +6.630000020e+01 +6.630000020e+01 +3.1599e-01 -1.1944e+00 +3.4056e+00
127118 +8.734554058e-08 +8.734554058e-08 +6.630000009e+01 +6.630000009e+01 +3.1598e-01 -1.1944e+00 +3.4056e+00
127180 +2.017752365e-08 +2.017752365e-08 +6.630000002e+01 +6.630000002e+01 +3.1599e-01 -1.1944e+00 +3.4056e+00
127228 +1.552658091e-08 +1.552658091e-08 +6.630000002e+01 +6.630000002e+01 +3.1599e-01 -1.1944e+00 +3.4056e+00
127243 +9.171245097e-09 +9.171245097e-09 +6.630000001e+01 +6.630000001e+01 +3.1600e-01 -1.1944e+00 +3.4056e+00
127246 +1.848633246e-09 +1.848633246e-09 +6.630000000e+01 +6.630000000e+01 +3.1600e-01 -1.1944e+00 +3.4056e+00
% function evaluation | noise-free fitness - Fopt (4.634000000000e+01) | best noise-free fitness - Fopt | measured fitness | best measured fitness | x1 | x2...
1 +9.254308389e+02 +9.254308389e+02 +9.717708389e+02 +9.717708389e+02 +3.6306e+00 -2.7570e+00 +2.4028e+00
6 +3.074842059e+02 +3.074842059e+02 +3.538242059e+02 +3.538242059e+02 +2.4539e+00 +1.6094e+00 +2.1300e+00
9 +2.435697541e+02 +2.435697541e+02 +2.899097541e+02 +2.899097541e+02 +2.7059e+00 -3.9296e+00 -2.6055e-01
10 +1.330292869e+02 +1.330292869e+02 +1.793692869e+02 +1.793692869e+02 +2.1018e+00 -3.0748e+00 +9.1973e-01
20 +9.787535435e+01 +9.787535435e+01 +1.442153543e+02 +1.442153543e+02 +6.1792e-01 -1.6586e+00 +1.2560e+00
27 +5.074118027e+01 +5.074118027e+01 +9.708118027e+01 +9.708118027e+01 +1.5703e+00 -1.3164e-01 +1.0562e+00
61 +3.736266698e+01 +3.736266698e+01 +8.370266698e+01 +8.370266698e+01 -1.4944e-01 -2.0311e-01 +1.0005e+00
73 +2.244929952e+01 +2.244929952e+01 +6.878929952e+01 +6.878929952e+01 +8.0291e-01 +5.5084e-01 +1.6408e+00
158 +9.359743616e+00 +9.359743616e+00 +5.569974362e+01 +5.569974362e+01 -1.0664e-01 +2.0337e+00 +1.3311e+00
1685 +6.123431688e+00 +6.123431688e+00 +5.246343169e+01 +5.246343169e+01 +8.4780e-01 +2.1213e+00 +9.4997e-01
5350 +3.980971498e+00 +3.980971498e+00 +5.032097150e+01 +5.032097150e+01 +1.8570e+00 +1.6452e+00 +1.6431e+00
14536 +1.998030750e+00 +1.998030750e+00 +4.833803075e+01 +4.833803075e+01 +1.7823e+00 +2.7385e+00 +1.3353e+00
14550 +1.174285144e+00 +1.174285144e+00 +4.751428514e+01 +4.751428514e+01 +1.8567e+00 +2.7211e+00 +1.3411e+00
14686 +9.982231531e-01 +9.982231531e-01 +4.733822315e+01 +4.733822315e+01 +1.8551e+00 +2.7276e+00 +1.3324e+00
51304 +4.842045395e-01 +4.842045395e-01 +4.682420454e+01 +4.682420454e+01 +1.8133e+00 +2.7295e+00 +1.6388e+00
51324 +2.900322372e-01 +2.900322372e-01 +4.663003224e+01 +4.663003224e+01 +1.8313e+00 +2.7277e+00 +1.6338e+00
51332 +1.607894848e-01 +1.607894848e-01 +4.650078948e+01 +4.650078948e+01 +1.8325e+00 +2.7218e+00 +1.6403e+00
51349 +1.214504386e-01 +1.214504386e-01 +4.646145044e+01 +4.646145044e+01 +1.8357e+00 +2.7244e+00 +1.6399e+00
51360 +8.143750766e-02 +8.143750766e-02 +4.642143751e+01 +4.642143751e+01 +1.8508e+00 +2.7337e+00 +1.6387e+00
51365 +4.643856176e-02 +4.643856176e-02 +4.638643856e+01 +4.638643856e+01 +1.8447e+00 +2.7255e+00 +1.6407e+00
51378 +3.902601996e-02 +3.902601996e-02 +4.637902602e+01 +4.637902602e+01 +1.8511e+00 +2.7341e+00 +1.6420e+00
51428 +2.194327006e-02 +2.194327006e-02 +4.636194327e+01 +4.636194327e+01 +1.8474e+00 +2.7269e+00 +1.6419e+00
51429 +7.752338355e-03 +7.752338355e-03 +4.634775234e+01 +4.634775234e+01 +1.8551e+00 +2.7243e+00 +1.6424e+00
51435 +2.156899599e-03 +2.156899599e-03 +4.634215690e+01 +4.634215690e+01 +1.8569e+00 +2.7256e+00 +1.6432e+00
51470 +6.480103559e-04 +6.480103559e-04 +4.634064801e+01 +4.634064801e+01 +1.8562e+00 +2.7275e+00 +1.6432e+00
51482 +6.133495292e-04 +6.133495292e-04 +4.634061335e+01 +4.634061335e+01 +1.8560e+00 +2.7272e+00 +1.6429e+00
51513 +2.953175414e-04 +2.953175414e-04 +4.634029532e+01 +4.634029532e+01 +1.8569e+00 +2.7272e+00 +1.6429e+00
51531 +9.980570266e-05 +9.980570266e-05 +4.634009981e+01 +4.634009981e+01 +1.8572e+00 +2.7272e+00 +1.6430e+00
51566 +5.081773919e-05 +5.081773919e-05 +4.634005082e+01 +4.634005082e+01 +1.8572e+00 +2.7271e+00 +1.6431e+00
51592 +1.802020740e-05 +1.802020740e-05 +4.634001802e+01 +4.634001802e+01 +1.8576e+00 +2.7273e+00 +1.6431e+00
51604 +1.114045732e-05 +1.114045732e-05 +4.634001114e+01 +4.634001114e+01 +1.8575e+00 +2.7273e+00 +1.6432e+00
51622 +9.555219549e-07 +9.555219549e-07 +4.634000096e+01 +4.634000096e+01 +1.8575e+00 +2.7272e+00 +1.6432e+00
51697 +3.658613821e-07 +3.658613821e-07 +4.634000037e+01 +4.634000037e+01 +1.8576e+00 +2.7272e+00 +1.6432e+00
51732 +1.270594865e-07 +1.270594865e-07 +4.634000013e+01 +4.634000013e+01 +1.8576e+00 +2.7272e+00 +1.6432e+00
51743 +6.975722044e-08 +6.975722044e-08 +4.634000007e+01 +4.634000007e+01 +1.8576e+00 +2.7272e+00 +1.6432e+00
51787 +3.931699410e-08 +3.931699410e-08 +4.634000004e+01 +4.634000004e+01 +1.8576e+00 +2.7272e+00 +1.6432e+00
51831 +2.710727642e-09 +2.710727642e-09 +4.634000000e+01 +4.634000000e+01 +1.8576e+00 +2.7272e+00 +1.6432e+00
% function evaluation | noise-free fitness - Fopt (-2.104000000000e+01) | best noise-free fitness - Fopt | measured fitness | best measured fitness | x1 | x2...
1 +2.261308809e+02 +2.261308809e+02 +2.050908809e+02 +2.050908809e+02 +9.1300e-01 -8.4556e-01 -3.5726e+00
3 +1.407027681e+02 +1.407027681e+02 +1.196627681e+02 +1.196627681e+02 +1.4884e+00 -3.1385e+00 -1.1908e+00
5 +9.397457162e+01 +9.397457162e+01 +7.293457162e+01 +7.293457162e+01 +1.2623e+00 -1.2190e+00 -2.1210e+00
12 +3.201196494e+01 +3.201196494e+01 +1.097196494e+01 +1.097196494e+01 +1.1731e+00 -1.1664e+00 +8.6367e-03
48 +2.222978665e+01 +2.222978665e+01 +1.189786651e+00 +1.189786651e+00 +2.5985e-01 +1.1041e+00 -7.8553e-01
98 +1.440514586e+01 +1.440514586e+01 -6.634854141e+00 -6.634854141e+00 +2.1355e+00 +8.3494e-02 -2.0596e-01
142 +9.633453807e+00 +9.633453807e+00 -1.140654619e+01 -1.140654619e+01 +2.2786e+00 +1.1286e+00 +3.5213e-01
273 +6.024340663e+00 +6.024340663e+00 -1.501565934e+01 -1.501565934e+01 +2.1484e+00 +1.6721e+00 -2.7658e-01
4815 +3.763494613e+00 +3.763494613e+00 -1.727650539e+01 -1.727650539e+01 +1.1642e+00 +5.1978e-01 +9.0798e-02
22973 +2.302092793e+00 +2.302092793e+00 -1.873790721e+01 -1.873790721e+01 +1.1970e+00 +5.8357e-01 +3.9920e-01
24153 +1.387698352e+00 +1.387698352e+00 -1.965230165e+01 -1.965230165e+01 +1.1509e+00 +1.1710e+00 +4.0105e-01
24341 +9.966144748e-01 +9.966144748e-01 -2.004338553e+01 -2.004338553e+01 +1.1786e+00 +1.1617e+00 +4.0406e-01
81124 +5.794577477e-01 +5.794577477e-01 -2.046054225e+01 -2.046054225e+01 +2.1370e+00 +1.1508e+00 +3.9412e-01
81129 +3.906665799e-01 +3.906665799e-01 -2.064933342e+01 -2.064933342e+01 +2.1689e+00 +1.1482e+00 +3.9271e-01
81144 +1.938295264e-01 +1.938295264e-01 -2.084617047e+01 -2.084617047e+01 +2.1759e+00 +1.1538e+00 +3.9608e-01
81168 +1.359654503e-01 +1.359654503e-01 -2.090403455e+01 -2.090403455e+01 +2.1654e+00 +1.1497e+00 +4.0019e-01
81174 +1.022690547e-02 +1.022690547e-02 -2.102977309e+01 -2.102977309e+01 +2.1666e+00 +1.1607e+00 +4.0467e-01
81221 +8.329510686e-03 +8.329510686e-03 -2.103167049e+01 -2.103167049e+01 +2.1682e+00 +1.1596e+00 +4.0473e-01
81256 +6.024143433e-03 +6.024143433e-03 -2.103397586e+01 -2.103397586e+01 +2.1748e+00 +1.1592e+00 +4.0405e-01
81259 +1.417623849e-03 +1.417623849e-03 -2.103858238e+01 -2.103858238e+01 +2.1730e+00 +1.1596e+00 +4.0456e-01
81319 +2.287709580e-04 +2.287709580e-04 -2.103977123e+01 -2.103977123e+01 +2.1738e+00 +1.1604e+00 +4.0467e-01
81360 +1.546600051e-04 +1.546600051e-04 -2.103984534e+01 -2.103984534e+01 +2.1736e+00 +1.1609e+00 +4.0468e-01
81368 +7.122267297e-05 +7.122267297e-05 -2.103992878e+01 -2.103992878e+01 +2.1744e+00 +1.1611e+00 +4.0472e-01
81421 +4.658273686e-05 +4.658273686e-05 -2.103995342e+01 -2.103995342e+01 +2.1741e+00 +1.1606e+00 +4.0474e-01
81438 +3.050518819e-05 +3.050518819e-05 -2.103996949e+01 -2.103996949e+01 +2.1741e+00 +1.1609e+00 +4.0474e-01
81491 +2.461413393e-05 +2.461413393e-05 -2.103997539e+01 -2.103997539e+01 +2.1742e+00 +1.1608e+00 +4.0471e-01
81531 +1.359337343e-05 +1.359337343e-05 -2.103998641e+01 -2.103998641e+01 +2.1743e+00 +1.1609e+00 +4.0473e-01
81549 +8.998922727e-06 +8.998922727e-06 -2.103999100e+01 -2.103999100e+01 +2.1744e+00 +1.1608e+00 +4.0474e-01
81569 +5.427521106e-06 +5.427521106e-06 -2.103999457e+01 -2.103999457e+01 +2.1744e+00 +1.1608e+00 +4.0475e-01
81572 +2.643309823e-06 +2.643309823e-06 -2.103999736e+01 -2.103999736e+01 +2.1744e+00 +1.1608e+00 +4.0477e-01
81578 +2.483607183e-06 +2.483607183e-06 -2.103999752e+01 -2.103999752e+01 +2.1743e+00 +1.1608e+00 +4.0477e-01
81610 +3.673489530e-07 +3.673489530e-07 -2.103999963e+01 -2.103999963e+01 +2.1744e+00 +1.1608e+00 +4.0479e-01
81651 +8.663689854e-08 +8.663689854e-08 -2.103999991e+01 -2.103999991e+01 +2.1744e+00 +1.1608e+00 +4.0480e-01
81662 +5.485737020e-08 +5.485737020e-08 -2.103999995e+01 -2.103999995e+01 +2.1744e+00 +1.1608e+00 +4.0480e-01
81724 +3.741220667e-08 +3.741220667e-08 -2.103999996e+01 -2.103999996e+01 +2.1744e+00 +1.1608e+00 +4.0480e-01
81730 +1.425988927e-08 +1.425988927e-08 -2.103999999e+01 -2.103999999e+01 +2.1744e+00 +1.1608e+00 +4.0480e-01
81778 +4.085105587e-09 +4.085105587e-09 -2.104000000e+01 -2.104000000e+01 +2.1744e+00 +1.1608e+00 +4.0480e-01
% function evaluation | noise-free fitness - Fopt (5.098000000000e+01) | best noise-free fitness - Fopt | measured fitness | best measured fitness | x1 | x2...
1 +1.264744973e+02 +1.264744973e+02 +1.774544973e+02 +1.774544973e+02 -1.3254e+00 -2.0547e+00 +7.0894e-01
5 +8.066233269e+01 +8.066233269e+01 +1.316423327e+02 +1.316423327e+02 -9.7608e-01 -2.4282e+00 +2.1605e+00
18 +5.383228066e+01 +5.383228066e+01 +1.048122807e+02 +1.048122807e+02 -3.5468e+00 -3.6696e-01 +3.2728e+00
90 +3.091825277e+01 +3.091825277e+01 +8.189825277e+01 +8.189825277e+01 -1.9028e+00 -1.4301e+00 +3.0282e+00
190 +1.676993426e+01 +1.676993426e+01 +6.774993426e+01 +6.774993426e+01 -2.8537e+00 +3.2208e-01 +3.2912e+00
287 +1.466991009e+01 +1.466991009e+01 +6.564991009e+01 +6.564991009e+01 -2.8579e+00 +2.0700e-01 +2.9514e+00
2346 +9.812256885e+00 +9.812256885e+00 +6.079225688e+01 +6.079225688e+01 -1.7541e+00 +2.6219e-01 +2.9337e+00
3338 +4.330524806e+00 +4.330524806e+00 +5.531052481e+01 +5.531052481e+01 -7.8938e-01 +2.1351e-01 +3.3447e+00
3539 +2.927662075e+00 +2.927662075e+00 +5.390766207e+01 +5.390766207e+01 -8.3406e-01 +8.0860e-01 +3.3326e+00
3633 +2.132882068e+00 +2.132882068e+00 +5.311288207e+01 +5.311288207e+01 -8.1944e-01 +8.4138e-01 +3.3390e+00
5792 +1.281198747e+00 +1.281198747e+00 +5.226119875e+01 +5.226119875e+01 +1.3744e-01 +2.6188e-01 +3.6390e+00
5972 +9.989517750e-01 +9.989517750e-01 +5.197895177e+01 +5.197895177e+01 +1.6486e-01 +2.4810e-01 +3.6421e+00
