% function evaluation | noise-free fitness - Fopt (7.135000000000e+01) | best noise-free fitness - Fopt | measured fitness | best measured fitness | x1 | x2...
1 +4.258131024e+01 +4.258131024e+01 +1.139313102e+02 +1.139313102e+02 +2.1521e+00 -4.4549e+00
4 +3.251869849e+01 +3.251869849e+01 +1.038686985e+02 +1.038686985e+02 +4.8910e-01 +3.1925e+00
15 +2.223980566e+01 +2.223980566e+01 +9.358980566e+01 +9.358980566e+01 -8.8075e-01 -4.1860e+00
34 +2.991722840e+00 +2.991722840e+00 +7.434172284e+01 +7.434172284e+01 +1.9039e+00 -3.0774e+00
111 +1.051979075e-01 +1.051979075e-01 +7.145519791e+01 +7.145519791e+01 +1.9722e+00 -4.1513e+00
247 +9.570293834e-02 +9.570293834e-02 +7.144570294e+01 +7.144570294e+01 +1.9707e+00 -3.1378e+00
284 +3.504351494e-02 +3.504351494e-02 +7.138504351e+01 +7.138504351e+01 +2.0213e+00 -4.1493e+00
293 +1.432278553e-02 +1.432278553e-02 +7.136432279e+01 +7.136432279e+01 +2.0341e+00 -4.1492e+00
345 +9.342166505e-03 +9.342166505e-03 +7.135934217e+01 +7.135934217e+01 +2.0556e+00 -4.1492e+00
363 +1.745089568e-03 +1.745089568e-03 +7.135174509e+01 +7.135174509e+01 +2.0797e+00 -4.1485e+00
377 +1.563084482e-03 +1.563084482e-03 +7.135156308e+01 +7.135156308e+01 +2.0856e+00 -4.1483e+00
392 +9.917303545e-04 +9.917303545e-04 +7.135099173e+01 +7.135099173e+01 +2.0797e+00 -4.1483e+00
422 +1.257350933e-04 +1.257350933e-04 +7.135012574e+01 +7.135012574e+01 +2.0697e+00 -4.1483e+00
454 +3.393801053e-05 +3.393801053e-05 +7.135003394e+01 +7.135003394e+01 +2.0713e+00 -4.1483e+00
505 +3.085401886e-06 +3.085401886e-06 +7.135000309e+01 +7.135000309e+01 +2.0727e+00 -4.1483e+00
574 +2.465608986e-06 +2.465608986e-06 +7.135000247e+01 +7.135000247e+01 +2.0733e+00 -4.1483e+00
597 +1.331393563e-06 +1.331393563e-06 +7.135000133e+01 +7.135000133e+01 +2.0729e+00 -4.1482e+00
601 +8.037005728e-09 +8.037005728e-09 +7.135000001e+01 +7.135000001e+01 +2.0729e+00 -4.1483e+00
% function evaluation | noise-free fitness - Fopt (-3.552200000000e+02) | best noise-free fitness - Fopt | measured fitness | best measured fitness | x1 | x2...
1 +3.781098289e+01 +3.781098289e+01 -3.174090171e+02 -3.174090171e+02 -4.0057e+00 +2.9127e+00
6 +3.264435549e-01 +3.264435549e-01 -3.548935564e+02 -3.548935564e+02 -4.8525e+00 +3.2365e+00
181 +8.046602220e-02 +8.046602220e-02 -3.551395340e+02 -3.551395340e+02 -2.5213e+00 +3.1859e+00
475 +5.397284605e-02 +5.397284605e-02 -3.551660272e+02 -3.551660272e+02 -2.5033e+00 +3.1927e+00
510 +1.116616539e-02 +1.116616539e-02 -3.552088338e+02 -3.552088338e+02 -2.6110e+00 +3.1515e+00
549 +2.953114174e-03 +2.953114174e-03 -3.552170469e+02 -3.552170469e+02 -2.6348e+00 +3.1444e+00
552 +4.923813875e-04 +4.923813875e-04 -3.552195076e+02 -3.552195076e+02 -2.6373e+00 +3.1426e+00
632 +3.768123049e-04 +3.768123049e-04 -3.552196232e+02 -3.552196232e+02 -2.6449e+00 +3.1397e+00
653 +9.643781090e-05 +9.643781090e-05 -3.552199036e+02 -3.552199036e+02 -2.6388e+00 +3.1422e+00
793 +1.446344805e-05 +1.446344805e-05 -3.552199855e+02 -3.552199855e+02 -2.6416e+00 +3.1413e+00
811 +4.823830011e-06 +4.823830011e-06 -3.552199952e+02 -3.552199952e+02 -2.6420e+00 +3.1411e+00
855 +2.896480055e-06 +2.896480055e-06 -3.552199971e+02 -3.552199971e+02 -2.6422e+00 +3.1410e+00
943 +7.516922551e-07 +7.516922551e-07 -3.552199992e+02 -3.552199992e+02 -2.6427e+00 +3.1409e+00
1013 +3.032536711e-07 +3.032536711e-07 -3.552199997e+02 -3.552199997e+02 -2.6423e+00 +3.1410e+00
1103 +4.196522241e-08 +4.196522241e-08 -3.552200000e+02 -3.552200000e+02 -2.6426e+00 +3.1409e+00
1263 +1.547959982e-08 +1.547959982e-08 -3.552200000e+02 -3.552200000e+02 -2.6426e+00 +3.1409e+00
1284 +2.207229954e-10 +2.207229954e-10 -3.552200000e+02 -3.552200000e+02 -2.6425e+00 +3.1410e+00
% function evaluation | noise-free fitness - Fopt (9.917000000000e+01) | best noise-free fitness - Fopt | measured fitness | best measured fitness | x1 | x2...
1 +9.092501068e+01 +9.092501068e+01 +1.900950107e+02 +1.900950107e+02 +2.3872e+00 -4.6440e-01
2 +1.171357392e+01 +1.171357392e+01 +1.108835739e+02 +1.108835739e+02 +2.7815e+00 +4.1082e-01
8 +7.674840055e+00 +7.674840055e+00 +1.068448401e+02 +1.068448401e+02 +4.6862e+00 +3.8481e+00
105 +5.405399891e+00 +5.405399891e+00 +1.045753999e+02 +1.045753999e+02 -3.0164e+00 +2.8095e+00
166 +2.956249810e+00 +2.956249810e+00 +1.021262498e+02 +1.021262498e+02 +7.5810e-01 +1.3197e+00
246 +1.380125144e+00 +1.380125144e+00 +1.005501251e+02 +1.005501251e+02 -4.0575e+00 +3.0210e+00
451 +8.567577510e-01 +8.567577510e-01 +1.000267578e+02 +1.000267578e+02 -2.9816e+00 +3.0210e+00
574 +6.208562774e-01 +6.208562774e-01 +9.979085628e+01 +9.979085628e+01 -3.1458e+00 +3.1817e+00
657 +1.140985182e-01 +1.140985182e-01 +9.928409852e+01 +9.928409852e+01 -2.9507e+00 +2.8938e+00
662 +7.606503005e-02 +7.606503005e-02 +9.924606503e+01 +9.924606503e+01 -2.8748e+00 +2.8247e+00
756 +1.102817864e-02 +1.102817864e-02 +9.918102818e+01 +9.918102818e+01 -2.9646e+00 +2.9417e+00
831 +8.154015530e-03 +8.154015530e-03 +9.917815402e+01 +9.917815402e+01 -2.9210e+00 +2.8835e+00
986 +1.461627335e-03 +1.461627335e-03 +9.917146163e+01 +9.917146163e+01 -2.9375e+00 +2.9062e+00
1032 +2.096737069e-04 +2.096737069e-04 +9.917020967e+01 +9.917020967e+01 -2.9409e+00 +2.9099e+00
1110 +9.976185726e-05 +9.976185726e-05 +9.917009976e+01 +9.917009976e+01 -2.9448e+00 +2.9146e+00
1113 +3.538135866e-05 +3.538135866e-05 +9.917003538e+01 +9.917003538e+01 -2.9432e+00 +2.9137e+00
1229 +2.307019318e-05 +2.307019318e-05 +9.917002307e+01 +9.917002307e+01 -2.9440e+00 +2.9143e+00
1232 +4.090271943e-06 +4.090271943e-06 +9.917000409e+01 +9.917000409e+01 -2.9439e+00 +2.9146e+00
1312 +1.163341025e-06 +1.163341025e-06 +9.917000116e+01 +9.917000116e+01 -2.9442e+00 +2.9149e+00
1326 +9.943353234e-07 +9.943353234e-07 +9.917000099e+01 +9.917000099e+01 -2.9441e+00 +2.9147e+00
1341 +2.589342216e-07 +2.589342216e-07 +9.917000026e+01 +9.917000026e+01 -2.9438e+00 +2.9144e+00
1403 +2.927833975e-09 +2.927833975e-09 +9.917000000e+01 +9.917000000e+01 -2.9439e+00 +2.9145e+00
% function evaluation | noise-free fitness - Fopt (-5.179100000000e+02) | best noise-free fitness - Fopt | measured fitness | best measured fitness | x1 | x2...
1 +8.783755412e+01 +8.783755412e+01 -4.300724459e+02 -4.300724459e+02 -3.3402e+00 +1.2613e+00
2 +1.432949883e+01 +1.432949883e+01 -5.035805012e+02 -5.035805012e+02 +1.9483e+00 -3.3264e-01
73 +5.064870805e+00 +5.064870805e+00 -5.128451292e+02 -5.128451292e+02 +3.1166e+00 +3.4859e-01
131 +3.364367318e+00 +3.364367318e+00 -5.145456327e+02 -5.145456327e+02 +3.1476e+00 +3.4859e-01
242 +5.198762589e-01 +5.198762589e-01 -5.173901237e+02 -5.173901237e+02 +2.5909e+00 -4.8617e-02
363 +2.034522365e-01 +2.034522365e-01 -5.177065478e+02 -5.177065478e+02 +2.6652e+00 -4.7954e-02
461 +6.401640103e-02 +6.401640103e-02 -5.178459836e+02 -5.178459836e+02 +2.6348e+00 -4.7954e-02
561 +2.544559970e-02 +2.544559970e-02 -5.178845544e+02 -5.178845544e+02 +2.6283e+00 -4.7954e-02
617 +1.765716525e-02 +1.765716525e-02 -5.178923428e+02 -5.178923428e+02 +2.5780e+00 -8.8999e-02
661 +2.832967714e-03 +2.832967714e-03 -5.179071670e+02 -5.179071670e+02 +2.5980e+00 -6.9894e-02
718 +2.374968112e-03 +2.374968112e-03 -5.179076250e+02 -5.179076250e+02 +2.6094e+00 -5.7765e-02
740 +1.705009333e-04 +1.705009333e-04 -5.179098295e+02 -5.179098295e+02 +2.6019e+00 -6.5662e-02
942 +1.571859808e-04 +1.571859808e-04 -5.179098428e+02 -5.179098428e+02 +2.6006e+00 -6.6607e-02
1109 +7.625745320e-05 +7.625745320e-05 -5.179099237e+02 -5.179099237e+02 +2.6033e+00 -6.3770e-02
1162 +5.565501169e-05 +5.565501169e-05 -5.179099443e+02 -5.179099443e+02 +2.6034e+00 -6.4108e-02
1176 +2.625836396e-05 +2.625836396e-05 -5.179099737e+02 -5.179099737e+02 +2.6038e+00 -6.3771e-02
1195 +9.679316690e-07 +9.679316690e-07 -5.179099990e+02 -5.179099990e+02 +2.6042e+00 -6.3532e-02
1315 +1.205054332e-07 +1.205054332e-07 -5.179099999e+02 -5.179099999e+02 +2.6042e+00 -6.3604e-02
1517 +6.939330888e-08 +6.939330888e-08 -5.179099999e+02 -5.179099999e+02 +2.6042e+00 -6.3537e-02
1538 +4.059518233e-08 +4.059518233e-08 -5.179100000e+02 -5.179100000e+02 +2.6043e+00 -6.3503e-02
1551 +9.592895367e-10 +9.592895367e-10 -5.179100000e+02 -5.179100000e+02 +2.6043e+00 -6.3506e-02
% function evaluation | noise-free fitness - Fopt (-5.721000000000e+01) | best noise-free fitness - Fopt | measured fitness | best measured fitness | x1 | x2...
1 +3.540069453e+02 +3.540069453e+02 +2.967969453e+02 +2.967969453e+02 +3.9572e+00 -4.1288e+00
2 +1.382497296e+01 +1.382497296e+01 -4.338502704e+01 -4.338502704e+01 -1.9703e-01 -1.5876e+00
10 +8.306960698e-01 +8.306960698e-01 -5.637930393e+01 -5.637930393e+01 +2.3519e-01 +1.0420e+00
636 +9.205075612e-02 +9.205075612e-02 -5.711794924e+01 -5.711794924e+01 +3.3063e-01 +9.8608e-01
689 +6.213546384e-02 +6.213546384e-02 -5.714786454e+01 -5.714786454e+01 +3.3124e-01 +9.8254e-01
706 +4.099936752e-03 +4.099936752e-03 -5.720590006e+01 -5.720590006e+01 +3.8588e-01 +9.3976e-01
845 +3.040755785e-04 +3.040755785e-04 -5.720969592e+01 -5.720969592e+01 +3.8505e-01 +9.4217e-01
1021 +2.330133286e-04 +2.330133286e-04 -5.720976699e+01 -5.720976699e+01 +3.8505e-01 +9.4219e-01
1076 +7.003058620e-06 +7.003058620e-06 -5.720999300e+01 -5.720999300e+01 +3.8388e-01 +9.4295e-01
1240 +3.509687538e-06 +3.509687538e-06 -5.720999649e+01 -5.720999649e+01 +3.8389e-01 +9.4300e-01
1247 +3.076810984e-07 +3.076810984e-07 -5.720999969e+01 -5.720999969e+01 +3.8335e-01 +9.4326e-01
1358 +4.468576975e-08 +4.468576975e-08 -5.720999996e+01 -5.720999996e+01 +3.8348e-01 +9.4321e-01
1375 +1.241659220e-09 +1.241659220e-09 -5.721000000e+01 -5.721000000e+01 +3.8351e-01 +9.4320e-01
% function evaluation | noise-free fitness - Fopt (4.545400000000e+02) | best noise-free fitness - Fopt | measured fitness | best measured fitness | x1 | x2...
1 +6.494531153e+01 +6.494531153e+01 +5.194853115e+02 +5.194853115e+02 +2.2898e+00 -2.0011e+00
7 +4.203782005e+01 +4.203782005e+01 +4.965778200e+02 +4.965778200e+02 -1.0809e+00 -6.9059e-01
10 +3.555700396e+01 +3.555700396e+01 +4.900970040e+02 +4.900970040e+02 +5.7640e-02 +9.5745e-01
23 +5.315423980e+00 +5.315423980e+00 +4.598554240e+02 +4.598554240e+02 -1.9418e-01 -1.5855e-01
63 +1.075887017e+00 +1.075887017e+00 +4.556158870e+02 +4.556158870e+02 +6.2343e-03 -3.2054e+00
111 +3.885355784e-01 +3.885355784e-01 +4.549285356e+02 +4.549285356e+02 -1.0005e-02 -3.2054e+00
255 +2.160370098e-01 +2.160370098e-01 +4.547560370e+02 +4.547560370e+02 -1.1955e-01 -3.0786e+00
321 +1.010117259e-01 +1.010117259e-01 +4.546410117e+02 +4.546410117e+02 -4.9419e-02 -3.1612e+00
398 +7.484903369e-02 +7.484903369e-02 +4.546148490e+02 +4.546148490e+02 -8.3896e-02 -3.1206e+00
569 +4.607031095e-02 +4.607031095e-02 +4.545860703e+02 +4.545860703e+02 -1.5172e-01 -3.0379e+00
623 +3.782221822e-02 +3.782221822e-02 +4.545778222e+02 +4.545778222e+02 -8.6293e-02 -3.0979e+00
661 +1.250288765e-02 +1.250288765e-02 +4.545525029e+02 +4.545525029e+02 -8.8052e-02 -3.1107e+00
751 +2.997136076e-03 +2.997136076e-03 +4.545429971e+02 +4.545429971e+02 -8.7066e-02 -3.1069e+00
856 +9.297827923e-04 +9.297827923e-04 +4.545409298e+02 +4.545409298e+02 -9.4569e-02 -3.0977e+00
876 +7.323302782e-05 +7.323302782e-05 +4.545400732e+02 +4.545400732e+02 -9.0246e-02 -3.1033e+00
881 +1.579146766e-05 +1.579146766e-05 +4.545400158e+02 +4.545400158e+02 -9.0399e-02 -3.1033e+00
1030 +6.949441399e-06 +6.949441399e-06 +4.545400069e+02 +4.545400069e+02 -9.0529e-02 -3.1032e+00
1102 +6.087535894e-06 +6.087535894e-06 +4.545400061e+02 +4.545400061e+02 -9.0557e-02 -3.1032e+00
1144 +2.988885797e-06 +2.988885797e-06 +4.545400030e+02 +4.545400030e+02 -9.0585e-02 -3.1031e+00
1151 +1.712477797e-06 +1.712477797e-06 +4.545400017e+02 +4.545400017e+02 -9.0569e-02 -3.1031e+00
1152 +9.701313957e-07 +9.701313957e-07 +4.545400010e+02 +4.545400010e+02 -9.0812e-02 -3.1028e+00
1229 +7.975211247e-08 +7.975211247e-08 +4.545400001e+02 +4.545400001e+02 -9.0628e-02 -3.1030e+00
1367 +1.268193728e-08 +1.268193728e-08 +4.545400000e+02 +4.545400000e+02 -9.0688e-02 -3.1029e+00
1482 +9.853579286e-09 +9.853579286e-09 +4.545400000e+02 +4.545400000e+02 -9.0653e-02 -3.1030e+00
% function evaluation | noise-free fitness - Fopt (-8.372400000000e+02) | best noise-free fitness - Fopt | measured fitness | best measured fitness | x1 | x2...
1 +2.176310308e+02 +2.176310308e+02 -6.196089692e+02 -6.196089692e+02 -4.9659e+00 -2.7565e+00
3 +1.247957198e+02 +1.247957198e+02 -7.124442802e+02 -7.124442802e+02 +2.1985e+00 +1.2556e+00
4 +1.285703306e+01 +1.285703306e+01 -8.243829669e+02 -8.243829669e+02 +3.3691e+00 -3.7757e+00
38 +8.719343037e-01 +8.719343037e-01 -8.363680657e+02 -8.363680657e+02 +4.9471e+00 -2.9893e+00
424 +5.571724487e-01 +5.571724487e-01 -8.366828276e+02 -8.366828276e+02 +4.7461e+00 -2.7968e+00
472 +1.557345723e-02 +1.557345723e-02 -8.372244265e+02 -8.372244265e+02 +4.7632e+00 -2.7968e+00
740 +5.028789780e-03 +5.028789780e-03 -8.372349712e+02 -8.372349712e+02 +4.7590e+00 -2.7939e+00
771 +2.790644591e-03 +2.790644591e-03 -8.372372094e+02 -8.372372094e+02 +4.7520e+00 -2.7881e+00
787 +1.694485253e-03 +1.694485253e-03 -8.372383055e+02 -8.372383055e+02 +4.7516e+00 -2.7877e+00
792 +1.161911717e-03 +1.161911717e-03 -8.372388381e+02 -8.372388381e+02 +4.7465e+00 -2.7808e+00
845 +5.715449026e-04 +5.715449026e-04 -8.372394285e+02 -8.372394285e+02 +4.7474e+00 -2.7820e+00
878 +1.061611840e-04 +1.061611840e-04 -8.372398938e+02 -8.372398938e+02 +4.7471e+00 -2.7819e+00
905 +3.284331603e-05 +3.284331603e-05 -8.372399672e+02 -8.372399672e+02 +4.7438e+00 -2.7783e+00
979 +1.385031953e-05 +1.385031953e-05 -8.372399861e+02 -8.372399861e+02 +4.7442e+00 -2.7790e+00
996 +9.073150636e-06 +9.073150636e-06 -8.372399909e+02 -8.372399909e+02 +4.7445e+00 -2.7792e+00
1066 +5.478693424e-06 +5.478693424e-06 -8.372399945e+02 -8.372399945e+02 +4.7443e+00 -2.7791e+00
1075 +3.491031975e-06 +3.491031975e-06 -8.372399965e+02 -8.372399965e+02 +4.7440e+00 -2.7787e+00
1114 +9.080931704e-07 +9.080931704e-07 -8.372399991e+02 -8.372399991e+02 +4.7438e+00 -2.7785e+00
1185 +5.490071544e-07 +5.490071544e-07 -8.372399995e+02 -8.372399995e+02 +4.7438e+00 -2.7785e+00
1209 +2.165028263e-07 +2.165028263e-07 -8.372399998e+02 -8.372399998e+02 +4.7439e+00 -2.7786e+00
1301 +6.714321898e-08 +6.714321898e-08 -8.372399999e+02 -8.372399999e+02 +4.7439e+00 -2.7786e+00
1322 +5.751405752e-08 +5.751405752e-08 -8.372399999e+02 -8.372399999e+02 +4.7440e+00 -2.7787e+00
1450 +1.073033218e-08 +1.073033218e-08 -8.372400000e+02 -8.372400000e+02 +4.7439e+00 -2.7787e+00
1551 +7.961489246e-09 +7.961489246e-09 -8.372400000e+02 -8.372400000e+02 +4.7439e+00 -2.7787e+00
% function evaluation | noise-free fitness - Fopt (3.761200000000e+02) | best noise-free fitness - Fopt | measured fitness | best measured fitness | x1 | x2...
1 +1.687772765e+02 +1.687772765e+02 +5.448972765e+02 +5.448972765e+02 +2.3370e+00 -3.5200e+00
3 +2.877967711e+01 +2.877967711e+01 +4.048996771e+02 +4.048996771e+02 -2.0987e+00 -1.4057e+00
4 +3.456175706e+00 +3.456175706e+00 +3.795761757e+02 +3.795761757e+02 -3.3195e+00 +4.0036e+00
15 +2.244913044e+00 +2.244913044e+00 +3.783649130e+02 +3.783649130e+02 -3.6286e+00 +3.8956e+00
45 +4.773360181e-02 +4.773360181e-02 +3.761677336e+02 +3.761677336e+02 -2.7422e+00 -3.1989e-02
338 +2.324604064e-02 +2.324604064e-02 +3.761432460e+02 +3.761432460e+02 -2.7614e+00 -2.8318e-02
404 +8.126272603e-03 +8.126272603e-03 +3.761281263e+02 +3.761281263e+02 -2.7813e+00 -3.1989e-02
433 +4.011921038e-03 +4.011921038e-03 +3.761240119e+02 +3.761240119e+02 -2.8106e+00 -3.0633e-02
443 +1.174087805e-03 +1.174087805e-03 +3.761211741e+02 +3.761211741e+02 -2.8062e+00 -3.1908e-02
449 +1.709429754e-04 +1.709429754e-04 +3.761201709e+02 +3.761201709e+02 -2.8116e+00 -3.2792e-02
529 +5.836701934e-05 +5.836701934e-05 +3.761200584e+02 +3.761200584e+02 -2.8106e+00 -3.2477e-02
531 +5.367617234e-06 +5.367617234e-06 +3.761200054e+02 +3.761200054e+02 -2.8130e+00 -3.2477e-02
674 +2.937130773e-06 +2.937130773e-06 +3.761200029e+02 +3.761200029e+02 -2.8126e+00 -3.2558e-02
686 +8.077506664e-08 +8.077506664e-08 +3.761200001e+02 +3.761200001e+02 -2.8128e+00 -3.2522e-02
736 +9.439816040e-09 +9.439816040e-09 +3.761200000e+02 +3.761200000e+02 -2.8128e+00 -3.2514e-02
% function evaluation | noise-free fitness - Fopt (-7.635000000000e+01) | best noise-free fitness - Fopt | measured fitness | best measured fitness | x1 | x2...
1 +9.463567418e-01 +9.463567418e-01 -7.540364326e+01 -7.540364326e+01 -2.7377e-01 -1.3275e+00
181 +3.625947933e-01 +3.625947933e-01 -7.598740521e+01 -7.598740521e+01 -2.8552e-01 -1.3224e+00
236 +2.360736700e-01 +2.360736700e-01 -7.611392633e+01 -7.611392633e+01 -3.0982e-01 -1.3235e+00
327 +9.906485030e-02 +9.906485030e-02 -7.625093515e+01 -7.625093515e+01 -2.6824e-01 -1.3137e+00
343 +5.899586287e-02 +5.899586287e-02 -7.629100414e+01 -7.629100414e+01 -2.1221e-01 -1.3045e+00
356 +3.836431245e-02 +3.836431245e-02 -7.631163569e+01 -7.631163569e+01 -2.0426e-01 -1.3063e+00
367 +2.150462969e-02 +2.150462969e-02 -7.632849537e+01 -7.632849537e+01 -2.6705e-01 -1.3056e+00
423 +1.365481663e-02 +1.365481663e-02 -7.633634518e+01 -7.633634518e+01 -2.3484e-01 -1.3056e+00
429 +1.688853847e-03 +1.688853847e-03 -7.634831115e+01 -7.634831115e+01 -2.7606e-01 -1.3000e+00
472 +8.702054259e-04 +8.702054259e-04 -7.634912979e+01 -7.634912979e+01 -2.7961e-01 -1.3000e+00
484 +5.513031304e-04 +5.513031304e-04 -7.634944870e+01 -7.634944870e+01 -2.7735e-01 -1.3003e+00
525 +1.807132438e-04 +1.807132438e-04 -7.634981929e+01 -7.634981929e+01 -2.7591e-01 -1.3004e+00
531 +1.399540531e-04 +1.399540531e-04 -7.634986005e+01 -7.634986005e+01 -2.7038e-01 -1.3007e+00
541 +1.533698993e-05 +1.533698993e-05 -7.634998466e+01 -7.634998466e+01 -2.7038e-01 -1.3009e+00
656 +7.118542854e-06 +7.118542854e-06 -7.634999288e+01 -7.634999288e+01 -2.7162e-01 -1.3009e+00
671 +1.678091635e-06 +1.678091635e-06 -7.634999832e+01 -7.634999832e+01 -2.7215e-01 -1.3008e+00
680 +1.122515982e-07 +1.122515982e-07 -7.634999989e+01 -7.634999989e+01 -2.7191e-01 -1.3008e+00
683 +7.452129580e-09 +7.452129580e-09 -7.634999999e+01 -7.634999999e+01 -2.7203e-01 -1.3008e+00
% function evaluation | noise-free fitness - Fopt (-7.737300000000e+02) | best noise-free fitness - Fopt | measured fitness | best measured fitness | x1 | x2...
1 +4.927165777e+01 +4.927165777e+01 -7.244583422e+02 -7.244583422e+02 -4.4509e+00 -4.3952e+00
7 +2.902346260e+01 +2.902346260e+01 -7.447065374e+02 -7.447065374e+02 +2.9676e+00 -3.8754e+00
40 +1.276959280e+01 +1.276959280e+01 -7.609604072e+02 -7.609604072e+02 -4.1781e+00 +8.4391e-01
93 +4.587036536e+00 +4.587036536e+00 -7.691429635e+02 -7.691429635e+02 +1.3742e+00 -2.4014e+00
163 +2.267370449e+00 +2.267370449e+00 -7.714626296e+02 -7.714626296e+02 +1.5737e+00 -2.2734e+00
311 +4.641115624e-01 +4.641115624e-01 -7.732658884e+02 -7.732658884e+02 +1.4532e+00 -2.2814e+00
325 +5.894971274e-02 +5.894971274e-02 -7.736710503e+02 -7.736710503e+02 +1.4594e+00 -2.3997e+00
448 +1.802577649e-02 +1.802577649e-02 -7.737119742e+02 -7.737119742e+02 +1.5060e+00 -2.4910e+00
484 +7.178490443e-03 +7.178490443e-03 -7.737228215e+02 -7.737228215e+02 +1.4950e+00 -2.4748e+00
631 +5.949726031e-03 +5.949726031e-03 -7.737240503e+02 -7.737240503e+02 +1.4951e+00 -2.4748e+00
646 +5.529151324e-04 +5.529151324e-04 -7.737294471e+02 -7.737294471e+02 +1.4905e+00 -2.4624e+00
656 +6.526222023e-06 +6.526222023e-06 -7.737299935e+02 -7.737299935e+02 +1.4882e+00 -2.4585e+00
823 +6.182640504e-06 +6.182640504e-06 -7.737299938e+02 -7.737299938e+02 +1.4882e+00 -2.4584e+00
914 +6.475544296e-07 +6.475544296e-07 -7.737299994e+02 -7.737299994e+02 +1.4882e+00 -2.4585e+00
973 +1.191693855e-07 +1.191693855e-07 -7.737299999e+02 -7.737299999e+02 +1.4882e+00 -2.4586e+00
1018 +8.866436474e-10 +8.866436474e-10 -7.737300000e+02 -7.737300000e+02 +1.4882e+00 -2.4585e+00
% function evaluation | noise-free fitness - Fopt (-7.087000000000e+01) | best noise-free fitness - Fopt | measured fitness | best measured fitness | x1 | x2...
1 +7.954174841e+01 +7.954174841e+01 +8.671748413e+00 +8.671748413e+00 +1.7479e-01 -4.7242e-01
2 +4.022969416e+01 +4.022969416e+01 -3.064030584e+01 -3.064030584e+01 -1.3631e+00 -3.4340e+00
4 +3.177933371e+01 +3.177933371e+01 -3.909066629e+01 -3.909066629e+01 -2.1537e+00 -3.0363e+00
5 +1.204867041e+01 +1.204867041e+01 -5.882132959e+01 -5.882132959e+01 +4.0967e+00 +1.8398e+00
16 +6.518062575e+00 +6.518062575e+00 -6.435193743e+01 -6.435193743e+01 +2.0763e+00 -4.7242e-01
59 +8.489542368e-01 +8.489542368e-01 -7.002104576e+01 -7.002104576e+01 +5.6604e-01 +2.8020e+00
711 +1.410251282e-02 +1.410251282e-02 -7.085589749e+01 -7.085589749e+01 -1.2856e-03 -2.4574e+00
877 +7.935452206e-03 +7.935452206e-03 -7.086206455e+01 -7.086206455e+01 +3.6644e-03 -2.4308e+00
932 +2.512568643e-03 +2.512568643e-03 -7.086748743e+01 -7.086748743e+01 +8.1716e-04 -2.4308e+00
973 +1.570832797e-03 +1.570832797e-03 -7.086842917e+01 -7.086842917e+01 +2.1442e-03 -2.4513e+00
993 +7.963357554e-04 +7.963357554e-04 -7.086920366e+01 -7.086920366e+01 +2.7169e-03 -2.4406e+00
995 +5.833084263e-04 +5.833084263e-04 -7.086941669e+01 -7.086941669e+01 +8.1716e-04 -2.4473e+00
1004 +6.791093368e-05 +6.791093368e-05 -7.086993209e+01 -7.086993209e+01 +1.4587e-03 -2.4513e+00
1076 +3.444733225e-05 +3.444733225e-05 -7.086996555e+01 -7.086996555e+01 +1.4008e-03 -2.4475e+00
1092 +8.699830730e-06 +8.699830730e-06 -7.086999130e+01 -7.086999130e+01 +1.2754e-03 -2.4498e+00
1143 +3.608913133e-06 +3.608913133e-06 -7.086999639e+01 -7.086999639e+01 +1.3469e-03 -2.4496e+00
1169 +1.547680398e-06 +1.547680398e-06 -7.086999845e+01 -7.086999845e+01 +1.4093e-03 -2.4492e+00
1194 +5.153205649e-07 +5.153205649e-07 -7.086999948e+01 -7.086999948e+01 +1.4213e-03 -2.4490e+00
1238 +3.295060225e-07 +3.295060225e-07 -7.086999967e+01 -7.086999967e+01 +1.3797e-03 -2.4494e+00
1247 +9.840158555e-08 +9.840158555e-08 -7.086999990e+01 -7.086999990e+01 +1.3888e-03 -2.4494e+00
1292 +1.267751770e-08 +1.267751770e-08 -7.086999999e+01 -7.086999999e+01 +1.3853e-03 -2.4492e+00
1344 +4.555275268e-09 +4.555275268e-09 -7.087000000e+01 -7.087000000e+01 +1.3834e-03 -2.4492e+00
% function evaluation | noise-free fitness - Fopt (-2.639100000000e+02) | best noise-free fitness - Fopt | measured fitness | best measured fitness | x1 | x2...
1 +2.897219024e+01 +2.897219024e+01 -2.349378098e+02 -2.349378098e+02 -3.3570e+00 -4.4165e+00
4 +3.773181615e+00 +3.773181615e+00 -2.601368184e+02 -2.601368184e+02 -2.5331e+00 +4.7513e+00
10 +1.045436441e+00 +1.045436441e+00 -2.628645636e+02 -2.628645636e+02 +2.7657e+00 -2.8244e+00
82 +3.756596687e-01 +3.756596687e-01 -2.635343403e+02 -2.635343403e+02 +3.7028e+00 +4.7202e+00
207 +1.023374080e-01 +1.023374080e-01 -2.638076626e+02 -2.638076626e+02 +3.7114e+00 +4.7510e+00
275 +9.114892906e-02 +9.114892906e-02 -2.638188511e+02 -2.638188511e+02 +3.7136e+00 +4.7470e+00
317 +5.389305863e-02 +5.389305863e-02 -2.638561069e+02 -2.638561069e+02 +3.7444e+00 +4.7468e+00
372 +2.851306265e-02 +2.851306265e-02 -2.638814869e+02 -2.638814869e+02 +3.7397e+00 +4.7463e+00
635 +2.455185918e-02 +2.455185918e-02 -2.638854481e+02 -2.638854481e+02 +3.7386e+00 +4.7466e+00
3161 +5.093791888e-03 +5.093791888e-03 -2.639049062e+02 -2.639049062e+02 -2.3738e+00 +1.0828e+00
3258 +5.792817315e-04 +5.792817315e-04 -2.639094207e+02 -2.639094207e+02 -2.3453e+00 +1.0666e+00
3677 +3.712628146e-04 +3.712628146e-04 -2.639096287e+02 -2.639096287e+02 -2.3561e+00 +1.0738e+00
3703 +2.124652116e-04 +2.124652116e-04 -2.639097875e+02 -2.639097875e+02 -2.3576e+00 +1.0749e+00
3723 +1.541668098e-05 +1.541668098e-05 -2.639099846e+02 -2.639099846e+02 -2.3571e+00 +1.0749e+00
3755 +8.616251307e-06 +8.616251307e-06 -2.639099914e+02 -2.639099914e+02 -2.3567e+00 +1.0748e+00
3806 +2.834028464e-06 +2.834028464e-06 -2.639099972e+02 -2.639099972e+02 -2.3566e+00 +1.0746e+00
3831 +1.644686847e-06 +1.644686847e-06 -2.639099984e+02 -2.639099984e+02 -2.3566e+00 +1.0747e+00
3863 +1.269522102e-06 +1.269522102e-06 -2.639099987e+02 -2.639099987e+02 -2.3565e+00 +1.0746e+00
3911 +4.021716222e-07 +4.021716222e-07 -2.639099996e+02 -2.639099996e+02 -2.3563e+00 +1.0745e+00
3933 +2.344413019e-07 +2.344413019e-07 -2.639099998e+02 -2.639099998e+02 -2.3564e+00 +1.0746e+00
4014 +1.713357278e-08 +1.713357278e-08 -2.639100000e+02 -2.639100000e+02 -2.3562e+00 +1.0744e+00
4049 +1.250617743e-08 +1.250617743e-08 -2.639100000e+02 -2.639100000e+02 -2.3562e+00 +1.0744e+00
4067 +7.405787983e-09 +7.405787983e-09 -2.639100000e+02 -2.639100000e+02 -2.3562e+00 +1.0744e+00
% function evaluation | noise-free fitness - Fopt (-2.609800000000e+02) | best noise-free fitness - Fopt | measured fitness | best measured fitness | x1 | x2...
1 +1.724853850e+01 +1.724853850e+01 -2.437314615e+02 -2.437314615e+02 +4.6083e+00 +6.2823e-01
8 +5.948088895e+00 +5.948088895e+00 -2.550319111e+02 -2.550319111e+02 +7.1894e-02 -2.2216e+00
253 +2.349763862e+00 +2.349763862e+00 -2.586302361e+02 -2.586302361e+02 +5.0780e+00 +5.3806e-02
734 +1.400505707e+00 +1.400505707e+00 -2.595794943e+02 -2.595794943e+02 +5.0383e+00 +1.2487e-01
763 +5.565934379e-01 +5.565934379e-01 -2.604234066e+02 -2.604234066e+02 +4.9886e+00 +1.4144e-01
773 +1.067981147e-01 +1.067981147e-01 -2.608732019e+02 -2.608732019e+02 +4.9884e+00 +2.3734e-01
781 +8.414036097e-02 +8.414036097e-02 -2.608958596e+02 -2.608958596e+02 +4.9884e+00 +2.3281e-01
801 +5.851187621e-02 +5.851187621e-02 -2.609214881e+02 -2.609214881e+02 +4.9866e+00 +3.4602e-01
812 +3.372761864e-02 +3.372761864e-02 -2.609462724e+02 -2.609462724e+02 +4.9864e+00 +3.3776e-01
851 +2.016237277e-02 +2.016237277e-02 -2.609598376e+02 -2.609598376e+02 +4.9806e+00 +3.3107e-01
859 +4.583481879e-03 +4.583481879e-03 -2.609754165e+02 -2.609754165e+02 +4.9737e+00 +3.4342e-01
892 +1.343193203e-03 +1.343193203e-03 -2.609786568e+02 -2.609786568e+02 +4.9713e+00 +3.6918e-01
902 +7.819460666e-05 +7.819460666e-05 -2.609799218e+02 -2.609799218e+02 +4.9737e+00 +3.5453e-01
976 +2.405676327e-05 +2.405676327e-05 -2.609799759e+02 -2.609799759e+02 +4.9732e+00 +3.5964e-01
1116 +1.434854607e-05 +1.434854607e-05 -2.609799857e+02 -2.609799857e+02 +4.9729e+00 +3.6147e-01
1121 +9.855183521e-06 +9.855183521e-06 -2.609799901e+02 -2.609799901e+02 +4.9729e+00 +3.6147e-01
1127 +1.603920282e-06 +1.603920282e-06 -2.609799984e+02 -2.609799984e+02 +4.9729e+00 +3.6150e-01
1129 +1.576941031e-06 +1.576941031e-06 -2.609799984e+02 -2.609799984e+02 +4.9729e+00 +3.6142e-01
1166 +1.500052349e-07 +1.500052349e-07 -2.609799998e+02 -2.609799998e+02 +4.9730e+00 +3.6147e-01
1305 +9.236663345e-08 +9.236663345e-08 -2.609799999e+02 -2.609799999e+02 +4.9730e+00 +3.6147e-01
1309 +3.354040246e-08 +3.354040246e-08 -2.609800000e+02 -2.609800000e+02 +4.9730e+00 +3.6142e-01
1327 +8.412825991e-12 +8.412825991e-12 -2.609800000e+02 -2.609800000e+02 +4.9730e+00 +3.6138e-01
% function evaluation | noise-free fitness - Fopt (6.694000000000e+01) | best noise-free fitness - Fopt | measured fitness | best measured fitness | x1 | x2...
1 +5.629930833e+01 +5.629930833e+01 +1.232393083e+02 +1.232393083e+02 -1.8531e+00 -3.7127e-01
2 +2.194913952e-01 +2.194913952e-01 +6.715949140e+01 +6.715949140e+01 -3.3711e+00 +2.4299e+00
381 +9.724551149e-03 +9.724551149e-03 +6.694972455e+01 +6.694972455e+01 -3.3711e+00 +2.4448e+00
507 +4.429045253e-03 +4.429045253e-03 +6.694442905e+01 +6.694442905e+01 -3.3483e+00 +2.4358e+00
514 +3.320952061e-03 +3.320952061e-03 +6.694332095e+01 +6.694332095e+01 -3.3660e+00 +2.4416e+00
530 +1.350007277e-03 +1.350007277e-03 +6.694135001e+01 +6.694135001e+01 -3.3620e+00 +2.4400e+00
555 +5.160163858e-04 +5.160163858e-04 +6.694051602e+01 +6.694051602e+01 -3.3545e+00 +2.4382e+00
577 +2.815992476e-04 +2.815992476e-04 +6.694028160e+01 +6.694028160e+01 -3.3550e+00 +2.4388e+00
662 +1.987634035e-04 +1.987634035e-04 +6.694019876e+01 +6.694019876e+01 -3.3550e+00 +2.4385e+00
665 +2.404634736e-05 +2.404634736e-05 +6.694002405e+01 +6.694002405e+01 -3.3535e+00 +2.4384e+00
782 +5.454329568e-06 +5.454329568e-06 +6.694000545e+01 +6.694000545e+01 -3.3529e+00 +2.4384e+00
796 +9.535354764e-07 +9.535354764e-07 +6.694000095e+01 +6.694000095e+01 -3.3521e+00 +2.4382e+00
933 +5.415978706e-07 +5.415978706e-07 +6.694000054e+01 +6.694000054e+01 -3.3525e+00 +2.4383e+00
951 +1.101457059e-07 +1.101457059e-07 +6.694000011e+01 +6.694000011e+01 -3.3526e+00 +2.4383e+00
1045 +1.537409844e-08 +1.537409844e-08 +6.694000002e+01 +6.694000002e+01 -3.3525e+00 +2.4383e+00
1071 +9.107154142e-09 +9.107154142e-09 +6.694000001e+01 +6.694000001e+01 -3.3525e+00 +2.4383e+00
% function evaluation | noise-free fitness - Fopt (5.260000000000e+00) | best noise-free fitness - Fopt | measured fitness | best measured fitness | x1 | x2...
1 +1.790287564e+02 +1.790287564e+02 +1.842887564e+02 +1.842887564e+02 +1.1813e+00 +3.1953e+00
2 +8.187535042e+01 +8.187535042e+01 +8.713535042e+01 +8.713535042e+01 +4.4913e+00 +1.0474e-01
6 +4.407066511e+01 +4.407066511e+01 +4.933066511e+01 +4.933066511e+01 +1.7777e+00 -5.9514e-01
7 +3.317434473e+01 +3.317434473e+01 +3.843434473e+01 +3.843434473e+01 -4.2833e+00 -2.5920e-01
24 +7.111568204e+00 +7.111568204e+00 +1.237156820e+01 +1.237156820e+01 +4.5177e+00 -1.3029e+00
26 +2.359738633e+00 +2.359738633e+00 +7.619738633e+00 +7.619738633e+00 -2.0462e+00 +3.0420e+00
230 +1.575925289e+00 +1.575925289e+00 +6.835925289e+00 +6.835925289e+00 -4.9006e+00 +5.2199e+00
326 +6.296606881e-01 +6.296606881e-01 +5.889660688e+00 +5.889660688e+00 -4.8508e+00 +5.2853e+00
1152 +3.978271588e-01 +3.978271588e-01 +5.657827159e+00 +5.657827159e+00 -4.9276e+00 +5.2076e+00
3694 +6.041839287e-02 +6.041839287e-02 +5.320418393e+00 +5.320418393e+00 -1.7413e+00 +3.2989e+00
3986 +3.138708188e-02 +3.138708188e-02 +5.291387082e+00 +5.291387082e+00 -1.7301e+00 +3.2989e+00
4104 +1.218406273e-02 +1.218406273e-02 +5.272184063e+00 +5.272184063e+00 -1.6862e+00 +3.3304e+00
4111 +3.723699985e-03 +3.723699985e-03 +5.263723700e+00 +5.263723700e+00 -1.6828e+00 +3.3304e+00
4259 +7.379796349e-04 +7.379796349e-04 +5.260737980e+00 +5.260737980e+00 -1.6806e+00 +3.3305e+00
4389 +4.500576615e-04 +4.500576615e-04 +5.260450058e+00 +5.260450058e+00 -1.6817e+00 +3.3288e+00
4391 +3.788689145e-04 +3.788689145e-04 +5.260378869e+00 +5.260378869e+00 -1.6803e+00 +3.3288e+00
4395 +1.053082800e-05 +1.053082800e-05 +5.260010531e+00 +5.260010531e+00 -1.6853e+00 +3.3271e+00
4451 +8.132206166e-06 +8.132206166e-06 +5.260008132e+00 +5.260008132e+00 -1.6848e+00 +3.3273e+00
4648 +1.916291737e-06 +1.916291737e-06 +5.260001916e+00 +5.260001916e+00 -1.6856e+00 +3.3268e+00
4672 +1.262375174e-06 +1.262375174e-06 +5.260001262e+00 +5.260001262e+00 -1.6850e+00 +3.3271e+00
4738 +6.439858220e-07 +6.439858220e-07 +5.260000644e+00 +5.260000644e+00 -1.6853e+00 +3.3270e+00
4779 +4.453645790e-07 +4.453645790e-07 +5.260000445e+00 +5.260000445e+00 -1.6852e+00 +3.3270e+00
4781 +2.994547579e-07 +2.994547579e-07 +5.260000299e+00 +5.260000299e+00 -1.6852e+00 +3.3270e+00
4906 +7.290475867e-08 +7.290475867e-08 +5.260000073e+00 +5.260000073e+00 -1.6853e+00 +3.3270e+00
4970 +1.675278760e-08 +1.675278760e-08 +5.260000017e+00 +5.260000017e+00 -1.6853e+00 +3.3270e+00
4975 +1.282112727e-08 +1.282112727e-08 +5.260000013e+00 +5.260000013e+00 -1.6853e+00 +3.3270e+00
5002 +6.795682239e-09 +6.795682239e-09 +5.260000007e+00 +5.260000007e+00 -1.6853e+00 +3.3270e+00
