% function evaluation | noise-free fitness - Fopt (4.078000000000e+01) | best noise-free fitness - Fopt | measured fitness | best measured fitness | x1 | x2...
1 +3.027935182e+01 +3.027935182e+01 +7.105935182e+01 +7.105935182e+01 +4.7342e+00 +1.6366e+00
2 +1.828410017e+01 +1.828410017e+01 +5.906410017e+01 +5.906410017e+01 -4.3291e+00 -1.7491e+00
6 +7.756757780e+00 +7.756757780e+00 +4.853675778e+01 +4.853675778e+01 -3.8742e+00 +1.0962e+00
7 +6.302500033e+00 +6.302500033e+00 +4.708250003e+01 +4.708250003e+01 +1.4589e+00 -3.2173e+00
11 +1.686296410e+00 +1.686296410e+00 +4.246629641e+01 +4.246629641e+01 -1.8638e+00 -9.6225e-01
47 +5.048645715e-01 +5.048645715e-01 +4.128486457e+01 +4.128486457e+01 -1.4792e+00 -1.0012e+00
63 +7.760741469e-02 +7.760741469e-02 +4.085760741e+01 +4.085760741e+01 -2.2592e+00 -1.4304e+00
152 +3.032230855e-02 +3.032230855e-02 +4.081032231e+01 +4.081032231e+01 -2.1066e+00 -1.3968e+00
270 +5.584214701e-05 +5.584214701e-05 +4.078005584e+01 +4.078005584e+01 -2.4629e+00 -1.7731e+00
780 +6.570251770e-06 +6.570251770e-06 +4.078000657e+01 +4.078000657e+01 -2.5584e+00 -1.8324e+00
1144 +1.348908647e-06 +1.348908647e-06 +4.078000135e+01 +4.078000135e+01 -2.5495e+00 -1.8087e+00
1394 +4.067478869e-07 +4.067478869e-07 +4.078000041e+01 +4.078000041e+01 -2.5384e+00 -1.8001e+00
1402 +1.041047142e-07 +1.041047142e-07 +4.078000010e+01 +4.078000010e+01 -2.5219e+00 -1.7985e+00
1511 +3.793851278e-08 +3.793851278e-08 +4.078000004e+01 +4.078000004e+01 -2.5247e+00 -1.7914e+00
1544 +1.178902664e-08 +1.178902664e-08 +4.078000001e+01 +4.078000001e+01 -2.5268e+00 -1.7957e+00
2199 +3.115886216e-09 +3.115886216e-09 +4.078000000e+01 +4.078000000e+01 -2.5106e+00 -1.7865e+00
% function evaluation | noise-free fitness - Fopt (-1.600000000000e+00) | best noise-free fitness - Fopt | measured fitness | best measured fitness | x1 | x2...
1 +1.222482144e+01 +1.222482144e+01 +1.062482144e+01 +1.062482144e+01 +4.2002e+00 +1.1202e+00
5 +8.669263937e+00 +8.669263937e+00 +7.069263937e+00 +7.069263937e+00 -3.8468e+00 +1.9425e+00
16 +5.832280246e+00 +5.832280246e+00 +4.232280246e+00 +4.232280246e+00 -2.7725e-01 -3.0561e+00
19 +2.863401477e+00 +2.863401477e+00 +1.263401477e+00 +1.263401477e+00 +4.0878e+00 +2.3938e+00
20 +2.049965782e+00 +2.049965782e+00 +4.499657818e-01 +4.499657818e-01 -3.3888e+00 +1.1031e+00
23 +9.896692528e-03 +9.896692528e-03 -1.590103307e+00 -1.590103307e+00 +8.0411e-01 -2.0486e+00
186 +9.365861203e-04 +9.365861203e-04 -1.599063414e+00 -1.599063414e+00 +1.3662e+00 -2.0515e+00
589 +3.601456896e-04 +3.601456896e-04 -1.599639854e+00 -1.599639854e+00 +1.0687e+00 -2.0443e+00
675 +8.691003012e-05 +8.691003012e-05 -1.599913090e+00 -1.599913090e+00 +1.1214e+00 -2.0376e+00
767 +2.426268974e-05 +2.426268974e-05 -1.599975737e+00 -1.599975737e+00 +1.0272e+00 -2.0068e+00
1151 +4.404879148e-07 +4.404879148e-07 -1.599999560e+00 -1.599999560e+00 +1.1445e+00 -2.0073e+00
1326 +1.479591825e-07 +1.479591825e-07 -1.599999852e+00 -1.599999852e+00 +1.1374e+00 -2.0082e+00
1454 +2.836959556e-10 +2.836959556e-10 -1.600000000e+00 -1.600000000e+00 +1.1233e+00 -2.0127e+00
% function evaluation | noise-free fitness - Fopt (-3.708400000000e+02) | best noise-free fitness - Fopt | measured fitness | best measured fitness | x1 | x2...
1 +3.217497464e+01 +3.217497464e+01 -3.386650254e+02 -3.386650254e+02 +1.8111e+00 +4.7365e+00
2 +1.532355639e+01 +1.532355639e+01 -3.555164436e+02 -3.555164436e+02 -4.7272e+00 +2.5283e+00
3 +2.239114854e+00 +2.239114854e+00 -3.686008851e+02 -3.686008851e+02 -9.5658e-01 -4.5546e+00
5 +9.273070673e-01 +9.273070673e-01 -3.699126929e+02 -3.699126929e+02 +3.3487e+00 -4.4145e+00
27 +1.351216889e-01 +1.351216889e-01 -3.707048783e+02 -3.707048783e+02 +2.2955e+00 -4.3290e-01
108 +3.410366426e-03 +3.410366426e-03 -3.708365896e+02 -3.708365896e+02 +2.7932e+00 -6.9320e-01
562 +2.203025414e-03 +2.203025414e-03 -3.708377970e+02 -3.708377970e+02 +3.0755e+00 -7.3351e-01
576 +5.775180995e-04 +5.775180995e-04 -3.708394225e+02 -3.708394225e+02 +2.9811e+00 -7.9105e-01
722 +1.547114721e-05 +1.547114721e-05 -3.708399845e+02 -3.708399845e+02 +3.1874e+00 -8.4619e-01
1018 +7.243041807e-06 +7.243041807e-06 -3.708399928e+02 -3.708399928e+02 +3.0949e+00 -8.1620e-01
1068 +2.323937792e-06 +2.323937792e-06 -3.708399977e+02 -3.708399977e+02 +3.0582e+00 -7.8683e-01
1266 +3.694822226e-12 +3.694822226e-12 -3.708400000e+02 -3.708400000e+02 +3.1144e+00 -8.0905e-01
% function evaluation | noise-free fitness - Fopt (-3.256000000000e+01) | best noise-free fitness - Fopt | measured fitness | best measured fitness | x1 | x2...
1 +2.817807573e+01 +2.817807573e+01 -4.381924266e+00 -4.381924266e+00 -1.4162e+00 -4.2488e+00
2 +6.614748610e+00 +6.614748610e+00 -2.594525139e+01 -2.594525139e+01 -2.8289e+00 +1.9334e+00
10 +4.885514624e-02 +4.885514624e-02 -3.251114485e+01 -3.251114485e+01 +9.8673e-01 -3.1400e+00
117 +1.395796514e-02 +1.395796514e-02 -3.254604203e+01 -3.254604203e+01 +1.3611e+00 -3.0296e+00
139 +8.795138156e-04 +8.795138156e-04 -3.255912049e+01 -3.255912049e+01 +1.0855e+00 -3.2834e+00
369 +2.025148907e-04 +2.025148907e-04 -3.255979749e+01 -3.255979749e+01 +9.3940e-01 -3.3802e+00
403 +1.459465263e-04 +1.459465263e-04 -3.255985405e+01 -3.255985405e+01 +1.1185e+00 -3.2236e+00
451 +5.707188009e-05 +5.707188009e-05 -3.255994293e+01 -3.255994293e+01 +9.5772e-01 -3.3359e+00
456 +2.795191147e-05 +2.795191147e-05 -3.255997205e+01 -3.255997205e+01 +1.1289e+00 -3.1848e+00
951 +2.357736658e-05 +2.357736658e-05 -3.255997642e+01 -3.255997642e+01 +1.1224e+00 -3.1883e+00
1040 +1.514699171e-06 +1.514699171e-06 -3.255999849e+01 -3.255999849e+01 +1.0226e+00 -3.2716e+00
1229 +4.531522819e-07 +4.531522819e-07 -3.255999955e+01 -3.255999955e+01 +1.0219e+00 -3.2808e+00
1251 +3.911690030e-07 +3.911690030e-07 -3.255999961e+01 -3.255999961e+01 +1.0344e+00 -3.2616e+00
1359 +1.382633172e-07 +1.382633172e-07 -3.255999986e+01 -3.255999986e+01 +1.0521e+00 -3.2457e+00
1406 +3.597543952e-08 +3.597543952e-08 -3.255999996e+01 -3.255999996e+01 +1.0403e+00 -3.2672e+00
1421 +1.346717227e-08 +1.346717227e-08 -3.255999999e+01 -3.255999999e+01 +1.0548e+00 -3.2462e+00
1629 +4.491482741e-10 +4.491482741e-10 -3.256000000e+01 -3.256000000e+01 +1.0523e+00 -3.2509e+00
% function evaluation | noise-free fitness - Fopt (5.154000000000e+02) | best noise-free fitness - Fopt | measured fitness | best measured fitness | x1 | x2...
1 +1.540189591e+01 +1.540189591e+01 +5.308018959e+02 +5.308018959e+02 +2.8435e+00 +1.5655e+00
6 +4.601054892e+00 +4.601054892e+00 +5.200010549e+02 +5.200010549e+02 -3.6446e+00 +4.0248e+00
8 +2.796688802e+00 +2.796688802e+00 +5.181966888e+02 +5.181966888e+02 +2.1381e+00 -4.5816e+00
47 +1.998765548e+00 +1.998765548e+00 +5.173987655e+02 +5.173987655e+02 -3.1113e+00 -4.6842e+00
68 +1.432229882e-01 +1.432229882e-01 +5.155432230e+02 +5.155432230e+02 -3.9757e+00 -1.0347e+00
79 +6.492226532e-05 +6.492226532e-05 +5.154000649e+02 +5.154000649e+02 -3.4344e+00 -7.4044e-01
350 +3.167146144e-05 +3.167146144e-05 +5.154000317e+02 +5.154000317e+02 -3.3820e+00 -6.8799e-01
1004 +9.709333426e-08 +9.709333426e-08 +5.154000001e+02 +5.154000001e+02 -3.4529e+00 -7.1942e-01
1449 +5.741912901e-08 +5.741912901e-08 +5.154000001e+02 +5.154000001e+02 -3.4616e+00 -7.2918e-01
1649 +1.315868303e-08 +1.315868303e-08 +5.154000000e+02 +5.154000000e+02 -3.4667e+00 -7.2975e-01
1799 +7.723656381e-09 +7.723656381e-09 +5.154000000e+02 +5.154000000e+02 -3.4640e+00 -7.2790e-01
% function evaluation | noise-free fitness - Fopt (9.862300000000e+02) | best noise-free fitness - Fopt | measured fitness | best measured fitness | x1 | x2...
1 +1.134452711e+01 +1.134452711e+01 +9.975745271e+02 +9.975745271e+02 +2.9719e-01 -6.8298e-01
2 +8.185551048e+00 +8.185551048e+00 +9.944155510e+02 +9.944155510e+02 +4.4168e+00 +1.7394e+00
3 +1.842256975e+00 +1.842256975e+00 +9.880722570e+02 +9.880722570e+02 -5.9425e-01 -3.9787e+00
119 +8.692797285e-01 +8.692797285e-01 +9.870992797e+02 +9.870992797e+02 -3.0550e+00 -4.9306e+00
137 +4.873589268e-01 +4.873589268e-01 +9.867173589e+02 +9.867173589e+02 -4.1254e+00 -2.7446e+00
177 +1.103518822e-01 +1.103518822e-01 +9.863403519e+02 +9.863403519e+02 -3.2914e+00 -3.9478e+00
202 +5.583897432e-02 +5.583897432e-02 +9.862858390e+02 +9.862858390e+02 -3.5985e+00 -3.8675e+00
346 +4.053410932e-03 +4.053410932e-03 +9.862340534e+02 +9.862340534e+02 -3.7249e+00 -3.2182e+00
450 +8.552170871e-04 +8.552170871e-04 +9.862308552e+02 +9.862308552e+02 -3.6026e+00 -3.6640e+00
769 +1.223973334e-05 +1.223973334e-05 +9.862300122e+02 +9.862300122e+02 -3.6383e+00 -3.4787e+00
772 +6.613298183e-06 +6.613298183e-06 +9.862300066e+02 +9.862300066e+02 -3.6335e+00 -3.4901e+00
796 +1.817844691e-06 +1.817844691e-06 +9.862300018e+02 +9.862300018e+02 -3.6225e+00 -3.5098e+00
949 +4.874107162e-08 +4.874107162e-08 +9.862300000e+02 +9.862300000e+02 -3.6113e+00 -3.5404e+00
1321 +2.660044629e-09 +2.660044629e-09 +9.862300000e+02 +9.862300000e+02 -3.6061e+00 -3.5592e+00
% function evaluation | noise-free fitness - Fopt (1.240800000000e+02) | best noise-free fitness - Fopt | measured fitness | best measured fitness | x1 | x2...
1 +2.049451092e+01 +2.049451092e+01 +1.445745109e+02 +1.445745109e+02 -1.3571e+00 +3.7484e-01
4 +7.659652904e+00 +7.659652904e+00 +1.317396529e+02 +1.317396529e+02 +3.7995e+00 +2.7213e+00
6 +6.153303485e+00 +6.153303485e+00 +1.302333035e+02 +1.302333035e+02 +4.7760e+00 -3.2702e+00
12 +2.004635212e+00 +2.004635212e+00 +1.260846352e+02 +1.260846352e+02 +9.9643e-01 +2.7401e+00
27 +2.019848952e-01 +2.019848952e-01 +1.242819849e+02 +1.242819849e+02 -3.0353e+00 -9.5830e-01
313 +3.599407602e-02 +3.599407602e-02 +1.241159941e+02 +1.241159941e+02 -3.1476e+00 -6.3684e-01
332 +1.672836703e-02 +1.672836703e-02 +1.240967284e+02 +1.240967284e+02 -3.2946e+00 -7.6658e-01
381 +1.736132733e-04 +1.736132733e-04 +1.240801736e+02 +1.240801736e+02 -3.3680e+00 -6.4232e-01
736 +1.002475915e-04 +1.002475915e-04 +1.240801002e+02 +1.240801002e+02 -3.4008e+00 -6.3685e-01
823 +1.995079271e-05 +1.995079271e-05 +1.240800200e+02 +1.240800200e+02 -3.4723e+00 -5.7672e-01
1223 +9.972966524e-07 +9.972966524e-07 +1.240800010e+02 +1.240800010e+02 -3.4803e+00 -5.8793e-01
1324 +1.816025161e-07 +1.816025161e-07 +1.240800002e+02 +1.240800002e+02 -3.4954e+00 -5.8059e-01
1558 +1.063312993e-07 +1.063312993e-07 +1.240800001e+02 +1.240800001e+02 -3.5446e+00 -5.6255e-01
1715 +4.603857917e-08 +4.603857917e-08 +1.240800000e+02 +1.240800000e+02 -3.5262e+00 -5.7241e-01
1723 +1.195736843e-08 +1.195736843e-08 +1.240800000e+02 +1.240800000e+02 -3.5288e+00 -5.6431e-01
1823 +7.237545674e-09 +7.237545674e-09 +1.240800000e+02 +1.240800000e+02 -3.5141e+00 -5.7172e-01
% function evaluation | noise-free fitness - Fopt (-4.683100000000e+02) | best noise-free fitness - Fopt | measured fitness | best measured fitness | x1 | x2...
1 +3.674597243e+00 +3.674597243e+00 -4.646354028e+02 -4.646354028e+02 -5.2563e-01 -3.4477e-01
11 +1.883091521e+00 +1.883091521e+00 -4.664269085e+02 -4.664269085e+02 -4.0458e+00 +2.0945e+00
25 +1.572021440e-01 +1.572021440e-01 -4.681527979e+02 -4.681527979e+02 -2.6187e+00 +1.1357e+00
58 +3.424331462e-03 +3.424331462e-03 -4.683065757e+02 -4.683065757e+02 -2.7519e+00 +1.0629e+00
137 +3.929782559e-04 +3.929782559e-04 -4.683096070e+02 -4.683096070e+02 -2.8586e+00 +1.0784e+00
333 +1.957665553e-04 +1.957665553e-04 -4.683098042e+02 -4.683098042e+02 -2.8351e+00 +9.9939e-01
753 +7.484846350e-05 +7.484846350e-05 -4.683099252e+02 -4.683099252e+02 -2.9015e+00 +1.0274e+00
832 +4.700137879e-08 +4.700137879e-08 -4.683100000e+02 -4.683100000e+02 -2.8674e+00 +1.0431e+00
962 +1.336957212e-10 +1.336957212e-10 -4.683100000e+02 -4.683100000e+02 -2.8916e+00 +1.0496e+00
% function evaluation | noise-free fitness - Fopt (-6.062000000000e+01) | best noise-free fitness - Fopt | measured fitness | best measured fitness | x1 | x2...
1 +1.093299981e+01 +1.093299981e+01 -4.968700019e+01 -4.968700019e+01 +1.4454e-01 -3.4270e+00
4 +7.733177891e+00 +7.733177891e+00 -5.288682211e+01 -5.288682211e+01 -2.9929e-01 -1.6718e+00
5 +4.425774986e+00 +4.425774986e+00 -5.619422501e+01 -5.619422501e+01 +1.9243e+00 -4.5598e+00
6 +3.554817595e+00 +3.554817595e+00 -5.706518241e+01 -5.706518241e+01 -4.4895e+00 +2.3945e+00
48 +2.408688431e+00 +2.408688431e+00 -5.821131157e+01 -5.821131157e+01 +2.0219e+00 +1.6026e+00
60 +1.830158333e-01 +1.830158333e-01 -6.043698417e+01 -6.043698417e+01 +3.7164e+00 +3.9375e+00
107 +6.347211717e-02 +6.347211717e-02 -6.055652788e+01 -6.055652788e+01 +3.3487e+00 +4.1050e+00
213 +2.511699584e-02 +2.511699584e-02 -6.059488300e+01 -6.059488300e+01 +3.4729e+00 +3.8700e+00
301 +1.397933826e-02 +1.397933826e-02 -6.060602066e+01 -6.060602066e+01 +3.5442e+00 +3.7691e+00
317 +2.015900425e-03 +2.015900425e-03 -6.061798410e+01 -6.061798410e+01 +3.8718e+00 +3.3343e+00
418 +2.229645159e-05 +2.229645159e-05 -6.061997770e+01 -6.061997770e+01 +3.7446e+00 +3.5687e+00
656 +6.513320386e-06 +6.513320386e-06 -6.061999349e+01 -6.061999349e+01 +3.8067e+00 +3.4862e+00
904 +3.085450665e-06 +3.085450665e-06 -6.061999691e+01 -6.061999691e+01 +3.8223e+00 +3.4887e+00
1009 +1.223928209e-06 +1.223928209e-06 -6.061999878e+01 -6.061999878e+01 +3.8100e+00 +3.5099e+00
1101 +7.362825016e-08 +7.362825016e-08 -6.061999993e+01 -6.061999993e+01 +3.7992e+00 +3.5130e+00
1462 +1.869973687e-08 +1.869973687e-08 -6.061999998e+01 -6.061999998e+01 +3.7883e+00 +3.5257e+00
1698 +8.800483897e-09 +8.800483897e-09 -6.061999999e+01 -6.061999999e+01 +3.7942e+00 +3.5238e+00
% function evaluation | noise-free fitness - Fopt (2.864600000000e+02) | best noise-free fitness - Fopt | measured fitness | best measured fitness | x1 | x2...
1 +1.081111941e+01 +1.081111941e+01 +2.972711194e+02 +2.972711194e+02 +2.9808e-01 +6.7750e-02
10 +8.515257575e+00 +8.515257575e+00 +2.949752576e+02 +2.949752576e+02 -1.9440e+00 +2.1901e+00
11 +2.105784803e+00 +2.105784803e+00 +2.885657848e+02 +2.885657848e+02 +3.7721e+00 +2.0565e+00
29 +1.223624322e+00 +1.223624322e+00 +2.876836243e+02 +2.876836243e+02 -3.2455e+00 +8.5091e-01
71 +6.504314384e-01 +6.504314384e-01 +2.871104314e+02 +2.871104314e+02 -4.1464e+00 -7.8857e-01
136 +4.297261965e-01 +4.297261965e-01 +2.868897262e+02 +2.868897262e+02 -4.2450e+00 -6.6242e-01
139 +8.491296090e-02 +8.491296090e-02 +2.865449130e+02 +2.865449130e+02 -3.8288e+00 +5.4518e-01
244 +4.790872211e-02 +4.790872211e-02 +2.865079087e+02 +2.865079087e+02 -3.4325e+00 +1.0333e+00
410 +1.097191052e-04 +1.097191052e-04 +2.864601097e+02 +2.864601097e+02 -3.8033e+00 +3.0059e-01
696 +6.504401711e-06 +6.504401711e-06 +2.864600065e+02 +2.864600065e+02 -3.7691e+00 +3.3493e-01
822 +1.927542939e-06 +1.927542939e-06 +2.864600019e+02 +2.864600019e+02 -3.7338e+00 +3.8680e-01
1072 +1.116918668e-06 +1.116918668e-06 +2.864600011e+02 +2.864600011e+02 -3.7239e+00 +4.4231e-01
1472 +3.196512921e-07 +3.196512921e-07 +2.864600003e+02 +2.864600003e+02 -3.7332e+00 +3.9717e-01
1516 +1.244120540e-08 +1.244120540e-08 +2.864600000e+02 +2.864600000e+02 -3.7450e+00 +3.9010e-01
1824 +3.563798145e-09 +3.563798145e-09 +2.864600000e+02 +2.864600000e+02 -3.7428e+00 +3.9442e-01
% function evaluation | noise-free fitness - Fopt (1.134200000000e+02) | best noise-free fitness - Fopt | measured fitness | best measured fitness | x1 | x2...
1 +7.162550641e-01 +7.162550641e-01 +1.141362551e+02 +1.141362551e+02 -8.6982e-01 -1.2873e+00
63 +2.152344819e-01 +2.152344819e-01 +1.136352345e+02 +1.136352345e+02 -2.5221e+00 -6.6056e-02
83 +3.062853672e-02 +3.062853672e-02 +1.134506285e+02 +1.134506285e+02 -1.2958e+00 -1.1698e+00
183 +1.885605016e-02 +1.885605016e-02 +1.134388561e+02 +1.134388561e+02 -1.3213e+00 -1.1170e+00
253 +1.516368845e-03 +1.516368845e-03 +1.134215164e+02 +1.134215164e+02 -1.8592e+00 -6.9632e-01
375 +1.045312469e-05 +1.045312469e-05 +1.134200105e+02 +1.134200105e+02 -1.7412e+00 -7.5816e-01
1207 +2.259967857e-08 +2.259967857e-08 +1.134200000e+02 +1.134200000e+02 -1.7427e+00 -7.3152e-01
1446 +1.176114495e-08 +1.176114495e-08 +1.134200000e+02 +1.134200000e+02 -1.7326e+00 -7.4346e-01
1669 +2.290306611e-09 +2.290306611e-09 +1.134200000e+02 +1.134200000e+02 -1.7364e+00 -7.4228e-01
% function evaluation | noise-free fitness - Fopt (-1.958600000000e+02) | best noise-free fitness - Fopt | measured fitness | best measured fitness | x1 | x2...
1 +2.551190356e+01 +2.551190356e+01 -1.703480964e+02 -1.703480964e+02 -4.7217e+00 +4.7305e+00
2 +1.511433440e+01 +1.511433440e+01 -1.807456656e+02 -1.807456656e+02 -3.3694e+00 +1.5128e+00
6 +8.156451149e+00 +8.156451149e+00 -1.877035489e+02 -1.877035489e+02 -3.7228e+00 +3.0568e+00
12 +4.936480265e+00 +4.936480265e+00 -1.909235197e+02 -1.909235197e+02 -1.2334e+00 -2.4510e+00
43 +2.405385846e+00 +2.405385846e+00 -1.934546142e+02 -1.934546142e+02 -4.6139e-01 -3.7082e-01
52 +1.614594649e-01 +1.614594649e-01 -1.956985405e+02 -1.956985405e+02 +1.6306e+00 -3.4872e+00
123 +3.994764059e-03 +3.994764059e-03 -1.958560052e+02 -1.958560052e+02 +1.0042e+00 -3.3344e+00
380 +7.983476909e-04 +7.983476909e-04 -1.958592017e+02 -1.958592017e+02 +6.7383e-01 -3.3410e+00
707 +1.320052300e-04 +1.320052300e-04 -1.958598680e+02 -1.958598680e+02 +6.5606e-01 -3.3149e+00
928 +1.362561153e-05 +1.362561153e-05 -1.958599864e+02 -1.958599864e+02 +8.5313e-01 -3.3442e+00
1169 +2.404346958e-06 +2.404346958e-06 -1.958599976e+02 -1.958599976e+02 +7.1205e-01 -3.3106e+00
1328 +4.232791184e-08 +4.232791184e-08 -1.958600000e+02 -1.958600000e+02 +7.5414e-01 -3.3202e+00
1594 +1.181064135e-08 +1.181064135e-08 -1.958600000e+02 -1.958600000e+02 +7.6274e-01 -3.3222e+00
2027 +9.190216588e-09 +9.190216588e-09 -1.958600000e+02 -1.958600000e+02 +7.5811e-01 -3.3224e+00
% function evaluation | noise-free fitness - Fopt (-5.760000000000e+00) | best noise-free fitness - Fopt | measured fitness | best measured fitness | x1 | x2...
1 +8.375489130e+00 +8.375489130e+00 +2.615489130e+00 +2.615489130e+00 -4.7303e+00 -1.3723e+00
2 +6.157158559e+00 +6.157158559e+00 +3.971585586e-01 +3.971585586e-01 +1.6012e+00 +3.5069e+00
3 +1.394618500e+00 +1.394618500e+00 -4.365381500e+00 -4.365381500e+00 +3.4784e+00 -1.6913e+00
75 +4.667102263e-01 +4.667102263e-01 -5.293289774e+00 -5.293289774e+00 +2.6499e+00 -1.3477e+00
103 +1.043636356e-02 +1.043636356e-02 -5.749563636e+00 -5.749563636e+00 +3.8274e+00 -1.3174e+00
123 +2.667387355e-05 +2.667387355e-05 -5.759973326e+00 -5.759973326e+00 +3.5037e+00 -1.3892e+00
446 +6.008599073e-06 +6.008599073e-06 -5.759993991e+00 -5.759993991e+00 +3.4077e+00 -1.3982e+00
582 +3.164846274e-06 +3.164846274e-06 -5.759996835e+00 -5.759996835e+00 +3.4416e+00 -1.3966e+00
1066 +1.296586278e-07 +1.296586278e-07 -5.759999870e+00 -5.759999870e+00 +3.4283e+00 -1.4049e+00
1222 +5.002500014e-08 +5.002500014e-08 -5.759999950e+00 -5.759999950e+00 +3.4079e+00 -1.4068e+00
1522 +2.269051791e-08 +2.269051791e-08 -5.759999977e+00 -5.759999977e+00 +3.4141e+00 -1.4070e+00
1616 +1.187766951e-08 +1.187766951e-08 -5.759999988e+00 -5.759999988e+00 +3.3961e+00 -1.4106e+00
1640 +7.249633782e-09 +7.249633782e-09 -5.759999993e+00 -5.759999993e+00 +3.4195e+00 -1.4084e+00
1650 +2.472972938e-09 +2.472972938e-09 -5.759999998e+00 -5.759999998e+00 +3.4138e+00 -1.4087e+00
% function evaluation | noise-free fitness - Fopt (-4.986500000000e+02) | best noise-free fitness - Fopt | measured fitness | best measured fitness | x1 | x2...
1 +8.473561618e+00 +8.473561618e+00 -4.901764384e+02 -4.901764384e+02 -9.8110e-01 -1.2394e-01
2 +5.779264861e+00 +5.779264861e+00 -4.928707351e+02 -4.928707351e+02 +1.5128e+00 -9.9510e-01
3 +2.937362944e+00 +2.937362944e+00 -4.957126371e+02 -4.957126371e+02 -3.5347e+00 -3.9929e+00
4 +2.034161168e+00 +2.034161168e+00 -4.966158388e+02 -4.966158388e+02 +3.3188e+00 +9.5559e-01
80 +9.857416505e-02 +9.857416505e-02 -4.985514258e+02 -4.985514258e+02 -1.8708e+00 +8.5268e-01
105 +1.392514792e-02 +1.392514792e-02 -4.986360749e+02 -4.986360749e+02 -7.5945e-01 +1.4266e+00
215 +3.725997836e-03 +3.725997836e-03 -4.986462740e+02 -4.986462740e+02 -1.4845e+00 +9.7299e-01
571 +1.447604053e-03 +1.447604053e-03 -4.986485524e+02 -4.986485524e+02 -9.7221e-01 +1.3158e+00
804 +2.423897058e-06 +2.423897058e-06 -4.986499976e+02 -4.986499976e+02 -1.1535e+00 +1.1920e+00
869 +5.898641575e-08 +5.898641575e-08 -4.986499999e+02 -4.986499999e+02 -1.1954e+00 +1.1617e+00
1523 +9.026734915e-11 +9.026734915e-11 -4.986500000e+02 -4.986500000e+02 -1.1767e+00 +1.1678e+00
% function evaluation | noise-free fitness - Fopt (-4.286000000000e+01) | best noise-free fitness - Fopt | measured fitness | best measured fitness | x1 | x2...
1 +1.946680653e+01 +1.946680653e+01 -2.339319347e+01 -2.339319347e+01 +5.4078e-01 -2.0570e+00
2 +3.311481159e+00 +3.311481159e+00 -3.954851884e+01 -3.954851884e+01 +2.6096e+00 -3.9287e+00
9 +2.147032885e+00 +2.147032885e+00 -4.071296712e+01 -4.071296712e+01 +4.0479e+00 -1.6334e+00
18 +2.562037590e-03 +2.562037590e-03 -4.285743796e+01 -4.285743796e+01 +2.3006e+00 -9.4255e-01
474 +8.960113033e-05 +8.960113033e-05 -4.285991040e+01 -4.285991040e+01 +2.4627e+00 -1.1007e+00
764 +2.263032314e-05 +2.263032314e-05 -4.285997737e+01 -4.285997737e+01 +2.3930e+00 -1.0239e+00
904 +1.444460970e-06 +1.444460970e-06 -4.285999856e+01 -4.285999856e+01 +2.4038e+00 -1.0558e+00
1359 +4.265780404e-07 +4.265780404e-07 -4.285999957e+01 -4.285999957e+01 +2.4353e+00 -1.0540e+00
1465 +1.077098233e-08 +1.077098233e-08 -4.285999999e+01 -4.285999999e+01 +2.4316e+00 -1.0620e+00
1616 +9.847909155e-10 +9.847909155e-10 -4.286000000e+01 -4.286000000e+01 +2.4292e+00 -1.0598e+00
