% function evaluation | noise-free fitness - Fopt (-4.620900000000e+02) | best noise-free fitness - Fopt | measured fitness | best measured fitness | x1 | x2...
1 +2.273878705e+02 +2.273878705e+02 -2.347021295e+02 -2.347021295e+02 -3.2577e+00 -4.7027e+00 -3.3270e+00 +5.4112e-01 +2.7554e+00
5 +1.095880939e+02 +1.095880939e+02 -3.525019061e+02 -3.525019061e+02 +4.2310e+00 +1.9114e+00 +3.2430e+00 +3.1321e-01 +3.6338e+00
13 +9.600147880e+01 +9.600147880e+01 -3.660885212e+02 -3.660885212e+02 -3.7818e+00 +3.7888e+00 +2.1186e+00 +2.2205e+00 +4.0854e+00
23 +5.062798577e+01 +5.062798577e+01 -4.114620142e+02 -4.114620142e+02 -1.3925e-01 +2.1952e+00 +3.8991e+00 +1.8722e+00 +1.6667e+00
230 +3.497137398e+01 +3.497137398e+01 -4.271186260e+02 -4.271186260e+02 -2.1714e+00 +3.1246e+00 +3.3370e+00 +1.0926e+00 +2.2330e+00
635 +2.388506723e+01 +2.388506723e+01 -4.382049328e+02 -4.382049328e+02 -1.3018e+00 +2.9617e+00 +2.8955e+00 +1.2589e+00 +2.2913e+00
1182 +1.378769133e+01 +1.378769133e+01 -4.483023087e+02 -4.483023087e+02 -3.6785e-01 +3.0347e+00 +2.8310e+00 +7.1993e-01 +1.9681e+00
2065 +5.706340633e+00 +5.706340633e+00 -4.563836594e+02 -4.563836594e+02 -2.4005e+00 +2.9903e+00 +2.7810e+00 +7.2067e-01 +2.3318e+00
3254 +3.916743199e+00 +3.916743199e+00 -4.581732568e+02 -4.581732568e+02 -2.4206e+00 +3.0830e+00 +2.7501e+00 +7.2555e-01 +2.3136e+00
3675 +2.424710812e+00 +2.424710812e+00 -4.596652892e+02 -4.596652892e+02 -2.3017e+00 +3.1423e+00 +2.7680e+00 +7.3211e-01 +2.3048e+00
7911 +1.338099288e+00 +1.338099288e+00 -4.607519007e+02 -4.607519007e+02 -2.3563e+00 +3.1367e+00 +2.2281e+00 +7.1576e-01 +2.2990e+00
9956 +9.988096888e-01 +9.988096888e-01 -4.610911903e+02 -4.610911903e+02 -2.3406e+00 +3.1295e+00 +2.2144e+00 +7.2709e-01 +2.2982e+00
14927 +5.337478688e-01 +5.337478688e-01 -4.615562521e+02 -4.615562521e+02 -2.3109e+00 +2.2914e+00 +2.1911e+00 +7.2805e-01 +2.2958e+00
15028 +2.901009414e-01 +2.901009414e-01 -4.617998991e+02 -4.617998991e+02 -2.3332e+00 +2.2874e+00 +2.1995e+00 +7.2784e-01 +2.2919e+00
15159 +2.375845508e-01 +2.375845508e-01 -4.618524154e+02 -4.618524154e+02 -2.3662e+00 +2.3144e+00 +2.2135e+00 +7.2871e-01 +2.2951e+00
15368 +1.505761354e-01 +1.505761354e-01 -4.619394239e+02 -4.619394239e+02 -2.3540e+00 +2.2836e+00 +2.2181e+00 +7.2776e-01 +2.3006e+00
15397 +7.665458622e-02 +7.665458622e-02 -4.620133454e+02 -4.620133454e+02 -2.3233e+00 +2.3031e+00 +2.2105e+00 +7.2787e-01 +2.2967e+00
15931 +5.841895215e-02 +5.841895215e-02 -4.620315810e+02 -4.620315810e+02 -2.3349e+00 +2.2909e+00 +2.2146e+00 +7.3016e-01 +2.2960e+00
16342 +3.770711644e-02 +3.770711644e-02 -4.620522929e+02 -4.620522929e+02 -2.3382e+00 +2.2916e+00 +2.2182e+00 +7.2881e-01 +2.2986e+00
16593 +2.261143541e-02 +2.261143541e-02 -4.620673886e+02 -4.620673886e+02 -2.3341e+00 +2.2991e+00 +2.2128e+00 +7.2948e-01 +2.3020e+00
16992 +1.473212841e-02 +1.473212841e-02 -4.620752679e+02 -4.620752679e+02 -2.3349e+00 +2.2997e+00 +2.2108e+00 +7.2926e-01 +2.2982e+00
17493 +5.415350982e-03 +5.415350982e-03 -4.620845846e+02 -4.620845846e+02 -2.3416e+00 +2.2978e+00 +2.2127e+00 +7.2863e-01 +2.3004e+00
17959 +3.861018435e-03 +3.861018435e-03 -4.620861390e+02 -4.620861390e+02 -2.3418e+00 +2.2996e+00 +2.2122e+00 +7.2870e-01 +2.3002e+00
18048 +2.505758523e-03 +2.505758523e-03 -4.620874942e+02 -4.620874942e+02 -2.3420e+00 +2.3013e+00 +2.2133e+00 +7.2820e-01 +2.3001e+00
18078 +1.226077852e-03 +1.226077852e-03 -4.620887739e+02 -4.620887739e+02 -2.3414e+00 +2.3007e+00 +2.2137e+00 +7.2819e-01 +2.2985e+00
18293 +7.515533097e-04 +7.515533097e-04 -4.620892484e+02 -4.620892484e+02 -2.3417e+00 +2.3008e+00 +2.2144e+00 +7.2796e-01 +2.2991e+00
18443 +6.045224026e-04 +6.045224026e-04 -4.620893955e+02 -4.620893955e+02 -2.3410e+00 +2.3005e+00 +2.2134e+00 +7.2773e-01 +2.2997e+00
18550 +3.077673235e-04 +3.077673235e-04 -4.620896922e+02 -4.620896922e+02 -2.3410e+00 +2.3005e+00 +2.2133e+00 +7.2827e-01 +2.2990e+00
19078 +2.302429845e-04 +2.302429845e-04 -4.620897698e+02 -4.620897698e+02 -2.3408e+00 +2.3005e+00 +2.2138e+00 +7.2824e-01 +2.2990e+00
19193 +1.511528897e-04 +1.511528897e-04 -4.620898488e+02 -4.620898488e+02 -2.3409e+00 +2.3005e+00 +2.2138e+00 +7.2810e-01 +2.2993e+00
19643 +4.096368264e-05 +4.096368264e-05 -4.620899590e+02 -4.620899590e+02 -2.3408e+00 +2.3001e+00 +2.2137e+00 +7.2812e-01 +2.2991e+00
19690 +3.800943057e-05 +3.800943057e-05 -4.620899620e+02 -4.620899620e+02 -2.3409e+00 +2.3000e+00 +2.2136e+00 +7.2808e-01 +2.2993e+00
19693 +1.793380403e-05 +1.793380403e-05 -4.620899821e+02 -4.620899821e+02 -2.3408e+00 +2.3000e+00 +2.2137e+00 +7.2806e-01 +2.2993e+00
20043 +1.348987411e-05 +1.348987411e-05 -4.620899865e+02 -4.620899865e+02 -2.3409e+00 +2.3000e+00 +2.2137e+00 +7.2807e-01 +2.2992e+00
20592 +8.412040927e-06 +8.412040927e-06 -4.620899916e+02 -4.620899916e+02 -2.3406e+00 +2.3000e+00 +2.2136e+00 +7.2799e-01 +2.2992e+00
20942 +6.262288935e-06 +6.262288935e-06 -4.620899937e+02 -4.620899937e+02 -2.3407e+00 +2.3000e+00 +2.2136e+00 +7.2799e-01 +2.2992e+00
20943 +2.596062643e-06 +2.596062643e-06 -4.620899974e+02 -4.620899974e+02 -2.3407e+00 +2.3000e+00 +2.2136e+00 +7.2797e-01 +2.2992e+00
21242 +2.077775093e-06 +2.077775093e-06 -4.620899979e+02 -4.620899979e+02 -2.3407e+00 +2.3000e+00 +2.2136e+00 +7.2798e-01 +2.2992e+00
21342 +1.468732194e-06 +1.468732194e-06 -4.620899985e+02 -4.620899985e+02 -2.3407e+00 +2.3000e+00 +2.2136e+00 +7.2798e-01 +2.2992e+00
21843 +9.515273405e-07 +9.515273405e-07 -4.620899990e+02 -4.620899990e+02 -2.3408e+00 +2.3000e+00 +2.2136e+00 +7.2797e-01 +2.2992e+00
22689 +4.299008083e-07 +4.299008083e-07 -4.620899996e+02 -4.620899996e+02 -2.3408e+00 +2.3000e+00 +2.2136e+00 +7.2799e-01 +2.2992e+00
22843 +3.370595891e-07 +3.370595891e-07 -4.620899997e+02 -4.620899997e+02 -2.3408e+00 +2.3000e+00 +2.2136e+00 +7.2801e-01 +2.2992e+00
23272 +5.427995120e-08 +5.427995120e-08 -4.620899999e+02 -4.620899999e+02 -2.3408e+00 +2.3000e+00 +2.2136e+00 +7.2800e-01 +2.2992e+00
23572 +2.048307124e-08 +2.048307124e-08 -4.620900000e+02 -4.620900000e+02 -2.3408e+00 +2.3000e+00 +2.2136e+00 +7.2800e-01 +2.2992e+00
24189 +1.260440285e-08 +1.260440285e-08 -4.620900000e+02 -4.620900000e+02 -2.3408e+00 +2.3000e+00 +2.2136e+00 +7.2800e-01 +2.2992e+00
24978 +8.428742149e-09 +8.428742149e-09 -4.620900000e+02 -4.620900000e+02 -2.3408e+00 +2.3000e+00 +2.2136e+00 +7.2800e-01 +2.2992e+00
% function evaluation | noise-free fitness - Fopt (7.766000000000e+01) | best noise-free fitness - Fopt | measured fitness | best measured fitness | x1 | x2...
1 +6.255024880e+01 +6.255024880e+01 +1.402102488e+02 +1.402102488e+02 -1.6558e+00 -8.8976e-01 -3.5069e+00 +2.0285e+00 -2.0764e+00
286 +2.935857195e+01 +2.935857195e+01 +1.070185720e+02 +1.070185720e+02 +1.4966e+00 -8.5903e-01 +4.5055e-01 +2.3727e+00 -1.8338e+00
702 +1.656045341e+01 +1.656045341e+01 +9.422045341e+01 +9.422045341e+01 +1.5059e+00 -9.1571e-01 -2.0219e-01 +3.2577e+00 -2.0570e+00
1322 +1.291789768e+01 +1.291789768e+01 +9.057789768e+01 +9.057789768e+01 +1.4834e+00 -8.1611e-01 -2.0562e-01 +3.2782e+00 -2.0571e+00
1672 +8.734028904e+00 +8.734028904e+00 +8.639402890e+01 +8.639402890e+01 +1.4369e+00 -8.4337e-01 -1.8703e-01 +3.3129e+00 -2.0889e+00
3041 +6.089453687e+00 +6.089453687e+00 +8.374945369e+01 +8.374945369e+01 +1.3877e+00 -2.1496e-01 -7.3069e-01 +3.3327e+00 -2.0915e+00
3047 +3.506153345e+00 +3.506153345e+00 +8.116615335e+01 +8.116615335e+01 +1.4005e+00 -8.5406e-01 -7.1388e-01 +3.3387e+00 -2.1183e+00
5191 +2.467530995e+00 +2.467530995e+00 +8.012753100e+01 +8.012753100e+01 +1.4169e+00 -8.4221e-01 -1.2806e+00 +3.3398e+00 -2.0946e+00
8030 +1.295792217e+00 +1.295792217e+00 +7.895579222e+01 +7.895579222e+01 +1.3868e+00 -8.5902e-01 -1.2722e+00 +3.3179e+00 -2.4739e+00
10980 +9.999163246e-01 +9.999163246e-01 +7.865991632e+01 +7.865991632e+01 +1.4002e+00 -8.5411e-01 -1.2720e+00 +3.3246e+00 -2.4634e+00
13108 +5.777226503e-01 +5.777226503e-01 +7.823772265e+01 +7.823772265e+01 +2.4283e+00 -8.5705e-01 -1.2626e+00 +3.3368e+00 -2.4738e+00
13200 +2.765889490e-01 +2.765889490e-01 +7.793658895e+01 +7.793658895e+01 +2.4133e+00 -8.5750e-01 -1.2604e+00 +3.3331e+00 -2.4691e+00
13273 +2.498018747e-01 +2.498018747e-01 +7.790980187e+01 +7.790980187e+01 +2.3732e+00 -8.5797e-01 -1.2590e+00 +3.3259e+00 -2.4671e+00
13397 +1.842613098e-02 +1.842613098e-02 +7.767842613e+01 +7.767842613e+01 +2.3999e+00 -8.5622e-01 -1.2690e+00 +3.3248e+00 -2.4614e+00
14295 +7.664938564e-03 +7.664938564e-03 +7.766766494e+01 +7.766766494e+01 +2.4008e+00 -8.5619e-01 -1.2735e+00 +3.3241e+00 -2.4624e+00
14419 +5.824302592e-03 +5.824302592e-03 +7.766582430e+01 +7.766582430e+01 +2.3998e+00 -8.5644e-01 -1.2694e+00 +3.3221e+00 -2.4636e+00
14665 +2.485191102e-03 +2.485191102e-03 +7.766248519e+01 +7.766248519e+01 +2.3998e+00 -8.5650e-01 -1.2734e+00 +3.3223e+00 -2.4638e+00
14815 +1.156495218e-03 +1.156495218e-03 +7.766115650e+01 +7.766115650e+01 +2.3998e+00 -8.5626e-01 -1.2712e+00 +3.3226e+00 -2.4640e+00
14865 +9.813186492e-04 +9.813186492e-04 +7.766098132e+01 +7.766098132e+01 +2.3997e+00 -8.5611e-01 -1.2712e+00 +3.3229e+00 -2.4637e+00
15772 +6.265107880e-04 +6.265107880e-04 +7.766062651e+01 +7.766062651e+01 +2.3997e+00 -8.5591e-01 -1.2719e+00 +3.3227e+00 -2.4641e+00
16119 +3.951788872e-04 +3.951788872e-04 +7.766039518e+01 +7.766039518e+01 +2.3997e+00 -8.5593e-01 -1.2718e+00 +3.3231e+00 -2.4639e+00
17047 +2.502550718e-04 +2.502550718e-04 +7.766025026e+01 +7.766025026e+01 +2.3977e+00 -8.5582e-01 -1.2720e+00 +3.3235e+00 -2.4641e+00
17069 +2.002074191e-05 +2.002074191e-05 +7.766002002e+01 +7.766002002e+01 +2.3985e+00 -8.5595e-01 -1.2718e+00 +3.3232e+00 -2.4640e+00
18470 +1.164271741e-05 +1.164271741e-05 +7.766001164e+01 +7.766001164e+01 +2.3984e+00 -8.5614e-01 -1.2721e+00 +3.3232e+00 -2.4640e+00
18582 +6.049850043e-06 +6.049850043e-06 +7.766000605e+01 +7.766000605e+01 +2.3983e+00 -8.5606e-01 -1.2720e+00 +3.3233e+00 -2.4640e+00
19342 +3.709594282e-06 +3.709594282e-06 +7.766000371e+01 +7.766000371e+01 +2.3983e+00 -8.5596e-01 -1.2720e+00 +3.3232e+00 -2.4640e+00
19370 +2.448354991e-06 +2.448354991e-06 +7.766000245e+01 +7.766000245e+01 +2.3984e+00 -8.5596e-01 -1.2720e+00 +3.3232e+00 -2.4640e+00
19482 +1.268078350e-06 +1.268078350e-06 +7.766000127e+01 +7.766000127e+01 +2.3984e+00 -8.5602e-01 -1.2720e+00 +3.3232e+00 -2.4640e+00
19820 +4.353226473e-07 +4.353226473e-07 +7.766000044e+01 +7.766000044e+01 +2.3984e+00 -8.5598e-01 -1.2720e+00 +3.3232e+00 -2.4640e+00
19894 +2.170420856e-07 +2.170420856e-07 +7.766000022e+01 +7.766000022e+01 +2.3984e+00 -8.5600e-01 -1.2720e+00 +3.3232e+00 -2.4640e+00
20420 +1.405964696e-07 +1.405964696e-07 +7.766000014e+01 +7.766000014e+01 +2.3984e+00 -8.5600e-01 -1.2720e+00 +3.3232e+00 -2.4640e+00
20950 +6.133323893e-08 +6.133323893e-08 +7.766000006e+01 +7.766000006e+01 +2.3984e+00 -8.5599e-01 -1.2720e+00 +3.3232e+00 -2.4640e+00
21394 +3.591934217e-08 +3.591934217e-08 +7.766000004e+01 +7.766000004e+01 +2.3984e+00 -8.5600e-01 -1.2720e+00 +3.3232e+00 -2.4640e+00
21570 +1.508999503e-08 +1.508999503e-08 +7.766000002e+01 +7.766000002e+01 +2.3984e+00 -8.5599e-01 -1.2720e+00 +3.3232e+00 -2.4640e+00
21960 +8.374129834e-09 +8.374129834e-09 +7.766000001e+01 +7.766000001e+01 +2.3984e+00 -8.5599e-01 -1.2720e+00 +3.3232e+00 -2.4640e+00
% function evaluation | noise-free fitness - Fopt (1.156800000000e+02) | best noise-free fitness - Fopt | measured fitness | best measured fitness | x1 | x2...
1 +3.235374780e+02 +3.235374780e+02 +4.392174780e+02 +4.392174780e+02 +4.9614e+00 -2.8499e+00 -2.2804e+00 +2.9634e+00 -8.6550e-01
2 +1.208257972e+02 +1.208257972e+02 +2.365057972e+02 +2.365057972e+02 +2.7515e+00 -8.8759e-01 -2.5924e-01 -4.4371e-02 -4.0747e+00
14 +9.877549625e+01 +9.877549625e+01 +2.144554962e+02 +2.144554962e+02 -2.2091e+00 -4.0681e+00 -2.4868e+00 +2.8730e+00 -4.6457e+00
56 +5.420003949e+01 +5.420003949e+01 +1.698800395e+02 +1.698800395e+02 -1.4496e-01 -2.7008e-01 -1.4599e+00 +3.1184e+00 -5.0000e+00
151 +3.581789857e+01 +3.581789857e+01 +1.514978986e+02 +1.514978986e+02 -2.1348e+00 -1.5535e+00 -9.7629e-01 +3.1283e+00 -3.2709e+00
265 +2.334663668e+01 +2.334663668e+01 +1.390266367e+02 +1.390266367e+02 -3.7965e+00 -2.4158e+00 +2.5343e-01 +3.1051e+00 -3.8824e+00
1052 +1.421766393e+01 +1.421766393e+01 +1.298976639e+02 +1.298976639e+02 -4.0982e+00 +5.4627e-01 +7.9385e-01 +3.1576e+00 -3.8981e+00
2117 +9.788589009e+00 +9.788589009e+00 +1.254685890e+02 +1.254685890e+02 -4.1573e+00 -2.0454e-01 -3.7812e-01 +3.1464e+00 -3.6109e+00
3588 +6.151435551e+00 +6.151435551e+00 +1.218314356e+02 +1.218314356e+02 -4.1313e+00 -1.6266e-01 -3.5171e-01 +3.0920e+00 -3.6141e+00
4138 +3.296244729e+00 +3.296244729e+00 +1.189762447e+02 +1.189762447e+02 -2.1843e+00 -2.3489e-01 -3.6533e-01 +3.0810e+00 -3.6208e+00
4659 +2.490728524e+00 +2.490728524e+00 +1.181707285e+02 +1.181707285e+02 -2.1934e+00 -2.0398e-01 -3.5986e-01 +3.0820e+00 -3.6068e+00
15302 +1.124157605e+00 +1.124157605e+00 +1.168041576e+02 +1.168041576e+02 -2.1700e+00 -9.9825e-01 -3.5831e-01 +3.0866e+00 -3.6026e+00
17140 +9.997605134e-01 +9.997605134e-01 +1.166797605e+02 +1.166797605e+02 -2.1786e+00 -9.8370e-01 -3.5074e-01 +3.0886e+00 -3.6063e+00
% function evaluation | noise-free fitness - Fopt (-3.710000000000e+00) | best noise-free fitness - Fopt | measured fitness | best measured fitness | x1 | x2...
1 +5.100219861e+02 +5.100219861e+02 +5.063119861e+02 +5.063119861e+02 -6.8673e-01 -1.3425e+00 -1.4142e+00 +2.4113e-01 -2.9391e+00
2 +2.446096784e+02 +2.446096784e+02 +2.408996784e+02 +2.408996784e+02 -2.2476e+00 -2.2298e+00 -1.5236e+00 +5.8224e-01 -4.9486e-03
32 +1.234040448e+02 +1.234040448e+02 +1.196940448e+02 +1.196940448e+02 +2.5777e+00 -4.4527e+00 -2.0659e+00 +3.9520e+00 +4.3481e+00
71 +8.366710159e+01 +8.366710159e+01 +7.995710159e+01 +7.995710159e+01 +1.3157e+00 -1.2888e+00 +2.5933e+00 +1.6560e+00 +2.1928e+00
104 +4.896148248e+01 +4.896148248e+01 +4.525148248e+01 +4.525148248e+01 -8.5929e-01 -1.6410e+00 +1.2494e+00 +5.0000e+00 +3.7029e+00
268 +2.755536409e+01 +2.755536409e+01 +2.384536409e+01 +2.384536409e+01 +8.4477e-02 -2.2700e+00 +2.8286e+00 +5.0000e+00 +2.8441e+00
454 +1.502273574e+01 +1.502273574e+01 +1.131273574e+01 +1.131273574e+01 +1.3519e+00 -2.2497e+00 +1.8189e+00 +4.3270e+00 +2.8265e+00
1212 +9.207796431e+00 +9.207796431e+00 +5.497796431e+00 +5.497796431e+00 +1.1992e+00 -2.2454e+00 +1.7624e+00 +4.3462e+00 +2.8429e+00
1320 +5.659098029e+00 +5.659098029e+00 +1.949098029e+00 +1.949098029e+00 +1.1381e+00 -2.2558e+00 +1.7859e+00 +4.3758e+00 +3.1613e+00
3406 +3.953411212e+00 +3.953411212e+00 +2.434112118e-01 +2.434112118e-01 +2.1359e+00 -2.3091e+00 +1.8245e+00 +4.3767e+00 +3.1761e+00
3662 +2.362918134e+00 +2.362918134e+00 -1.347081866e+00 -1.347081866e+00 +3.0340e+00 -2.2885e+00 +1.7744e+00 +4.3762e+00 +3.1465e+00
4088 +1.196330154e+00 +1.196330154e+00 -2.513669846e+00 -2.513669846e+00 +3.1036e+00 -2.2802e+00 +1.7795e+00 +4.3765e+00 +3.1572e+00
6061 +9.988057108e-01 +9.988057108e-01 -2.711194289e+00 -2.711194289e+00 +3.1228e+00 -2.2955e+00 +1.7840e+00 +4.3790e+00 +3.1536e+00
12968 +4.189749508e-02 +4.189749508e-02 -3.668102505e+00 -3.668102505e+00 +3.1328e+00 -2.2962e+00 +1.7867e+00 +3.9113e+00 +3.1525e+00
13069 +2.756974224e-02 +2.756974224e-02 -3.682430258e+00 -3.682430258e+00 +3.1261e+00 -2.2960e+00 +1.7857e+00 +3.9143e+00 +3.1524e+00
13201 +2.375583983e-02 +2.375583983e-02 -3.686244160e+00 -3.686244160e+00 +3.1304e+00 -2.2957e+00 +1.7827e+00 +3.9115e+00 +3.1522e+00
13304 +1.456635544e-02 +1.456635544e-02 -3.695433645e+00 -3.695433645e+00 +3.1118e+00 -2.2953e+00 +1.7811e+00 +3.9109e+00 +3.1524e+00
13712 +3.981664046e-03 +3.981664046e-03 -3.706018336e+00 -3.706018336e+00 +3.1233e+00 -2.2975e+00 +1.7830e+00 +3.9103e+00 +3.1524e+00
14410 +3.101824541e-03 +3.101824541e-03 -3.706898175e+00 -3.706898175e+00 +3.1170e+00 -2.2957e+00 +1.7823e+00 +3.9102e+00 +3.1522e+00
14514 +1.490564162e-03 +1.490564162e-03 -3.708509436e+00 -3.708509436e+00 +3.1200e+00 -2.2956e+00 +1.7820e+00 +3.9107e+00 +3.1524e+00
15362 +8.709314993e-04 +8.709314993e-04 -3.709129069e+00 -3.709129069e+00 +3.1212e+00 -2.2952e+00 +1.7823e+00 +3.9105e+00 +3.1526e+00
15418 +4.896286124e-04 +4.896286124e-04 -3.709510371e+00 -3.709510371e+00 +3.1190e+00 -2.2952e+00 +1.7826e+00 +3.9103e+00 +3.1527e+00
15468 +2.069653674e-04 +2.069653674e-04 -3.709793035e+00 -3.709793035e+00 +3.1201e+00 -2.2951e+00 +1.7827e+00 +3.9103e+00 +3.1527e+00
15962 +1.327233196e-04 +1.327233196e-04 -3.709867277e+00 -3.709867277e+00 +3.1202e+00 -2.2951e+00 +1.7828e+00 +3.9104e+00 +3.1527e+00
16212 +7.683659787e-05 +7.683659787e-05 -3.709923163e+00 -3.709923163e+00 +3.1201e+00 -2.2949e+00 +1.7831e+00 +3.9105e+00 +3.1527e+00
16312 +6.007772948e-05 +6.007772948e-05 -3.709939922e+00 -3.709939922e+00 +3.1201e+00 -2.2949e+00 +1.7831e+00 +3.9104e+00 +3.1527e+00
16668 +3.379237842e-05 +3.379237842e-05 -3.709966208e+00 -3.709966208e+00 +3.1198e+00 -2.2950e+00 +1.7832e+00 +3.9104e+00 +3.1527e+00
17112 +2.232806433e-05 +2.232806433e-05 -3.709977672e+00 -3.709977672e+00 +3.1199e+00 -2.2951e+00 +1.7832e+00 +3.9104e+00 +3.1527e+00
17362 +1.512782963e-05 +1.512782963e-05 -3.709984872e+00 -3.709984872e+00 +3.1201e+00 -2.2951e+00 +1.7832e+00 +3.9104e+00 +3.1527e+00
17718 +4.829843232e-06 +4.829843232e-06 -3.709995170e+00 -3.709995170e+00 +3.1200e+00 -2.2951e+00 +1.7833e+00 +3.9104e+00 +3.1528e+00
17848 +2.149513454e-06 +2.149513454e-06 -3.709997850e+00 -3.709997850e+00 +3.1200e+00 -2.2952e+00 +1.7832e+00 +3.9104e+00 +3.1528e+00
18416 +1.177552676e-06 +1.177552676e-06 -3.709998822e+00 -3.709998822e+00 +3.1200e+00 -2.2952e+00 +1.7832e+00 +3.9104e+00 +3.1528e+00
18648 +8.148390616e-07 +8.148390616e-07 -3.709999185e+00 -3.709999185e+00 +3.1200e+00 -2.2952e+00 +1.7832e+00 +3.9104e+00 +3.1528e+00
19168 +6.179151373e-07 +6.179151373e-07 -3.709999382e+00 -3.709999382e+00 +3.1200e+00 -2.2952e+00 +1.7832e+00 +3.9104e+00 +3.1528e+00
19216 +1.447816302e-07 +1.447816302e-07 -3.709999855e+00 -3.709999855e+00 +3.1200e+00 -2.2952e+00 +1.7832e+00 +3.9104e+00 +3.1528e+00
19418 +4.992763136e-08 +4.992763136e-08 -3.709999950e+00 -3.709999950e+00 +3.1200e+00 -2.2952e+00 +1.7832e+00 +3.9104e+00 +3.1528e+00
19518 +3.512673574e-08 +3.512673574e-08 -3.709999965e+00 -3.709999965e+00 +3.1200e+00 -2.2952e+00 +1.7832e+00 +3.9104e+00 +3.1528e+00
20185 +1.892754931e-08 +1.892754931e-08 -3.709999981e+00 -3.709999981e+00 +3.1200e+00 -2.2952e+00 +1.7832e+00 +3.9104e+00 +3.1528e+00
20268 +1.326844412e-08 +1.326844412e-08 -3.709999987e+00 -3.709999987e+00 +3.1200e+00 -2.2952e+00 +1.7832e+00 +3.9104e+00 +3.1528e+00
20285 +8.324213319e-09 +8.324213319e-09 -3.709999992e+00 -3.709999992e+00 +3.1200e+00 -2.2952e+00 +1.7832e+00 +3.9104e+00 +3.1528e+00
% function evaluation | noise-free fitness - Fopt (1.321800000000e+02) | best noise-free fitness - Fopt | measured fitness | best measured fitness | x1 | x2...
1 +1.248771457e+03 +1.248771457e+03 +1.380951457e+03 +1.380951457e+03 -4.2676e-01 +9.7267e-01 +3.2465e+00 +2.3775e+00 +2.3452e+00
2 +2.909568994e+02 +2.909568994e+02 +4.231368994e+02 +4.231368994e+02 +3.5926e+00 +2.3119e+00 -3.5547e+00 -3.7401e-01 -4.4064e+00
4 +1.751427223e+02 +1.751427223e+02 +3.073227223e+02 +3.073227223e+02 -3.8636e+00 +1.2436e+00 -3.2888e+00 -3.1900e+00 -1.8017e+00
11 +9.361980709e+01 +9.361980709e+01 +2.257998071e+02 +2.257998071e+02 -9.2105e-01 -3.5664e+00 +3.2978e+00 -1.4787e+00 -3.1719e+00
102 +6.077456574e+01 +6.077456574e+01 +1.929545657e+02 +1.929545657e+02 -7.2645e-01 +2.8257e+00 +2.8394e+00 -1.5332e+00 -4.2165e+00
421 +3.927979899e+01 +3.927979899e+01 +1.714597990e+02 +1.714597990e+02 -3.2048e+00 +2.3875e+00 +2.8482e+00 -8.5167e-01 -2.2069e+00
454 +2.042979643e+01 +2.042979643e+01 +1.526097964e+02 +1.526097964e+02 -1.7325e+00 +3.0917e+00 +2.9070e+00 -1.8633e+00 -2.1415e+00
1298 +1.494061843e+01 +1.494061843e+01 +1.471206184e+02 +1.471206184e+02 -2.7667e+00 +2.9937e+00 +4.0648e+00 -1.9105e+00 -2.0829e+00
1598 +5.770121750e+00 +5.770121750e+00 +1.379501218e+02 +1.379501218e+02 -2.7519e+00 +2.3234e+00 +4.0448e+00 -1.9621e+00 -2.1285e+00
2452 +3.912128265e+00 +3.912128265e+00 +1.360921283e+02 +1.360921283e+02 -3.7561e+00 +2.2342e+00 +3.4204e+00 -1.9570e+00 -2.1278e+00
4013 +2.363856774e+00 +2.363856774e+00 +1.345438568e+02 +1.345438568e+02 -3.7645e+00 +2.2932e+00 +3.4782e+00 -1.9648e+00 -2.1465e+00
6002 +1.414541480e+00 +1.414541480e+00 +1.335945415e+02 +1.335945415e+02 -3.7659e+00 +1.4603e+00 +3.4576e+00 -1.9578e+00 -2.1131e+00
7251 +7.019645464e-01 +7.019645464e-01 +1.328819645e+02 +1.328819645e+02 -3.7683e+00 +1.4794e+00 +3.4740e+00 -1.9710e+00 -2.4724e+00
7546 +5.703162091e-01 +5.703162091e-01 +1.327503162e+02 +1.327503162e+02 -3.7649e+00 +1.4562e+00 +3.4546e+00 -1.9557e+00 -2.4808e+00
7977 +3.427170498e-01 +3.427170498e-01 +1.325227170e+02 +1.325227170e+02 -3.7990e+00 +1.4907e+00 +3.4561e+00 -1.9699e+00 -2.4924e+00
8696 +1.183905920e-01 +1.183905920e-01 +1.322983906e+02 +1.322983906e+02 -3.7450e+00 +1.4875e+00 +3.4555e+00 -1.9669e+00 -2.4950e+00
8846 +6.528206163e-02 +6.528206163e-02 +1.322452821e+02 +1.322452821e+02 -3.7576e+00 +1.4873e+00 +3.4556e+00 -1.9666e+00 -2.4883e+00
9046 +4.794170680e-02 +4.794170680e-02 +1.322279417e+02 +1.322279417e+02 -3.7643e+00 +1.4873e+00 +3.4554e+00 -1.9669e+00 -2.4889e+00
9751 +3.914967299e-02 +3.914967299e-02 +1.322191497e+02 +1.322191497e+02 -3.7683e+00 +1.4827e+00 +3.4557e+00 -1.9650e+00 -2.4892e+00
10601 +2.381948649e-02 +2.381948649e-02 +1.322038195e+02 +1.322038195e+02 -3.7642e+00 +1.4843e+00 +3.4557e+00 -1.9658e+00 -2.4919e+00
11088 +3.354876075e-03 +3.354876075e-03 +1.321833549e+02 +1.321833549e+02 -3.7636e+00 +1.4819e+00 +3.4614e+00 -1.9672e+00 -2.4916e+00
11101 +7.356289226e-04 +7.356289226e-04 +1.321807356e+02 +1.321807356e+02 -3.7647e+00 +1.4821e+00 +3.4613e+00 -1.9659e+00 -2.4915e+00
11777 +3.998175933e-04 +3.998175933e-04 +1.321803998e+02 +1.321803998e+02 -3.7634e+00 +1.4826e+00 +3.4617e+00 -1.9659e+00 -2.4917e+00
12239 +1.799202612e-04 +1.799202612e-04 +1.321801799e+02 +1.321801799e+02 -3.7639e+00 +1.4828e+00 +3.4615e+00 -1.9657e+00 -2.4917e+00
13288 +1.130541745e-04 +1.130541745e-04 +1.321801131e+02 +1.321801131e+02 -3.7640e+00 +1.4822e+00 +3.4616e+00 -1.9656e+00 -2.4918e+00
13578 +1.251092456e-05 +1.251092456e-05 +1.321800125e+02 +1.321800125e+02 -3.7639e+00 +1.4824e+00 +3.4617e+00 -1.9656e+00 -2.4920e+00
13678 +9.178892157e-06 +9.178892157e-06 +1.321800092e+02 +1.321800092e+02 -3.7641e+00 +1.4824e+00 +3.4617e+00 -1.9656e+00 -2.4920e+00
14189 +5.109398501e-06 +5.109398501e-06 +1.321800051e+02 +1.321800051e+02 -3.7640e+00 +1.4824e+00 +3.4617e+00 -1.9656e+00 -2.4920e+00
14289 +3.238894209e-06 +3.238894209e-06 +1.321800032e+02 +1.321800032e+02 -3.7640e+00 +1.4824e+00 +3.4617e+00 -1.9656e+00 -2.4920e+00
14546 +1.876026403e-06 +1.876026403e-06 +1.321800019e+02 +1.321800019e+02 -3.7640e+00 +1.4824e+00 +3.4616e+00 -1.9656e+00 -2.4920e+00
14596 +6.513077722e-07 +6.513077722e-07 +1.321800007e+02 +1.321800007e+02 -3.7640e+00 +1.4824e+00 +3.4616e+00 -1.9656e+00 -2.4920e+00
14639 +3.141826710e-07 +3.141826710e-07 +1.321800003e+02 +1.321800003e+02 -3.7640e+00 +1.4824e+00 +3.4616e+00 -1.9656e+00 -2.4920e+00
15100 +1.814751158e-07 +1.814751158e-07 +1.321800002e+02 +1.321800002e+02 -3.7640e+00 +1.4824e+00 +3.4616e+00 -1.9656e+00 -2.4920e+00
15296 +1.477625062e-07 +1.477625062e-07 +1.321800001e+02 +1.321800001e+02 -3.7640e+00 +1.4824e+00 +3.4616e+00 -1.9656e+00 -2.4920e+00
15450 +9.162167203e-08 +9.162167203e-08 +1.321800001e+02 +1.321800001e+02 -3.7640e+00 +1.4824e+00 +3.4616e+00 -1.9656e+00 -2.4920e+00
15850 +5.572175610e-08 +5.572175610e-08 +1.321800001e+02 +1.321800001e+02 -3.7640e+00 +1.4824e+00 +3.4616e+00 -1.9656e+00 -2.4920e+00
16200 +3.975100071e-08 +3.975100071e-08 +1.321800000e+02 +1.321800000e+02 -3.7640e+00 +1.4824e+00 +3.4616e+00 -1.9656e+00 -2.4920e+00
16696 +1.692978913e-08 +1.692978913e-08 +1.321800000e+02 +1.321800000e+02 -3.7640e+00 +1.4824e+00 +3.4616e+00 -1.9656e+00 -2.4920e+00
16800 +1.001973260e-08 +1.001973260e-08 +1.321800000e+02 +1.321800000e+02 -3.7640e+00 +1.4824e+00 +3.4616e+00 -1.9656e+00 -2.4920e+00
16946 +5.430905503e-09 +5.430905503e-09 +1.321800000e+02 +1.321800000e+02 -3.7640e+00 +1.4824e+00 +3.4616e+00 -1.9656e+00 -2.4920e+00
% function evaluation | noise-free fitness - Fopt (-5.847300000000e+02) | best noise-free fitness - Fopt | measured fitness | best measured fitness | x1 | x2...
1 +1.260506932e+03 +1.260506932e+03 +6.757769316e+02 +6.757769316e+02 -4.4125e+00 +4.4920e+00 +4.1709e+00 +1.7589e+00 -2.5270e+00
2 +2.927181659e+02 +2.927181659e+02 -2.920118341e+02 -2.920118341e+02 -3.5869e-01 +3.1529e-01 -1.8575e+00 -9.7996e-01 -4.4709e+00
26 +1.197026042e+02 +1.197026042e+02 -4.650273958e+02 -4.650273958e+02 +1.4154e+00 +1.0679e+00 -3.7028e+00 -2.1748e+00 -1.6551e+00
31 +8.296528105e+01 +8.296528105e+01 -5.017647189e+02 -5.017647189e+02 +3.4159e+00 -3.3574e+00 -2.3766e+00 -4.1339e+00 -6.7549e-01
67 +5.683905074e+01 +5.683905074e+01 -5.278909493e+02 -5.278909493e+02 -2.7357e+00 -4.2100e-01 -6.0846e-01 -5.0000e+00 +2.8857e-01
292 +3.250029247e+01 +3.250029247e+01 -5.522297075e+02 -5.522297075e+02 -8.2453e-01 -2.9310e+00 -2.9610e+00 -4.4313e+00 -9.7856e-01
579 +2.443746659e+01 +2.443746659e+01 -5.602925334e+02 -5.602925334e+02 -2.6420e+00 -1.7689e+00 -2.9386e+00 -3.8925e+00 -1.6747e+00
1140 +1.325340974e+01 +1.325340974e+01 -5.714765903e+02 -5.714765903e+02 -2.7199e+00 -2.1805e+00 -3.3412e+00 -3.8481e+00 -9.5556e-01
1400 +9.271536352e+00 +9.271536352e+00 -5.754584636e+02 -5.754584636e+02 -2.6427e+00 -2.2809e+00 -2.9030e+00 -3.8638e+00 -7.2969e-01
2747 +6.194837109e+00 +6.194837109e+00 -5.785351629e+02 -5.785351629e+02 -2.6485e+00 -3.0073e+00 -2.8911e+00 -3.8870e+00 -3.7322e-01
2847 +2.939671038e+00 +2.939671038e+00 -5.817903290e+02 -5.817903290e+02 -2.7078e+00 -3.0474e+00 -2.8929e+00 -3.8855e+00 -3.1944e-01
3804 +2.473008958e+00 +2.473008958e+00 -5.822569910e+02 -5.822569910e+02 -2.6757e+00 -3.0521e+00 -2.9104e+00 -3.8879e+00 -3.1898e-01
7017 +1.248436542e+00 +1.248436542e+00 -5.834815635e+02 -5.834815635e+02 -2.6147e+00 -3.0319e+00 -2.8904e+00 -3.8925e+00 -6.6619e-01
9723 +9.981818483e-01 +9.981818483e-01 -5.837318182e+02 -5.837318182e+02 -2.6454e+00 -3.0324e+00 -2.9011e+00 -3.8949e+00 -6.7002e-01
% function evaluation | noise-free fitness - Fopt (-3.654000000000e+01) | best noise-free fitness - Fopt | measured fitness | best measured fitness | x1 | x2...
1 +1.450869028e+02 +1.450869028e+02 +1.085469028e+02 +1.085469028e+02 -2.5854e+00 -9.5131e-01 +3.2392e+00 -3.1512e+00 +1.2181e+00
58 +8.785499618e+01 +8.785499618e+01 +5.131499618e+01 +5.131499618e+01 -2.5433e+00 -4.3476e+00 -2.3016e+00 -1.7117e+00 +1.8658e+00
119 +3.725444533e+01 +3.725444533e+01 +7.144453320e-01 +7.144453320e-01 -9.0962e-01 -1.4574e+00 +1.6748e+00 -7.4718e-01 +1.3657e+00
472 +2.507957074e+01 +2.507957074e+01 -1.146042926e+01 -1.146042926e+01 +1.6455e-02 -2.3112e+00 -7.2376e-01 -2.1318e-01 +1.5248e+00
969 +1.060234954e+01 +1.060234954e+01 -2.593765046e+01 -2.593765046e+01 -1.0602e+00 -2.9644e+00 +6.6031e-03 -2.6023e-01 +7.6850e-01
1369 +8.904579482e+00 +8.904579482e+00 -2.763542052e+01 -2.763542052e+01 -1.1868e+00 -2.9741e+00 -5.4561e-02 -3.2811e-01 +7.4507e-01
2551 +5.320418227e+00 +5.320418227e+00 -3.121958177e+01 -3.121958177e+01 -1.2074e+00 -3.0439e+00 +1.7207e-02 -2.2794e-01 +1.0949e+00
4248 +3.725943847e+00 +3.725943847e+00 -3.281405615e+01 -3.281405615e+01 -1.8566e-01 -1.3617e+00 -5.8326e-02 -2.4168e-01 +4.5562e-01
5162 +2.121165800e+00 +2.121165800e+00 -3.441883420e+01 -3.441883420e+01 -1.9090e-01 -1.4368e+00 +1.3735e-02 -2.4987e-01 +7.5355e-01
5297 +1.554362652e+00 +1.554362652e+00 -3.498563735e+01 -3.498563735e+01 -2.4416e-01 -1.4146e+00 -1.7344e-02 -2.6140e-01 +7.5492e-01
8697 +9.963063014e-01 +9.963063014e-01 -3.554369370e+01 -3.554369370e+01 -2.0224e-01 -1.4035e+00 -2.4051e-02 -2.5984e-01 +7.6191e-01
9446 +5.894697078e-01 +5.894697078e-01 -3.595053029e+01 -3.595053029e+01 -1.7002e-01 -2.2414e+00 -3.0893e-04 -2.6050e-01 +7.5991e-01
10460 +2.994962867e-01 +2.994962867e-01 -3.624050371e+01 -3.624050371e+01 -1.8860e-01 -2.2452e+00 -2.3557e-02 -2.4471e-01 +7.5873e-01
10936 +2.130713762e-01 +2.130713762e-01 -3.632692862e+01 -3.632692862e+01 -1.8700e-01 -2.2382e+00 -2.3129e-02 -2.4652e-01 +7.6259e-01
11076 +1.046590365e-01 +1.046590365e-01 -3.643534096e+01 -3.643534096e+01 -2.1634e-01 -2.2258e+00 -2.0283e-02 -2.5979e-01 +7.6529e-01
11286 +9.970489625e-02 +9.970489625e-02 -3.644029510e+01 -3.644029510e+01 -2.1929e-01 -2.2340e+00 -1.9038e-02 -2.6297e-01 +7.6150e-01
11667 +3.253044089e-02 +3.253044089e-02 -3.650746956e+01 -3.650746956e+01 -2.1067e-01 -2.2332e+00 -2.4185e-02 -2.5725e-01 +7.5890e-01
12137 +1.332167371e-02 +1.332167371e-02 -3.652667833e+01 -3.652667833e+01 -2.0147e-01 -2.2380e+00 -2.4135e-02 -2.6080e-01 +7.6054e-01
12233 +7.578849799e-03 +7.578849799e-03 -3.653242115e+01 -3.653242115e+01 -2.0566e-01 -2.2309e+00 -2.5331e-02 -2.5910e-01 +7.6081e-01
12660 +3.006543937e-03 +3.006543937e-03 -3.653699346e+01 -3.653699346e+01 -2.0190e-01 -2.2318e+00 -2.5677e-02 -2.5950e-01 +7.6070e-01
13310 +1.765498186e-03 +1.765498186e-03 -3.653823450e+01 -3.653823450e+01 -2.0217e-01 -2.2327e+00 -2.5378e-02 -2.5918e-01 +7.6080e-01
13610 +1.191515978e-03 +1.191515978e-03 -3.653880848e+01 -3.653880848e+01 -2.0204e-01 -2.2330e+00 -2.5258e-02 -2.5904e-01 +7.6097e-01
13663 +7.442968337e-04 +7.442968337e-04 -3.653925570e+01 -3.653925570e+01 -2.0187e-01 -2.2348e+00 -2.5100e-02 -2.5889e-01 +7.6136e-01
13760 +4.443230313e-04 +4.443230313e-04 -3.653955568e+01 -3.653955568e+01 -2.0107e-01 -2.2344e+00 -2.5021e-02 -2.5904e-01 +7.6135e-01
13860 +2.931936301e-04 +2.931936301e-04 -3.653970681e+01 -3.653970681e+01 -2.0160e-01 -2.2345e+00 -2.4915e-02 -2.5909e-01 +7.6146e-01
14036 +5.886656440e-05 +5.886656440e-05 -3.653994113e+01 -3.653994113e+01 -2.0136e-01 -2.2337e+00 -2.4934e-02 -2.5904e-01 +7.6155e-01
15236 +2.772285706e-05 +2.772285706e-05 -3.653997228e+01 -3.653997228e+01 -2.0175e-01 -2.2336e+00 -2.4833e-02 -2.5907e-01 +7.6166e-01
15540 +1.045712622e-05 +1.045712622e-05 -3.653998954e+01 -3.653998954e+01 -2.0169e-01 -2.2335e+00 -2.4779e-02 -2.5928e-01 +7.6161e-01
15840 +4.044710138e-06 +4.044710138e-06 -3.653999596e+01 -3.653999596e+01 -2.0158e-01 -2.2335e+00 -2.4833e-02 -2.5918e-01 +7.6161e-01
16573 +3.877797020e-06 +3.877797020e-06 -3.653999612e+01 -3.653999612e+01 -2.0155e-01 -2.2336e+00 -2.4857e-02 -2.5917e-01 +7.6160e-01
16667 +3.029385311e-07 +3.029385311e-07 -3.653999970e+01 -3.653999970e+01 -2.0159e-01 -2.2336e+00 -2.4804e-02 -2.5919e-01 +7.6161e-01
17229 +7.121097667e-08 +7.121097667e-08 -3.653999993e+01 -3.653999993e+01 -2.0160e-01 -2.2336e+00 -2.4802e-02 -2.5920e-01 +7.6160e-01
17383 +1.326018406e-08 +1.326018406e-08 -3.653999999e+01 -3.653999999e+01 -2.0160e-01 -2.2336e+00 -2.4801e-02 -2.5920e-01 +7.6160e-01
18090 +1.345128453e-09 +1.345128453e-09 -3.654000000e+01 -3.654000000e+01 -2.0160e-01 -2.2336e+00 -2.4799e-02 -2.5920e-01 +7.6160e-01
% function evaluation | noise-free fitness - Fopt (1.000000000000e+03) | best noise-free fitness - Fopt | measured fitness | best measured fitness | x1 | x2...
1 +3.402434190e+02 +3.402434190e+02 +1.340243419e+03 +1.340243419e+03 -4.2085e+00 +2.7248e+00 -3.2684e+00 -2.7452e+00 +7.3674e-01
4 +1.966128725e+02 +1.966128725e+02 +1.196612872e+03 +1.196612872e+03 +3.2660e+00 +3.4636e+00 -3.2174e+00 +4.0158e+00 +4.7963e+00
6 +1.191685168e+02 +1.191685168e+02 +1.119168517e+03 +1.119168517e+03 +3.0339e+00 -5.4594e-01 +2.5506e+00 +3.8941e+00 +3.6566e+00
19 +9.290405622e+01 +9.290405622e+01 +1.092904056e+03 +1.092904056e+03 -3.5638e+00 -2.2602e+00 +1.4667e+00 +2.6183e+00 +8.7199e-01
31 +5.696192676e+01 +5.696192676e+01 +1.056961927e+03 +1.056961927e+03 -1.9261e+00 +6.9875e-01 +9.2730e-01 +3.2406e+00 +2.7522e+00
206 +3.230656675e+01 +3.230656675e+01 +1.032306567e+03 +1.032306567e+03 -2.5443e+00 -2.3854e+00 +8.9258e-01 +2.2075e+00 +3.6348e+00
771 +2.268696020e+01 +2.268696020e+01 +1.022686960e+03 +1.022686960e+03 -2.4741e+00 -2.3090e+00 +3.9704e-01 +2.6710e+00 +3.6087e+00
1639 +1.529903918e+01 +1.529903918e+01 +1.015299039e+03 +1.015299039e+03 -1.6224e+00 -8.1494e-01 +4.1288e-01 +2.6193e+00 +3.6232e+00
2023 +7.277222215e+00 +7.277222215e+00 +1.007277222e+03 +1.007277222e+03 -1.6178e+00 -2.1978e+00 -1.7461e-01 +2.6656e+00 +2.9513e+00
3265 +4.528218569e+00 +4.528218569e+00 +1.004528219e+03 +1.004528219e+03 -1.5937e+00 -1.6587e+00 -1.8055e-01 +2.6867e+00 +2.9738e+00
3819 +3.754185486e+00 +3.754185486e+00 +1.003754185e+03 +1.003754185e+03 -1.4989e+00 -1.6286e+00 -1.6914e-01 +2.7098e+00 +2.9228e+00
4415 +2.424015248e+00 +2.424015248e+00 +1.002424015e+03 +1.002424015e+03 -1.5639e+00 -1.6288e+00 -1.8443e-01 +2.7235e+00 +2.9357e+00
6466 +1.519126438e+00 +1.519126438e+00 +1.001519126e+03 +1.001519126e+03 -1.5673e+00 -8.2496e-01 -1.7299e-01 +2.7323e+00 +2.9459e+00
9428 +9.993949995e-01 +9.993949995e-01 +1.000999395e+03 +1.000999395e+03 -1.5711e+00 -8.2182e-01 -1.7080e-01 +2.7089e+00 +2.9440e+00
16376 +2.525272809e-01 +2.525272809e-01 +1.000252527e+03 +1.000252527e+03 -1.5995e+00 -8.2328e-01 -1.7471e-01 +3.1259e+00 +2.9476e+00
16434 +1.490627724e-01 +1.490627724e-01 +1.000149063e+03 +1.000149063e+03 -1.5837e+00 -8.2343e-01 -1.7099e-01 +3.1067e+00 +2.9447e+00
16461 +8.651352239e-02 +8.651352239e-02 +1.000086514e+03 +1.000086514e+03 -1.5811e+00 -8.2231e-01 -1.7343e-01 +3.1099e+00 +2.9468e+00
16941 +2.790781753e-02 +2.790781753e-02 +1.000027908e+03 +1.000027908e+03 -1.5754e+00 -8.2223e-01 -1.7214e-01 +3.1208e+00 +2.9472e+00
17291 +2.412351222e-02 +2.412351222e-02 +1.000024124e+03 +1.000024124e+03 -1.5730e+00 -8.2207e-01 -1.7116e-01 +3.1148e+00 +2.9472e+00
17591 +1.288443165e-02 +1.288443165e-02 +1.000012884e+03 +1.000012884e+03 -1.5717e+00 -8.2194e-01 -1.7119e-01 +3.1177e+00 +2.9467e+00
17777 +6.886366305e-03 +6.886366305e-03 +1.000006886e+03 +1.000006886e+03 -1.5718e+00 -8.1863e-01 -1.7215e-01 +3.1193e+00 +2.9439e+00
17951 +5.292592807e-03 +5.292592807e-03 +1.000005293e+03 +1.000005293e+03 -1.5725e+00 -8.2225e-01 -1.7185e-01 +3.1180e+00 +2.9454e+00
17988 +3.703912430e-03 +3.703912430e-03 +1.000003704e+03 +1.000003704e+03 -1.5749e+00 -8.1908e-01 -1.7069e-01 +3.1186e+00 +2.9435e+00
18257 +1.166363171e-03 +1.166363171e-03 +1.000001166e+03 +1.000001166e+03 -1.5721e+00 -8.1963e-01 -1.7081e-01 +3.1176e+00 +2.9445e+00
19357 +8.563513848e-04 +8.563513848e-04 +1.000000856e+03 +1.000000856e+03 -1.5727e+00 -8.1962e-01 -1.7076e-01 +3.1176e+00 +2.9437e+00
19591 +5.213840876e-04 +5.213840876e-04 +1.000000521e+03 +1.000000521e+03 -1.5733e+00 -8.1993e-01 -1.7088e-01 +3.1175e+00 +2.9439e+00
19757 +3.166483813e-04 +3.166483813e-04 +1.000000317e+03 +1.000000317e+03 -1.5731e+00 -8.2028e-01 -1.7082e-01 +3.1175e+00 +2.9438e+00
19851 +1.941677663e-04 +1.941677663e-04 +1.000000194e+03 +1.000000194e+03 -1.5728e+00 -8.2020e-01 -1.7020e-01 +3.1175e+00 +2.9439e+00
19989 +9.562226421e-05 +9.562226421e-05 +1.000000096e+03 +1.000000096e+03 -1.5731e+00 -8.2044e-01 -1.7037e-01 +3.1175e+00 +2.9439e+00
20349 +2.387542133e-05 +2.387542133e-05 +1.000000024e+03 +1.000000024e+03 -1.5729e+00 -8.2083e-01 -1.7044e-01 +3.1175e+00 +2.9439e+00
20751 +1.089521072e-05 +1.089521072e-05 +1.000000011e+03 +1.000000011e+03 -1.5726e+00 -8.2085e-01 -1.7044e-01 +3.1176e+00 +2.9440e+00
21051 +5.458252076e-06 +5.458252076e-06 +1.000000005e+03 +1.000000005e+03 -1.5729e+00 -8.2086e-01 -1.7043e-01 +3.1176e+00 +2.9440e+00
21157 +3.021706107e-06 +3.021706107e-06 +1.000000003e+03 +1.000000003e+03 -1.5729e+00 -8.2077e-01 -1.7041e-01 +3.1176e+00 +2.9440e+00
21257 +1.474874580e-06 +1.474874580e-06 +1.000000001e+03 +1.000000001e+03 -1.5729e+00 -8.2076e-01 -1.7041e-01 +3.1176e+00 +2.9440e+00
21607 +9.643562180e-07 +9.643562180e-07 +1.000000001e+03 +1.000000001e+03 -1.5728e+00 -8.2083e-01 -1.7041e-01 +3.1176e+00 +2.9440e+00
21757 +3.045804533e-07 +3.045804533e-07 +1.000000000e+03 +1.000000000e+03 -1.5728e+00 -8.2082e-01 -1.7041e-01 +3.1176e+00 +2.9440e+00
21807 +1.832156613e-07 +1.832156613e-07 +1.000000000e+03 +1.000000000e+03 -1.5728e+00 -8.2081e-01 -1.7041e-01 +3.1176e+00 +2.9440e+00
21857 +1.505226237e-07 +1.505226237e-07 +1.000000000e+03 +1.000000000e+03 -1.5728e+00 -8.2080e-01 -1.7041e-01 +3.1176e+00 +2.9440e+00
22875 +9.282734936e-08 +9.282734936e-08 +1.000000000e+03 +1.000000000e+03 -1.5728e+00 -8.2080e-01 -1.7040e-01 +3.1176e+00 +2.9440e+00
23375 +2.233673513e-08 +2.233673513e-08 +1.000000000e+03 +1.000000000e+03 -1.5728e+00 -8.2080e-01 -1.7040e-01 +3.1176e+00 +2.9440e+00
23707 +9.248537935e-09 +9.248537935e-09 +1.000000000e+03 +1.000000000e+03 -1.5728e+00 -8.2080e-01 -1.7040e-01 +3.1176e+00 +2.9440e+00
% function evaluation | noise-free fitness - Fopt (4.661000000000e+01) | best noise-free fitness - Fopt | measured fitness | best measured fitness | x1 | x2...
1 +9.681960761e+02 +9.681960761e+02 +1.014806076e+03 +1.014806076e+03 +2.5830e+00 -4.5823e+00 +1.2137e+00 -3.7770e+00 +3.2135e+00
3 +5.000383320e+02 +5.000383320e+02 +5.466483320e+02 +5.466483320e+02 +2.5345e+00 +3.3623e+00 +4.7298e+00 -2.1740e+00 +2.3338e+00
4 +3.084140611e+02 +3.084140611e+02 +3.550240611e+02 +3.550240611e+02 +6.7541e-01 +1.2328e+00 -3.3786e+00 -2.5059e+00 -1.8121e+00
9 +9.858773865e+01 +9.858773865e+01 +1.451977387e+02 +1.451977387e+02 -2.3381e-01 +2.6249e-01 -1.6454e+00 +4.0322e+00 -2.1559e+00
54 +4.388141469e+01 +4.388141469e+01 +9.049141469e+01 +9.049141469e+01 +6.3807e-01 +4.8869e+00 +1.6214e+00 +1.6214e+00 -1.2959e+00
240 +2.442397369e+01 +2.442397369e+01 +7.103397369e+01 +7.103397369e+01 +1.0782e+00 +2.6356e+00 +1.2065e+00 +2.4717e+00 -1.0498e+00
1626 +1.361136613e+01 +1.361136613e+01 +6.022136613e+01 +6.022136613e+01 +8.6355e-01 +3.1862e+00 +1.0169e+00 +3.3266e+00 -7.0457e-01
2046 +8.692604565e+00 +8.692604565e+00 +5.530260457e+01 +5.530260457e+01 +7.7828e-01 +3.9419e+00 +1.0663e+00 +2.9051e+00 -5.7662e-01
2550 +5.904805459e+00 +5.904805459e+00 +5.251480546e+01 +5.251480546e+01 +7.3342e-01 +3.8862e+00 +1.1706e+00 +2.9091e+00 -6.5289e-01
2818 +3.522656287e+00 +3.522656287e+00 +5.013265629e+01 +5.013265629e+01 +7.9921e-01 +3.9369e+00 +1.1620e+00 +2.8894e+00 -6.7504e-01
3668 +2.364640647e+00 +2.364640647e+00 +4.897464065e+01 +4.897464065e+01 +8.1550e-01 +3.9172e+00 +1.1089e+00 +2.8910e+00 -6.3318e-01
4404 +1.433254461e+00 +1.433254461e+00 +4.804325446e+01 +4.804325446e+01 +8.5389e-01 +3.9388e+00 +1.1097e+00 +2.8642e+00 -1.0109e+00
7750 +9.992729122e-01 +9.992729122e-01 +4.760927291e+01 +4.760927291e+01 +8.3619e-01 +3.9225e+00 +1.1168e+00 +2.8792e+00 -1.0087e+00
38002 +6.733695456e-02 +6.733695456e-02 +4.667733695e+01 +4.667733695e+01 +8.3455e-01 +3.9119e+00 +1.7076e+00 +2.8777e+00 -1.0054e+00
38028 +2.928266682e-02 +2.928266682e-02 +4.663928267e+01 +4.663928267e+01 +8.3422e-01 +3.9134e+00 +1.7125e+00 +2.8767e+00 -1.0063e+00
38032 +2.195248438e-02 +2.195248438e-02 +4.663195248e+01 +4.663195248e+01 +8.3494e-01 +3.9124e+00 +1.7153e+00 +2.8775e+00 -1.0077e+00
38192 +1.004445185e-02 +1.004445185e-02 +4.662004445e+01 +4.662004445e+01 +8.3681e-01 +3.9197e+00 +1.7124e+00 +2.8777e+00 -1.0094e+00
38501 +3.337712992e-03 +3.337712992e-03 +4.661333771e+01 +4.661333771e+01 +8.3520e-01 +3.9209e+00 +1.7170e+00 +2.8782e+00 -1.0089e+00
38939 +1.475091810e-03 +1.475091810e-03 +4.661147509e+01 +4.661147509e+01 +8.3545e-01 +3.9210e+00 +1.7142e+00 +2.8783e+00 -1.0086e+00
40098 +8.722090600e-04 +8.722090600e-04 +4.661087221e+01 +4.661087221e+01 +8.3591e-01 +3.9198e+00 +1.7152e+00 +2.8781e+00 -1.0076e+00
40243 +4.453447471e-04 +4.453447471e-04 +4.661044534e+01 +4.661044534e+01 +8.3509e-01 +3.9201e+00 +1.7154e+00 +2.8781e+00 -1.0083e+00
40567 +1.858113010e-04 +1.858113010e-04 +4.661018581e+01 +4.661018581e+01 +8.3495e-01 +3.9204e+00 +1.7153e+00 +2.8782e+00 -1.0082e+00
40694 +3.887143452e-05 +3.887143452e-05 +4.661003887e+01 +4.661003887e+01 +8.3508e-01 +3.9206e+00 +1.7152e+00 +2.8783e+00 -1.0080e+00
40794 +2.329010277e-05 +2.329010277e-05 +4.661002329e+01 +4.661002329e+01 +8.3505e-01 +3.9207e+00 +1.7152e+00 +2.8783e+00 -1.0080e+00
42098 +1.297122338e-05 +1.297122338e-05 +4.661001297e+01 +4.661001297e+01 +8.3501e-01 +3.9207e+00 +1.7152e+00 +2.8784e+00 -1.0080e+00
42144 +9.823433032e-06 +9.823433032e-06 +4.661000982e+01 +4.661000982e+01 +8.3499e-01 +3.9207e+00 +1.7152e+00 +2.8784e+00 -1.0080e+00
42694 +6.017157475e-06 +6.017157475e-06 +4.661000602e+01 +4.661000602e+01 +8.3503e-01 +3.9208e+00 +1.7152e+00 +2.8784e+00 -1.0080e+00
42898 +3.479882203e-06 +3.479882203e-06 +4.661000348e+01 +4.661000348e+01 +8.3512e-01 +3.9208e+00 +1.7152e+00 +2.8784e+00 -1.0080e+00
42948 +1.509095085e-06 +1.509095085e-06 +4.661000151e+01 +4.661000151e+01 +8.3522e-01 +3.9208e+00 +1.7152e+00 +2.8784e+00 -1.0080e+00
43194 +5.899602868e-07 +5.899602868e-07 +4.661000059e+01 +4.661000059e+01 +8.3523e-01 +3.9208e+00 +1.7152e+00 +2.8784e+00 -1.0080e+00
43694 +3.011506493e-07 +3.011506493e-07 +4.661000030e+01 +4.661000030e+01 +8.3518e-01 +3.9208e+00 +1.7152e+00 +2.8784e+00 -1.0080e+00
43748 +1.729305623e-07 +1.729305623e-07 +4.661000017e+01 +4.661000017e+01 +8.3520e-01 +3.9208e+00 +1.7152e+00 +2.8784e+00 -1.0080e+00
43798 +1.483919689e-07 +1.483919689e-07 +4.661000015e+01 +4.661000015e+01 +8.3519e-01 +3.9208e+00 +1.7152e+00 +2.8784e+00 -1.0080e+00
43898 +6.824865295e-08 +6.824865295e-08 +4.661000007e+01 +4.661000007e+01 +8.3520e-01 +3.9208e+00 +1.7152e+00 +2.8784e+00 -1.0080e+00
44412 +2.301708690e-08 +2.301708690e-08 +4.661000002e+01 +4.661000002e+01 +8.3520e-01 +3.9208e+00 +1.7152e+00 +2.8784e+00 -1.0080e+00
45503 +1.216651668e-08 +1.216651668e-08 +4.661000001e+01 +4.661000001e+01 +8.3520e-01 +3.9208e+00 +1.7152e+00 +2.8784e+00 -1.0080e+00
45712 +9.123148459e-09 +9.123148459e-09 +4.661000001e+01 +4.661000001e+01 +8.3520e-01 +3.9208e+00 +1.7152e+00 +2.8784e+00 -1.0080e+00
% function evaluation | noise-free fitness - Fopt (-2.643100000000e+02) | best noise-free fitness - Fopt | measured fitness | best measured fitness | x1 | x2...
1 +2.391531297e+02 +2.391531297e+02 -2.515687025e+01 -2.515687025e+01 -2.1287e+00 +3.1935e+00 -3.1558e-01 -4.8072e+00 +3.0471e+00
5 +1.515497081e+02 +1.515497081e+02 -1.127602919e+02 -1.127602919e+02 +1.7109e-01 -3.7561e+00 -1.3273e+00 -2.5493e+00 +8.5817e-01
23 +4.692630373e+01 +4.692630373e+01 -2.173836963e+02 -2.173836963e+02 -1.3656e+00 -2.2719e+00 -3.7627e+00 -4.8537e-01 +1.6449e+00
277 +3.898155831e+01 +3.898155831e+01 -2.253284417e+02 -2.253284417e+02 -1.4166e+00 -2.7917e+00 -3.0290e+00 -1.2606e+00 +2.8783e+00
530 +2.382448414e+01 +2.382448414e+01 -2.404855159e+02 -2.404855159e+02 -1.3708e+00 -2.3158e+00 -3.3954e+00 -7.8295e-01 +3.4664e+00
2242 +1.171631183e+01 +1.171631183e+01 -2.525936882e+02 -2.525936882e+02 -4.1809e+00 -1.4615e+00 -2.7805e+00 -3.3811e-01 +2.8220e+00
2942 +8.133888364e+00 +8.133888364e+00 -2.561761116e+02 -2.561761116e+02 -4.1678e+00 -1.5280e+00 -2.6967e+00 -3.3281e-01 +2.8418e+00
3799 +5.044582801e+00 +5.044582801e+00 -2.592654172e+02 -2.592654172e+02 -4.2476e+00 -1.5485e+00 -2.6935e+00 -8.4724e-01 +2.8387e+00
3892 +3.319904172e+00 +3.319904172e+00 -2.609900958e+02 -2.609900958e+02 -4.2117e+00 -1.5336e+00 -2.7079e+00 -8.2532e-01 +2.8553e+00
4220 +1.956985106e+00 +1.956985106e+00 -2.623530149e+02 -2.623530149e+02 -4.2781e+00 -1.4499e+00 -2.7114e+00 -8.3623e-01 +2.8771e+00
4949 +1.562961567e+00 +1.562961567e+00 -2.627470384e+02 -2.627470384e+02 -4.2568e+00 -1.4360e+00 -2.6963e+00 -8.0606e-01 +2.8630e+00
7297 +9.986871373e-01 +9.986871373e-01 -2.633113129e+02 -2.633113129e+02 -4.2498e+00 -1.4581e+00 -2.6962e+00 -8.2675e-01 +2.8623e+00
15902 +3.752450581e-01 +3.752450581e-01 -2.639347549e+02 -2.639347549e+02 -3.2883e+00 -1.4590e+00 -2.7054e+00 -8.2847e-01 +2.8660e+00
16013 +2.353118666e-01 +2.353118666e-01 -2.640746881e+02 -2.640746881e+02 -3.2801e+00 -1.4576e+00 -2.6951e+00 -8.3235e-01 +2.8669e+00
16065 +5.271845152e-02 +5.271845152e-02 -2.642572815e+02 -2.642572815e+02 -3.2635e+00 -1.4581e+00 -2.7018e+00 -8.2572e-01 +2.8639e+00
16144 +3.723557433e-02 +3.723557433e-02 -2.642727644e+02 -2.642727644e+02 -3.2387e+00 -1.4574e+00 -2.6983e+00 -8.2692e-01 +2.8643e+00
16965 +1.307244290e-03 +1.307244290e-03 -2.643086928e+02 -2.643086928e+02 -3.2508e+00 -1.4575e+00 -2.6972e+00 -8.2675e-01 +2.8635e+00
17615 +5.150232035e-04 +5.150232035e-04 -2.643094850e+02 -2.643094850e+02 -3.2506e+00 -1.4573e+00 -2.6960e+00 -8.2670e-01 +2.8636e+00
18126 +3.370685543e-04 +3.370685543e-04 -2.643096629e+02 -2.643096629e+02 -3.2504e+00 -1.4574e+00 -2.6963e+00 -8.2619e-01 +2.8634e+00
19018 +2.159402764e-04 +2.159402764e-04 -2.643097841e+02 -2.643097841e+02 -3.2513e+00 -1.4574e+00 -2.6958e+00 -8.2602e-01 +2.8632e+00
19266 +1.038884374e-04 +1.038884374e-04 -2.643098961e+02 -2.643098961e+02 -3.2511e+00 -1.4574e+00 -2.6958e+00 -8.2616e-01 +2.8631e+00
19269 +4.305095138e-05 +4.305095138e-05 -2.643099569e+02 -2.643099569e+02 -3.2510e+00 -1.4574e+00 -2.6960e+00 -8.2652e-01 +2.8632e+00
19519 +3.149159147e-05 +3.149159147e-05 -2.643099685e+02 -2.643099685e+02 -3.2512e+00 -1.4574e+00 -2.6961e+00 -8.2635e-01 +2.8632e+00
19661 +2.124872424e-05 +2.124872424e-05 -2.643099788e+02 -2.643099788e+02 -3.2512e+00 -1.4574e+00 -2.6960e+00 -8.2635e-01 +2.8632e+00
19768 +8.929153410e-06 +8.929153410e-06 -2.643099911e+02 -2.643099911e+02 -3.2511e+00 -1.4575e+00 -2.6960e+00 -8.2639e-01 +2.8632e+00
20135 +5.722342621e-06 +5.722342621e-06 -2.643099943e+02 -2.643099943e+02 -3.2511e+00 -1.4575e+00 -2.6960e+00 -8.2643e-01 +2.8632e+00
20460 +1.039317567e-06 +1.039317567e-06 -2.643099990e+02 -2.643099990e+02 -3.2512e+00 -1.4576e+00 -2.6960e+00 -8.2639e-01 +2.8632e+00
20787 +9.568873907e-07 +9.568873907e-07 -2.643099990e+02 -2.643099990e+02 -3.2512e+00 -1.4576e+00 -2.6960e+00 -8.2639e-01 +2.8632e+00
20960 +9.470767282e-08 +9.470767282e-08 -2.643099999e+02 -2.643099999e+02 -3.2512e+00 -1.4576e+00 -2.6960e+00 -8.2640e-01 +2.8632e+00
21060 +4.133858056e-08 +4.133858056e-08 -2.643100000e+02 -2.643100000e+02 -3.2512e+00 -1.4576e+00 -2.6960e+00 -8.2640e-01 +2.8632e+00
22366 +3.202239895e-08 +3.202239895e-08 -2.643100000e+02 -2.643100000e+02 -3.2512e+00 -1.4576e+00 -2.6960e+00 -8.2640e-01 +2.8632e+00
22577 +1.407596528e-08 +1.407596528e-08 -2.643100000e+02 -2.643100000e+02 -3.2512e+00 -1.4576e+00 -2.6960e+00 -8.2640e-01 +2.8632e+00
22666 +3.506329449e-09 +3.506329449e-09 -2.643100000e+02 -2.643100000e+02 -3.2512e+00 -1.4576e+00 -2.6960e+00 -8.2640e-01 +2.8632e+00
% function evaluation | noise-free fitness - Fopt (7.273000000000e+01) | best noise-free fitness - Fopt | measured fitness | best measured fitness | x1 | x2...
1 +2.795617967e+02 +2.795617967e+02 +3.522917967e+02 +3.522917967e+02 +4.7563e+00 +4.6574e+00 -1.1622e+00 +8.6724e-01 +2.0825e+00
4 +1.880078822e+02 +1.880078822e+02 +2.607378822e+02 +2.607378822e+02 +3.8121e+00 +8.8125e-01 -2.3549e+00 -8.9131e-01 +3.2122e+00
9 +7.528892944e+01 +7.528892944e+01 +1.480189294e+02 +1.480189294e+02 -1.8115e+00 -2.3162e+00 -2.3333e+00 +1.6103e+00 +1.1787e+00
140 +5.397580683e+01 +5.397580683e+01 +1.267058068e+02 +1.267058068e+02 +2.2726e+00 -8.3048e-01 -4.2267e-01 +9.1360e-02 +1.6434e+00
521 +3.835591354e+01 +3.835591354e+01 +1.110859135e+02 +1.110859135e+02 +1.4581e+00 -6.7712e-01 -1.4003e+00 +7.5405e-03 +1.3739e+00
1627 +2.148338963e+01 +2.148338963e+01 +9.421338963e+01 +9.421338963e+01 -1.5783e+00 -2.2962e+00 -2.6236e+00 +3.1963e-01 +1.6645e+00
1762 +1.552141855e+01 +1.552141855e+01 +8.825141855e+01 +8.825141855e+01 -2.6623e+00 -7.0911e-01 -2.7741e+00 +5.3595e-01 +1.6193e+00
2597 +8.463212683e+00 +8.463212683e+00 +8.119321268e+01 +8.119321268e+01 -2.5375e+00 -7.4500e-01 -2.6932e+00 +5.6309e-01 +1.6949e+00
3572 +5.411957564e+00 +5.411957564e+00 +7.814195756e+01 +7.814195756e+01 -2.5457e+00 -1.5681e+00 -2.7175e+00 +5.2570e-01 +1.6547e+00
4272 +3.444305738e+00 +3.444305738e+00 +7.617430574e+01 +7.617430574e+01 -2.5764e+00 -1.4509e+00 -2.6871e+00 +5.1196e-01 +1.6652e+00
4919 +2.132474204e+00 +2.132474204e+00 +7.486247420e+01 +7.486247420e+01 -2.5884e+00 -2.2887e+00 -2.6931e+00 +5.1859e-01 +1.6785e+00
8046 +1.179392056e+00 +1.179392056e+00 +7.390939206e+01 +7.390939206e+01 -2.5798e+00 -2.2752e+00 -2.6970e+00 +9.2283e-01 +1.6727e+00
8848 +9.991164118e-01 +9.991164118e-01 +7.372911641e+01 +7.372911641e+01 -2.5835e+00 -2.2763e+00 -2.6838e+00 +9.3247e-01 +1.6783e+00
% function evaluation | noise-free fitness - Fopt (1.368700000000e+02) | best noise-free fitness - Fopt | measured fitness | best measured fitness | x1 | x2...
1 +1.812588011e+02 +1.812588011e+02 +3.181288011e+02 +3.181288011e+02 -2.4418e+00 -1.9712e+00 +2.3228e+00 -2.1212e+00 +1.6474e+00
11 +8.981197067e+01 +8.981197067e+01 +2.266819707e+02 +2.266819707e+02 +6.3335e-01 +2.7615e-01 +4.1292e+00 +2.0230e+00 +2.3450e-01
190 +5.377311364e+01 +5.377311364e+01 +1.906431136e+02 +1.906431136e+02 +3.7107e+00 +8.4730e-01 +4.8686e+00 +0.0000e+00 +2.3880e-01
251 +3.916307040e+01 +3.916307040e+01 +1.760330704e+02 +1.760330704e+02 +4.7299e+00 +4.9277e+00 +2.7294e+00 -4.4845e-02 +2.9283e-01
416 +2.221110024e+01 +2.221110024e+01 +1.590811002e+02 +1.590811002e+02 +3.3499e+00 +5.0000e+00 +3.4261e+00 +8.0642e-01 +5.3347e-01
1322 +1.274042689e+01 +1.274042689e+01 +1.496104269e+02 +1.496104269e+02 +3.5827e+00 +4.2459e+00 +3.2204e+00 -4.8702e-02 +5.9798e-01
1814 +7.622564140e+00 +7.622564140e+00 +1.444925641e+02 +1.444925641e+02 +3.4994e+00 +4.2924e+00 +3.3714e+00 +4.5113e-01 +5.5523e-01
2882 +4.560101884e+00 +4.560101884e+00 +1.414301019e+02 +1.414301019e+02 +3.5224e+00 +4.2635e+00 +3.2224e+00 +8.3451e-01 +5.6624e-01
3873 +3.894328097e+00 +3.894328097e+00 +1.407643281e+02 +1.407643281e+02 +3.5368e+00 +4.3133e+00 +3.2202e+00 +8.3461e-01 +5.5788e-01
4232 +2.463253558e+00 +2.463253558e+00 +1.393332536e+02 +1.393332536e+02 +3.5350e+00 +4.4552e+00 +3.2660e+00 +8.7190e-01 +5.5446e-01
6166 +1.576213254e+00 +1.576213254e+00 +1.384462133e+02 +1.384462133e+02 +3.5156e+00 +3.5958e+00 +3.3006e+00 +8.5149e-01 +5.5510e-01
8712 +9.994050188e-01 +9.994050188e-01 +1.378694050e+02 +1.378694050e+02 +3.5172e+00 +3.6100e+00 +3.2610e+00 +8.5079e-01 +5.5410e-01
% function evaluation | noise-free fitness - Fopt (2.196000000000e+01) | best noise-free fitness - Fopt | measured fitness | best measured fitness | x1 | x2...
1 +2.115402302e+02 +2.115402302e+02 +2.335002302e+02 +2.335002302e+02 -1.3107e-01 -1.0486e+00 -1.7145e+00 +4.6322e+00 -4.7045e+00
7 +1.382495029e+02 +1.382495029e+02 +1.602095029e+02 +1.602095029e+02 +3.8850e+00 +3.3688e+00 -1.7790e+00 +5.2264e-01 -2.6482e+00
72 +7.937755067e+01 +7.937755067e+01 +1.013375507e+02 +1.013375507e+02 +4.9137e-01 -2.1664e+00 +1.6194e+00 +1.9766e+00 -9.9705e-01
242 +4.053841453e+01 +4.053841453e+01 +6.249841453e+01 +6.249841453e+01 +4.2175e+00 -1.4886e+00 +3.4120e+00 +2.6331e+00 -3.3847e+00
258 +1.626916892e+01 +1.626916892e+01 +3.822916892e+01 +3.822916892e+01 +1.4667e+00 -2.0744e+00 +1.7635e+00 +2.3284e+00 -2.2261e+00
1256 +1.134645928e+01 +1.134645928e+01 +3.330645928e+01 +3.330645928e+01 +1.4201e+00 -2.0000e+00 +1.7434e+00 +2.3024e+00 -2.2457e+00
1862 +6.808123393e+00 +6.808123393e+00 +2.876812339e+01 +2.876812339e+01 +1.3251e+00 +1.9166e-01 +1.6791e+00 +2.2968e+00 -2.2219e+00
2859 +6.276610836e+00 +6.276610836e+00 +2.823661084e+01 +2.823661084e+01 +3.2828e+00 -5.6517e-01 +1.7078e+00 +2.2423e+00 -2.2245e+00
4059 +3.376531579e+00 +3.376531579e+00 +2.533653158e+01 +2.533653158e+01 +3.3119e+00 -1.4497e+00 +1.7125e+00 +2.2934e+00 -2.2152e+00
5359 +1.860501288e+00 +1.860501288e+00 +2.382050129e+01 +2.382050129e+01 +3.2747e+00 -6.7460e-01 +1.6968e+00 +2.2857e+00 -2.2587e+00
5459 +1.399095072e+00 +1.399095072e+00 +2.335909507e+01 +2.335909507e+01 +3.2867e+00 -6.4885e-01 +1.7049e+00 +2.2842e+00 -2.2616e+00
7371 +9.993322037e-01 +9.993322037e-01 +2.295933220e+01 +2.295933220e+01 +3.2916e+00 -6.3296e-01 +1.6928e+00 +2.2984e+00 -2.2572e+00
% function evaluation | noise-free fitness - Fopt (-2.139000000000e+01) | best noise-free fitness - Fopt | measured fitness | best measured fitness | x1 | x2...
1 +3.682542019e+02 +3.682542019e+02 +3.468642019e+02 +3.468642019e+02 -1.8521e+00 -3.5759e+00 +5.1343e-01 -4.3543e+00 +1.6865e+00
2 +2.075239159e+02 +2.075239159e+02 +1.861339159e+02 +1.861339159e+02 +1.2094e+00 +2.4484e+00 +1.7724e+00 +6.3547e-01 -1.9257e+00
8 +1.121681656e+02 +1.121681656e+02 +9.077816563e+01 +9.077816563e+01 -4.4412e-01 +4.4633e+00 +1.1416e+00 -2.0426e+00 +2.8117e-01
77 +6.459606409e+01 +6.459606409e+01 +4.320606409e+01 +4.320606409e+01 -8.4806e-01 -3.1915e-02 +1.0571e+00 -1.9969e+00 -1.0105e+00
106 +5.601456656e+01 +5.601456656e+01 +3.462456656e+01 +3.462456656e+01 +1.0705e+00 -2.2089e-01 +1.0984e+00 -1.6387e+00 -1.6440e+00
264 +2.311771599e+01 +2.311771599e+01 +1.727715989e+00 +1.727715989e+00 +2.2283e+00 +2.0718e+00 +1.0231e+00 -4.0109e+00 -9.2933e-01
1122 +9.849377128e+00 +9.849377128e+00 -1.154062287e+01 -1.154062287e+01 +1.2590e+00 +2.7396e+00 +1.1649e+00 -3.9677e+00 -1.6138e+00
3606 +5.807064717e+00 +5.807064717e+00 -1.558293528e+01 -1.558293528e+01 +1.2856e+00 +2.7874e+00 +1.1348e+00 -3.4826e+00 -1.6055e+00
4481 +3.427474014e+00 +3.427474014e+00 -1.796252599e+01 -1.796252599e+01 +4.1584e+00 +2.8135e+00 +1.1067e+00 -3.0962e+00 -1.6416e+00
4822 +1.249410399e+00 +1.249410399e+00 -2.014058960e+01 -2.014058960e+01 +3.1705e+00 +2.7946e+00 +1.1012e+00 -3.1074e+00 -1.6284e+00
6240 +8.485139172e-01 +8.485139172e-01 -2.054148608e+01 -2.054148608e+01 +3.2010e+00 +2.8073e+00 +1.1045e+00 -3.1074e+00 -1.6279e+00
6340 +6.060354324e-01 +6.060354324e-01 -2.078396457e+01 -2.078396457e+01 +3.2183e+00 +2.8079e+00 +1.1034e+00 -3.0885e+00 -1.6280e+00
6940 +3.167955897e-01 +3.167955897e-01 -2.107320441e+01 -2.107320441e+01 +3.2013e+00 +2.8068e+00 +1.1209e+00 -3.0780e+00 -1.6288e+00
7284 +2.409586869e-01 +2.409586869e-01 -2.114904131e+01 -2.114904131e+01 +3.2059e+00 +2.8070e+00 +1.1244e+00 -3.0862e+00 -1.6311e+00
7722 +1.090080213e-01 +1.090080213e-01 -2.128099198e+01 -2.128099198e+01 +3.2137e+00 +2.8074e+00 +1.1366e+00 -3.0876e+00 -1.6256e+00
7790 +8.219869560e-02 +8.219869560e-02 -2.130780130e+01 -2.130780130e+01 +3.2080e+00 +2.8068e+00 +1.1330e+00 -3.0852e+00 -1.6249e+00
7872 +5.587890076e-02 +5.587890076e-02 -2.133412110e+01 -2.133412110e+01 +3.2083e+00 +2.8043e+00 +1.1236e+00 -3.0876e+00 -1.6237e+00
8072 +3.393465846e-02 +3.393465846e-02 -2.135606534e+01 -2.135606534e+01 +3.2033e+00 +2.8086e+00 +1.1354e+00 -3.0921e+00 -1.6192e+00
8372 +2.136199850e-02 +2.136199850e-02 -2.136863800e+01 -2.136863800e+01 +3.2063e+00 +2.8071e+00 +1.1344e+00 -3.0901e+00 -1.6202e+00
8634 +1.402748005e-02 +1.402748005e-02 -2.137597252e+01 -2.137597252e+01 +3.2049e+00 +2.8066e+00 +1.1279e+00 -3.0914e+00 -1.6219e+00
9648 +7.283308531e-03 +7.283308531e-03 -2.138271669e+01 -2.138271669e+01 +3.2097e+00 +2.8030e+00 +1.1318e+00 -3.0901e+00 -1.6204e+00
9784 +4.721773890e-03 +4.721773890e-03 -2.138527823e+01 -2.138527823e+01 +3.2077e+00 +2.8027e+00 +1.1315e+00 -3.0896e+00 -1.6203e+00
9880 +2.079603439e-03 +2.079603439e-03 -2.138792040e+01 -2.138792040e+01 +3.2069e+00 +2.8025e+00 +1.1312e+00 -3.0899e+00 -1.6207e+00
9990 +1.315162730e-03 +1.315162730e-03 -2.138868484e+01 -2.138868484e+01 +3.2050e+00 +2.8017e+00 +1.1316e+00 -3.0905e+00 -1.6207e+00
10490 +9.494574903e-04 +9.494574903e-04 -2.138905054e+01 -2.138905054e+01 +3.2047e+00 +2.8019e+00 +1.1296e+00 -3.0909e+00 -1.6206e+00
10634 +6.224404683e-04 +6.224404683e-04 -2.138937756e+01 -2.138937756e+01 +3.2049e+00 +2.8019e+00 +1.1302e+00 -3.0908e+00 -1.6206e+00
10740 +2.003046524e-04 +2.003046524e-04 -2.138979970e+01 -2.138979970e+01 +3.2037e+00 +2.8019e+00 +1.1304e+00 -3.0904e+00 -1.6206e+00
10840 +1.174192437e-04 +1.174192437e-04 -2.138988258e+01 -2.138988258e+01 +3.2037e+00 +2.8024e+00 +1.1303e+00 -3.0905e+00 -1.6206e+00
11730 +8.781323394e-05 +8.781323394e-05 -2.138991219e+01 -2.138991219e+01 +3.2039e+00 +2.8028e+00 +1.1303e+00 -3.0903e+00 -1.6208e+00
11912 +4.278480246e-05 +4.278480246e-05 -2.138995722e+01 -2.138995722e+01 +3.2040e+00 +2.8023e+00 +1.1306e+00 -3.0904e+00 -1.6208e+00
12140 +3.901939498e-05 +3.901939498e-05 -2.138996098e+01 -2.138996098e+01 +3.2040e+00 +2.8021e+00 +1.1304e+00 -3.0903e+00 -1.6209e+00
12162 +2.450047896e-05 +2.450047896e-05 -2.138997550e+01 -2.138997550e+01 +3.2039e+00 +2.8023e+00 +1.1306e+00 -3.0904e+00 -1.6208e+00
12212 +1.117235179e-05 +1.117235179e-05 -2.138998883e+01 -2.138998883e+01 +3.2039e+00 +2.8024e+00 +1.1305e+00 -3.0904e+00 -1.6209e+00
12312 +7.242856089e-06 +7.242856089e-06 -2.138999276e+01 -2.138999276e+01 +3.2039e+00 +2.8023e+00 +1.1304e+00 -3.0904e+00 -1.6208e+00
12512 +3.387229565e-06 +3.387229565e-06 -2.138999661e+01 -2.138999661e+01 +3.2039e+00 +2.8024e+00 +1.1304e+00 -3.0904e+00 -1.6208e+00
13112 +2.411171145e-06 +2.411171145e-06 -2.138999759e+01 -2.138999759e+01 +3.2039e+00 +2.8024e+00 +1.1304e+00 -3.0904e+00 -1.6208e+00
13612 +1.346439262e-06 +1.346439262e-06 -2.138999865e+01 -2.138999865e+01 +3.2039e+00 +2.8024e+00 +1.1304e+00 -3.0904e+00 -1.6208e+00
13731 +4.398637188e-07 +4.398637188e-07 -2.138999956e+01 -2.138999956e+01 +3.2040e+00 +2.8024e+00 +1.1304e+00 -3.0904e+00 -1.6208e+00
14231 +2.045930358e-07 +2.045930358e-07 -2.138999980e+01 -2.138999980e+01 +3.2040e+00 +2.8024e+00 +1.1304e+00 -3.0904e+00 -1.6208e+00
14812 +1.038990867e-07 +1.038990867e-07 -2.138999990e+01 -2.138999990e+01 +3.2040e+00 +2.8024e+00 +1.1304e+00 -3.0904e+00 -1.6208e+00
14912 +9.012296687e-08 +9.012296687e-08 -2.138999991e+01 -2.138999991e+01 +3.2040e+00 +2.8024e+00 +1.1304e+00 -3.0904e+00 -1.6208e+00
15112 +6.138008146e-08 +6.138008146e-08 -2.138999994e+01 -2.138999994e+01 +3.2040e+00 +2.8024e+00 +1.1304e+00 -3.0904e+00 -1.6208e+00
15776 +3.365861190e-08 +3.365861190e-08 -2.138999997e+01 -2.138999997e+01 +3.2040e+00 +2.8024e+00 +1.1304e+00 -3.0904e+00 -1.6208e+00
15835 +1.651405057e-08 +1.651405057e-08 -2.138999998e+01 -2.138999998e+01 +3.2040e+00 +2.8024e+00 +1.1304e+00 -3.0904e+00 -1.6208e+00
15976 +1.572551511e-08 +1.572551511e-08 -2.138999998e+01 -2.138999998e+01 +3.2040e+00 +2.8024e+00 +1.1304e+00 -3.0904e+00 -1.6208e+00
16531 +9.629253839e-09 +9.629253839e-09 -2.138999999e+01 -2.138999999e+01 +3.2040e+00 +2.8024e+00 +1.1304e+00 -3.0904e+00 -1.6208e+00
% function evaluation | noise-free fitness - Fopt (5.176600000000e+02) | best noise-free fitness - Fopt | measured fitness | best measured fitness | x1 | x2...
1 +1.454497475e+02 +1.454497475e+02 +6.631097475e+02 +6.631097475e+02 -2.6272e+00 -2.5399e+00 +3.2293e+00 +3.6973e+00 +9.0215e-01
13 +8.690634774e+01 +8.690634774e+01 +6.045663477e+02 +6.045663477e+02 -1.3012e+00 +3.3158e+00 +2.3138e+00 +1.5778e+00 +3.4436e+00
66 +3.872009635e+01 +3.872009635e+01 +5.563800963e+02 +5.563800963e+02 -5.0000e+00 +5.0000e+00 -6.6772e-02 +4.2192e+00 +2.6126e+00
261 +2.482360495e+01 +2.482360495e+01 +5.424836049e+02 +5.424836049e+02 -2.9176e+00 +3.2399e+00 +4.1701e-01 +4.2254e+00 +1.2550e+00
1049 +1.324399179e+01 +1.324399179e+01 +5.309039918e+02 +5.309039918e+02 -2.9790e+00 +3.2041e+00 +1.1291e+00 +3.7443e+00 +1.5483e+00
1246 +4.516273730e+00 +4.516273730e+00 +5.221762737e+02 +5.221762737e+02 -2.8724e+00 +3.1765e+00 +1.1293e+00 +4.2010e+00 +1.6027e+00
3634 +3.746043627e+00 +3.746043627e+00 +5.214060436e+02 +5.214060436e+02 -2.8845e+00 +3.1715e+00 +1.1301e+00 +4.1907e+00 +1.9155e+00
5897 +2.342118288e+00 +2.342118288e+00 +5.200021183e+02 +5.200021183e+02 -3.9692e+00 +3.1596e+00 +5.7927e-01 +4.2063e+00 +1.9160e+00
7360 +1.262848782e+00 +1.262848782e+00 +5.189228488e+02 +5.189228488e+02 -3.9153e+00 +3.1818e+00 +5.9634e-01 +4.2003e+00 +1.9069e+00
9810 +9.995502286e-01 +9.995502286e-01 +5.186595502e+02 +5.186595502e+02 -3.8885e+00 +3.1731e+00 +5.9359e-01 +4.2059e+00 +1.9078e+00
11201 +3.355095051e-01 +3.355095051e-01 +5.179955095e+02 +5.179955095e+02 -3.8875e+00 +3.1621e+00 +5.8758e-01 +3.7534e+00 +1.9122e+00
11248 +1.478779471e-01 +1.478779471e-01 +5.178078779e+02 +5.178078779e+02 -3.8872e+00 +3.1627e+00 +5.9712e-01 +3.7274e+00 +1.9101e+00
11792 +7.166086427e-02 +7.166086427e-02 +5.177316609e+02 +5.177316609e+02 -3.8893e+00 +3.1683e+00 +5.8672e-01 +3.7335e+00 +1.9113e+00
11890 +3.085890420e-02 +3.085890420e-02 +5.176908589e+02 +5.176908589e+02 -3.8896e+00 +3.1768e+00 +5.9677e-01 +3.7365e+00 +1.9091e+00
11951 +1.932237614e-02 +1.932237614e-02 +5.176793224e+02 +5.176793224e+02 -3.8863e+00 +3.1711e+00 +5.8881e-01 +3.7342e+00 +1.9052e+00
12251 +7.395710698e-03 +7.395710698e-03 +5.176673957e+02 +5.176673957e+02 -3.8883e+00 +3.1713e+00 +5.9219e-01 +3.7390e+00 +1.9072e+00
12351 +6.028994964e-03 +6.028994964e-03 +5.176660290e+02 +5.176660290e+02 -3.8882e+00 +3.1732e+00 +5.9190e-01 +3.7389e+00 +1.9072e+00
13282 +2.701550709e-03 +2.701550709e-03 +5.176627016e+02 +5.176627016e+02 -3.8891e+00 +3.1745e+00 +5.9050e-01 +3.7376e+00 +1.9067e+00
13301 +1.877237285e-03 +1.877237285e-03 +5.176618772e+02 +5.176618772e+02 -3.8891e+00 +3.1743e+00 +5.9139e-01 +3.7376e+00 +1.9068e+00
13559 +1.558850348e-03 +1.558850348e-03 +5.176615589e+02 +5.176615589e+02 -3.8887e+00 +3.1732e+00 +5.9136e-01 +3.7359e+00 +1.9078e+00
13909 +9.234644148e-04 +9.234644148e-04 +5.176609235e+02 +5.176609235e+02 -3.8891e+00 +3.1733e+00 +5.9189e-01 +3.7363e+00 +1.9071e+00
14101 +3.866582767e-04 +3.866582767e-04 +5.176603867e+02 +5.176603867e+02 -3.8888e+00 +3.1737e+00 +5.9112e-01 +3.7367e+00 +1.9071e+00
14451 +1.350334202e-04 +1.350334202e-04 +5.176601350e+02 +5.176601350e+02 -3.8886e+00 +3.1730e+00 +5.9145e-01 +3.7368e+00 +1.9073e+00
15075 +7.507868952e-05 +7.507868952e-05 +5.176600751e+02 +5.176600751e+02 -3.8874e+00 +3.1729e+00 +5.9116e-01 +3.7368e+00 +1.9071e+00
15259 +1.379782293e-05 +1.379782293e-05 +5.176600138e+02 +5.176600138e+02 -3.8878e+00 +3.1729e+00 +5.9116e-01 +3.7368e+00 +1.9072e+00
16597 +7.392998896e-06 +7.392998896e-06 +5.176600074e+02 +5.176600074e+02 -3.8880e+00 +3.1729e+00 +5.9119e-01 +3.7369e+00 +1.9072e+00
17404 +4.721234745e-07 +4.721234745e-07 +5.176600005e+02 +5.176600005e+02 -3.8880e+00 +3.1728e+00 +5.9120e-01 +3.7368e+00 +1.9072e+00
18151 +3.894641623e-07 +3.894641623e-07 +5.176600004e+02 +5.176600004e+02 -3.8880e+00 +3.1728e+00 +5.9122e-01 +3.7368e+00 +1.9072e+00
19227 +1.918261887e-07 +1.918261887e-07 +5.176600002e+02 +5.176600002e+02 -3.8880e+00 +3.1728e+00 +5.9120e-01 +3.7368e+00 +1.9072e+00
19332 +1.220435024e-07 +1.220435024e-07 +5.176600001e+02 +5.176600001e+02 -3.8880e+00 +3.1728e+00 +5.9120e-01 +3.7368e+00 +1.9072e+00
19559 +6.800223673e-08 +6.800223673e-08 +5.176600001e+02 +5.176600001e+02 -3.8880e+00 +3.1728e+00 +5.9120e-01 +3.7368e+00 +1.9072e+00
19609 +1.110015546e-08 +1.110015546e-08 +5.176600000e+02 +5.176600000e+02 -3.8880e+00 +3.1728e+00 +5.9120e-01 +3.7368e+00 +1.9072e+00
19959 +8.817778507e-09 +8.817778507e-09 +5.176600000e+02 +5.176600000e+02 -3.8880e+00 +3.1728e+00 +5.9120e-01 +3.7368e+00 +1.9072e+00
