% function evaluation | noise-free fitness - Fopt (-1.025500000000e+02) | best noise-free fitness - Fopt | measured fitness | best measured fitness | x1 | x2...
1 +3.720341170e+01 +3.720341170e+01 -6.534658830e+01 -6.534658830e+01 +4.5013e+00 -3.0657e+00 +8.2792e-01 -4.8575e-01 -6.0209e-01 -1.2411e+00 -1.3969e+00 +4.0899e+00 -2.1406e+00 -4.5095e+00
2 +2.380359985e+01 +2.380359985e+01 -7.874640015e+01 -7.874640015e+01 -2.6886e+00 +1.8222e+00 -7.6504e-01 -4.5610e+00 -1.5995e+00 -4.9012e+00 +4.8513e-01 +9.6247e-01 -1.0587e+00 +2.5534e+00
64 +1.242098241e+01 +1.242098241e+01 -9.012901759e+01 -9.012901759e+01 -1.4475e+00 -1.0189e+00 +2.4064e+00 -2.2129e+00 +1.0260e-01 -1.7446e+00 -2.9228e+00 +5.4641e-01 +1.3892e+00 -1.4888e+00
94 +6.173484692e+00 +6.173484692e+00 -9.637651531e+01 -9.637651531e+01 -2.1508e+00 +5.9476e-01 +2.0325e+00 +7.8384e-01 -8.1123e-01 -4.5555e-02 -1.2927e+00 +1.5234e+00 -2.8479e-01 -2.0063e-01
2252 +2.141698813e+00 +2.141698813e+00 -1.004083012e+02 -1.004083012e+02 -1.2030e-01 +1.1982e-01 -3.1131e-01 -8.3318e-02 -1.6794e-01 -9.6464e-02 -1.4925e+00 +3.5328e-02 +5.6061e-01 +2.5068e+00
% function evaluation | noise-free fitness - Fopt (7.169000000000e+01) | best noise-free fitness - Fopt | measured fitness | best measured fitness | x1 | x2...
1 +4.193102497e+01 +4.193102497e+01 +1.136210250e+02 +1.136210250e+02 +4.5013e+00 -3.0657e+00 +8.2792e-01 -4.8575e-01 -6.0209e-01 -1.2411e+00 -1.3969e+00 +4.0899e+00 -2.1406e+00 -4.5095e+00
3 +3.574822917e+01 +3.574822917e+01 +1.074382292e+02 +1.074382292e+02 +1.0684e+00 -1.9724e+00 +1.5512e-01 -4.7281e+00 -1.8578e+00 -8.0142e-01 -2.3823e+00 -1.7104e+00 +3.0145e-02 +3.9481e+00
4 +1.374841930e+01 +1.374841930e+01 +8.543841930e+01 +8.543841930e+01 -1.4018e-01 +4.1674e-01 -1.6605e+00 -1.8731e+00 -1.3492e+00 +2.5367e+00 +9.7345e-01 -2.1806e-01 +2.2198e+00 -2.1385e+00
117 +7.857986021e+00 +7.857986021e+00 +7.954798602e+01 +7.954798602e+01 +2.4151e+00 +6.6236e-01 +3.5600e+00 +3.8261e-01 -8.1267e-01 -9.1296e-01 -2.8198e+00 -1.6389e+00 +6.1452e-01 +2.8836e-01
776 +5.658768289e+00 +5.658768289e+00 +7.734876829e+01 +7.734876829e+01 -3.9987e-01 +3.5939e-01 +1.6550e+00 +4.9539e-01 -2.3083e+00 -3.1572e+00 +9.3899e-01 +0.0000e+00 -2.3648e-01 +9.0168e-01
2672 +3.775105914e+00 +3.775105914e+00 +7.546510591e+01 +7.546510591e+01 -3.0374e-01 +5.8882e-01 +1.2142e+00 +1.6071e+00 +1.1121e+00 -2.3249e+00 -1.4541e-01 -1.1195e+00 +6.3342e-01 +4.0924e-01
% function evaluation | noise-free fitness - Fopt (2.140100000000e+02) | best noise-free fitness - Fopt | measured fitness | best measured fitness | x1 | x2...
1 +2.252298764e+01 +2.252298764e+01 +2.365329876e+02 +2.365329876e+02 +4.5013e+00 -3.0657e+00 +8.2792e-01 -4.8575e-01 -6.0209e-01 -1.2411e+00 -1.3969e+00 +4.0899e+00 -2.1406e+00 -4.5095e+00
28 +1.329521238e+01 +1.329521238e+01 +2.273052124e+02 +2.273052124e+02 +1.0379e+00 -5.5120e-01 +2.8886e+00 +2.2751e+00 -3.3397e+00 -7.4747e-01 -1.6424e+00 +1.4001e+00 -5.4693e-01 -1.2494e+00
208 +7.927316330e+00 +7.927316330e+00 +2.219373163e+02 +2.219373163e+02 -1.5694e+00 -2.9678e-01 +6.2696e-01 -4.4757e-01 -7.6169e-01 +2.5029e-01 +8.5294e-01 +1.6014e+00 +2.7551e+00 -2.7189e-01
1198 +6.128400398e+00 +6.128400398e+00 +2.201384004e+02 +2.201384004e+02 +1.4197e+00 +2.0018e+00 -1.2771e+00 -1.0352e+00 +4.1039e-01 -8.5798e-01 +2.7179e-01 +0.0000e+00 +3.0857e+00 -2.2488e-01
3450 +3.980331960e+00 +3.980331960e+00 +2.179903320e+02 +2.179903320e+02 -2.9730e-01 +2.1094e+00 +8.1211e-01 -3.7329e-01 +4.4789e-01 -8.6515e-01 +1.2389e+00 -3.8423e-01 +4.6476e-01 -1.9347e+00
% function evaluation | noise-free fitness - Fopt (-5.848000000000e+01) | best noise-free fitness - Fopt | measured fitness | best measured fitness | x1 | x2...
1 +2.542764662e+01 +2.542764662e+01 -3.305235338e+01 -3.305235338e+01 +4.5013e+00 -3.0657e+00 +8.2792e-01 -4.8575e-01 -6.0209e-01 -1.2411e+00 -1.3969e+00 +4.0899e+00 -2.1406e+00 -4.5095e+00
4 +1.567632355e+01 +1.567632355e+01 -4.280367645e+01 -4.280367645e+01 -1.4018e-01 +4.1674e-01 -1.6605e+00 -1.8731e+00 -1.3492e+00 +2.5367e+00 +9.7345e-01 -2.1806e-01 +2.2198e+00 -2.1385e+00
165 +8.423397652e+00 +8.423397652e+00 -5.005660235e+01 -5.005660235e+01 +9.6987e-01 +1.0100e+00 +6.9331e-01 +2.1091e+00 +2.2159e+00 +1.3241e+00 -5.2394e-01 -3.8355e-02 +8.9987e-01 +1.2534e-01
512 +5.190213092e+00 +5.190213092e+00 -5.328978691e+01 -5.328978691e+01 +2.1582e+00 -5.2903e-01 +3.7765e-01 -4.1187e-03 -8.4770e-01 -7.2069e-01 -1.3650e+00 +6.6054e-01 +0.0000e+00 +2.2801e-01
3161 +3.621180284e+00 +3.621180284e+00 -5.485881972e+01 -5.485881972e+01 +1.8560e+00 -8.1412e-01 +1.4541e+00 +8.2632e-01 -1.9439e+00 +1.8964e+00 +2.8242e-01 +3.9865e-01 -1.2195e-01 +3.4368e-01
% function evaluation | noise-free fitness - Fopt (-6.130800000000e+02) | best noise-free fitness - Fopt | measured fitness | best measured fitness | x1 | x2...
1 +4.748843309e+01 +4.748843309e+01 -5.655915669e+02 -5.655915669e+02 +4.5013e+00 -3.0657e+00 +8.2792e-01 -4.8575e-01 -6.0209e-01 -1.2411e+00 -1.3969e+00 +4.0899e+00 -2.1406e+00 -4.5095e+00
3 +2.717021833e+01 +2.717021833e+01 -5.859097817e+02 -5.859097817e+02 +1.0684e+00 -1.9724e+00 +1.5512e-01 -4.7281e+00 -1.8578e+00 -8.0142e-01 -2.3823e+00 -1.7104e+00 +3.0145e-02 +3.9481e+00
4 +2.062530797e+01 +2.062530797e+01 -5.924546920e+02 -5.924546920e+02 -1.4018e-01 +4.1674e-01 -1.6605e+00 -1.8731e+00 -1.3492e+00 +2.5367e+00 +9.7345e-01 -2.1806e-01 +2.2198e+00 -2.1385e+00
52 +1.369433895e+01 +1.369433895e+01 -5.993856611e+02 -5.993856611e+02 -3.1569e+00 +7.6183e-01 +2.7970e+00 -1.8326e-01 +1.1133e-01 -2.1073e+00 +4.9197e+00 +2.5205e-02 +1.6342e+00 -5.6251e-01
75 +8.808597384e+00 +8.808597384e+00 -6.042714026e+02 -6.042714026e+02 +1.3889e+00 -3.5713e-01 -1.1601e+00 -3.1894e+00 +6.2510e-01 +7.6249e-02 -1.9761e+00 +2.2097e+00 +1.2000e+00 -3.3904e+00
656 +4.675789515e+00 +4.675789515e+00 -6.084042105e+02 -6.084042105e+02 +8.6732e-01 -2.8016e-01 +4.6646e-01 +1.7214e+00 -1.2488e+00 +7.0466e-01 +4.0221e+00 +8.4562e-02 -2.8644e+00 -4.4175e-01
1341 +3.282129794e+00 +3.282129794e+00 -6.097978702e+02 -6.097978702e+02 +5.9058e-01 -6.8652e-01 +7.8007e-01 +1.5936e+00 -1.1296e+00 +1.7537e+00 +3.7661e+00 +7.5362e-02 -2.8347e+00 -4.1684e-01
% function evaluation | noise-free fitness - Fopt (-1.852700000000e+02) | best noise-free fitness - Fopt | measured fitness | best measured fitness | x1 | x2...
1 +5.120589013e+01 +5.120589013e+01 -1.340641099e+02 -1.340641099e+02 +4.5013e+00 -3.0657e+00 +8.2792e-01 -4.8575e-01 -6.0209e-01 -1.2411e+00 -1.3969e+00 +4.0899e+00 -2.1406e+00 -4.5095e+00
2 +2.795993458e+01 +2.795993458e+01 -1.573100654e+02 -1.573100654e+02 -2.6886e+00 +1.8222e+00 -7.6504e-01 -4.5610e+00 -1.5995e+00 -4.9012e+00 +4.8513e-01 +9.6247e-01 -1.0587e+00 +2.5534e+00
4 +1.165421786e+01 +1.165421786e+01 -1.736157821e+02 -1.736157821e+02 -1.4018e-01 +4.1674e-01 -1.6605e+00 -1.8731e+00 -1.3492e+00 +2.5367e+00 +9.7345e-01 -2.1806e-01 +2.2198e+00 -2.1385e+00
64 +9.970244969e+00 +9.970244969e+00 -1.752997550e+02 -1.752997550e+02 -1.4475e+00 -1.0189e+00 +2.4064e+00 -2.2129e+00 +1.0260e-01 -1.7446e+00 -2.9228e+00 +5.4641e-01 +1.3892e+00 -1.4888e+00
275 +5.778883334e+00 +5.778883334e+00 -1.794911167e+02 -1.794911167e+02 -1.4306e+00 +1.8100e+00 +1.3828e-01 -8.3734e-01 -2.2157e+00 +5.0030e-03 -1.5027e+00 +6.6845e-01 -2.9354e-01 +9.2512e-01
1240 +2.923714018e+00 +2.923714018e+00 -1.823462860e+02 -1.823462860e+02 -1.5297e+00 -4.4699e-03 -2.2040e-01 -1.7540e+00 -2.4320e+00 -4.1106e-01 +9.6295e-02 +3.3760e-01 +1.0404e+00 -3.6849e-01
% function evaluation | noise-free fitness - Fopt (3.747000000000e+01) | best noise-free fitness - Fopt | measured fitness | best measured fitness | x1 | x2...
1 +3.100087417e+01 +3.100087417e+01 +6.847087417e+01 +6.847087417e+01 +4.5013e+00 -3.0657e+00 +8.2792e-01 -4.8575e-01 -6.0209e-01 -1.2411e+00 -1.3969e+00 +4.0899e+00 -2.1406e+00 -4.5095e+00
4 +1.288889784e+01 +1.288889784e+01 +5.035889784e+01 +5.035889784e+01 -1.4018e-01 +4.1674e-01 -1.6605e+00 -1.8731e+00 -1.3492e+00 +2.5367e+00 +9.7345e-01 -2.1806e-01 +2.2198e+00 -2.1385e+00
103 +9.720930311e+00 +9.720930311e+00 +4.719093031e+01 +4.719093031e+01 -6.8054e-01 +1.4130e+00 -2.4273e-01 -2.3258e+00 +1.4100e+00 +3.5458e-01 -1.1855e+00 -4.5530e-02 +2.6602e+00 +1.2379e+00
390 +6.011495303e+00 +6.011495303e+00 +4.348149530e+01 +4.348149530e+01 +4.8758e-01 +2.7689e+00 -1.2635e+00 -3.5453e+00 +9.7003e-01 -2.4077e-01 -8.1139e-01 -7.6966e-02 +1.1174e+00 +1.8984e+00
% function evaluation | noise-free fitness - Fopt (-3.944700000000e+02) | best noise-free fitness - Fopt | measured fitness | best measured fitness | x1 | x2...
1 +4.793031993e+01 +4.793031993e+01 -3.465396801e+02 -3.465396801e+02 +4.5013e+00 -3.0657e+00 +8.2792e-01 -4.8575e-01 -6.0209e-01 -1.2411e+00 -1.3969e+00 +4.0899e+00 -2.1406e+00 -4.5095e+00
3 +1.818804116e+01 +1.818804116e+01 -3.762819588e+02 -3.762819588e+02 +1.0684e+00 -1.9724e+00 +1.5512e-01 -4.7281e+00 -1.8578e+00 -8.0142e-01 -2.3823e+00 -1.7104e+00 +3.0145e-02 +3.9481e+00
22 +1.251375143e+01 +1.251375143e+01 -3.819562486e+02 -3.819562486e+02 -1.4713e+00 -1.9071e+00 -1.9500e+00 -4.5645e-01 +3.1876e+00 +1.9908e+00 -7.7773e-01 -3.5285e+00 -3.3373e+00 -4.5051e+00
191 +7.994612499e+00 +7.994612499e+00 -3.864753875e+02 -3.864753875e+02 -1.1429e+00 -2.0847e+00 -2.0159e-01 +2.6032e+00 +2.5027e+00 +1.1556e+00 -2.6915e+00 -2.3505e+00 -5.0000e+00 -1.6957e+00
1046 +6.139324259e+00 +6.139324259e+00 -3.883306757e+02 -3.883306757e+02 +1.9861e+00 -1.4027e+00 +5.0000e+00 -3.3495e-01 +2.0352e+00 +2.1511e+00 -1.1970e+00 -5.6109e-01 -2.7122e+00 -1.5691e+00
3055 +3.859942666e+00 +3.859942666e+00 -3.906100573e+02 -3.906100573e+02 +1.4919e+00 +2.9682e-01 +1.1955e+00 +1.9571e-01 +2.1515e+00 +5.6919e-01 -1.7863e+00 -4.0614e-02 -2.1855e+00 -7.5234e-01
% function evaluation | noise-free fitness - Fopt (-1.026200000000e+02) | best noise-free fitness - Fopt | measured fitness | best measured fitness | x1 | x2...
1 +3.183869466e+01 +3.183869466e+01 -7.078130534e+01 -7.078130534e+01 +4.5013e+00 -3.0657e+00 +8.2792e-01 -4.8575e-01 -6.0209e-01 -1.2411e+00 -1.3969e+00 +4.0899e+00 -2.1406e+00 -4.5095e+00
4 +1.335023037e+01 +1.335023037e+01 -8.926976963e+01 -8.926976963e+01 -1.4018e-01 +4.1674e-01 -1.6605e+00 -1.8731e+00 -1.3492e+00 +2.5367e+00 +9.7345e-01 -2.1806e-01 +2.2198e+00 -2.1385e+00
143 +9.602708838e+00 +9.602708838e+00 -9.301729116e+01 -9.301729116e+01 -2.9531e+00 -9.4943e-01 +1.9224e+00 -1.0026e+00 -9.8962e-01 -1.2433e+00 -1.1910e+00 +9.8475e-01 -8.8982e-01 +2.2019e-01
693 +3.657343338e+00 +3.657343338e+00 -9.896265666e+01 -9.896265666e+01 -1.5100e+00 -3.4307e-01 -4.4776e-01 +3.8210e-02 +2.1104e-01 -8.2683e-02 -3.1570e-01 -2.1204e-01 +6.6148e-01 +6.8211e-01
% function evaluation | noise-free fitness - Fopt (2.728300000000e+02) | best noise-free fitness - Fopt | measured fitness | best measured fitness | x1 | x2...
1 +7.294473309e+01 +7.294473309e+01 +3.457747331e+02 +3.457747331e+02 +4.5013e+00 -3.0657e+00 +8.2792e-01 -4.8575e-01 -6.0209e-01 -1.2411e+00 -1.3969e+00 +4.0899e+00 -2.1406e+00 -4.5095e+00
2 +3.145709055e+01 +3.145709055e+01 +3.042870906e+02 +3.042870906e+02 -2.6886e+00 +1.8222e+00 -7.6504e-01 -4.5610e+00 -1.5995e+00 -4.9012e+00 +4.8513e-01 +9.6247e-01 -1.0587e+00 +2.5534e+00
4 +8.017263426e+00 +8.017263426e+00 +2.808472634e+02 +2.808472634e+02 -1.4018e-01 +4.1674e-01 -1.6605e+00 -1.8731e+00 -1.3492e+00 +2.5367e+00 +9.7345e-01 -2.1806e-01 +2.2198e+00 -2.1385e+00
504 +5.923786528e+00 +5.923786528e+00 +2.787537865e+02 +2.787537865e+02 -1.4117e-01 -1.1231e-01 -1.4886e+00 -1.4897e+00 -4.3854e-01 +3.8576e+00 -1.1115e-01 +1.2404e-01 +2.4895e+00 -2.7655e-01
3548 +3.926251471e+00 +3.926251471e+00 +2.767562515e+02 +2.767562515e+02 -5.5462e-01 +1.5334e+00 -3.5234e+00 +1.6678e-01 -5.8354e-01 +5.6919e-01 +1.7809e+00 -7.1802e-01 +1.3743e+00 -3.7036e+00
% function evaluation | noise-free fitness - Fopt (-3.400000000000e+00) | best noise-free fitness - Fopt | measured fitness | best measured fitness | x1 | x2...
1 +2.447157011e+01 +2.447157011e+01 +2.107157011e+01 +2.107157011e+01 +4.5013e+00 -3.0657e+00 +8.2792e-01 -4.8575e-01 -6.0209e-01 -1.2411e+00 -1.3969e+00 +4.0899e+00 -2.1406e+00 -4.5095e+00
25 +1.387267582e+01 +1.387267582e+01 +1.047267582e+01 +1.047267582e+01 -3.6111e+00 -1.2959e+00 +2.6795e+00 -3.4639e+00 +2.3491e+00 +1.5521e+00 +5.3408e-01 -5.5838e-01 +2.1812e+00 +2.2112e-01
164 +7.246397268e+00 +7.246397268e+00 +3.846397268e+00 +3.846397268e+00 +0.0000e+00 +8.7779e-01 +1.7765e-01 +4.8450e-01 +5.1823e-01 -2.7080e+00 +2.0394e-01 +2.3113e-01 +1.6418e+00 -6.4850e-01
451 +4.713475427e+00 +4.713475427e+00 +1.313475427e+00 +1.313475427e+00 -9.2553e-01 +1.1553e+00 +3.4175e-01 +3.3253e-01 +3.6988e-01 -2.6776e+00 +1.6433e-02 +1.8956e-01 -1.6532e+00 +8.3824e-01
1289 +3.886479226e+00 +3.886479226e+00 +4.864792263e-01 +4.864792263e-01 +9.8099e-01 -4.5326e-01 +6.1850e-01 +1.4358e-01 -2.2671e-01 -2.3358e+00 -1.9182e+00 +6.2705e-01 -8.7524e-01 +1.3385e+00
% function evaluation | noise-free fitness - Fopt (-1.851700000000e+02) | best noise-free fitness - Fopt | measured fitness | best measured fitness | x1 | x2...
1 +2.403189896e+01 +2.403189896e+01 -1.611381010e+02 -1.611381010e+02 +4.5013e+00 -3.0657e+00 +8.2792e-01 -4.8575e-01 -6.0209e-01 -1.2411e+00 -1.3969e+00 +4.0899e+00 -2.1406e+00 -4.5095e+00
4 +1.338495824e+01 +1.338495824e+01 -1.717850418e+02 -1.717850418e+02 -1.4018e-01 +4.1674e-01 -1.6605e+00 -1.8731e+00 -1.3492e+00 +2.5367e+00 +9.7345e-01 -2.1806e-01 +2.2198e+00 -2.1385e+00
104 +9.035120636e+00 +9.035120636e+00 -1.761348794e+02 -1.761348794e+02 +2.2700e+00 +1.0563e+00 -1.9141e+00 -1.8603e+00 -5.7468e-01 +5.6606e-01 +9.8179e-01 +2.4020e+00 -8.4627e-01 -1.5022e+00
965 +5.948399481e+00 +5.948399481e+00 -1.792216005e+02 -1.792216005e+02 -1.7488e-02 +1.4456e+00 +0.0000e+00 -2.1330e+00 -1.3941e+00 +6.9636e-01 +5.3006e-01 -2.2286e-01 -6.1512e-01 +8.8211e-04
1225 +3.862581360e+00 +3.862581360e+00 -1.813074186e+02 -1.813074186e+02 -1.9998e-01 +8.7787e-01 -1.5259e-01 -1.7718e+00 -1.3209e+00 +8.1701e-01 +8.9537e-01 +4.1019e-01 +1.3312e-01 -1.0830e+00
% function evaluation | noise-free fitness - Fopt (1.013400000000e+02) | best noise-free fitness - Fopt | measured fitness | best measured fitness | x1 | x2...
1 +4.267776365e+01 +4.267776365e+01 +1.440177636e+02 +1.440177636e+02 +4.5013e+00 -3.0657e+00 +8.2792e-01 -4.8575e-01 -6.0209e-01 -1.2411e+00 -1.3969e+00 +4.0899e+00 -2.1406e+00 -4.5095e+00
4 +1.581538282e+01 +1.581538282e+01 +1.171553828e+02 +1.171553828e+02 -1.4018e-01 +4.1674e-01 -1.6605e+00 -1.8731e+00 -1.3492e+00 +2.5367e+00 +9.7345e-01 -2.1806e-01 +2.2198e+00 -2.1385e+00
138 +9.186479563e+00 +9.186479563e+00 +1.105264796e+02 +1.105264796e+02 -1.9553e+00 +0.0000e+00 +1.9140e-01 +1.7538e+00 -2.0309e+00 +0.0000e+00 +1.3757e+00 -1.9279e-02 +6.8268e-01 -1.2553e+00
338 +5.811169590e+00 +5.811169590e+00 +1.071511696e+02 +1.071511696e+02 -9.2407e-01 +9.8384e-01 +4.6178e-01 +1.4014e-01 -1.2604e+00 -1.3271e+00 -5.2596e-01 -6.7237e-01 +1.1401e-01 -9.7822e-01
491 +3.900705805e+00 +3.900705805e+00 +1.052407058e+02 +1.052407058e+02 +8.9981e-01 +9.4649e-01 +4.1271e-01 +3.9666e-03 -1.4633e+00 -1.1166e+00 -5.4970e-01 -1.2266e+00 -2.0144e-01 -1.0745e+00
% function evaluation | noise-free fitness - Fopt (-2.400000000000e+00) | best noise-free fitness - Fopt | measured fitness | best measured fitness | x1 | x2...
1 +3.730246027e+01 +3.730246027e+01 +3.490246027e+01 +3.490246027e+01 +4.5013e+00 -3.0657e+00 +8.2792e-01 -4.8575e-01 -6.0209e-01 -1.2411e+00 -1.3969e+00 +4.0899e+00 -2.1406e+00 -4.5095e+00
4 +1.738029564e+01 +1.738029564e+01 +1.498029564e+01 +1.498029564e+01 -1.4018e-01 +4.1674e-01 -1.6605e+00 -1.8731e+00 -1.3492e+00 +2.5367e+00 +9.7345e-01 -2.1806e-01 +2.2198e+00 -2.1385e+00
28 +1.194569608e+01 +1.194569608e+01 +9.545696078e+00 +9.545696078e+00 +1.0379e+00 -5.5120e-01 +2.8886e+00 +2.2751e+00 -3.3397e+00 -7.4747e-01 -1.6424e+00 +1.4001e+00 -5.4693e-01 -1.2494e+00
55 +8.896151917e+00 +8.896151917e+00 +6.496151917e+00 +6.496151917e+00 -6.2203e-01 +1.5087e+00 -5.4343e-01 +1.7614e-02 +2.5616e+00 +1.5457e+00 -7.3577e-01 -1.7473e+00 +4.6847e-01 -1.8350e+00
1418 +3.896725249e+00 +3.896725249e+00 +1.496725249e+00 +1.496725249e+00 +1.3307e+00 +3.5367e-01 +8.6553e-02 +1.5790e-01 +1.1174e+00 -1.9914e+00 -1.0937e+00 -1.1369e+00 -1.9529e+00 +5.8054e-01
% function evaluation | noise-free fitness - Fopt (-2.778000000000e+01) | best noise-free fitness - Fopt | measured fitness | best measured fitness | x1 | x2...
1 +5.621617904e+01 +5.621617904e+01 +2.843617904e+01 +2.843617904e+01 +4.5013e+00 -3.0657e+00 +8.2792e-01 -4.8575e-01 -6.0209e-01 -1.2411e+00 -1.3969e+00 +4.0899e+00 -2.1406e+00 -4.5095e+00
3 +2.226086796e+01 +2.226086796e+01 -5.519132044e+00 -5.519132044e+00 +1.0684e+00 -1.9724e+00 +1.5512e-01 -4.7281e+00 -1.8578e+00 -8.0142e-01 -2.3823e+00 -1.7104e+00 +3.0145e-02 +3.9481e+00
4 +9.529688645e+00 +9.529688645e+00 -1.825031135e+01 -1.825031135e+01 -1.4018e-01 +4.1674e-01 -1.6605e+00 -1.8731e+00 -1.3492e+00 +2.5367e+00 +9.7345e-01 -2.1806e-01 +2.2198e+00 -2.1385e+00
391 +5.922885726e+00 +5.922885726e+00 -2.185711427e+01 -2.185711427e+01 +7.7504e-01 -2.3397e+00 +4.5063e+00 +1.5531e+00 +2.6251e+00 +1.1465e-01 +7.9074e-02 +2.3942e+00 -1.9939e-01 +1.9406e-01
