% function evaluation | noise-free fitness - Fopt (2.997000000000e+01) | best noise-free fitness - Fopt | measured fitness | best measured fitness | x1 | x2...
1 +1.863301772e+03 +1.863301772e+03 +1.893271772e+03 +1.893271772e+03 +2.7079e+00 +1.3587e+00 -1.2072e+00 +4.1949e+00 -4.2443e+00
2 +1.064584594e+03 +1.064584594e+03 +1.094554594e+03 +1.094554594e+03 +2.5411e+00 -9.5716e-01 +1.0285e+00 -3.4163e+00 +1.0500e-02
9 +7.456407796e+02 +7.456407796e+02 +7.756107796e+02 +7.756107796e+02 +1.5937e+00 -1.5102e+00 -4.7296e+00 -1.1207e+00 -8.0006e-01
25 +5.357174781e+02 +5.357174781e+02 +5.656874781e+02 +5.656874781e+02 +2.6273e+00 +3.5420e-02 -1.9167e+00 -1.0871e+00 +9.4013e-01
85 +2.404757574e+02 +2.404757574e+02 +2.704457574e+02 +2.704457574e+02 +6.8057e-01 +6.0186e-01 -3.5112e+00 -1.7958e+00 +3.1023e+00
367 +1.570977108e+02 +1.570977108e+02 +1.870677108e+02 +1.870677108e+02 -1.1650e-01 +7.3613e-01 -2.6473e+00 -2.2774e+00 +2.8341e+00
542 +9.825539090e+01 +9.825539090e+01 +1.282253909e+02 +1.282253909e+02 +5.9477e-01 -2.5121e-01 -3.4243e+00 -1.5956e+00 +4.3981e+00
789 +5.266954357e+01 +5.266954357e+01 +8.263954357e+01 +8.263954357e+01 +5.3136e-01 -4.4094e-01 -3.2154e+00 -2.0081e+00 +3.2896e+00
1009 +3.705972135e+01 +3.705972135e+01 +6.702972135e+01 +6.702972135e+01 +2.4254e-01 -4.2270e-01 -3.2553e+00 -1.9095e+00 +3.4484e+00
1438 +2.371902122e+01 +2.371902122e+01 +5.368902122e+01 +5.368902122e+01 +4.4057e-01 -4.6592e-01 -3.4208e+00 -1.8156e+00 +3.6193e+00
2200 +1.535718703e+01 +1.535718703e+01 +4.532718703e+01 +4.532718703e+01 +4.5680e-01 -7.3248e-01 -3.4612e+00 -1.8356e+00 +3.5579e+00
2256 +9.925220772e+00 +9.925220772e+00 +3.989522077e+01 +3.989522077e+01 +4.2110e-01 -5.4006e-01 -3.3827e+00 -1.8258e+00 +3.5512e+00
2722 +6.161847671e+00 +6.161847671e+00 +3.613184767e+01 +3.613184767e+01 +4.7111e-01 -6.4149e-01 -3.3973e+00 -1.8332e+00 +3.5243e+00
3956 +3.966760104e+00 +3.966760104e+00 +3.393676010e+01 +3.393676010e+01 +4.7076e-01 -6.4449e-01 -3.3953e+00 -1.8444e+00 +3.5269e+00
% function evaluation | noise-free fitness - Fopt (-5.171000000000e+01) | best noise-free fitness - Fopt | measured fitness | best measured fitness | x1 | x2...
1 +2.355067977e+03 +2.355067977e+03 +2.303357977e+03 +2.303357977e+03 -4.5003e+00 -8.4245e-01 -4.5055e+00 -2.6384e+00 -3.1727e+00
3 +8.175247759e+02 +8.175247759e+02 +7.658147759e+02 +7.658147759e+02 +3.2348e-01 +4.0596e+00 -1.1947e+00 -1.5707e+00 +2.1090e+00
44 +4.315143386e+02 +4.315143386e+02 +3.798043386e+02 +3.798043386e+02 +4.0799e+00 +2.6481e-01 -3.5791e+00 -1.9708e+00 +2.7379e+00
54 +3.844692749e+02 +3.844692749e+02 +3.327592749e+02 +3.327592749e+02 +3.6852e+00 +1.5088e+00 -2.1887e+00 -2.0655e+00 +1.3209e+00
139 +2.476031179e+02 +2.476031179e+02 +1.958931179e+02 +1.958931179e+02 +1.8738e+00 +7.5534e-01 -3.6091e+00 -2.8858e+00 +3.0626e+00
311 +1.389383421e+02 +1.389383421e+02 +8.722834211e+01 +8.722834211e+01 +2.6256e+00 +3.8635e+00 -3.1549e+00 -4.3298e+00 -1.6263e-01
421 +4.948388288e+01 +4.948388288e+01 -2.226117123e+00 -2.226117123e+00 +2.6859e+00 +3.6578e+00 -3.1022e+00 -3.9925e+00 +6.3710e-01
971 +2.602549017e+01 +2.602549017e+01 -2.568450983e+01 -2.568450983e+01 +2.8277e+00 +3.5716e+00 -3.1939e+00 -3.5108e+00 +7.5507e-01
1006 +2.086534888e+01 +2.086534888e+01 -3.084465112e+01 -3.084465112e+01 +2.7919e+00 +3.5003e+00 -3.1542e+00 -3.7852e+00 +7.0074e-01
1590 +1.334110706e+01 +1.334110706e+01 -3.836889294e+01 -3.836889294e+01 +2.6981e+00 +3.3946e+00 -3.1636e+00 -3.6121e+00 +7.9455e-01
1818 +7.501778332e+00 +7.501778332e+00 -4.420822167e+01 -4.420822167e+01 +2.7174e+00 +3.4271e+00 -3.1950e+00 -3.6405e+00 +7.4739e-01
2390 +5.629687701e+00 +5.629687701e+00 -4.608031230e+01 -4.608031230e+01 +2.7597e+00 +3.4755e+00 -3.1701e+00 -3.6357e+00 +7.4732e-01
2897 +3.735112911e+00 +3.735112911e+00 -4.797488709e+01 -4.797488709e+01 +2.7419e+00 +3.4507e+00 -3.1900e+00 -3.6431e+00 +7.5875e-01
3231 +2.251294776e+00 +2.251294776e+00 -4.945870522e+01 -4.945870522e+01 +2.7388e+00 +3.4353e+00 -3.1850e+00 -3.6472e+00 +7.6426e-01
3416 +1.580340424e+00 +1.580340424e+00 -5.012965958e+01 -5.012965958e+01 +2.7390e+00 +3.4251e+00 -3.1848e+00 -3.6544e+00 +7.6325e-01
6419 +9.893583735e-01 +9.893583735e-01 -5.072064163e+01 -5.072064163e+01 +2.7374e+00 +3.4290e+00 -3.1863e+00 -3.6549e+00 +7.6215e-01
% function evaluation | noise-free fitness - Fopt (-2.799500000000e+02) | best noise-free fitness - Fopt | measured fitness | best measured fitness | x1 | x2...
1 +2.955018122e+03 +2.955018122e+03 +2.675068122e+03 +2.675068122e+03 -6.4000e-01 +4.3166e+00 -3.4493e+00 -4.4609e+00 -3.5128e+00
2 +1.940666683e+03 +1.940666683e+03 +1.660716683e+03 +1.660716683e+03 -5.2675e-01 -7.8063e-01 -1.0875e+00 +3.1085e+00 +2.9548e+00
10 +6.658649500e+02 +6.658649500e+02 +3.859149500e+02 +3.859149500e+02 -2.2116e+00 -4.1850e+00 +4.3706e+00 -2.7911e+00 -2.3594e+00
12 +6.029823220e+02 +6.029823220e+02 +3.230323220e+02 +3.230323220e+02 -3.1499e+00 -4.2586e+00 -2.2230e-01 -2.5164e+00 -2.1797e+00
56 +3.009538213e+02 +3.009538213e+02 +2.100382126e+01 +2.100382126e+01 -3.3542e+00 -2.8815e+00 +3.2342e+00 -1.5314e+00 -5.0000e+00
129 +1.267905947e+02 +1.267905947e+02 -1.531594053e+02 -1.531594053e+02 -3.0335e+00 -5.0000e+00 +2.5970e+00 +0.0000e+00 -2.9962e+00
377 +8.109957778e+01 +8.109957778e+01 -1.988504222e+02 -1.988504222e+02 -2.5091e+00 -5.0000e+00 +1.5457e+00 -2.2228e-01 -3.2601e+00
633 +5.730912070e+01 +5.730912070e+01 -2.226408793e+02 -2.226408793e+02 -2.4943e+00 -5.0000e+00 +2.0482e+00 -9.7986e-02 -3.2552e+00
970 +1.879100401e+01 +1.879100401e+01 -2.611589960e+02 -2.611589960e+02 -2.6437e+00 -5.0000e+00 +2.0060e+00 -1.4853e-01 -2.9916e+00
2549 +1.478345021e+01 +1.478345021e+01 -2.651665498e+02 -2.651665498e+02 -2.6417e+00 -5.0000e+00 +2.0247e+00 -1.5621e-01 -2.9695e+00
% function evaluation | noise-free fitness - Fopt (9.319900000000e+02) | best noise-free fitness - Fopt | measured fitness | best measured fitness | x1 | x2...
1 +6.153464524e+02 +6.153464524e+02 +1.547336452e+03 +1.547336452e+03 -2.4138e+00 +1.0162e+00 +1.0503e+00 -6.9635e-01 -2.6055e-01
8 +3.245805537e+02 +3.245805537e+02 +1.256570554e+03 +1.256570554e+03 +1.1014e+00 +1.3052e+00 +3.3697e+00 -1.5791e+00 +1.2149e+00
239 +1.133581212e+02 +1.133581212e+02 +1.045348121e+03 +1.045348121e+03 +2.1448e+00 +8.6313e-01 +3.0636e+00 -5.4546e-01 +2.5138e+00
458 +2.939997574e+01 +2.939997574e+01 +9.613899757e+02 +9.613899757e+02 +1.2779e+00 +1.0573e+00 +3.2560e+00 -4.4472e-01 +2.1143e+00
1259 +1.964363344e+01 +1.964363344e+01 +9.516336334e+02 +9.516336334e+02 +1.3364e+00 +1.0561e+00 +3.0998e+00 -4.9254e-01 +2.1396e+00
1490 +1.193879780e+01 +1.193879780e+01 +9.439287978e+02 +9.439287978e+02 +1.4607e+00 +1.0619e+00 +3.1776e+00 -4.2458e-01 +2.1793e+00
1843 +4.678988453e+00 +4.678988453e+00 +9.366689885e+02 +9.366689885e+02 +1.4578e+00 +1.0577e+00 +3.1912e+00 -4.1612e-01 +2.2211e+00
2418 +3.795630287e+00 +3.795630287e+00 +9.357856303e+02 +9.357856303e+02 +1.4145e+00 +1.0120e+00 +3.1444e+00 -4.7139e-01 +2.2363e+00
3001 +2.186695056e+00 +2.186695056e+00 +9.341766951e+02 +9.341766951e+02 +1.3956e+00 +1.0100e+00 +3.1135e+00 -4.8522e-01 +2.2339e+00
3127 +1.201709699e+00 +1.201709699e+00 +9.331917097e+02 +9.331917097e+02 +1.4043e+00 +1.0010e+00 +3.1241e+00 -4.6785e-01 +2.2342e+00
3847 +9.309977806e-01 +9.309977806e-01 +9.329209978e+02 +9.329209978e+02 +1.4097e+00 +1.0108e+00 +3.1288e+00 -4.6838e-01 +2.2346e+00
4527 +6.012637543e-01 +6.012637543e-01 +9.325912638e+02 +9.325912638e+02 +1.4067e+00 +1.0085e+00 +3.1244e+00 -4.7045e-01 +2.2345e+00
4557 +3.980595740e-01 +3.980595740e-01 +9.323880596e+02 +9.323880596e+02 +1.4057e+00 +1.0077e+00 +3.1244e+00 -4.7033e-01 +2.2333e+00
% function evaluation | noise-free fitness - Fopt (1.133100000000e+02) | best noise-free fitness - Fopt | measured fitness | best measured fitness | x1 | x2...
1 +1.184300652e+03 +1.184300652e+03 +1.297610652e+03 +1.297610652e+03 -3.4728e+00 -1.7797e+00 -2.3019e-01 +2.3943e-01 +1.1311e+00
5 +9.417036797e+02 +9.417036797e+02 +1.055013680e+03 +1.055013680e+03 +3.5264e+00 -7.7419e-01 +4.1368e-01 -2.1313e+00 +2.9089e+00
56 +4.166762367e+02 +4.166762367e+02 +5.299862367e+02 +5.299862367e+02 +2.1673e+00 +6.0408e-01 -2.2778e+00 -5.0055e-01 +3.4584e+00
154 +3.939473174e+02 +3.939473174e+02 +5.072573174e+02 +5.072573174e+02 +3.7415e+00 -1.3192e+00 -3.6358e+00 +6.9945e-02 +2.9044e+00
228 +2.375949566e+02 +2.375949566e+02 +3.509049566e+02 +3.509049566e+02 +2.5918e+00 -4.1777e-01 -2.0781e+00 -1.0468e-01 +1.3324e+00
287 +1.551971802e+02 +1.551971802e+02 +2.685071802e+02 +2.685071802e+02 +2.3027e+00 +5.3803e-01 -1.4986e+00 -7.9462e-02 +1.4797e+00
704 +9.074799313e+01 +9.074799313e+01 +2.040579931e+02 +2.040579931e+02 +2.3239e+00 +1.3747e+00 -1.0339e+00 +7.7542e-01 +1.3662e+00
934 +5.797987000e+01 +5.797987000e+01 +1.712898700e+02 +1.712898700e+02 +2.6975e+00 +1.2410e+00 -1.5476e+00 +7.3611e-01 +1.3819e+00
1200 +3.323690400e+01 +3.323690400e+01 +1.465469040e+02 +1.465469040e+02 +2.3942e+00 +2.0584e+00 -4.8544e-01 +4.8784e-01 +9.9087e-01
1750 +2.420269288e+01 +2.420269288e+01 +1.375126929e+02 +1.375126929e+02 +2.3662e+00 +2.0311e+00 -5.4887e-01 +6.1291e-01 +1.0750e+00
2542 +1.524586203e+01 +1.524586203e+01 +1.285558620e+02 +1.285558620e+02 +2.4788e+00 +1.9888e+00 -6.6975e-01 +7.1701e-01 +1.0858e+00
3840 +9.760800936e+00 +9.760800936e+00 +1.230708009e+02 +1.230708009e+02 +2.4856e+00 +1.9584e+00 -6.8009e-01 +7.1940e-01 +1.0606e+00
% function evaluation | noise-free fitness - Fopt (-3.000200000000e+02) | best noise-free fitness - Fopt | measured fitness | best measured fitness | x1 | x2...
1 +2.278971721e+03 +2.278971721e+03 +1.978951721e+03 +1.978951721e+03 +4.2337e+00 +2.8167e+00 +3.3892e-01 +3.5551e+00 -3.4321e+00
2 +1.076675349e+03 +1.076675349e+03 +7.766553489e+02 +7.766553489e+02 -2.1361e-02 +3.4587e+00 +8.2388e-02 +1.0576e+00 -3.4973e-01
3 +4.619309867e+02 +4.619309867e+02 +1.619109867e+02 +1.619109867e+02 -1.7233e+00 -2.1203e+00 +7.6563e-01 -3.3693e+00 +2.6097e+00
108 +3.965799363e+02 +3.965799363e+02 +9.655993630e+01 +9.655993630e+01 +1.2052e+00 +1.3899e+00 -2.5791e+00 -5.0000e+00 +1.0533e+00
191 +2.146308763e+02 +2.146308763e+02 -8.538912369e+01 -8.538912369e+01 +1.4474e-02 +1.7667e+00 -1.3446e+00 -4.2164e+00 -2.7013e-01
413 +9.905071979e+01 +9.905071979e+01 -2.009692802e+02 -2.009692802e+02 +1.4590e+00 +1.5917e+00 -2.3398e+00 -4.1162e+00 -3.7664e-01
1045 +6.266568682e+01 +6.266568682e+01 -2.373543132e+02 -2.373543132e+02 +9.1791e-01 +1.8004e+00 -2.4972e+00 -4.0713e+00 -2.0554e-01
1396 +2.239674455e+01 +2.239674455e+01 -2.776232554e+02 -2.776232554e+02 +2.7813e-01 +9.5511e-01 -2.0348e+00 -3.6811e+00 +9.3424e-02
1649 +1.443873850e+01 +1.443873850e+01 -2.855812615e+02 -2.855812615e+02 +2.6486e-01 +9.6447e-01 -2.0355e+00 -3.6156e+00 +1.0910e-01
1749 +7.354336553e+00 +7.354336553e+00 -2.926656634e+02 -2.926656634e+02 +2.5240e-01 +1.0333e+00 -1.9806e+00 -3.5804e+00 +1.3438e-01
2098 +5.557033672e+00 +5.557033672e+00 -2.944629663e+02 -2.944629663e+02 +2.2132e-01 +1.0240e+00 -1.9699e+00 -3.5786e+00 +1.2581e-01
3075 +3.907853172e+00 +3.907853172e+00 -2.961121468e+02 -2.961121468e+02 +2.4030e-01 +1.0359e+00 -1.9893e+00 -3.5808e+00 +1.2300e-01
% function evaluation | noise-free fitness - Fopt (4.471000000000e+01) | best noise-free fitness - Fopt | measured fitness | best measured fitness | x1 | x2...
1 +1.517963766e+03 +1.517963766e+03 +1.562673766e+03 +1.562673766e+03 +8.8738e-01 -3.9511e+00 -3.1841e-01 -1.2357e+00 -2.6093e+00
2 +8.700740793e+02 +8.700740793e+02 +9.147840793e+02 +9.147840793e+02 +6.7340e-01 -4.9135e+00 +2.0049e+00 +2.0125e+00 -2.7358e+00
7 +6.201754252e+02 +6.201754252e+02 +6.648854252e+02 +6.648854252e+02 +4.2745e+00 +1.0770e+00 +3.2798e+00 -2.3770e+00 +4.5887e+00
11 +3.802996261e+02 +3.802996261e+02 +4.250096261e+02 +4.250096261e+02 +6.2406e-01 -4.5917e+00 +4.5553e+00 +4.4115e-01 -6.3125e-02
308 +2.368099420e+02 +2.368099420e+02 +2.815199420e+02 +2.815199420e+02 -1.3259e-01 -5.3304e-01 +4.2715e+00 -2.3655e-01 -9.0809e-01
374 +1.429731801e+02 +1.429731801e+02 +1.876831801e+02 +1.876831801e+02 +3.6423e-01 -1.6928e+00 +4.1440e+00 -2.0876e-01 -2.9349e-01
625 +9.114079056e+01 +9.114079056e+01 +1.358507906e+02 +1.358507906e+02 +8.8475e-01 -2.0305e+00 +3.6258e+00 +1.4021e-01 +4.0744e-02
731 +4.620165839e+01 +4.620165839e+01 +9.091165839e+01 +9.091165839e+01 +1.1133e+00 -1.6466e+00 +3.3539e+00 +1.0587e-01 +2.0689e-01
1025 +3.963699824e+01 +3.963699824e+01 +8.434699824e+01 +8.434699824e+01 +1.1594e+00 -1.5404e+00 +3.3469e+00 +3.6025e-02 +1.5334e-01
1525 +2.461690262e+01 +2.461690262e+01 +6.932690262e+01 +6.932690262e+01 +9.1072e-01 -1.4481e+00 +3.3882e+00 +9.5335e-02 +2.4054e-02
% function evaluation | noise-free fitness - Fopt (-1.000000000000e+03) | best noise-free fitness - Fopt | measured fitness | best measured fitness | x1 | x2...
1 +3.080473042e+03 +3.080473042e+03 +2.080473042e+03 +2.080473042e+03 +3.5321e+00 +4.8444e+00 +7.5091e-01 +4.7021e+00 -2.4239e+00
2 +1.810480897e+03 +1.810480897e+03 +8.104808970e+02 +8.104808970e+02 -4.3225e+00 +3.7938e+00 -1.4511e+00 +1.4878e+00 -6.8749e-01
4 +1.294686172e+03 +1.294686172e+03 +2.946861718e+02 +2.946861718e+02 +2.3868e+00 -4.3633e+00 +4.1740e+00 +1.6585e+00 -2.9932e+00
8 +8.998827983e+02 +8.998827983e+02 -1.001172017e+02 -1.001172017e+02 -2.4721e+00 +1.5462e+00 +2.6218e+00 +4.0412e-01 +2.6721e+00
43 +4.238669237e+02 +4.238669237e+02 -5.761330763e+02 -5.761330763e+02 +1.5886e+00 +1.3084e+00 +3.9498e+00 -3.6356e+00 -2.3625e+00
58 +3.795398538e+02 +3.795398538e+02 -6.204601462e+02 -6.204601462e+02 +6.8940e-01 +1.4139e+00 +3.5861e+00 -4.5959e+00 +4.2045e+00
162 +2.286361436e+02 +2.286361436e+02 -7.713638564e+02 -7.713638564e+02 -2.3253e+00 +2.1814e+00 +4.3260e+00 -2.2518e+00 -1.8052e+00
382 +1.572295425e+02 +1.572295425e+02 -8.427704575e+02 -8.427704575e+02 -1.1970e+00 +1.4998e+00 +4.4011e+00 -2.1151e+00 -3.3269e+00
717 +5.729073062e+01 +5.729073062e+01 -9.427092694e+02 -9.427092694e+02 -2.0649e+00 +1.8757e+00 +3.6527e+00 -2.8044e+00 +1.2335e-01
947 +3.706816551e+01 +3.706816551e+01 -9.629318345e+02 -9.629318345e+02 -1.7926e+00 +1.8839e+00 +3.7048e+00 -3.0143e+00 +2.3927e-01
1889 +2.435835257e+01 +2.435835257e+01 -9.756416474e+02 -9.756416474e+02 -1.8877e+00 +1.8775e+00 +3.6290e+00 -2.9658e+00 +5.2386e-01
2686 +1.571132453e+01 +1.571132453e+01 -9.842886755e+02 -9.842886755e+02 -1.8971e+00 +1.9258e+00 +3.6104e+00 -3.0311e+00 +7.1182e-01
% function evaluation | noise-free fitness - Fopt (3.042000000000e+02) | best noise-free fitness - Fopt | measured fitness | best measured fitness | x1 | x2...
1 +1.156542690e+03 +1.156542690e+03 +1.460742690e+03 +1.460742690e+03 -6.7434e-01 +9.5480e-01 -4.0041e+00 -1.1700e+00 +2.9031e-01
7 +7.395521037e+02 +7.395521037e+02 +1.043752104e+03 +1.043752104e+03 +3.7380e+00 +2.9829e+00 -3.0847e+00 -6.3848e-01 -2.3414e+00
33 +3.916615422e+02 +3.916615422e+02 +6.958615422e+02 +6.958615422e+02 -9.9640e-01 +2.2960e+00 +6.8380e-01 -3.1968e+00 -4.4526e-01
178 +1.919259691e+02 +1.919259691e+02 +4.961259691e+02 +4.961259691e+02 -3.2219e+00 +3.5614e+00 +1.8604e-01 -1.6246e+00 -1.3651e+00
263 +1.473737583e+02 +1.473737583e+02 +4.515737583e+02 +4.515737583e+02 -2.9473e+00 +2.5439e+00 +7.4364e-01 -1.6990e+00 -1.1466e+00
490 +6.871608649e+01 +6.871608649e+01 +3.729160865e+02 +3.729160865e+02 -3.1826e+00 +3.0171e+00 +6.4413e-01 -1.0073e+00 -1.7889e+00
966 +5.013186393e+01 +5.013186393e+01 +3.543318639e+02 +3.543318639e+02 -3.2956e+00 +3.2995e+00 +6.2747e-01 -1.2044e+00 -1.6988e+00
1135 +3.803471532e+01 +3.803471532e+01 +3.422347153e+02 +3.422347153e+02 -3.2226e+00 +3.2238e+00 +5.9239e-01 -1.0734e+00 -1.9703e+00
1670 +2.320872198e+01 +2.320872198e+01 +3.274087220e+02 +3.274087220e+02 -3.0874e+00 +3.3732e+00 +6.7531e-01 -1.3899e+00 -1.8612e+00
1896 +1.445643670e+01 +1.445643670e+01 +3.186564367e+02 +3.186564367e+02 -3.0264e+00 +3.3402e+00 +6.2861e-01 -1.3539e+00 -1.8911e+00
2235 +9.850133365e+00 +9.850133365e+00 +3.140501334e+02 +3.140501334e+02 -3.0304e+00 +3.3137e+00 +6.4197e-01 -1.3299e+00 -1.8543e+00
2424 +6.164144015e+00 +6.164144015e+00 +3.103641440e+02 +3.103641440e+02 -3.0247e+00 +3.2975e+00 +6.2765e-01 -1.3289e+00 -1.8701e+00
2860 +2.773196762e+00 +2.773196762e+00 +3.069731968e+02 +3.069731968e+02 -3.0608e+00 +3.2608e+00 +6.6466e-01 -1.3319e+00 -1.8500e+00
4310 +2.468288337e+00 +2.468288337e+00 +3.066682883e+02 +3.066682883e+02 -3.0610e+00 +3.2617e+00 +6.6858e-01 -1.3388e+00 -1.8453e+00
% function evaluation | noise-free fitness - Fopt (-1.046700000000e+02) | best noise-free fitness - Fopt | measured fitness | best measured fitness | x1 | x2...
1 +1.638106794e+03 +1.638106794e+03 +1.533436794e+03 +1.533436794e+03 -4.4144e+00 +4.3336e+00 +2.0094e+00 -6.5525e-01 -4.8755e+00
2 +1.488147407e+03 +1.488147407e+03 +1.383477407e+03 +1.383477407e+03 -1.7522e+00 +4.8194e+00 +2.1567e+00 +1.6044e-01 +5.0623e-01
5 +5.584198046e+02 +5.584198046e+02 +4.537498046e+02 +4.537498046e+02 -4.9632e+00 -3.4098e+00 -2.6304e+00 -4.6949e+00 +4.4947e+00
53 +2.388334191e+02 +2.388334191e+02 +1.341634191e+02 +1.341634191e+02 -2.9744e+00 +2.8351e+00 -1.4549e+00 -3.2506e+00 +1.0047e+00
256 +1.375060376e+02 +1.375060376e+02 +3.283603756e+01 +3.283603756e+01 -3.1165e+00 +3.1981e+00 -1.8861e+00 -3.3441e+00 +1.4671e+00
357 +9.925914760e+01 +9.925914760e+01 -5.410852397e+00 -5.410852397e+00 -3.5183e+00 +3.6376e+00 -2.6733e+00 -3.3417e+00 +1.1897e+00
850 +4.698875279e+01 +4.698875279e+01 -5.768124721e+01 -5.768124721e+01 -3.9911e+00 +1.5521e+00 -2.8811e+00 -3.2498e+00 +2.5117e+00
864 +3.774462287e+01 +3.774462287e+01 -6.692537713e+01 -6.692537713e+01 -4.0559e+00 +8.8828e-01 -3.4025e+00 -3.3010e+00 +2.9494e+00
1426 +2.221162856e+01 +2.221162856e+01 -8.245837144e+01 -8.245837144e+01 -3.9733e+00 +4.6461e-01 -3.3318e+00 -3.3826e+00 +3.4135e+00
1773 +7.818362252e+00 +7.818362252e+00 -9.685163775e+01 -9.685163775e+01 -3.7959e+00 +7.7893e-01 -3.2176e+00 -3.3559e+00 +3.2174e+00
2565 +6.058212144e+00 +6.058212144e+00 -9.861178786e+01 -9.861178786e+01 -3.8491e+00 +6.2074e-01 -3.2659e+00 -3.3526e+00 +3.2685e+00
3236 +3.562962950e+00 +3.562962950e+00 -1.011070371e+02 -1.011070371e+02 -3.8165e+00 +7.1980e-01 -3.2690e+00 -3.3534e+00 +3.2259e+00
3372 +1.554889451e+00 +1.554889451e+00 -1.031151105e+02 -1.031151105e+02 -3.8252e+00 +7.2310e-01 -3.2578e+00 -3.3597e+00 +3.2009e+00
4126 +8.714181049e-01 +8.714181049e-01 -1.037985819e+02 -1.037985819e+02 -3.8229e+00 +7.2471e-01 -3.2586e+00 -3.3599e+00 +3.2099e+00
4996 +6.282552963e-01 +6.282552963e-01 -1.040417447e+02 -1.040417447e+02 -3.8202e+00 +7.3410e-01 -3.2545e+00 -3.3605e+00 +3.2004e+00
6837 +3.973760610e-01 +3.973760610e-01 -1.042726239e+02 -1.042726239e+02 -3.8175e+00 +7.5019e-01 -3.2519e+00 -3.3600e+00 +3.1910e+00
% function evaluation | noise-free fitness - Fopt (4.869500000000e+02) | best noise-free fitness - Fopt | measured fitness | best measured fitness | x1 | x2...
1 +2.076130733e+03 +2.076130733e+03 +2.563080733e+03 +2.563080733e+03 +8.3429e-01 +3.4652e+00 -1.3604e+00 +2.7572e+00 +2.3160e+00
3 +1.412347799e+03 +1.412347799e+03 +1.899297799e+03 +1.899297799e+03 +8.2709e-01 -1.8152e+00 +4.1236e+00 -1.0593e+00 +2.2009e+00
7 +9.049601437e+02 +9.049601437e+02 +1.391910144e+03 +1.391910144e+03 -2.3067e+00 +2.0038e+00 -3.4730e+00 -1.6695e+00 -1.8902e+00
13 +5.293791993e+02 +5.293791993e+02 +1.016329199e+03 +1.016329199e+03 -3.2822e+00 -1.5616e-01 +4.1743e+00 +5.4736e-01 -3.7489e+00
61 +3.215341483e+02 +3.215341483e+02 +8.084841483e+02 +8.084841483e+02 +3.8998e-01 -1.2960e+00 +4.9271e+00 +4.2426e+00 -1.4218e+00
238 +2.283509188e+02 +2.283509188e+02 +7.153009188e+02 +7.153009188e+02 -5.3272e-01 -1.0168e+00 +3.9987e+00 +2.3352e+00 -2.1476e+00
735 +1.216155036e+02 +1.216155036e+02 +6.085655036e+02 +6.085655036e+02 -1.8372e+00 -8.3300e-01 +1.7403e+00 +1.3321e+00 -2.1207e+00
834 +8.426377525e+01 +8.426377525e+01 +5.712137753e+02 +5.712137753e+02 -1.9308e+00 -7.0884e-01 +1.4505e+00 +1.0791e+00 -2.4333e+00
1144 +5.271626528e+01 +5.271626528e+01 +5.396662653e+02 +5.396662653e+02 -1.9479e+00 -6.9265e-01 +1.4573e+00 +9.5043e-01 -2.6737e+00
2227 +3.952183708e+01 +3.952183708e+01 +5.264718371e+02 +5.264718371e+02 -2.0904e+00 -6.3216e-01 +1.3203e+00 +7.8313e-01 -2.7893e+00
% function evaluation | noise-free fitness - Fopt (9.655000000000e+01) | best noise-free fitness - Fopt | measured fitness | best measured fitness | x1 | x2...
1 +2.566186214e+03 +2.566186214e+03 +2.662736214e+03 +2.662736214e+03 -4.8799e+00 -1.1554e+00 -4.3061e-01 -1.2729e+00 +7.0323e-03
2 +2.134688726e+03 +2.134688726e+03 +2.231238726e+03 +2.231238726e+03 -4.5308e+00 +4.5683e+00 +5.2882e-01 +2.6667e+00 -2.8334e+00
7 +9.107585038e+02 +9.107585038e+02 +1.007308504e+03 +1.007308504e+03 +2.4446e+00 +1.4010e+00 -1.7373e+00 -4.5784e-01 +3.5961e+00
8 +5.532481968e+02 +5.532481968e+02 +6.497981968e+02 +6.497981968e+02 +3.4695e+00 +4.5151e+00 +2.0613e+00 +4.0441e+00 -1.1168e+00
59 +3.820519923e+02 +3.820519923e+02 +4.786019923e+02 +4.786019923e+02 +4.1706e+00 +1.7042e+00 +2.9562e+00 +5.0000e+00 -7.6458e-01
171 +2.180901895e+02 +2.180901895e+02 +3.146401895e+02 +3.146401895e+02 +5.0000e+00 +2.2596e+00 +1.3190e+00 +3.7493e+00 -7.7203e-01
377 +1.567889591e+02 +1.567889591e+02 +2.533389591e+02 +2.533389591e+02 +4.2705e+00 +3.5143e+00 +6.6792e-01 +3.1483e+00 +9.2048e-02
593 +9.294312128e+01 +9.294312128e+01 +1.894931213e+02 +1.894931213e+02 +3.8773e+00 +3.1851e+00 +3.6045e-01 +3.0628e+00 +5.8600e-01
909 +6.001436237e+01 +6.001436237e+01 +1.565643624e+02 +1.565643624e+02 +3.5624e+00 +2.9149e+00 +1.6609e-01 +2.9902e+00 +6.8008e-01
1454 +3.926476863e+01 +3.926476863e+01 +1.358147686e+02 +1.358147686e+02 +3.5406e+00 +2.9012e+00 -2.2218e-01 +2.8546e+00 +8.4906e-01
3469 +2.486163743e+01 +2.486163743e+01 +1.214116374e+02 +1.214116374e+02 +3.4915e+00 +2.9929e+00 -2.3840e-01 +2.8388e+00 +9.0154e-01
% function evaluation | noise-free fitness - Fopt (6.320000000000e+00) | best noise-free fitness - Fopt | measured fitness | best measured fitness | x1 | x2...
1 +9.112107148e+02 +9.112107148e+02 +9.175307148e+02 +9.175307148e+02 -3.2738e+00 +2.2237e+00 +4.0836e+00 +3.2096e+00 -3.5703e+00
15 +4.965535925e+02 +4.965535925e+02 +5.028735925e+02 +5.028735925e+02 +3.4824e+00 +3.2074e-01 +2.7871e+00 -2.2616e+00 -2.5853e+00
78 +3.923766546e+02 +3.923766546e+02 +3.986966546e+02 +3.986966546e+02 +1.8017e+00 +1.5411e+00 +1.4875e+00 -9.2938e-01 -2.9923e+00
122 +2.309776510e+02 +2.309776510e+02 +2.372976510e+02 +2.372976510e+02 +2.7847e+00 -1.8512e+00 +1.4820e+00 -4.8836e-01 -5.9761e-01
298 +1.424943455e+02 +1.424943455e+02 +1.488143455e+02 +1.488143455e+02 +1.0865e+00 +6.2425e-01 +1.2833e+00 +4.3849e-01 -1.8262e+00
889 +9.926250549e+01 +9.926250549e+01 +1.055825055e+02 +1.055825055e+02 +1.4500e+00 +7.6969e-01 +1.3364e+00 +1.6067e-01 -1.7591e+00
1822 +6.213000830e+01 +6.213000830e+01 +6.845000830e+01 +6.845000830e+01 +1.6898e+00 +3.8929e-01 +1.2748e+00 -3.8333e-01 -1.5523e+00
2136 +3.883835871e+01 +3.883835871e+01 +4.515835871e+01 +4.515835871e+01 +2.0125e+00 -8.1866e-03 +1.1980e+00 -4.2604e-01 -1.5360e+00
3546 +1.920202217e+01 +1.920202217e+01 +2.552202217e+01 +2.552202217e+01 +2.2972e+00 -4.5666e-01 +1.2303e+00 -5.5981e-01 -1.5388e+00
3893 +1.350943909e+01 +1.350943909e+01 +1.982943909e+01 +1.982943909e+01 +2.5658e+00 -8.9439e-01 +1.2304e+00 -6.9236e-01 -1.5166e+00
4062 +8.953494332e+00 +8.953494332e+00 +1.527349433e+01 +1.527349433e+01 +2.7083e+00 -1.0680e+00 +1.2228e+00 -7.7103e-01 -1.4868e+00
4532 +5.716650121e+00 +5.716650121e+00 +1.203665012e+01 +1.203665012e+01 +2.8281e+00 -1.2573e+00 +1.2274e+00 -8.4557e-01 -1.4768e+00
6251 +3.964890960e+00 +3.964890960e+00 +1.028489096e+01 +1.028489096e+01 +2.8253e+00 -1.2549e+00 +1.2277e+00 -8.5984e-01 -1.4683e+00
% function evaluation | noise-free fitness - Fopt (-1.275100000000e+02) | best noise-free fitness - Fopt | measured fitness | best measured fitness | x1 | x2...
1 +1.982601895e+03 +1.982601895e+03 +1.855091895e+03 +1.855091895e+03 +4.6747e+00 -4.3688e+00 -2.6417e+00 +2.3989e+00 +2.5565e+00
2 +1.472520546e+03 +1.472520546e+03 +1.345010546e+03 +1.345010546e+03 -3.1563e+00 +3.3582e-01 -1.8479e-01 +3.6340e+00 +8.7716e-01
3 +8.990618445e+02 +8.990618445e+02 +7.715518445e+02 +7.715518445e+02 -3.3076e+00 -1.6600e+00 +3.3392e+00 -4.4127e+00 +1.4433e+00
13 +2.752239293e+02 +2.752239293e+02 +1.477139293e+02 +1.477139293e+02 -3.1450e+00 -3.3069e+00 +1.5150e+00 +1.9939e-01 +2.6903e+00
155 +1.910789890e+02 +1.910789890e+02 +6.356898898e+01 +6.356898898e+01 -4.6134e+00 -3.9733e+00 +2.5215e+00 -5.1310e-02 +2.4082e+00
335 +1.499673592e+02 +1.499673592e+02 +2.245735917e+01 +2.245735917e+01 -4.2790e+00 -3.9445e+00 +2.0661e+00 -1.6758e-01 +3.0526e+00
589 +9.700758444e+01 +9.700758444e+01 -3.050241556e+01 -3.050241556e+01 -4.2026e+00 -2.3162e+00 +2.2456e+00 -7.7065e-01 +1.8511e+00
753 +5.369759896e+01 +5.369759896e+01 -7.381240104e+01 -7.381240104e+01 -4.4897e+00 -2.5943e+00 +2.3923e+00 -3.2896e-01 +2.1783e+00
971 +3.452097363e+01 +3.452097363e+01 -9.298902637e+01 -9.298902637e+01 -4.6654e+00 -2.5173e+00 +2.4746e+00 -5.7193e-01 +2.0487e+00
1436 +2.383216672e+01 +2.383216672e+01 -1.036778333e+02 -1.036778333e+02 -4.6611e+00 -2.6016e+00 +2.4738e+00 -4.1765e-01 +2.1967e+00
1783 +1.558053687e+01 +1.558053687e+01 -1.119294631e+02 -1.119294631e+02 -4.6324e+00 -2.4747e+00 +2.4764e+00 -5.1160e-01 +2.1039e+00
3183 +9.766020794e+00 +9.766020794e+00 -1.177439792e+02 -1.177439792e+02 -4.6373e+00 -2.5114e+00 +2.4861e+00 -4.8301e-01 +2.1083e+00
% function evaluation | noise-free fitness - Fopt (8.328000000000e+02) | best noise-free fitness - Fopt | measured fitness | best measured fitness | x1 | x2...
1 +2.722145185e+03 +2.722145185e+03 +3.554945185e+03 +3.554945185e+03 +3.9782e+00 +4.9465e-03 -1.8238e+00 +4.7393e+00 -2.2482e+00
2 +1.289202025e+03 +1.289202025e+03 +2.122002025e+03 +2.122002025e+03 -4.7685e+00 +4.3428e+00 +2.5301e+00 -1.4815e+00 +2.9843e+00
3 +9.144065845e+02 +9.144065845e+02 +1.747206584e+03 +1.747206584e+03 +1.1526e+00 -3.7570e+00 -9.2308e-01 -1.8540e+00 +1.9770e+00
32 +6.125949020e+02 +6.125949020e+02 +1.445394902e+03 +1.445394902e+03 +2.5483e+00 -2.4873e+00 -7.8274e-01 -3.9277e+00 +3.9373e+00
120 +3.234409193e+02 +3.234409193e+02 +1.156240919e+03 +1.156240919e+03 -1.3915e+00 -3.6478e+00 -5.7459e-01 -1.7511e+00 +5.0000e+00
155 +2.492788821e+02 +2.492788821e+02 +1.082078882e+03 +1.082078882e+03 -2.2956e+00 -2.0799e+00 -3.2348e-01 -1.1451e+00 +5.0000e+00
332 +1.330347166e+02 +1.330347166e+02 +9.658347166e+02 +9.658347166e+02 -2.7740e+00 -5.3086e-01 -8.9101e-01 -1.9147e+00 +4.0351e+00
472 +6.386523630e+01 +6.386523630e+01 +8.966652363e+02 +8.966652363e+02 -1.8523e+00 -1.4927e+00 -9.9898e-01 -1.7258e+00 +4.4908e+00
759 +4.129822065e+01 +4.129822065e+01 +8.740982206e+02 +8.740982206e+02 -1.9941e+00 -1.5349e+00 -1.0046e+00 -1.8602e+00 +4.4297e+00
859 +3.937901180e+01 +3.937901180e+01 +8.721790118e+02 +8.721790118e+02 -2.0809e+00 -1.5340e+00 -8.3641e-01 -1.8917e+00 +4.4480e+00
1159 +1.464416343e+01 +1.464416343e+01 +8.474441634e+02 +8.474441634e+02 -1.9742e+00 -1.4080e+00 -9.0490e-01 -1.9191e+00 +4.4921e+00
1711 +8.712908182e+00 +8.712908182e+00 +8.415129082e+02 +8.415129082e+02 -1.9831e+00 -1.3548e+00 -8.8182e-01 -1.9159e+00 +4.4571e+00
2482 +4.706177491e+00 +4.706177491e+00 +8.375061775e+02 +8.375061775e+02 -2.0301e+00 -1.3206e+00 -9.1084e-01 -1.8657e+00 +4.4054e+00
2700 +3.484344562e+00 +3.484344562e+00 +8.362843446e+02 +8.362843446e+02 -2.0152e+00 -1.3226e+00 -9.1155e-01 -1.8786e+00 +4.4068e+00
